0.588505170640356630247035598529 0.566886701298811708103026828902 0.096633042709504209710010251888
0.000863295172518067918624625759 0.931190446924255479349361980742 0.890934099172668733053716585211
0.133146866981724923793595551035 0.536368020617656504121488475617 0.324780669811400448757897072024
0.182671445808095125399132012263 0.781172329718135773808582209383 0.782421614079266254852038648269
0.634566130523434409080871371262 0.289723301578695058813918373873 0.022332883721351824064316944565
0.608534566403505022301062602880 0.050876810970276293385420624135 0.487563507252910254995134240210
0.831018079653702787527958824927 0.322099978887492296242980824163 0.907822359909391964352227324900
0.268599409374503986514296874658 0.914817157302504305200004460086 0.150415731979813608719008281320
0.942687296397685498289642630847 0.471690115828304135611636071789 0.355825093161285832912687210758
0.306087982965871959086736280048 0.299845584424546051012247377314 0.037451117646957696563821196024
0.417492820995367448337586686422 0.558075709990128835357055156864 0.207617919254289979002182169984
0.886425169151160532103332086363 0.405999138523083408594014286015 0.185981008813268054243707910787
0.930831056747656377945284995916 0.936915392515339184850144439503 0.509799199961387824781577784625
0.956117304925410930837515913659 0.216653476010279526188121589059 0.903427272058418932164199792286
0.863290453604118245738806965581 0.574750205355070037844740767748 0.699389991809033935687230715464
0.300955549304781100537824664185 0.342544115613743964406584595592 0.912715879739441274369311472533
0.936416897709016600367897908799 0.209375191638005865797972778739 0.801837965847311273300357593456
0.687456379393974879601578145429 0.410568521328449857223591204263 0.440919262410397695077238437871
0.803317985745844900747137634027 0.015168828661376052451883332113 0.359178358447753720527244833101
0.692188693615825286852806966327 0.588523097925778004254032493331 0.631275271791266580148119130394
0.468139099871409635911237554524 0.222147796876938236865139905283 0.501643696822675551663775125819
0.707043281072859882528427117028 0.902091594453569260197449321572 0.509359467224928938736891157931
0.625428111093018830150830232373 0.894361780262338678105390158676 0.360585991128569512379126751882
0.020641806543560466125303546316 0.741273224171520183868291365180 0.497223257322020026229433219450
0.413380154655430038902541263691 0.865744593811115746078580642401 0.144322238579107276024922594537
0.811915950329272291668057136349 0.979313274276786570536253446254 0.159169273770875112373177289379
0.397294078294473694676222571928 0.658146827693071661112124309829 0.155723952447420115956871504536
0.178185632627614259383756373476 0.067769833482337990911753284068 0.091947874142711099583916360921
0.023945087642115593665071991992 0.713275247292669782494695086758 0.410157663548985745259633515402
0.394356109008234772488775275703 0.660109717799501183048840789897 0.075865126740527231311475775983
0.952592819037823855368608439788 0.582622085754469451819910770631 0.189300940942007275678283498124
0.654678319230615672823436801250 0.144128148806151339179364968791 0.471578110906595677614804522287
0.483603759508475425223133915590 0.261172079787833439309984284332 0.741234409568549162930673653800
0.948708156592896191248476985208 0.599628489591986434538736430882 0.526327101360271331624230169467
0.418350067508432278491612282015 0.144990352239657779026254068196 0.469094161660699769127661108178
0.713645084306651259413200171503 0.509476733024308483152782344871 0.386754143027119452842512533014
0.189165650845600311027320868484 0.183841306712872875474694328955 0.876403327953858493829556011431
0.098918021220109581284122348031 0.607306583922278077747355852004 0.836357560966349827403805295886
0.612174683180016265612500126655 0.408580098945177687790699540257 0.509139100260182325191724416707
0.232200693613632290327774305725 0.149930277337062543732763130562 0.582174445180659475557433702710
0.984077116312113842222140104704 0.973148515009999356822696281889 0.073182641238921356458601350682
0.672862266474763071577004115987 0.118986739567211074197342205811 0.574923930305798593585262097781
0.776143813533956566812954277050 0.443651790766375204801171973479 0.631648880361294625320737827643
0.072335824355427030279819843597 0.269334936861610621882134016178 0.315344895599817233346026546704
0.656540990501126486437935128300 0.429725383598132734406419676280 0.353463534496364774999268174553
0.189765872469811876886801850141 0.845815052943903526442535685048 0.127736111983309065316036011101
0.766179484859900805614589711541 0.704341436364470868649134671992 0.849336730203942893601010006729
0.587618929702167075483571258806 0.363703432153571031321801490434 0.307927896171504735035951372467
0.175394008318038754657578048093 0.284773052733120953867764483860 0.421469148584627480871428794791
0.779034750991397492508227241307 0.988637573949787610801538707618 0.254647448846714279472397260249
0.553333687075721159708199464894 0.358325585757800672715982090993 0.750452343702397466994053544307
0.057504230551520328901752553809 0.827625162591038363501537206998 0.749700301095800157500899673759
0.746890071493586991820063508482 0.852887090270635762854504944067 0.179754242514982120358013508367
0.902243148541554471153594215939 0.800750435571858980642930792896 0.791203484087245142790974843982
0.681019289830332985207176071332 0.555361839546746879515668011196 0.091445106747791837386587370444
0.244034989720433601314517983403 0.705547568037226681978306181920 0.340563307794167937477046271594
0.436295820972195184509987208867 0.824924038745733940625033056197 0.588249683399827526123985734238
0.200129846550679995194383721498 0.490330123178285059315916930858 0.998835873312776779629725782947
0.274137046328463474566656776848 0.005254905489333519167494278358 0.007393696986140150404268003121
0.452409208605016045492912864499 0.719518191800839821016541587986 0.838383247409842187481621981591
0.641701722635296183189680340394 0.253783830650381425167980935416 0.539801256909604131320258873816
0.814399533590870849600011859790 0.097900951062869944252287056481 0.741616898522303257983816454816
0.225168117615604166041574038894 0.881743614580577901971632331570 0.148789043189014528688174915900
0.924729200041473197176979711644 0.670980002618880699458399573978 0.456558743691876015496391041562
0.762922013796809800901239759443 0.787822201300463570894064016524 0.682841870255497275948228796399
0.336112479611197460119116662051 0.779586263574132795816804713117 0.127834537799821459787015578749
0.748426482626792357958584377303 0.899045851383011353881434842042 0.163633142898775990484605310286
0.115733183152909576979921627141 0.380946737445486830299690976273 0.374150554075350465230872014495
0.645252105059948339082181427213 0.598739781907759302229785084250 0.371898527142784595083898676210
0.387165783313443990218930659300 0.710233586779213595642641010741 0.381937359289323481190707193821
0.988149141640946064220716124813 0.990359850865498958442696083581 0.881557789328237239459733818256
0.115075093052638054777679197642 0.629219655831144587899668262993 0.357957119104742920293599758667
0.510351889849675457222242569855 0.558070298956846891273943257383 0.366987377704678635425636060616
0.206063644871874759598819068383 0.233562542102867517190370703492 0.009351855722386388910842753698
0.888305125677923093068103851814 0.185990506780535407069040128658 0.392225635481929146705581544044
0.402525100093849761978861029218 0.919242577012529998179314011076 0.855078395526552695481803773241
0.772855675670730594807457646324 0.911770060069999052253481397008 0.165266160373785645634894873475
0.109569826766449383334755938209 0.658490032476411571791557533261 0.423842813636275158062803413262
0.790063728564376374775141242196 0.060118234786567659619331753701 0.546080502690511607971541022612
0.562055602741223683900653342668 0.697472311754644881689615107591 0.950149484602373815510842573493
0.339784205772540901290297208890 0.542574179533126365183927928342 0.298774354732985451391662642114
0.708586587944732812242098030351 0.300112277527080831915346729870 0.978653397083380128281330808268
0.366945924982093476283709166187 0.993933828198809143496789183221 0.128734781219618468504222767178
0.009413188208214867158052990683 0.738447724828363524463489324733 0.064093976382443116755487609609
0.968676691621709670442830431974 0.286878954680673649959808816319 0.908032615118008368781239133223
0.768719423563239235178891359874 0.392120262805157755860173619807 0.675650149303328873456099757369
0.447494746811883998031516931989 0.099491425194895144189806837429 0.203956420709703053625918649073
0.919115272655331875015182907179 0.073787071035024244174818076319 0.241774238824722368325301997509
0.247989735668581269056060072407 0.074432445068154413506949044185 0.827985173176288089614417025769
0.830482378393172605274790835673 0.691384417605376804505337151494 0.046470149045639883522966773156
0.273099889863717275830345491117 0.402256253764554436089653656652 0.345150299312707740383787459593
0.076558472091620592150735718412 0.068747440207170004618563923364 0.473368325489171835178934841982
0.999198258933644625190015466192 0.153867930262169395529917197835 0.434310891908396774972388576027
0.940583942546357034498731492152 0.836091843530069701670317589710 0.541999695257542629250278470655
0.337958719220563168841616897129 0.705403150234123864030541283950 0.935329764707672932029955654963
0.772426725254751355411282879339 0.632760958741662170315929285631 0.769956565089465980774303642374
0.876109707262560695716876152956 0.122650014659989579077504285334 0.059798825404751745896129075613
0.002124380975687792111059373464 0.484718080164476725322289221427 0.678314116364568107892285082696
0.347350630473892663383671070899 0.951778942910185003706102673724 0.209169139171985760207299906869
0.436294252401687248307893617116 0.719065667612429463794033859963 0.561865088334052339026231259621
0.062819774662110772101578455208 0.470326439331303569637598290483 0.387331418017777974288325883701
0.380776140025614089348876225350 0.008892738310274325412064160752 0.628242930634266442411576426076
0.890749763496116623245547558820 0.621302497343999165364790053999 0.859971197132617469649767535339
0.661664317402423571315680881535 0.674307105228235156990559724059 0.073782149636903098165445605409
0.358897175285486423796384002120 0.752895547777801173947670756411 0.247471846367655250850554609070
0.368185280841209110605633770564 0.055744309334787145871045753845 0.963639768111092290680345217389
0.265501855069982814636506030182 0.207123032708634529665508091470 0.998532755465412842626083333103
0.166269863743212300112204410389 0.263953044960951221169128676359 0.690157276292088150696426471307
0.173318326833183890143558481291 0.180276066085295840266681314433 0.072236914893669382394225057340
0.514916770395002870274730647370 0.790559009781118316513893052376 0.587375682117294320853226605572
0.610748017933540367868582118700 0.672270092284530881295984617788 0.323843613626690084961142023135
0.860799725925829702983531051017 0.767796887332496914109930863776 0.450365171784607093111194975110
0.896245002060603932039141284783 0.886811191925507984701932695989 0.791612820782233377058851478146
0.099005060143865584230509287915 0.445965280109138194764656835797 0.206147951263180506522962773806
0.851866731586264127433720036233 0.269547062408532763213644328670 0.596919316169997175735505467194
0.938297463325098369931654311902 0.064544600790208985222578282870 0.638723812346240578993829104553
0.598487869895835476618249557900 0.347901367801910237832115270582 0.218871980738400047035003991044
0.100535473101836097413867097295 0.295715005364438128216030408315 0.995662197274972357545947376984
0.939276145508742501464370857730 0.942756409890106713618190135458 0.539797034820047000046830488417
0.677401233047871421833702111411 0.113880377068317991178384860088 0.325218204679602742000329812974
0.090068677232315469000275629782 0.044933333607024333508263335016 0.164026309894370668099727658796
0.992221039652610839402923472912 0.602593017793321227031756338593 0.499032393519589039441752583698
0.135997889403525589401445307860 0.147948376360197836068672069597 0.017393251928333316099760241196
0.434180655144603204645582588041 0.911121942412284971000262941666 0.728706860269668213593880774274
0.330679827599501600912643530966 0.034382755635357764543792872754 0.768702587589046679062894391716
0.618206581722238782780175261457 0.066584245731776229294759701695 0.071097441646237409023643530677
0.377033005749210795706244400293 0.305105073889452051177847407184 0.947646976370301286341901028921
0.736656367393126499175712597921 0.102837737516336610898656328388 0.129133622882237196200224756893
0.112689126483856373030261246778 0.035663014832177066044823042865 0.649865729097074846854956504600
0.296107547245988395658687044868 0.111069583905208326774077833370 0.830675271376692599411905015844
0.056920423163180799702371243669 0.232936686375203452497692201008 0.986288595738677722503061456316
0.020181149124033889246172189940 0.666370498113805435697592258293 0.349902934716443222860122074072
0.494027703135098950738977325451 0.652801837769993728770723413800 0.464596895564612208953453586426
0.997383466799058594582362151313 0.936784735857478213513141754330 0.685044664534302048292149996219
0.729759548860057965209977984429 0.212122103378794915079340121584 0.588365434600999132064643379183
0.313042044080374396507893110328 0.735215642932884286812364599315 0.954406513963811979559953653570
0.227174552160449541902844509992 0.980832109774425532736332529305 0.385253290370178459902255439948
0.510213534244561241201500433595 0.725403562085824241206158629777 0.828078373246815119212123097370
0.529576582375265049333170882215 0.433247709050721029226922026770 0.831183359983683108195589334883
0.419056343417224174721445770921 0.289007132632667899578349920210 0.720218163112247275571905222956
0.319876093512132230612684348612 0.477409596144271931478147302016 0.956164690504620212328805968879
0.748217369166173539637326793715 0.103435055152856539870488628654 0.639073048700797605041066728806
0.746102846182016004415488560812 0.385155173873350069065709624487 0.580750188655468717150721428100
0.413380720741267201537841757492 0.533647953964254246753027397791 0.983225591571504834883280274069
0.718842838857625896169106543002 0.445503595372392209479016494987 0.095818265903929676052677586286
0.140597634150787303567876643245 0.710366775174828754610702045725 0.869855557585314841308831320173
0.889415437444190068177342583823 0.009368271182313834506852049223 0.699201016898623967436027456564
0.764654635739277707681339737606 0.777435989709793154033510174873 0.221701765026557521430440855617
0.373208376982708314198980924353 0.509136214863140821822712525656 0.996015241875754622649324969457
0.257657303387139485301302797310 0.457464821504913660550935242492 0.042734688618305675190758523841
0.469213972050009350034839537936 0.224327117857916355511751242711 0.631219384355787376141245252349
0.531486598730091027074253466198 0.075883513011267027642545140547 0.460480986420861068073982268697
0.729332194578696847264503905174 0.690873240087199015793282186726 0.546487481902543188400535621226
0.567510852783199970510832046985 0.161152413660741416794255423873 0.704384895457118500229848573392
0.691739557017978090949287739216 0.025332199865649729346793311805 0.621281486928721826500030833540
0.667244575207751560368434861431 0.562071262870790225147932349615 0.238956441773278376701948028959
0.083356042794704537483899055534 0.847035065891293632272182792147 0.751678950295029809767518817639
0.261916415060653030673057395834 0.025849159720711275550251859618 0.441115015861923428470512062782
0.347161386811591773020038947776 0.195636781556859428762071787650 0.721558082087107944878414133413
0.816558877902243909998617582834 0.962709134742617587727988922657 0.595751976524800341157427091573
0.059452399878090061963754871506 0.236378234894392937011305785203 0.706765624404093340142593995480
0.535322946083335139688740924368 0.558187932071976816666024393054 0.477247370754305483037567558929
0.750781827954500922934895015636 0.155129366766245736270798525659 0.653944985453811225050498336878
0.420886142882856886794909070063 0.750107683142355100317697030193 0.994769626614766866320089239016
0.588746313421385350891650085107 0.182607457477720856004156229992 0.179422413310185505925840153152
0.922744892398708804182920818417 0.410193642389114480991902523726 0.327701674831998511275190978513
0.337395789916195279472488543401 0.119921437683905046010388151317 0.462156764686232028644219853621
0.658796381599645308754183366090 0.709428269755269788830444362558 0.255803965088477389958172049784
0.847300933842866452816842747049 0.189151496679038722867579788557 0.140619973089053067013776568734
0.084972412733357350297302313711 0.747419047052239120784086478534 0.073088597863141751377445855711
0.821939788484682873172508540006 0.426762011566841965496086036086 0.186647216708233237222302020900
0.208885726601923119253873335813 0.495978365754028245269251757092 0.585653860763720211554814550043
0.019670988188356905936787711307 0.180276619729360939660432007850 0.700325691478766064782287224874
0.557825015252059515959467442604 0.941694639254950643479703453020 0.465648449779393360373457650899
0.269062751833468048490343110163 0.685363607453945676452607407203 0.145836923855558353316754850603
0.315675346068602677580338494818 0.495590967545100642100939463677 0.234661228847677288302668110535
0.697336377580114989118585393255 0.047357829149330111682996758986 0.544412561936394149358629517077
0.848797840101815817693378160905 0.918889529371476551695176711009 0.839026689423633507433600437225
0.320426984278158493245706989414 0.624100483245871673150581330116 0.126852311315042916253559563179
0.992061662275619528338471186865 0.755738041185249733415682053776 0.674330022272618461878256333861
0.761039818306671118255857955070 0.972241264928067549970086399472 0.188518504505227279581767533768
0.461915209128002410843584460778 0.733623844010541191665585438183 0.227188563937967748115042173678
0.928935814472751958969012237069 0.655023145471398880580305954065 0.725136092335709230858687239353
0.971448625079295791267060880893 0.994214042541467744650673654307 0.287066058027123211583569327684
0.187796082031870025123521302611 0.761823815267120548336939016378 0.841681954246849984392204802106
0.648108283501081780613025210786 0.467808237552927033491200624822 0.259923922596282658403833484195
0.467695512293413842196537174645 0.139911262116428097814775184815 0.873231439823753376459355949327
0.415351708813250863055676554615 0.218645051847787604111797815131 0.206417973547420744477346443426
0.057675887964994912681044420772 0.271686714694272982526445175814 0.782988654029348519301501435940
0.855081771475619717058069709344 0.805030055384423463011645137579 0.867613081242572373062638911603
0.693674553305595449970722184794 0.299372296425075382836044707426 0.277702663835225192701274870980
0.586373001306775029151294072937 0.553216181009472651947127683653 0.823120289130692422685886644302
0.080809430959403066588393453501 0.780572048776614004557294600129 0.939727514191556492785980436596
0.275489151900563619009022009605 0.015119234949857929208623860285 0.373783115425096858977931386840
0.906743636023609797466902719223 0.578616619240855480242210114682 0.998710834109887946102797891648
0.425169444447459394214246980312 0.848762613200098313418692801875 0.098807041528079423616247148510
0.622166413092816520777599745346 0.642967677322641127910989084979 0.221909119418750368509604749440
0.222479780836484342620273158584 0.108713908906267314575487029768 0.642486291941366670074081785253
0.922362335861933733708808025881 0.153768045532606101011899460882 0.552844347595000962075868846382
0.255894672978778277253226678031 0.267252153022334497565454266052 0.025691133432469334896545570153
0.025868513078734355965431068839 0.769353393926360927677121426453 0.222407367367554051169522324588
0.002868747372694847556276942644 0.103247296775697652344387523970 0.599200881301567336571736383293
0.717722530835400283139823860023 0.342558151784134987292310863389 0.763496995776210425322219826535
0.445711343347180663753542323249 0.633661419307677947113459249468 0.948887555144995222149935473373
0.210109003594967684865413669615 0.208796346812627003332749116029 0.721574284879480496473576518288
0.875303162891432362071456440650 0.535108286646012199419697507628 0.138702708894845476168683307006
0.051047812506284765285574970774 0.713830291002290086035544952285 0.543463739089563589106370818356
0.970814566367782172311738222041 0.770280059951962270839632150295 0.480844037581297050609314394663
0.504067351153735543549708541289 0.397235971870148572919651236069 0.189164090116211005666052338730
0.314815124550194694129496977500 0.962438615725215091640683035434 0.857055368994318701511075140930
0.951513258963779027151689563813 0.173037043835248761538806515186 0.006374099154520683022029879945
0.715107987387984377291672940901 0.348923744387823130328761542366 0.243145303795808367021251467697
0.092002275289018484698707984932 0.984003277261668465125512876272 0.180678523775489443249987463299
0.704094801605883728191247295646 0.062075255929824308148258484592 0.164644855702851329310658779215
0.741843722653084854962953516865 0.370861567937339395548683509505 0.681514596302790755680520740372
0.296959027961878513940208605227 0.008803768010022798392376902552 0.808565624566311496830149851233
0.373056993021748129324300501932 0.970936128533309320005527234123 0.783051196430308203920513953098
0.434660641855339565335834964760 0.860224990175937195121858791741 0.628440986441187555471830121377
0.485715659728792731282154444092 0.806292668621672341847561558146 0.851658436571298941694499556683
0.180593078714270597990021621278 0.380219464940789456120149551397 0.288651058103800103901746788841
0.157107563910379781565118068504 0.027626230757662396553721754961 0.520162719382515527831682363782
0.351614134615714293213551150676 0.286498345957213017575015614310 0.448555504784267859798909746112
0.032116783272202313379652508881 0.958873597066298053787101307532 0.101757100669185773575680753170
0.799475706984132373752795548309 0.238294826707093064832985427464 0.875907840270394186899711653191
0.457223597910290740149215192977 0.133478536960738342025157477553 0.598655686747185779674455401504
0.974932451860675214891114859391 0.124858563780697680597769422871 0.746134374570732969526781066008
0.409285651112372140873117149434 0.647186444900686930802542798182 0.230027385289054994776357849328
0.739736835485530096642652149814 0.904197424642101851305438496754 0.645655227765603612465579265449
0.435971056092278678954012225642 0.597725898294872189670331635804 0.294083651213401799192000081535
0.264257720498772091654852251028 0.626130002562404319876569969693 0.934967192892390788437751438724
0.324441067060140997721316324923 0.854197291529373945233519692092 0.079596153782317924892930319505
0.298596551577193606172910822915 0.802623262990244355063358888584 0.207967808033836808618367048024
0.806117961499534247943970983621 0.128834055314478840518532230408 0.040011739580397404569884205344
0.925871608242432819547922157237 0.621543583352306162146784667712 0.695238144144227890071331145615
0.711473696394500100604322653305 0.424279595127485192386477462167 0.485825040521097054362607655345
0.533161744006662053858107111292 0.196324237511190276611391998699 0.730778991540570689112486489286
0.081918348259811254368132955713 0.726814325164918958396030428572 0.851735554333238804499156930100
0.915617840855136878884133860348 0.858693949552410813595978632513 0.189369576790209191567787685189
0.285274851789505218049067699349 0.445957134643928478003080973440 0.830034465432947249332627680784
0.926389063000919579472575679222 0.988633098845110054995521748360 0.173656896613167797390419881333
0.492229401351264668408744039572 0.973249313028152656671079115496 0.843738479906288243384839715565
0.015543587626170222190541392947 0.669857562029614246254824915195 0.981946603483627724667889049580
0.583916309075507655029882237903 0.964880369699514961235797273940 0.159754410946784628062497785114
0.125475570294058565300335875196 0.105710771933674076050154580552 0.660554443144527176846204781120
0.166128345959916906425511205292 0.367735594930663854110374757708 0.479624754718066358809805803517
0.500483799130116676870111145348 0.554759739423956495320630492101 0.796360483200189792240729688931
0.716563148363625965846779855100 0.961016486458747525198874015757 0.068130040148902622155965717965
0.289584947342934013469776529557 0.001909833347317384078412061952 0.585448236591056020519553368554
0.792873307318614485325686866140 0.067481445289544418604927998724 0.346761468512880808799432602440
0.743742740068422361160277354213 0.432255245143005138452431696836 0.640849021795083338995480294629
0.990173532314409584536621860849 0.148043206819339127843537213572 0.959573293243326315827694622636
0.955288117418524785955643063969 0.595595495254560955237001359324 0.884739097481562993088692955251
0.572561773316918610560340145321 0.326744395568134634419021689500 0.373635698956077804264652551275
0.866973702823342071546734947167 0.811426449867508530536780284116 0.705290075405940629610483304714
0.515264313263563788576861679904 0.646060203162626887620664439722 0.489708909901649413158323237242
0.017047357746674463020837087325 0.488954105067884154090453861599 0.446168094923850482228775468498
0.229276513750525883889270185569 0.225608159494858065382234571914 0.951564668315540086378779347245
0.030441958579933011016818010891 0.445398247452526275552486277904 0.094062009077044879964411737732
0.439950371076517751849954150304 0.778126082188737679962971907771 0.355301497818125590591451697087
0.613830131382531220868288413014 0.304400657565348697938280063651 0.785143880451056387399298456851
0.359645486858183177949263608310 0.795179983309797224001880990197 0.909344968681518549838854310922
0.380162272404340825048377052701 0.889425454216029800493214592137 0.034828272166645113768010557428
0.029835435734192935591449950166 0.620655446490902211367542859618 0.072594618480792826620622297371
0.351962708687405506635968927525 0.825663297016681388140946525659 0.198659737276903154948611825820
0.359939233846372508013807593549 0.359293153596273783410060636821 0.668485177389226120696790870315
0.295110830872464253772079081092 0.543912521929328533325295298408 0.699166896138779699166917489266
0.535687303242851342286649703098 0.760179930046511766609657346656 0.447111233890201278201410386120
0.101648088016685865163286573789 0.978230547199901234429149788860 0.221930438607691897299827102117
0.844959204258772430793897501088 0.590224274407940165784111390046 0.839723298673206927851245530713
0.315425044237091973210675333797 0.526383722901026031883590948641 0.792018499978201271704530557077
0.977098426528813264356258180095 0.529112899796775261409763840661 0.465263162703813388439155677073
0.672392660244015180031871430126 0.224914212945998538862422606118 0.554734596064884009498926682219
0.464182180836605192315909488920 0.008728518677599804358658099619 0.238916093459628129125321093254
0.821797407100693390572560330146 0.777804616367243127118427037149 0.394284297563487620997266499140
0.702561540586145291123571368002 0.001519797843762910922189986321 0.498255059785935608555514213750
0.749442773960024133695922801456 0.229659582221668418905264527784 0.384574464362334211265173902229
0.900421257206882071490708393917 0.642349239817560603208696316931 0.748523091755924405271818652478
0.818907358939033430625685340503 0.664734690240773066306469534333 0.574599027278330739040919438282
0.049520732128892055107502957758 0.944631565118193677466113440737 0.516317033565273644276317002407
0.496719583938399841039352829508 0.267278367868534709656008528512 0.229879406527918933976335581839
0.625111475589356262029626094417 0.962802715140309903516402314010 0.239650759306097799545949315309
0.903114755511410093245919723012 0.627425530209233524388204850426 0.451302095133955388992817658964
0.439720063637645387841361785405 0.119784472184428204789247136747 0.351441457287075445201262084019
0.804017324631373521420080592638 0.502016894525726022976508143263 0.533993452592881685121466366259
0.822146739465557394997177235264 0.557234171149917363817794871529 0.411990039159440616696179260672
0.957925329192183774371521441732 0.560635570847397660914734131612 0.402067299920756834105498224638
0.600990214099122857687890325990 0.963137713528275534340354066722 0.576603188895514316326534181741
0.427534112872534199455061245483 0.628970119093027857851196750246 0.378765749349335551925529698705
0.782166989670867470180390912078 0.541896168475454576834548420699 0.892429531279887775411158562971
0.834717980687211170827356160475 0.222111456795480255017562565305 0.380576059978053902828970449635
0.899513124423733258009416830961 0.019663263232457238683641147241 0.258737290324868633956831746239
0.189044060839882083164797162446 0.080592646517279029796415763622 0.295932281102245546944184337481
0.180599038994874095368345816455 0.808739392320438249036775066050 0.827064314899939463884863357687
0.574838527289229245628647621757 0.970818816545810916515872847669 0.244608465306752092945532614734
0.018555853472179124115912842603 0.512338792905470596222654550089 0.180167435750042183883855372890
0.858224840830364229399217089375 0.372709842941362918226160213193 0.140662122492001040553797523061
0.192865375272520291283600337610 0.812654242686037386487357758570 0.631477179436852329766623292868
0.428562075294736178200694174055 0.597537291043773295573489756825 0.212021421553724993794401934225
0.878649464296299077368184515348 0.719972524859073014381422409997 0.908343575314132901689204987749
0.195933863844084006297324922947 0.449353893657888050425036132725 0.878974963931987909981104444501
0.120000460964744320467677154572 0.790633646369367430465785483384 0.515667053469371716590293697272
0.330676300801342140553238189001 0.775723951770814618392260149484 0.113062043364214611430396048433
0.476930724743926512143733734286 0.196842743597380327278102399305 0.902920519508142834403678419017
0.048160887216966675828349625551 0.675652471778589568867942394347 0.003416805135163246899311163316
0.368981878148181061737457113614 0.076408316614060294033195048958 0.533546102623302592238014766271
0.424566973295454595558014662335 0.854112926844338057707921557803 0.216099756754556847050535210583
0.098187642497456377068880052069 0.648313376644341937118149822442 0.898934174146290988997610718111
0.678564312790779945621964612195 0.634706570148408217146134214393 0.666825482624957645588805987143
0.056942632778977872117909504978 0.549544086259702885095349771778 0.061550959839406986474523328803
0.352517847164444489298276404961 0.762372544819371861448438439409 0.540827560814374828747122695396
0.054455137525467077238604142791 0.733128186615576974614472394288 0.158636451470391940817446587485
0.012814302987916663838862640233 0.620600632234664722526973396410 0.248816195661519780896013733617
0.683702825118035067810446498171 0.299998440199821308432262676402 0.286652196501524422372128390238
0.630635314827011089090028810734 0.312049195180408290942445620203 0.175629741976849383970724127353
0.191957812920901460344237246584 0.263066203960011438603891566618 0.071439114092786694135984154241
0.762483655720803932229194553256 0.219395818423724967487806025367 0.676563898258583412147848327200
0.367695814302181680666657042407 0.553383290120565110455610615274 0.775688464982366468497262094899
0.364847948410566855604675850284 0.750525661838425571335255341314 0.759445977409619654918455944920
0.126565466954031210165384478919 0.146550583552652584146737281426 0.141853466437535686997398701693
0.774615077307519977971211388984 0.991803037668172022504578206434 0.357588333164503417915939396498
0.188100789162522533149831106793 0.054517497770421284766793788394 0.996589817834298962680328014171
0.090209899397691924830111954957 0.276085527482047382880288805101 0.284961260222820096190237435567
0.780519340270768753243580979967 0.353988201232636100658211503211 0.028683928721997775927483361052
0.651059886073860865983648180159 0.228669832102409722627277452405 0.977214825112432845259426335027
0.396108516178535135838292504662 0.147656255186660061423591064096 0.662857225359203523815187296661
0.337455362710749891460162981225 0.300238001583170582712191606025 0.050370207045604157115999791500
0.766371025936835464813574432338 0.417005484370923403801777818945 0.670894006781396736525576165899
0.740836398323265820245748449901 0.980325195281643144464269824879 0.261775951969053739715313174892
0.702525737211474168065399675309 0.284158730509939341186736790782 0.930453457262514974767864752274
0.117884678496487100078783757161 0.162358025290370119026171419427 0.575017749774763828887639859056
0.698983377222995242887318831255 0.489133348401505716396483866785 0.836678772516735218697312194147
0.063538315914378253178659179372 0.633592414285488656540463439039 0.841747451521731464609623334886
0.226241294600300013960682827474 0.490490927590046507303363824323 0.792263794542738624946889539744
0.727436471245961826189926811555 0.502534441909887653236509196555 0.942125616033851680597558621909
0.820643335000719948224558641257 0.609870461686837123872636791359 0.955609637176755230127613830102
0.587778673681189105406681681571 0.465467567431197246026863384684 0.383430547726887513214724844068
0.105153170330870019043528635973 0.927356023720043466795913964693 0.538696798144988197171900321857
0.998626677317301758526108320656 0.723484107662343034565677248411 0.347821518574052128065969971646
0.653765475946918352066651609650 0.457605511756002928844410109278 0.491356111421555095686325488990
0.242378923944994174307938512502 0.248720182968196903575669726808 0.521213274923660682285057121750
0.451026744015803007300658360008 0.039803201604880508132047137935 0.618530518128936902831196546758
0.859218209893976158185192874732 0.960977113616754769764039794638 0.053553686092148036459809012103
0.141075660661418554732739478721 0.175847642025428711212977633261 0.240226828653953170509106662514
0.765928781719766870161802453243 0.167663476027114867184781122519 0.830730708844994410628856086042
0.814223851141160605947052115854 0.703357592507957676895137076516 0.095665359710966595420777792929
0.847073322857342066615178304709 0.668568120276663426490459252949 0.280561089813748710215026443188
0.180118321317935108575519678715 0.210920992151010527277825901949 0.217563828887806146063103205291
0.395695154467738602729890753437 0.088938106470153047207666141654 0.425265912883134586564051872908
0.030255516592415567544668805926 0.897140411421595688927891902128 0.989862397094572879831954554867
0.562104140711409127688021716201 0.741020963340472167888081735114 0.737418320021418882558698470613
0.776816404503576150125478861335 0.159883571934557118090588429527 0.295417867210769764104515165051
0.678264027463487073223675368565 0.347646269855934162974255501487 0.362070668856581399895153003364
0.560140744289942276320015353771 0.929348412209381387712028167906 0.333208685122948295777003788355
0.401664824268114119267603130647 0.730230685141141942117848731596 0.518049993347457415514895096768
0.436692641234801432495195394474 0.093878773839279130664209973384 0.269333262737067282502616855449
0.265381039852314611912916594381 0.866312120471161003425879977177 0.498848466025942289521785685934
0.598906996091108547383051343355 0.565886056249185220692521689984 0.425563039717105808786654104496
0.009602478815446082473507077083 0.389819224213623082310067840354 0.339993503885072321950182485837
0.521329156395645487785225440895 0.313059126013413280018288317686 0.875616858140208497466617440836
0.773503896095674912790003004325 0.260375511407510973926678419519 0.068698412171535858328009445315
0.385327987921806841115234619604 0.447864863837600647174601056449 0.354010188254210127177450952342
0.076616232591065016725912496362 0.865735595727366702019700164767 0.978291401957677511714314989286
0.191970660219307830414685385012 0.577609406137167404771346369521 0.960024898783154803253252878966
0.924197611256664231977175132475 0.784055679233961573919274904771 0.518536625569058311110125498753
0.655334691668813373880279626217 0.868716348746813657568114370442 0.071759779880206546724125826673
0.002363288249045908666022676045 0.416578642641926084005462986708 0.283501789485931347687870661534
0.493939044135055278301139880314 0.719031463247196677195873212286 0.299195000100328660611788764454
0.904968397464278160274734482588 0.303678561513480285822664061398 0.338684582927909257705697350024
0.659954792815866885011581120373 0.700754486775206982465140562172 0.012947838662353847496032985263
0.809827734912446580662007290743 0.615423371994336171888301835902 0.581120459466040462140806471468
0.268457880864055816473056592581 0.488136366492438279281539501911 0.400239604326439554258624343195
0.987851377786492834415951589087 0.750084851385981147329681992936 0.738759319952279957362838155444
0.626866940883401167658515857691 0.215988865601504424060564809008 0.519859651346700497321455208135
0.239924137254272187677894149885 0.015121024083874830251074060048 0.634883033048093430221425076663
0.734762049057444212378733188912 0.455728856990330006541877763946 0.942073999251363133619331785279
0.122067692396906872922922119151 0.944764682059319810933682114501 0.626613410114045874720047489275
0.217204376621219698309729641567 0.513508230530771908137866833153 0.819677749042538943089017623042
0.931813244707228902558690964580 0.114086305436334666521267359338 0.600713495976910022050459976330
0.676673308678219877457007310208 0.763607936881734551022617156502 0.947856772189007257704618043921
0.202904233448352984595541269595 0.513979219960352942767213054034 0.793765481704456978871586343697
0.411900240309485608062088506323 0.982242792374744958952047632736 0.712124195971779951739610925963
0.332224082168386494931696444700 0.951605042478575765712415438040 0.892001660771103916886600791805
0.740261077009859122652448239577 0.818462204825483639548326786366 0.078940868370823609276108546556
0.344732825365998385783225593125 0.562728594960569524569163787146 0.515330991383045841258394896069
0.384134393157620482834211315574 0.580815935758565373657286833944 0.708057942895938208177975646775
0.701827705230996960118019302093 0.123630538470549410366579254529 0.361545007399633428790966068841
0.927783985627632587321930842365 0.581259505441470121897301899411 0.592126068911566170011826479858
0.357771121232353074023019214909 0.285542547961534850635492158224 0.221012866399586416462014105329
0.043137907484707704846609606833 0.698951602884379222095417468036 0.951132244575564439499732223221
0.407326334554505387345809167771 0.736965134461440642742935138281 0.547017797859347134513501778218
0.083569161619801168103157515275 0.216709596859614847158414638510 0.476959428189654072266213985679
0.007197599038276996839343843496 0.081314142364034107059060210730 0.376806883849368792389792794475
0.417490578453770792848459468102 0.782956313713850414398800279831 0.584071822046343142021248780545
0.711881125946821227821319783500 0.518717900414506814494091366608 0.177147231133068336453444501557
0.355635652427813530207191704654 0.204039587534219706334270854712 0.918727428606282462137662762501
0.742440137617648700390502058600 0.189025812007059937834353705008 0.765077529492594688797491135826
0.132240724316715314407582524851 0.468340183917775765723672299942 0.722752101315797914117800389602
0.171736501776804735577606409266 0.876399706424022892268544122304 0.235270561529567506111390852207
0.961333534872158728057003884893 0.700898571658921076276857903175 0.258424114809509132438296799863
0.217111134620753253075052690714 0.607612659788787574946518676115 0.845750883643866615343715089489
0.483547961296089044511176644594 0.265946134414437603811192143690 0.470304949711961480236569955929
0.288610972394073578490880315637 0.215602216130398121595259973481 0.728920968779091807648786267654
0.174180824658326711282263973815 0.847220562109301407567897766674 0.410282609582602349797076340924
0.282988640280335458680780508267 0.447642634476430896152389280281 0.652341811024535981993406846578
0.485728575693490037766873684417 0.183938858994386107757935605286 0.516563074874378723690874164054
0.203800929782957287591051053154 0.407831805690899437463366766806 0.844082177838612172907106184818
0.456418426515330864814415390117 0.015188337732787819521989330045 0.797557783345083153598100922580
0.534827427084135178197396666849 0.432496197771816323158072626106 0.301841447778210824452374978934
0.656967816647912733340168810776 0.311843338301550516754562201118 0.440814376506470571448367332326
0.094349762758115889983095107653 0.365946142226824523221988217186 0.720526997612145820370470316350
0.699768846300580029491192475390 0.461220687279240470266614985672 0.286846759550193981241112314408
0.812559149444170252193091346477 0.230130872965257692199028948060 0.409673578225777405929738769301
0.177151755021800302314093287043 0.383259596261367207063042624853 0.708201007566563796704292123090
0.373007012765496023332179225334 0.829568104669727265089506332337 0.273809184470745900463932937709
0.384150550016184715296500528254 0.206941482392647809418298191132 0.164818945497001975988641812887
0.405845542279014736815122588368 0.255517561400015313268519717332 0.466249772318279407673581836073
0.547296569651303913328071660127 0.667361672412256494374564729459 0.656482950011590537373053007681
0.445378725616007015168425729618 0.274025515399313746630586471365 0.833133899596502361167783390081
0.019536378242886712615105470223 0.940832792920790387670120206589 0.162839987838676359209401344370
0.055825485745001477915007307509 0.208717136459754867638647645253 0.635333679609026764347446914469
0.616092640625611030431141045317 0.362623512261517703550134627279 0.899433929258915627045069000344
0.129335424690627450572905976998 0.382444610792763680458419857484 0.828355728050739475182921787986
0.954591296323622473913899203301 0.589764850945484540862445199159 0.104754897023492524704142847374
0.933783612623485158212813740441 0.005442773914046286323976069492 0.992368934109858191150766240735
0.021972936478528258818069147680 0.561712597978249640274201833532 0.815830385062077294224369787534
0.980621757698830121365030535455 0.585703054932707484339204200075 0.159748119158913305329282201140
0.748292605249679269943248447528 0.596214390316524268865784905082 0.819403282713852603133092933146
0.677093151660878138841245975225 0.144507079564913975763629564010 0.795075430078061979731194309087
0.729727111081094536946647587262 0.276790952616615783276394682195 0.723877841586496058853372158020
0.458642722814177016580322442319 0.874825562256020692296178331592 0.687974232274512293539582920560
0.049591203937986949061166092900 0.454353387768182509184818862690 0.628657545294879386097590057259
0.298946635225161144866713564873 0.945780658117372523719912469371 0.646238035305577001900609522061
0.395121118402043325972396294837 0.174207490242717530970459034041 0.079532282052406561209037116293
0.656446573066971256135053129869 0.156459487904506762882072793206 0.887907566313294994765310635580
0.087258956067127808338932546231 0.003502791178073625745657126419 0.968148342252985865891938428747
0.406754911697888887315303813942 0.568680781533084188657425232344 0.029881021923926957219165473699
0.709596400453926219545574533729 0.345538165133992962896751757095 0.943521738329697504049835213432
0.474826516523333071047165658204 0.126944282589851674053946247607 0.067963351481309896730716842759
0.953935158728986324897069546716 0.456389337949278104976237932476 0.477848041976182175151083679499
0.991617556004547649020969187445 0.038106841196204523895398911287 0.113484131179527145595362577100
0.450214698621653996475159208900 0.878555504513041618394447192954 0.175756330463857144054612526533
0.540250136606272579410941053515 0.648896803621024902776556722313 0.821509252333374024790105523299
0.622338678883520989696928466916 0.331477464537651920775506525151 0.672214725881086092893565273539
0.987425340969164018680876151473 0.316155153812158922619143149821 0.270429068921336334914027714349
0.091908463398589545134799436280 0.656606818775669511461087672988 0.096711116798235223525520094666
0.044986320548058407348647549812 0.921669861321831462439725167975 0.342870492813315683488443339883
0.396325030012088495567041773880 0.685186420436941217302848339385 0.613867475148305143343060457959
0.763969730070682935723063804481 0.289442765480293969109757856962 0.311546406424585080174644526520
0.280032928969867795942883876204 0.874331779171906050146843591606 0.840112278026918103573436665841
0.783426936802227508742615926449 0.312433982123838142194889408827 0.342025517478201793375086334287
0.440490131095368124940560312610 0.385174456110750709441400955383 0.641698563084593718088737152490
0.661956626138367415030101920826 0.898521085487513544580125103039 0.850356137626993590081832983649
0.100701001284089265123918661856 0.149362394416037740234786091800 0.280605234800844041334276565626
0.974174472665239717340546468914 0.154596406070873533305908134296 0.312674331000348564763711451404
0.544691580543360221310985449160 0.448957806273307642470545131379 0.130230132887168772797847380832
0.469710724719305674086920616984 0.471320088595940703692658303613 0.453264731876941393001841953815
0.427042075518823602230549268011 0.078817980719787655971067402751 0.211233585488589884216487011214
0.219083903017383263504596407549 0.154976366734865509751267316939 0.649827194917073308412339280099
0.189684540921924102505337216767 0.473176315152946870578963548562 0.925830300884180122112479335340
0.777390985368913633746347549016 0.973175070430360871183591249736 0.406310620486777437048138405002
0.354577210115941206756046414849 0.832020612914436372215377408489 0.971763283791523114565964368118
0.900792252915496407699474131362 0.869276186430596373380709962942 0.601560145781355323042994570059
0.111041217307371249188591582899 0.565872998948734926447635125491 0.359643399662207607203102937237
0.273141705372376608143286047466 0.674241688605884141143183480005 0.801972302561426295956106590539
0.181165979466202835714145877358 0.260841492457604205422254772788 0.226371173377339714893166782155
0.485751594410765743632247574316 0.477703328827343879946335945706 0.725180373560461683701947930762
0.973599115046792140924402107767 0.366055353106134380108358622807 0.372881253139301581529887479048
0.790456804194335010200984224492 0.557657166852120027360531460754 0.746965447440014620152399437069
0.719206812383549300168513187466 0.708566313912585580616002017360 0.210772456418604234283461708689
0.152252130077946898022711826362 0.794879677154097348114099816235 0.149849973616203048734838753568
0.049393272674550585489967312609 0.472025821056924472666935562864 0.977765615206130406102799008541
0.381096422441862511026907479609 0.891942022498727677024699735700 0.383628059493986083780745908644
0.715364841074266602483572445593 0.680997113311134920758355146815 0.900954525655455357544249658886
0.109412694774730420002554048594 0.806616277589779796811186241651 0.807060859860995464566809968123
0.051847652706399109166965758463 0.507265925696641257178582664777 0.832026008613484415423621311126
0.802079152229198991627632430743 0.323833154827896062024768716328 0.517266556168168899902080399953
0.964036389686671722346729145707 0.671831207272016393257583137545 0.769946003128749375103632884893
0.023291833148920858190814174994 0.563747166314252805702779737430 0.133085206575925597712332887226
0.894962835878361060158322204405 0.769238888560653680960768452014 0.206050113698781495302582780765
0.521543389478698201890237035538 0.131417521396348574362444626741 0.064013499269116928691276166774
0.423911117738508283689330216519 0.754529284481524912736973277147 0.580710746943778993561595506135
0.554393177023077546397410964257 0.742898516181751445795223698667 0.702526952527998235480101887824
0.465063572357077247925861848323 0.673212486044119189677565905865 0.630409147308168880571938655867
0.025429508329765001175151147870 0.612549689657757681464420765936 0.088699450324790719973925775768
0.682321075038563824078185350769 0.134823824360987824204630785205 0.990831463497438634706166591157
0.754548970949683989411523384064 0.582437679626553519999579329557 0.341728947296979978519847706497
0.596111654175172123225047206424 0.148890161930014845433324538346 0.551482474228036148966970480780
0.928444461585187667703208356736 0.873985462015352805249099338638 0.380406362279335697473591130269
0.108939021407830749371221436363 0.302770973298147657539863003647 0.319331713369872083805915027202
0.886010986782026272484428470093 0.731869646264091389242999891661 0.828271986668195245039516113042
0.485347584806616623246005430323 0.647199565382262964194051119611 0.776712917885210395399222891977
0.549593229677607553282071153640 0.427167036194753638657303574100 0.051250568480458370153080013437
0.966813860820339581140288900672 0.735234129209126972012665958460 0.247029960785590516762246242623
0.252080880000404636351909643623 0.204689910453599828009867297541 0.263837275220210266083592384961
0.923970424287562932448613891628 0.853345536818388638707756760580 0.818524189507323850896693181040
0.223277453062330004834954987671 0.544101623459715190051161030172 0.019502222821849658551740608010
0.957720337805347300108180995908 0.372611249685164120019475367011 0.873823473510859137578676657862
0.715246787610434622135470793120 0.301210296842118153382890410907 0.724426676084370326296033686907
0.080797353918569323445028834468 0.698355055453861610715049632741 0.604822437783101274768377262925
0.383623928718190580055186960439 0.221303438384169999278551263583 0.304834170261921110903818932983
0.754812532111963458828441567859 0.627546358862089619489373814815 0.930362188412319195642725858141
0.208982590414985180194826178171 0.981437591069714436908276082142 0.085624742218236238489163312154
0.306115670637082387582059436209 0.154664120959664423801426444295 0.979413393977415083800909923068
0.901942483636564305865735272525 0.451066241250938526431515382988 0.183149706914373943490879228718
0.099682052808200677845757372338 0.013469111215013547540646305622 0.286657424996456482823788501412
0.455275792166270592161650224882 0.975831633167851948189152343791 0.616762036263411354039304012111
0.625995234001165288459453577587 0.078810967203463970389155969805 0.375639413661330882409057452321
0.005909095306525980076682986598 0.551947892905764409538656977492 0.462640102995011546081918367632
0.963942722376308912846267659103 0.716741672751304536199393341087 0.631565334376041910201104852675
0.836380188679507348085687489639 0.724283617928925124578339983470 0.233215184431112737451794183413
0.287966347111243590858892864659 0.557998197748834372741112331179 0.093084417383178411920205344459
0.960485871545250599299460153549 0.292672901722075260031459482296 0.459996659584578276733764641264