0.298840172733190533102423518067 0.806856890737549044191799261246 0.466463547372822791980364358606
0.726036022823951562326141797441 0.653731066060924540674427301881 0.192438143436104430028742471398
0.859893209667560628679506631587 0.809110639397261240349564833524 0.764183586209085609707233569272
0.157713090817747678252161568564 0.053798013588135693423193679604 0.200745539557017910193678362003
0.758477446892313619938179113965 0.182319023640996888009952497996 0.913047313993725824766108618537
0.712614442559278240105271424543 0.518162785130599112560671364217 0.085636812174266490698055174286
0.251831780681412763553227428849 0.327957779484836682485341737938 0.076513789313038721426696689146
0.311901456867037537554030182927 0.675585478237387676632637285486 0.679883839934931017375006737733
0.273469062302005267821363828412 0.953906913230160981178982973678 0.718428150428871989427829001396
0.468201477406261885309549234274 0.858916369097471891408800692429 0.043933450499266727389847844340
0.370342113918562303691968428562 0.582014917722147577957381110039 0.645318683489228560031608045378
0.811742772002847478103367349568 0.926733832993782207117258054604 0.570734183903442132299835966059
0.925710747846297491716440737248 0.707709661780657507506697283389 0.473084959153014473721923519515
0.561845610398824101004671132775 0.412264469098829371768175044800 0.312649916491212088841059629376
0.206723085940837946774270506525 0.802155341445962235882059042222 0.182398624458734436071990932032
0.344581734773465292654199210453 0.340435946244322613504240358199 0.389060739071140648064313267845
0.297323547051999774386250732311 0.267215746577874915462490446591 0.272605089840381948387374651913
0.782312308217917035222424186884 0.117968923282017059093209484398 0.970366366946446335216459203587
0.034838699425737592103887965087 0.108064230497326626597713748202 0.740656648472182699556273501750
0.285748557420332524922660888366 0.850561650185789883147915618707 0.848111382879108666442845488380
0.230931911214022187737216078694 0.829891917646131864275506044700 0.473512120713239525177094820112
0.282103950038966406336730828054 0.124556184821864670796370946177 0.187516339274698487055408729994
0.561829135547971353445048063815 0.533170541033776611369874252201 0.831880001951935962241688762879
0.765413141465054003110943341584 0.695088982241025380382731580391 0.917422507557684192152352822652
0.183214852596789006282017954454 0.725379752340185270257421607063 0.885828410553749089130949381276
0.205594763161664320332075427998 0.602373806531585958405183358942 0.362693796917600116766485844047
0.683011629569834328969070315276 0.898004427101350867543058083742 0.868084322542615443712572636374
0.027173549162159217214986406937 0.170066892028799364647029530442 0.472280826486957323928669905408
0.024793873776393293571198266423 0.003949718038700910791039874859 0.273142915446025016991609038112
0.105893722486667531390951531028 0.235530133768826967697396713234 0.488780804419872524530329369531
0.082622433300358230933253573116 0.676031640291284057207594651303 0.042693248083687401443805942463
0.715101092528290934623444749255 0.627214189752137774503521314807 0.153396801207431556993000198945
0.816490842116367310214870260997 0.034510420083835766213494440029 0.861453076568630758176288671263
0.589405859770933342534895918479 0.444802362613871598407454989634 0.867824716272566774435407107955
0.039761041576606903616128162124 0.779091225282209687653987868711 0.447576469312586481858751183766
0.693254383165687861947435458727 0.794859977258060958243217219712 0.792466434206431155947115533870
0.896171494260615846300844010175 0.292526369175077050315556252340 0.304102731264968916408042363069
0.008731912396026379289624780926 0.267177093921073724420812971091 0.865491471452232526618624258552
0.914511675044970825858088639297 0.898664577520984518651193587149 0.749552478559582600101297574628
0.383091643017030057590373256244 0.908969317356673949976388095104 0.509522284962001959305422366091
0.137818713325455760992687513127 0.814117421047953697266599788585 0.159778389146251039430906528733
0.983770041806654814016914570234 0.931052694079819800927269424685 0.560790806333359631624727785351
0.152680847727981799278014315434 0.325974592627176736816652673990 0.298015268636425547287918674914
0.547451248464741878473794762695 0.044144359482541009541556072160 0.714595887425184034983864600513
0.258706738239674695288683678175 0.620877899422132907871096535604 0.031678261231441953022657598210
0.047197902637922259448800858326 0.911933870737166667989093230868 0.777049701606621761687862295947
0.945304117136679220221724672734 0.040599343060507820585762493251 0.857511996916274105831226933422
0.895351941603126240110018617101 0.091743836321588465245420842454 0.328944370730051256406115743771
0.693898929170058504335276093025 0.899660499250522466672253586900 0.431595153091243361074361640198
0.902529792186009599819363680662 0.178909391727627759695369056854 0.491250196885919952760384721391
0.225550969410517953115804879114 0.110088901831890849107214991431 0.729045083595517382240712298133
0.144169007152782742677946612837 0.203979449771114183136582000744 0.702638204050800165239271251276
0.667455357519201480847441511281 0.929784617597366171299603663884 0.948049314391455517805267276509
0.387111649843613205958447900131 0.883766118702724905044374269302 0.669752577467685380042363423117
0.312394172993260086437570824386 0.752119997554513366358052902248 0.859403427241169954137462405547
0.871306922970999332156308127248 0.480224349857057609547026473327 0.308646081512181365717176813832
0.802714623725644896235532604532 0.272471671041391019745017177345 0.749774440376341671072689728866
0.836833673722890407010565107832 0.582842383362544874440576162110 0.719869195389388095643785168555
0.206183582015311398268714289641 0.178601350969645608047627725575 0.605722071666503470139662368055
0.830586725461224207338585416271 0.285067698869194147502136431442 0.468866003546878428815309614855
0.988179122090941684115510105148 0.858909776209800981918735007568 0.409351938470043934781080132176
0.431638292775984626599081056820 0.949728575125282990445211581619 0.932027012459625836901429182014
0.389905372533487637725851239152 0.815747464781974019148039475952 0.623391843826964853442855645557
0.390872167794736766019544954081 0.748287577967502933758545171310 0.403661211672640984477455053569
0.284215380151900693401748275452 0.042416085621653394075724672348 0.020261581326432359324586511593
0.502671360074511201335516548796 0.462925080355216647795791815421 0.280243397619731643552044091030
0.733963751834169406233980107567 0.414188421836911102257332374677 0.218706745976531118221666025453
0.003826878653179638173261555808 0.157656743654705972174988748452 0.426804458464086780171405452598
0.798795695696018849095523383575 0.975429202637756456824184998320 0.528181296015401994082933464349
0.483076283422685490573376789767 0.731114457372856801252084719071 0.313092120337242798995795184132
0.895316975700373095246239812317 0.180210892589868283222957331732 0.741754609212088910370755646450
0.220968265624561010062569138771 0.411442267541458191952076455897 0.015118997235922056011926556535
0.446306197673752140580853944590 0.587896837524328599165254756588 0.597216585605428448831366402196
0.162526277803661183378103311648 0.866672581037493616629719827125 0.128072560354521337744445282094
0.793904716504555535935169734125 0.223024962712495068358994788338 0.509499499627854871751822479629
0.204733842989814358720093860014 0.422499819735431743357598038719 0.688043251930414556354122716575
0.382849678629494205023903542802 0.737762760531239283782456019678 0.407280121751671508310988229605
0.724271936533864365416195026236 0.669406567864804493538545854875 0.007200801669164081438980011251
0.164168614242859372696681044674 0.446662169824070317561404708173 0.190499754330729774073589009976
0.057843341641600196277740164834 0.659568196973802383457738129379 0.721560993244205776708649508389
0.215578336075946691504955651845 0.314671216804376566932536382109 0.849461672385046727767531481467
0.947969396489873141926206834130 0.860261647259438102360443778886 0.407525304374709413782297117248
0.868953806911961778101810373691 0.123990854488354852792618770766 0.022810830206224995605903048061
0.154503603859037863813629266346 0.370799036167607160304163635388 0.963085002127023647429502416786
0.881612462846117395097353892392 0.393830471839689948062317712754 0.284348206205027226269033949526
0.990101228199260483219032979274 0.107032425548617057309258494087 0.532380447890578391216808795126
0.791154072414567086788198410232 0.823406734016409670034450531576 0.504501825995648602727604480604
0.931657442913186892072385805595 0.589320842443609963022053920229 0.721408443097760221454554607241
0.323143713173798410888875322848 0.413245364327080874304604701124 0.708083780464859343327857963750
0.430749069705335911207195339710 0.194422561645652008923696785603 0.312552716791106887648937680162
0.360884039537736706391045156442 0.627430864705821408693904280557 0.641737875716978949088110100890
0.693165026585177923474029112807 0.734196147177878656827418106486 0.078451048686716226806727963493
0.771198772180328270672492870630 0.669816740623714164520410877910 0.603870358795365385395367566705
0.262562411999670861942726449143 0.557187194745708908119010856501 0.141006941767197430898694049699
0.910218900208622497502998799553 0.435675582724544961461702857679 0.896952198514357935799920838846
0.062870142961782654752863700147 0.688466174661521906461399828497 0.616279867499797790534818745150
0.634565892172030441633342200692 0.025678097705149578298107927364 0.224647315754460212418689716049
0.191790855437484465436311907224 0.169186685628964514364764283959 0.629541153742800225081518403961
0.635821902191779847655494853372 0.945060406122007191871480963619 0.138371686563195233512133963210
0.376382074168289148559400521749 0.878624481061156662264143754406 0.649169300147725673633207662905
0.233351912860572681723856499076 0.146614698127677403113867035819 0.342474755849977024090319577085
0.964003481754813809769178353404 0.511630095220696123514442413145 0.406821445197627086264546499941
0.743842664667194431243435754181 0.587728613502171645357116110742 0.625353362645522159161293504706
0.872503115907124761689803674477 0.593890455187342226071531788296 0.970274617635946214423956627620
0.099659338892844976339917356350 0.120604165673874601067864909585 0.085177845383712560826261504563
0.236644524539526335676215664248 0.579126620499703268793767492785 0.005403313837367872288037122819
0.965143941836137064832785812641 0.926433727519144451066266575335 0.089115263761448877134101418492
0.454661178742570037989928424684 0.657931898689026021503710289824 0.168242199435602234410114095703
0.296744391044991831646517685713 0.876174874470974043614865751680 0.056094637178441397623024492062
0.715818764088399191089141766828 0.068874425866522701004681727826 0.740040812156016388428774960237
0.660052647331715261262367256140 0.414276967384347985046018450393 0.518404076615483359594766867013
0.679882303945230337508778981088 0.726072512467656051600096165533 0.830954067744859366220622191869
0.324369487037028665585622342409 0.655196177998775025280765602908 0.315356364815707194637214218606
0.941300351979668959788825071767 0.505455892625514780220897306432 0.841759281787127257161560591278
0.182080671412948468699429580565 0.931781625407166395503473212576 0.034820448986398822876479224156
0.350096837842325741646973382227 0.521479161771823600497858356359 0.709789828699288575528873121300
0.590028420871219872153958789488 0.336209890117430392704130201161 0.735981239655925234060034880106
0.269193276618681136891064327190 0.453415755310430474901287830735 0.696296414474754699734091816024
0.284769263405028338258594529393 0.773253865398062167292703258366 0.966515781648562177503155649799
0.754495588219105270926541882112 0.076966076350363453607415044029 0.611134112706324081006847816456
0.768128556821455017376263169265 0.780137239355408810193414148554 0.163981788220109107018532883518
0.702432715422410148868762785995 0.074287387973606651929555365212 0.440435049282097687674644560898
0.338971179701403902003588158873 0.250010206021291884508059452485 0.149555632307321476466609273927
0.573335439392432710847464852853 0.636738689821102493194368359321 0.745909948780495611179989996591
0.043781511539499900044854287377 0.024701112583668232275464926520 0.192803255598267936831357436601
0.436202619861048298274137902292 0.018997040996082741971244221149 0.001764853891983208619392414922
0.731923810437563519979097145697 0.477073242554271236596738129449 0.604102005078335771719466229767
0.886288764212112692886333917606 0.559431829194868428923937086344 0.262762694686611220505219961506
0.190362978168742962709058908868 0.437193672985975499017044233000 0.365253714869852516717197507137
0.937501316821431531619918613523 0.819740356139488445842395556583 0.122884460579181058527809539199
0.781892000088683920486294271579 0.456962115043672292492095134111 0.495719173183265298052313340686
0.222081555702967155344170851006 0.753051373597354055840855082076 0.262627361914474712560239107827
0.492153518486907007916954573410 0.470263025672767037883984022235 0.465143273966342335526577354552
0.651039046707494873858949657195 0.067015212790699804634530218494 0.132352738957799448770013263723
0.140195708356100510569442393996 0.987557641544317963168973886608 0.339804296794335217326075165691
0.312915642858613372926803465733 0.592860414232533867372533816832 0.438184646102378034696744316521
0.369361952840223996093157825979 0.437761829643919754390205932739 0.968245775548181816986752725008
0.170745915071855280889614939786 0.908415443502451826097429464628 0.177847983805154912694724894767
0.540405973116854496051981282404 0.989550839803399433899298146975 0.195780514363956839109841289967
0.133080987866212560848718806482 0.371687869491019360839688201934 0.828389223003080565917289468588
0.250391284976627604149158377080 0.522028494550296448781737107665 0.085201054381096974363745474449
0.111531611894618696219204258830 0.188314274593507717254870267972 0.538441202290645718127323414226
0.118386533923456519025797171840 0.639884468550241137103254055137 0.713412245035565135053806763883
0.801778043529114435799451265098 0.446929880800444102962061070100 0.665666424654638666186081798684
0.509077868600455198311035010674 0.540913835249879824426536633571 0.476305061030056708977515102007
0.471239613199992920335778733331 0.366399082766220351205589048232 0.136137622708387116073396054675
0.387036421442079505870587167809 0.989263959277035168087522257701 0.309798498547607351173224190906
0.964041643330076896113058502667 0.595863214302509963161688057492 0.048160176945136594674399807375
0.389339128870619110260509489245 0.018348333676193891832075323087 0.326033366904224647729432957171
0.143551054226177966414239955270 0.175247439459913638829475004563 0.597159297770015300750564983505
0.849056739439961628165812413557 0.110316936125748200440740372658 0.544593721625237603686654037853
0.011100564207629865379488862035 0.422067236530505560725699280885 0.993820881221118016739925456785
0.230212801235791691072696866004 0.480073807910190702921860154939 0.894305286227876452519603919548
0.341273673943898482101162849133 0.951738775291817532547357374780 0.527827365070611375021674989737
0.761347661130284626640532631795 0.768026830201866570042363531600 0.008999593024819760223368738458
0.666432024868337824967183550828 0.621245026624216301354158869662 0.142994617857151204310447158307
0.376835655967164415144277123522 0.425328035401772682436572696385 0.885809256407342789069154055957
0.258167983272781701292231233136 0.220962185778037356407260313962 0.172650143106863178238397110214
0.995092883896617732888168527059 0.098121737051472716825465085910 0.675363256059084739892131711186
0.234583485254804325774457100595 0.714289104450513518529620173594 0.950940579320659488448639116039
0.164037201951478590478458185290 0.984503559649274436880452468212 0.823184612997154865401604209362
0.416049593031354167092140502488 0.414548380169275670294600341547 0.823418400443162041689210727385
0.363551941740169652994269687061 0.659752328474819419381345527135 0.436118450038110069132945557827
0.611668010392352934661826393847 0.808041702102592516286911171912 0.739986382078934942166459457912
0.211087501992126390402029382286 0.952159226059168956885920168895 0.457942944443461522580818502706
0.178160368802061300653932688084 0.596452519900921655042833635824 0.708694779617202481134591540332
0.423690224032412873695725416989 0.824182321947138696369897194658 0.660885123259697864390295337774
0.685062982356903172587202387674 0.069032923401855565293969066347 0.465386677368173725653583720537
0.623666295070506272695790030013 0.822665028899850363749575080622 0.064218715035534686313216470569
0.892366304906927828446620224774 0.864798396517848078488816079839 0.444261442231904942821823203590
0.396591995451314390077098289151 0.316751451129834514464490506132 0.836380421595016595125082646802
0.289138781884717538316795121416 0.351371149527623172980413769717 0.275972305825225260749112888689
0.529266549740941059970379821302 0.553926076764462328599687804883 0.956541284995289879086362888338
0.004966131332588898476942594169 0.395053272173311435219268786331 0.836209914628446668726150073704
0.695894091208073761898650029898 0.306084111393634676329494678329 0.321040298259449517849510754325
0.641492079534209877311093002545 0.828645746461419394745130628123 0.521935094467497752908106371656
0.951022463509477324971063057210 0.079436525888881870923318533184 0.517349072029448737762425994351
0.681346241506322584173380831528 0.718768260738609408561614057761 0.764773933186778437740853659894
0.294708175264281785783607474783 0.342755412883665683946020907011 0.066472238854453225581330445514
0.926767666395909853168714762965 0.934438437682492357783276720268 0.025404840530475955220392784137
0.470006147530479245265984658653 0.973083951375308110407583869937 0.115493948971556605601872100059
0.368466167519568481390338561800 0.715881854676788707689785259669 0.296439669169016545322991616377
0.319302290195638042087645632014 0.299621902999000446643252202231 0.693004096488216915118412942087
0.436247073873997562694377506321 0.846121863235819185858131878827 0.463578432300041269407238529174
0.153334660506406109586469578771 0.388494713736513646542257545809 0.269856384124240571888702389838
0.692609025389456713478551740528 0.329870716190082324671963953873 0.969108911390760817481752671486
0.994727132311693574396210816528 0.104621007012340624529626014622 0.384885353893946513325427834136
0.009052235214899730267839659014 0.479053148415439695532140306607 0.643851278862610349837087176254
0.591817182715872882632743821395 0.653493363929410402288327583599 0.168903134021363168361510272620
0.441352451890951283609295039594 0.632357355633036230468410726355 0.966382044466790526597474561456
0.108396136469295708743529662378 0.676981418340582231074651724885 0.623803269074647923132164300969
0.281782933633277239074506281236 0.740731387197190599552552927399 0.107111092898833355936338586693
0.365124717451101425422420090260 0.852944348648036797082524439421 0.418713323222502010272504054987
0.019393187676513861516775346046 0.904317550093229647522510798463 0.073992447070224849095925339770
0.730620213228337770152251522830 0.854148229535625781126273664111 0.824820593433104109501516197387
0.583404323677113627856850344658 0.329813773206404693750549213563 0.795145212978301050580204301434
0.843848073861201327128579534526 0.714778970834021400095673355807 0.052698844869182269667498988297
0.400361345622338455042450933250 0.438686334473219558398247979528 0.992422350977697552338281458548
0.664806310295918980345285416520 0.249428482003989246755593760180 0.579584627468604879731851736615
0.306214013463496108757944205455 0.847812359621567794326235147134 0.591880652094770675342264237041
0.970650010008189303570474236718 0.392556626427493267759595785529 0.421924714436972712238882552163
0.959970595298521849889963545228 0.444818181526748254682965084607 0.796177437027628863091144301620
0.488783094800169755483718997347 0.315197726925971635519474426381 0.598192714335263818856166231227
0.891155733191468800195725149261 0.493830732175206107192061857991 0.889174714248191526052594801367
0.838192339399720601011760740790 0.270197540925983178493566468611 0.666377525829297051212554393177
0.306613951059208622929139774363 0.536612233296691990510234090593 0.394737460179520152608201374122
0.955445135587098249193905539797 0.400071441830467971445206265655 0.425656611322453488122997750608
0.077043724725712945291567821893 0.037585250041453310168654143785 0.345508726709183286806208376544
0.486522382562133073214195504422 0.627550991918573741715705789849 0.079004601360373917192889005336
0.323301340076043579094680700871 0.342207751029457624696562866013 0.333792681002754820484024338222
0.030079903498577584493430840307 0.416767338548371345054095466429 0.929202816302330944888674093133
0.092052356399442930571714464136 0.620564096835348712909560969784 0.662934442234738957342660631116
0.665786770997643073075925293663 0.305379076384201000690912889208 0.989004137052429034258878567846
0.652358931093806721427876156521 0.266122359296596728017996206595 0.753488558972814248568030532457
0.624671757751395525461191035970 0.165752757164797986884258381676 0.081222039780686314162710150731
0.312395683570243685890255238309 0.608756271317368138178628996202 0.947536602309021627667168218154
0.957169334507090605880216110975 0.929979073639605494755176588795 0.701816517148956553633222961182
0.461616348827142616257078748824 0.169102560418808997110679183410 0.568538739505865302511246763355
0.689220668829738407239464383663 0.654372755097190521448889801811 0.479591281477176586111539719200
0.189160571430351862170833502836 0.909029827763046960693712224591 0.695345651987639115979757942125
0.521032450397481662408933133240 0.587820780213386529009734871593 0.972611729367041181205086776388
0.314249890618838028757326740217 0.876653956506262786709602987558 0.685824018513058016067607926502
0.533046635426530338011609228739 0.617672778499984634448285064254 0.304690389433653985140288406466
0.104431777106839871967730790382 0.191587155929516796331892545626 0.600448791885833953011821162032
0.517343706495023889909918302245 0.139660824459746301800273106592 0.839492279049451425198044411569
0.567084587958772950396984916968 0.448326183129999073144702994878 0.971677519434522056586083787673
0.328179842815108870851705775796 0.321197985617474906985851967216 0.226794963905380991070353927288
0.962010209765138041862016237086 0.140394624408499952551059000502 0.947286906385541403502519401638
0.178949918053847816542974798509 0.367775222927450430008320400458 0.611405843313139135446431489835
0.773342340337327082802440179874 0.346322087127355335879723615602 0.776370289712540468798061778568
0.221150790770539551220961163719 0.146906694688404454021306086544 0.076837630958384514595880082273
0.392060541862443309129129540611 0.810101481215448275949364335321 0.298601450842363044279760109226
0.009136391123395440045526667395 0.539730752718307988282655839926 0.948591468008274035722745687954
0.107231305206554281942302599302 0.604606311833499679083919534482 0.529815023762431297133556766590
0.326946756995658119437979027012 0.067134302036265435818635112194 0.560021548884201130597905325670
0.481173158181944087283458039359 0.649208829536895511825771660589 0.998740981244155378122995351391
0.836144814363184867363638070687 0.063332010815004643361860039340 0.272655462007740443646359987598
0.043122302826565198559574507820 0.729620472487634385824323886531 0.054228455584360362460214155941
0.330325841963885015860320104306 0.862613912492584825812978490078 0.923096302354431629899129953612
0.074859820193744083111945755109 0.221008400189791841063512138513 0.059264681228125170158876146997
0.778350341896353315705596411345 0.889099783288086780256775833385 0.397469353516154946554022661681
0.364860789709320298740503638593 0.672296953700364761127682344184 0.425612051660890144224119304988
0.998312406326744560003753435712 0.464842358255610018207287820012 0.083840952083275432682610989550
0.631029410726354257124904447909 0.369822906371280548319874412153 0.001704319206604202566678382494
0.816773868209633554426088654037 0.255339191469522025679731719100 0.539260868914335670075353822949
0.683631988445185143682867861938 0.014414749328664917729414607850 0.846286878325713135232693972144
0.863280992420601681698611604373 0.249811949254650179363731346749 0.393561836236917990783688211013
0.598605470460985574651121652833 0.991259640466775640787210607606 0.570817574555729199708295512209
0.396688929506697807345203036450 0.959535709062688785215697970159 0.111148718616452639556648368443
0.849840875149803583891931167209 0.033948515146461803616600538663 0.353808070353046230339174413016
0.042155487220773620191794237023 0.133561640244378173355809158178 0.460291720979867570030943850057
0.381904928617927602036359366656 0.192022929195779881515986687502 0.079165805917476535986570963381
0.054565160451960540340068447732 0.946780465072911338418159938629 0.352761373549149789853221028813
0.937064796785522291128391623514 0.658902697742888381322315576288 0.936898450914813053431119611265
0.938028493868986779401974849944 0.759078030132221923775598223923 0.713636283694720996752512526776
0.746440904049655074711719262018 0.862389401161081226740388935867 0.902754178910199716487188604205
0.786705089628455475540492300943 0.030199119265595172753413296515 0.670113468258159127611846546337
0.072240573056812519017796623511 0.871647294101817550861620575271 0.189587691989895836892965252824
0.607975878768769174836083421723 0.478465173116124942180425866001 0.339887840355411058218902213026
0.893864991265459939229697700647 0.665712256732593891624591620918 0.344633459560671954641245220307
0.043705163578762319740177795070 0.714891603957769365410250298828 0.432528515001836503740633522566
0.451588127781113951275522928209 0.748148616580081480264973001412 0.638361328518813412492606712096
0.955595247226497185501830938854 0.609681238542857593821835571104 0.960301929886637455519384979492
0.073285812351422966374692282730 0.674701748796150633956410179718 0.482750162657466081660057238331
0.552402853300620392793482908559 0.596629993934773311898481323398 0.130397680894716056166997422111
0.214926077761359870193142356509 0.898543802020544798156857804325 0.098983390273397263871968845158
0.101318914491516548586365082195 0.969674326519287518779857795157 0.202780190699682926907493920379
0.895599969164968656384017134730 0.569371221729991957350491133358 0.705721782384552038462502304911
0.999944135501004415006618089936 0.870250928331034638618414133781 0.726019832229384262422310859643
0.849638391033126796305753322856 0.554414508521224126364122715844 0.127927837578429540223034143060
0.701310195685996391126270165669 0.898560164776433554897013669643 0.604290111385199830055183650391
0.854927547153984607368283880607 0.894958446777794003956241624071 0.755520515808977894483989895727
0.266274807180105604840210838735 0.280777664084297771416801925427 0.143011402380070608956347894999
0.665210570933135742587967342505 0.728242121715623865446475685281 0.437848068682830517972842068903
0.199326030480684559557053520861 0.235199562709453290110791537470 0.733472593564043268436323848525
0.054859599389774340466315553315 0.901319842472949790264439263031 0.662381517216954079457203894636
0.864834968367263175491456467331 0.947413705705984850764582454831 0.167152125216792590375970630186
0.219005623569957550688188872155 0.557019603133036469926912831528 0.532959829024051475038609746591
0.615750867880205912017369570598 0.158826095048260562663530661527 0.987599383544837151708833169105
0.146801750287036426795599632775 0.352915714884489470206331464534 0.429565532192056075771514734133
0.739224630026966771782651454137 0.875775892921302727093490116081 0.472616987680046282969678944339
0.318742688064462943980898970689 0.827277576703334873488440860053 0.538808000541446993447807558400
0.570576816511760636495346116365 0.921385571839195824326235149039 0.614179569042279756774640179813
0.766060475979557697885846268846 0.109283659937898385714693183090 0.398137771183327214940800239702
0.627637526682405985496564917655 0.438856206688054286949626849504 0.870018683266099463769901003829
0.343661951474322943171630993459 0.416040532525508686048216370245 0.304068390181129129105775450823
0.963450957593295152000659490501 0.681753203915556535371424644974 0.664649523962181100765195155909
0.426043158123942599777504225660 0.250281418230867318263979402550 0.208769078043177986476523781559
0.065628602876246800389336557245 0.931133432341313169351715515113 0.505449803728525791091799095665
0.089281113367528478399862513755 0.659687536415076119768804799252 0.469408290398133415262234851331
0.590672132593903055144530018556 0.906839382045762947737257531350 0.593625378899776800115205044959
0.326917132530745408705430934159 0.005748381559529757143261567918 0.572124604642506700376353731625
0.678633007395039428798198305579 0.428250462179232783387437345075 0.440181345484165677327596393583
0.764773933549446101404365957407 0.606721123534443784406791172004 0.333523591778501328925519852372
0.115227060438827295999413371995 0.298065620998738384975246833644 0.438322139169324397220377185397
0.851234496336935829546007729414 0.525427843650435825222013382965 0.636373671043348770786897083674
0.497470554445994170885127419960 0.791069509292043702720940856632 0.530773656363304092592969046780
0.665008198739799436624568754349 0.095321402860558082636103750309 0.810695847102095915868232802675
0.297322339098798661220477924043 0.196328897556271593993414833391 0.710184927162331185331688348725
0.938765895114573540703016270226 0.487768395738987905971500690462 0.045272399515846524220367294950
0.335072432993427690993304019575 0.546442838887878902038210692783 0.451729837447305527567756304025
0.527934089923847023043186122251 0.393026380105600482992187534777 0.255911064280622087129523613576
0.316107413660754306702051983469 0.616175821426787785471115781780 0.853498969538778789977169036975
0.766814237722381331005348693029 0.959279206656717533059451295834 0.140588395771779020466901970316
0.080024297159772539478356602070 0.639976167905948718518276347911 0.282107974310388978096118139506
0.707546272505777883599004311272 0.623038506647436016728926454399 0.328631203947292350560330971335
0.118275688457478243101519017718 0.703285416082399974518188813726 0.138797818291754751557962757374
0.163855217936066774597734154090 0.155046706158506193472978542453 0.447714005213234414125254317083
0.544293750193616764807103057603 0.887509781857779945655956148072 0.313892036745945135479210593825
0.296738659470196008318295689887 0.375450013042180811435717915166 0.848330577045094473431749511465
0.668369924813355851535850952383 0.597491369722919687813788174243 0.938545965834324597509024664272
0.915516631621806436941413588582 0.133022721999689468216909648093 0.112959128964823259063186485572
0.989100564093590296974349548381 0.633496899522149341567736947621 0.562852918317054946974274167345
0.393034836067588628084783523705 0.849363075845189706269528377794 0.564174882514283703334055439381
0.690672834171183283532132524472 0.646384687240738908850170090198 0.228941055064322298912510035936
0.160568192733878550500314143292 0.311516998761958436550770348607 0.031048521872055157364370489550
0.176365862613436742128439167877 0.111236934353175978139654212797 0.160993967286186570394024914643
0.932500383503209501053902770922 0.738296588184353269870436584408 0.756435830695923950876948269084
0.823191208259002900356966166927 0.849829190946834734319102867435 0.318073720414998284988237365293
0.126065357217726495812810104684 0.702679529775869365881933122450 0.414383073295051678090412087991
0.095972043783426540429545517915 0.252899565744255952026842716803 0.339096744973869021659709783706
0.801677790456557856761472728049 0.527505431142536453723593998464 0.015307513881034140944226381634
0.680451515555257795429727723570 0.820417575487080504546813508037 0.790392207461496777273786528657
0.676173775794958214425020381874 0.336813874211187538462417479826 0.680642568012108112062355590153
0.195674838851367686056846895703 0.435811568294127030679384255549 0.521395223773625136232241757906
0.666481409367038526922134716222 0.643651802240219596956099275982 0.625404666745036403638476610752
0.724566007844445351985949499469 0.600723104581903630828277933733 0.448175840398894019879561530546
0.196036560227839440491099286286 0.545336035769773985619497445142 0.588503423278765458565968876917
0.255671349770296716449557117860 0.352089169205849946488651382319 0.613564680806711707403914033312
0.229305039203188592363353424357 0.354900875014383041220366492099 0.943715981837658214463959926442
0.455535128312349625720645816922 0.443896996047401117196479802629 0.975124427135256783206851475121
0.169116676992298158250050277269 0.798162074951177607471790757901 0.060064645470641702370119984134
0.054198630347830785346672819428 0.104545842182372346976510045599 0.899861355901013178109765121605
0.426550228020788779549748057260 0.426520388376603006018249474314 0.104598662315617217878340953553
0.480390631438728552878540362598 0.152706953156190929885913549001 0.266060630295575086974578519361
0.408293446305348050475306009986 0.604752246947446616112448043821 0.249032893434846911853701398381
0.354018856697052661489217348206 0.080875358054783564977792026534 0.795737352301184134902972259429
0.064789949429804204708108489435 0.111218402308420391075784540238 0.776131018900246534459674164502
0.688788274400139494852824203175 0.555817526778116809553065618724 0.333948014336676120937026099286
0.521051244292503710739424003086 0.183495521069848094203972854364 0.867600996697353425278105805032
0.814526797925464169473555584316 0.834733305508438641245663889831 0.790616279602734215782714841486
0.117325007595672951465382002226 0.294828946089210233419386311889 0.416059996346696418288564563732
0.071928796690608973265708546065 0.120633338304061008172014933727 0.261429520161186352550188193704
0.193196266508107319163925962641 0.663318282305396037699200141486 0.274929055823128249216946812826
0.414636479339168145630101830618 0.867542106860501088181913473709 0.254025503913492149836367244910
0.244448582687489481022223040381 0.314244246570142283771147734782 0.382159777189599679571312907024
0.219183512604823696002222366549 0.210460740628688925448292187174 0.632873045444934140789559988576
0.885420557619753055685546621747 0.031297035706753189622495204500 0.434669388149318920316995088523
0.606282624808659331444221333234 0.903102941142836723126144569823 0.988182392373089582402961911012
0.502874872860829399578317598807 0.702238366887484321755343043382 0.230983735491690494944231435978
0.624273973053936098188792310533 0.053159992894010323016179926666 0.590513213921317699993438160241
0.671179081426367996360041418944 0.920760904057770619198199691882 0.791652729862496227067673700779
0.337661001422954577079005186180 0.494582954499525369999518750621 0.133914122318443716552989719845
0.183060315451854140597559069899 0.723126580268075655393998951478 0.298538161751010959226980128093
0.684724247743586672566930554122 0.219825969827131861047028151549 0.665264310538073745793150039947
0.613372057862609539453365860675 0.898051351080899660487920989836 0.768918554302338351840203923698
0.485595459927713892249870258275 0.011107724209160774635872923505 0.822022789386385796562427585599
0.778923380595109477879004438379 0.435416990320402578944395371628 0.699670179200424520464112653374
0.342886095441555573463414946013 0.002475756360907293723658169452 0.433138014979163415653997377082
0.049584659759313952573074509054 0.004598753086514235370583821619 0.873623307975376233423830691328
0.086958296777545785368312622898 0.371848871233728784331857547294 0.652038726971986586881160872622
0.537230082320657005582066919270 0.122803123705186918423311995731 0.118025537416957167752653419987
0.937397311830902713230937888894 0.829780945565627770902613437272 0.841703298552018244837640227948
0.071215537848082902638780723089 0.119023295715068929175267015151 0.874956667615372846933740300395
0.929456905224236905314047587588 0.243049150928428255738396970596 0.203507679966989008787064145072
0.578347866415112106571323593718 0.173195471933787716907764604838 0.071553896531858262671654414300
0.332837679889182865694497826422 0.546728997326882870713702712599 0.274335248270563902774978872475
0.635126899150991530353557524936 0.018286880129019163568917690741 0.278282174302031145045159423243
0.866230350936703954799617360855 0.092431131445073347651432273222 0.808348832451483251828005317850
0.090907635013143674367647602441 0.025275999498905808392575670889 0.832927816477790495440475109832
0.914818858798494005134113526609 0.220210964364276911377317198838 0.453512898128354236906118374560
0.457528951918758166686224562864 0.419884763032554682835070429307 0.627105618628911966353024342988
0.247750098578969498878443445597 0.303490450834381639232740832487 0.040175954728813688238398923394
0.401538854364072426587879708941 0.753697951469689416598682777438 0.005591526480172065708326200440
0.915230051946695840959530512464 0.420536962919459604058881686919 0.498144054323619505002296135814
0.861647649709682814931873405699 0.062928293055533965496435128659 0.184420461149134632549381841555
0.817765525816012725038972976060 0.948741666201239549843796044342 0.298962144226236533298121853631
0.457542563958609812089029122029 0.643446175095927166622644248678 0.999916573663605951166288166448
0.706227744452838455821162932464 0.465032496448692800021999190700 0.042804701385210370627430707128
0.287120689611285512351655691473 0.538151391637189502144594900542 0.151773671147689888709256849772
0.242710837240520573245385106817 0.737955609925600128291475397057 0.272038073108233464083231153205
0.958533668157449130414229981754 0.911734961587092140880022904819 0.820226689910968871798370072562
0.670089124269359591403688737245 0.611762948848784267476594845866 0.003948696474737452335206816639
0.424453391427006215981693262086 0.164395780790628872687871263347 0.945731406448183287714367262885
0.635955237026140116875431404033 0.155038135938770264833710804315 0.365954930129885431075004300135
0.665636041761278531561480259520 0.098709750000728702967011455978 0.625791563438470996815136879192
0.781702848750373592801726764617 0.800270297625610859575451047237 0.856212537214094490964646367721
0.197712801330019672504921815463 0.803628476830033477089147605475 0.735999435020471955801239889859
0.916771445846464553078255539496 0.073687433340345715848085874869 0.162002438427564188151093963151
0.360421961335982969280143337140 0.143008354553982669900136194709 0.249613915909323814088534867071
0.145616867985157342593773159047 0.257776156263416210964187344713 0.811690059643689209222776572180
0.329050692803894278363689666166 0.301308033584531822975676249831 0.861876503286142147815097996841
0.698676734355689779005170443572 0.454666908370668845197395071594 0.298459774827304264385593276717
0.289885729073042057913221571977 0.143425894894265749735707265945 0.975006763293471016949990997778
0.544211706706485384218980267419 0.751615825127337663303864377113 0.668073647420878562729030985877
0.153626841084386431425900547660 0.784183180358302379952553117197 0.642410606167440544073306073274
0.862419291578523942400654070200 0.122619657118109621637562285775 0.471687887646084867290136494179
0.840578870438865988361868322979 0.376803024377413371535644503637 0.050940073967564157624845743886
0.784787881090160808676916455600 0.194688086978946586690100479499 0.037412828859077731688262065860
0.550036511206543486382601367485 0.390366032773130226819402112963 0.575641738037097719756529473453
0.637892815259491309646833889500 0.196278772280472137444131346143 0.334618575042171101976360057593
0.546978888983140499733272883654 0.188986941466807666725156486648 0.092313248616330631822799233320
0.364715808722909953746738848970 0.012568127593300231321360142427 0.566568086208659521339684295236
0.206114684882752967029235280868 0.486185298645065417975357720327 0.019550529550894543234060010683
0.593336589039434955045139443590 0.345258607262417747034553305722 0.018808255365111205123666361356
0.116408542513403857864527482406 0.347985261076254030236011925259 0.181026199983203589848297995642
0.549150963957307011298135262825 0.670578776144243138590877804353 0.297368353630865083744933805105
0.536811752992324824450460238801 0.258670232981342881159504713416 0.946345225938618499631126295615
0.595432734851171305788993184777 0.241518212408405570713083739953 0.814830967423384265785050530047
0.037219549699806491386229501222 0.395383580562182577996128575780 0.722450322178778835510301603617
0.234709034792373854889724271454 0.983928565726983489962473478943 0.194095817882210992266634897288
0.638235850253214556987287347400 0.172152939892064299967350474305 0.530308628929365743444784111247
0.624541180638090159432908478214 0.039819698957690822747662895622 0.332448510033591998201539958744
0.667370964636216851036891865271 0.005874554783231777113808577789 0.437010974545417585028127218734
0.771262544215892881848989627666 0.857716478003599237960325971480 0.847616235579699714118898756907
0.893839180336971914507278274061 0.886114297721687774808228703075 0.407015831315785701999701640497
0.863355622258170491597341992082 0.611546139615540615838248443311 0.877453401583246103977520488079
0.020699126296046487776712367400 0.082437571110621043963528856439 0.595891289777803284729889272531
0.636270967656861950870911118536 0.912384219770548993728161593992 0.244112517381613648190651966118
0.400167560939146582456848310964 0.228530217144851375204769536001 0.859172652424067600796991448720
0.828048923351513021515532470272 0.786966742370225676302599055980 0.507602081434615545253795310682
0.379054991676425008692805522707 0.013296558988338295386370494485 0.136160549533092343100660674683
0.145088411369995348483022418501 0.024272534026981606394809356022 0.045701287410604202407653089788
0.755702332313683910660278294795 0.613352564636789931261819782740 0.161409173361528851266522043769
0.456884757499060221907547462369 0.311130519675133792342365336080 0.842057384313857280217516620295
0.497256648149674009341546329192 0.518830257016379878364958009920 0.171244220888116374841172132940
0.722043445097734633565121465993 0.814563069408245720874968106260 0.041891939095646614089843628945
0.446618683000685127441697240598 0.434097549564939783324252000718 0.392580452834163552082674275348
0.414528334872153299764314880370 0.728159639904438692576988467461 0.356746550036496604970054813782
0.988100272691981813997792039401 0.309809990603067201629754665065 0.022261471322565457266446666843
0.844173164473575536128687773761 0.073238398482890615152435727125 0.296692819420870003738684516947
0.005221117810369220628323974303 0.555208742814551538485092064632 0.090849173022373735710016792958
0.697894119184116569413429642915 0.329743271523201953786727431714 0.941764733358388899322392262607
0.943779395984573596729987736533 0.859005642339608266328006432528 0.797178181792579576613900274389
0.357395251472499954383040720112 0.473282384986171195035463863337 0.419614565535919152997313302464
0.795145652772341465261397538272 0.416647428755837970953120552066 0.927418171698069094105226514855
0.656603765160796362642234542298 0.369317067175725641076442030899 0.449765012406988516357971642514
0.281627007010729002536168361118 0.702269319994246120818482310042 0.178594146563693682321753423100
0.748612450562223122563794514165 0.346388038470852325705501005256 0.745492682150093892021903305118
0.667317002486503988025695268506 0.003596178927882346639711688169 0.187572468413401554667883437372
0.593336620142541483059812708487 0.701639132525680683440433528423 0.473192208103041109564916654442
0.843935989983624836541591167222 0.947701511613035851038620053269 0.424696642053499324257286463000
0.420162861467949730594925317659 0.030575360124968522680818396511 0.515033385593918395275812258329
0.289381458347278746931216261587 0.889078638585874015388180131158 0.664316100772195178945342101166
0.942356012377524277420320157676 0.123902119747720849512762414509 0.853514654617266701105609625251
0.116381745986290200259060484889 0.687080307708180432408788623858 0.281261625247298228477624940616
0.336161056129772454585967366368 0.081080205963223752720704586884 0.595157607857884431602368724459
0.586203718703549030938229720646 0.303382131501137811422729939982 0.602434840192619287740504689831
0.641117256492192392575797047473 0.358000206213613519430875938195 0.956979943929659875108723466283
0.991243739739769211479088182798 0.119818395355060219443028295924 0.043166542193573983615587503448
0.686771181358894303327249896313 0.199942129745425905051639991542 0.070850582514492539354393842033
0.095055684830729107385271591533 0.617129387995646929347410937536 0.792897837779568613043089001082
0.943755140158799675325702006692 0.327446286709717523000107200460 0.036157053442714892160736988223
0.323918961349322868935501228790 0.341666284804126549971058477028 0.675209883668614356384614885044
0.529741567637380310247768394371 0.627688025428487141444417253435 0.087142114395563160292974998297
0.962831636771568855979668768658 0.510163500378367040089518699518 0.083895305665384594601326015678
0.879853430584072662313259641517 0.488819276915488173348196000805 0.621479520956629016231545727813
0.945385050993188826762092327469 0.940312729930379344470773587615 0.734104245558868571322057526561
0.990121174729339895014512935609 0.719766985919442295422876072287 0.361901733040679627814289574472
0.493459951502434343571801445274 0.422553481301194711349198977262 0.511256200125158048504770580400
0.917192108798716015867646369645 0.585413964670715609991612255743 0.740289155837056542119031131443
0.704926447049436766340879743744 0.285011486777262653736984544414 0.003107211371056990749369717524
0.981086670348244799013268487872 0.464655478037923131736376138174 0.156528447421191325825132889995
0.407356960591345564113873243439 0.171846122861236501991292602280 0.847987812947129271208909324857
0.372564877036609973465590852808 0.157309262205673369531935165832 0.832836168164259275895574048121
0.388108230547352060614172852118 0.088188155165394906534543476686 0.717588433256137573927605862205
0.153921158847112748515613004093 0.980746321224963780697330903112 0.445478936653943351883176889194
0.953882260417840887487551152959 0.419699918691970881006808854737 0.817406153461681152895348718161
0.738654705184752235726767629935 0.257287191298832109608145901007 0.668683712697922296681570394126
0.301664108511728910232156800470 0.677471985009064627639244111631 0.794568068729502340128365382052
0.327836480120196014136319105336 0.616162754744084352258450212917 0.333012751985899684773769546138
0.174924029712188394257283582242 0.803296874904405340324131778462 0.326087785922769858474143965109
0.175400214675229958257903399136 0.756433355263104141016036716199 0.364145021403439479713004510203
0.302686495635466537959715557605 0.847395557467469107407447015557 0.761345404843559283614707512459
0.525984940388829741197404806190 0.070042466197453769086192210421 0.055010634876712472810528199810
0.797900509208436775508082362369 0.855028242711242569061182255377 0.990657064626000587510146937541
0.823166181403385385293482562860 0.776263300329390783146481044980 0.243288185291299390200956691846
0.690880575001082025589493875222 0.297854992693652721637769623314 0.760509807835735345904678750168
0.525557615240550237835671155854 0.607767824097810644735713511384 0.748997338764353921802884427681
0.247480818281877534341579855622 0.124041428243562949563703247386 0.644397560396010075487340429062
0.161527398189165645888789358966 0.178287132527211320224650457804 0.179330884146100102972643478560
0.731520314970233091728071339488 0.425199920729304852256767299633 0.845964448594511004412149674399
0.168829777625130683405476675163 0.366661891125196644986689840403 0.221136221469138610448364102510
0.813394519739004793534783531011 0.966703971293549190579449633808 0.815449484592265199162257180194
0.741531121222295929943500077761 0.231389109828594362879101447666 0.589984035565378817937997755105
0.633504190327319454622774449238 0.928815824442659635603695505878 0.785390496442942865841285913165
0.753134237349021827283644866823 0.794660756859709764466235730992 0.554058915245145098411466244651
0.148111993651590444282093417583 0.412614153782597037323975521316 0.224809001826462874027285214909
0.267697434308982041348013855444 0.366728293786092894006998350455 0.880793663579546016037751549506
0.891597651195835495655154713350 0.798600196977197123627151038588 0.489225539086071401256728245529
0.224134650334499362436174310838 0.274809319182338881874683017985 0.245352290137981586775080205336
0.996682831156108318845774488723 0.156181298960293943754916933191 0.099522437862331498607871487945
0.228447124409588233451789222807 0.107794754631373230565894431378 0.337445438954859854393427738364
0.564662556287051077953905891824 0.964725790513629476132365071070 0.128731956208287080531862106335
0.955197111527976034404037570078 0.685200705806967300319817575043 0.909697059517642272917678184453
0.904286964211459685632189875620 0.813034261634277590778086653174 0.254812216201189556976225449539
0.919958447668719047045688793636 0.431479684259836848073198223158 0.062176917370602985920431332758
0.050455020048176035415505578998 0.048337446876288352726007632478 0.981170927269250105897425489119
0.043335457112333473661258584277 0.376231076345364468625149104839 0.357666747584209837101805302752
0.584380409130157059831498523805 0.353526183359848008673301226405 0.901503496532050409762539959824
0.011420924342301412349689944729 0.366881937899090110933996701662 0.396521496544404129553151113154
0.919981665158004930444392475648 0.588945956188410561421934295873 0.382040199458357174283459964671
0.491836195640434993336101672424 0.688363581879820517652888151745 0.306574902142492916029971680798
0.418345173117724919412678889978 0.383968831391728703888216866872 0.752451789220959152380961469638
0.782378774298144529662135954119 0.603486232666519191447874966642 0.364705893613628139872980463206
0.246603090151780764914496896015 0.694151822664553233465668327150 0.192746465167402744840673365731
0.563708025108043299793442356920 0.345522992452675880378130931192 0.197991132263990620059606080786
0.171619432050971606815584179214 0.835008092902712062041017598995 0.384474344838011959455743769118
0.416601252003103051608042962553 0.708186074519011466950103203469 0.063314234214376772487617603767
0.029505704634915550839124094149 0.637453976865575393037296073039 0.916308774973414057761273856397
0.346838802817378225433975683792 0.277947533774843530561701148801 0.626238560906910569801857904759
0.445170199884706456975082958993 0.948197792989797380870575527685 0.023594924593551799870202127545