0.530994227383604466830036017200 0.136413388951888481237517680711 0.484948682365978378516757629768
0.855867871982496364324788373779 0.392755275408241288914723554626 0.288271688481943733073364910524
0.746856962572287175206042775244 0.285412665926933761806338907263 0.258849197032342159818796289983
0.663509892645680054990009466565 0.482360992273401290031387134150 0.125254527447098140680026290283
0.556413347307701200428198262671 0.008351603864938734328449143618 0.784907940197649756086661909649
0.625236317940610075716278970503 0.813946454059042201478746392240 0.520172181933250432628312864836
0.561447336243602102001659659436 0.452425127561384088359375255095 0.409784548115352031949498723407
0.065690668809015195783729268442 0.901084597333421943865516823280 0.618554774585316269330803606863
0.430434192041937280226449047404 0.720920570968890728202893569687 0.086122878578211450872892385178
0.062513884836795194366310113310 0.879765212935989970866046405717 0.218583497594421666265773751547
0.482118258350591355476666421964 0.570861645606168699451643533394 0.232978952899653563024529034919
0.654673912557171777670816936734 0.548026228148569161113812242547 0.430670840270881538636160712485
0.037465691447163787519691879879 0.432193360241241164576564415256 0.893326137102210204865571085975
0.220605125092720261159584538291 0.703978055973439542647440703149 0.386108513131342478974517007373
0.930344906127876791757103092095 0.930768337469791151583820010273 0.998028921871664032039461744716
0.815698004387279351767858770472 0.779941695995626904647224364453 0.134673492372960945662185849869
0.744920646377456585618404005800 0.151880723965823249965723107380 0.447050377332195436608230920683
0.965960714398356512511156779510 0.142608044369447878318979405776 0.932239472265321111876801296603
0.545876622597615823728744999244 0.700092140632579962300496845273 0.984561683953812272207528621948
0.349734999606508112357516893098 0.457139706358968000987630375676 0.804337142772039159765995464113
0.631066571382326468864221169497 0.890712131607694690416110461229 0.219998731112876516613496846730
0.874290628561138039032130109263 0.958327711104813961817683320987 0.601954301343326836359892695327
0.955890088327263631740038363205 0.815068155371870717296189923218 0.819770983906373373883980093524
0.578489585757080759798043345654 0.491038605098338853949258009379 0.122580615132984460657894487667
0.951720770680745120628785116423 0.900147132093120472262626208249 0.290914623084415957521287054988
0.334697379214130619207168138018 0.585154171349273943825153310172 0.382538335896954739823172531032
0.635435146243732096316136903624 0.406918771224434816513593204945 0.077026215015254667628497031728
0.780686786073542138275627166877 0.521083579781221661875179052004 0.772048531497603773843252383813
0.981814512165275043997780812788 0.254077288571855186560810579977 0.608931456928939685013801863533
0.487162908453036003209035698092 0.066741588808001406363246132969 0.513660977067198154522031927627
0.410710616900251512806363507480 0.205561772969846207059774201298 0.394702946220894912432441969941
0.890343514180938822022426393232 0.239566137379230159609733163961 0.841916549483498033445982855483
0.485120884957295883666006375279 0.271335662115426312634980376970 0.452388082581082429101115849335
0.559211573154646091055042234075 0.117558964007058050493803591507 0.253970716107368765790397446835
0.247722457954410668623523861243 0.265699903743221443885857979694 0.749059522152218160151448955730
0.637308518578382332542275889864 0.635727293811086280328481734614 0.024101353358969471174511056688
0.402858638332247775970529346523 0.425998582632853839413655805402 0.729319466896285351076301139983
0.274738530727158425381873030346 0.977866705952087578168629988795 0.123756863350214962871120860655
0.670536362867077406768601122167 0.189260369094450986438005202217 0.185688140224535502831315625372
0.335788796831875679949064306129 0.230893416376671628542638359249 0.588568202377185989426777723565
0.531150424586850244956792721496 0.416876668826206497886488477889 0.210147343041724332657338436547
0.805831896641778455681048853876 0.213572185044126033881539683534 0.903072269425517104579625993210
0.599638520809844810521838098794 0.948942679686052614762559187511 0.359370371491319451351387215254
0.810832331312511866983072650328 0.588723113856950863720385314082 0.518025763733788946474589920399
0.212192037762108237641811570029 0.682133229088504489112665396533 0.736461681778743604276371570450
0.881937444748147947315430883464 0.711945848650980206429039753857 0.268094068063547685820680044344
0.089264649691836353562202077683 0.199753862507415308469305159633 0.275025496963088700308475154088
0.269791291181114445407729363069 0.799239001083776101630462562753 0.235661800818673022872573596942
0.050661999596531705203350526290 0.566962129254308777603910129983 0.844525863812486510262544925354
0.820840851284773020957175049261 0.932597797321128241243570755614 0.112137637395484962565816999813
0.761472370539202025874203627609 0.516892437959281969561686764791 0.902822325248492263405353241978
0.078237890636954049439211189565 0.690743172090329538015396337869 0.835917046032587429671423251420
0.757769514156462098419808626204 0.539855230347487169417775021429 0.429006461595256904928419317002
0.360681802282517838253994568731 0.364895163486985363299197615561 0.591834048593650408065514056943
0.107813916653866720407606294430 0.658504885019644436994212810532 0.392310662010019961520868037042
0.791472742732304279655863865628 0.338339269706785517044522748620 0.388922700880596328154581442504
0.822384163320798666774180674111 0.431936272667658993640316111851 0.744281115181920194245890343154
0.097244199812961770734709432418 0.515947722421748689036746782222 0.766174890730906832381208459992
0.713500235043101227461193047930 0.128540876945353738092236994817 0.474300270065501738958602118146
0.029145057755270396826485779229 0.626058718903127475741143825871 0.142841484311261757156330531870
0.019577057430276538496638494280 0.259539433689779719394152834866 0.813367408060752694609618629329
0.259689784719703276039126649266 0.167217880087995929283550822220 0.000811867572193224846729964206
0.535010800737681369021458976931 0.086887504529220976889902772200 0.083821852636602051100922494697
0.343937586378413706622581003103 0.647604514722701751772149236785 0.232964810468854643943359405966
0.148557100177295647869257777529 0.162792265984363054842631868269 0.184439189836806349820363948311
0.105193522044185194808108008147 0.147878247749210822714616142548 0.330068882075080005655820514221
0.652852935473039797109606752201 0.703226447342153782038565168477 0.025997736421338946827264138051
0.941053711706987261464973926195 0.503342564989112450923869346298 0.896523500613649715340613965964
0.722719287944241450816207361640 0.547318924012781149457396168145 0.027017353099175786534935639338
0.752167510886054380137011321494 0.163427286499659180085686216444 0.159665395936186421677049906975
0.792731167355758881143401595182 0.193113620009298214696968898352 0.853139804312916583128867387131
0.731538337052873410826236977300 0.475457526446428468958060875593 0.084584525117039649488859254234
0.142872883730469218965808408939 0.726877971077461437765521168330 0.104281432611034508006753185327
0.743927719502879836177555716858 0.946294131509251013056882584351 0.889386994985885803721714637504
0.159601553162010967312767206749 0.735724752153629202311435619777 0.159808807650707346281748755246
0.721156575600454208263556665770 0.508647127786145181183030672400 0.294535000594976503762723041291
0.918465395916262528075435511710 0.771014488442008039115194151236 0.124958201831185847230365482119
0.186056104296275004461591606741 0.348680468719500424867874244228 0.424850669507953637715758077320
0.894511396758915888760554935288 0.478715585493849848930381085665 0.683361109909139896601004693366
0.037974487258857270166600983430 0.549585806250157626884345063445 0.891025563476473658752752271539
0.915478601409972392310976374574 0.481243385404156343021497832524 0.246678735486552641598123614131
0.202998410676131058050231104062 0.032012188840398886346960694027 0.420405838190620495531391043187
0.227473500031769054752217584792 0.589578220315216339209030138591 0.102337317525037191368042499562
0.774615126501842943262943208538 0.388366015447475898536566774055 0.000003844743546867223672747205
0.479095565838710935047117800423 0.594601091980342499887512985879 0.516904015133510585933152015059
0.237586409030856399171582893359 0.162944745686986164345810834675 0.513397455645286271419536205940
0.757897667749673042969504876964 0.494177495936197308523674109892 0.076897512951635618727586063414
0.660031634020311175348183496681 0.182655807863404434643328499988 0.407910157609234158559985417014
0.648236200016539476642662975792 0.215642864660788191599749552552 0.369063003020640656437478810403
0.326701001414939629086120476131 0.216597667870682575319563056837 0.000912687513667898714375681379
0.013196533123178545363063385309 0.748141454370517267058460220142 0.174838292823929958297313191906
0.160313110565432598297874733362 0.605205142410722429779923459137 0.504300302873391448343909360119
0.750723644003541412672575461329 0.995962712933659455316615094489 0.040246177092508307604479256270
0.376242366134448114056709755459 0.295030332516807047849027867414 0.906440425490881773740170501696
0.864275923180491623121213251579 0.608157252203972875648219087452 0.081854003924923632307120158202
0.125514839152405022204561646504 0.833362728609436831384016386437 0.055967157328558392315187575150
0.987124036065617049828802009870 0.112031084875207631590399159904 0.999686002469131751446695943741
0.383840156969167511924467817153 0.262456532500159434029285421275 0.498835746232261456611922767479
0.193517723287941312282356420837 0.710359164306109347464257552929 0.124068301027696628602292605592
0.334731580103754033927998534637 0.572117614481906677781353209866 0.385703553209353122710467687284
0.863321039048636440504935762874 0.917100797283480706489910971868 0.321474130986243500363030989320
0.205211201220706518366654336205 0.458089594793213705781198541445 0.750789935960151755267588669085
0.120905808790068888813884484534 0.903973386790553168346207257855 0.040288871234989087621869430222
0.204674067941854720409367018874 0.519984468740789074203689779097 0.177395626994649974195183972370
0.805396639441706474471516230551 0.412193797988047339053707673884 0.781369024474736884045000806509
0.045697569857305754548182363806 0.492653208845819812200517162637 0.937923648813863364281928625132
0.966264879956187816567592108186 0.767620921297108460557012676873 0.677850746937100234745798843505
0.133849909049124971005539919133 0.237980336229234229472595529842 0.949003822000602292874305021542
0.049178314468628171740594012817 0.073722928746947843925418908384 0.352750407167311985645596905670
0.477971021710457688591588976124 0.146550438466353127875407835745 0.982677372302285134786359321879
0.984973560020293903427557324903 0.311127878720478256990844556640 0.984291118904196404848505608243
0.519797633206830367313955321151 0.157732207921625650071106861105 0.199358113143985521409362604572
0.529546376205719981911101967853 0.820648545946947249873915097851 0.099016842467973958941129808409
0.928853319501702134886045314488 0.291277010959988591487501707888 0.681044654449397102169427853369
0.209438490470187282932457151219 0.345560143089296001317478612691 0.375320929685036774881012888727
0.826976649346235603843524586409 0.750910161894705829865870327922 0.863737959762877927083479789871
0.080992310800013664340291086319 0.304545434930520830807409993213 0.968316193753417153722296006890
0.441535157962352042826381648410 0.727285464025735794990623617196 0.191422999122932840920796593309
0.029445190681930882847794350710 0.415246616372554167018193993499 0.781796800205446285048083154834
0.843456711394178992868830846419 0.880329755545031900076935471589 0.380980045197838235182530297607
0.768930762597579531281155595934 0.342597706097399645752688002176 0.494596395015372558567889882397
0.131643931036808742307542274830 0.368076286403025643156894375352 0.883823202033806820665517989255
0.682378431690157660760576163739 0.981898078127902751432998229575 0.671842336725767541594223075663
0.077379142004611073391018294387 0.856002571577470394714737267350 0.856965488696322608141997534403
0.112967472362341586622491718117 0.859310320050374554234906554484 0.106951845088185157339744080218
0.148396077233081402635406220725 0.771818491547839102828731938644 0.685342652156876397384621668607
0.017605537366878479949017233253 0.281400330382251651073488574184 0.872120332372411599664019377087
0.967079944726309537195163557044 0.885957633175470826714104077837 0.837606413462941290504204516765
0.276274095299351318821834411210 0.725166965007002506382605133695 0.674611438357877402083317974757
0.868370488954885999532962159719 0.581103654834514093963093728235 0.747099570769026333216800139780
0.740685904970045272399659097573 0.618058657688779100602971539047 0.435783333131075867328263484524
0.101055453129086744712417100800 0.638713975917673426607734654681 0.542986853655703205490112850384
0.733784762321730177347944845678 0.859467938341206272312433611660 0.104952431941004398208150405480
0.124678720160180500631241784504 0.224216640690644508637774379167 0.723370940052172839429545092571
0.577731122151997067426520970912 0.422245566914826286897266527376 0.094485653775842740054180524112
0.372968939867011184396972112154 0.711941921244903741516907302866 0.021086746526697248277359975077
0.706357767255687551966047976748 0.803607910375789047385808316903 0.565923581716041290690100140637
0.587463552518777576416653118940 0.128735401949128580589842840709 0.617563260954029802363152157341
0.378588314815235749133393028387 0.886523713301567761746468931960 0.240109914226816101301409389635
0.543428270001892088636452626815 0.840229657270046947914465818030 0.046856186682264953924370587401
0.264559137514491282683337658455 0.976494974198964915679255227587 0.295034801433531723713343808413
0.207944754779935014887826127961 0.745631157685510026489339452382 0.383096128083139420006375530647
0.238323244796392968991582961280 0.294121661075946894126076358589 0.136243691907140307417733993134
0.090236201615174371770677907989 0.454297990175939359058787658796 0.947728895204719812284110957989
0.354125838649355928478001942494 0.026442405626171755494979720424 0.340857091707460146956520929962
0.946159965183927975651556607772 0.061042339837396882018527577429 0.631580554670878813183776401274
0.245940280924138665596956343506 0.111167077113886361705574756797 0.913207811952706172142768537014
0.613907549391813134320727840532 0.443427100840632582023914665115 0.365764044203100879837364800551
0.622809225459769355559558334789 0.389743291238094202721953251967 0.276656094468055724355792790448
0.768732368315228065114297351101 0.914832128203500793972580140689 0.074026406740816383389436339257
0.240717873201410192951499311675 0.764947151360616084403432068939 0.723618664603123740164392074803
0.265192553791114060679490194161 0.946535887027279310146354873723 0.196146500986221633544559495022
0.396299534774079753596254249715 0.127213472961015400253259599594 0.737029413311917847018150951044
0.944231225939772378374925665412 0.223854720922911171188118828468 0.146316504261219920701719843237
0.811723714059439660495343105140 0.434341814620027910631705481137 0.603844017568108681892624645116
0.529287156093807609202883668331 0.643015544624744639357061259943 0.439449801137395623662484922534
0.941230465417245754089492493222 0.695168268894938989888032665476 0.092215224418364438729867060829
0.409114441625709701622071179372 0.092987361400624690688232476532 0.017866673485479746263937528283
0.954504944369342300802827594453 0.986080832872156864965518252575 0.898096121460995711061059409985
0.090868575919368560489530750601 0.058299765484318200048363678434 0.922717788728396492992089861218
0.677616221644869787255061055475 0.964775603456293651127850807825 0.629425901132657727998775953893
0.353859520680823991245489423818 0.420844848005327787365814629084 0.565356071496506573659246441821
0.932085552405892525662522984931 0.521709042656020804962224701740 0.251576033359525719212967942440
0.011976017980468534745996933566 0.060462876810572288577283472932 0.502229708547301978427412905148
0.158610821393237955145849582550 0.340602644024247780407677055337 0.524695596476078884862204176898
0.111330609657213600027780842083 0.773625140088227469803427993611 0.760870830125234598462213853054
0.572200118158517456734557526943 0.244171376157277991714167342252 0.196703756243928995495195977128
0.000168055957663944906168435045 0.236927074728416398041730417390 0.202537657128702530684449811815
0.057063824110401541178649864605 0.428587083286305070561894581260 0.256463492368750212158090562298
0.289514385364576520842661011557 0.490370091457623391573150684053 0.231148017959176166336021651659
0.535992904257523994360212782340 0.776273415493289098421314520238 0.334221052251468975224923951828
0.081726061163419558286413746373 0.497163024319895840985594759331 0.366811051142751254339202660049
0.559468497774540218792083123844 0.535397202149815898408746761561 0.170877968656302614558484265217
0.264548250791536931902925289251 0.147642814031396008012109177798 0.617626733514208492437091990723
0.152361108187896499011060313933 0.774697668274181627801056038152 0.387083111814653046955925219663
0.499198672949035415769003520836 0.001504410061772070393570910340 0.576576422576404623576706853783
0.884510573911003294966803878197 0.382153996478301449801762146308 0.286713723057433700347473859438
0.827530166031592684383610958321 0.281081269518654142114399974162 0.820970789281294854866644072899
0.839114611670706445067935419502 0.505588401468313741737858890701 0.549871873431071023219374183100
0.268322935194034106753946389290 0.321260657332726962120972302728 0.975980526551420424219429605728
0.421354021002271983409315225799 0.485412616634731175491168642111 0.610145036533915496868019090471
0.946913379430341484166433474456 0.241295050810644950978200995451 0.763135980700958560518643025716
0.109766540508556720290300745546 0.346488790569312588019101895043 0.581105291404857893233781851450
0.698283267043244060268136763625 0.528020987665904772967451208388 0.579413466409529176459614063788
0.255547989716226331413650996183 0.517211091420683555242021611775 0.966425197156999593595116948563
0.848227458004135348446084208263 0.576754545985918465333952553920 0.440738674972690147590981268877
0.948863543289400479530115717353 0.845862791627266741301127694896 0.705862158829461017184314641781
0.899636524295101547288311394368 0.482520334394115957277193729169 0.874451179100060094206980920717
0.516656444477344822807651780749 0.279981925672239229108129165979 0.143106847312195861743333580307
0.832010705949139506287792755757 0.056043684111803618308478291965 0.251538663686731056579048981803
0.385998172892167368264182414350 0.829613328592452736742757224420 0.128393168651732891838435079990
0.692257616752592563891255394992 0.667305548971556028448048891732 0.929453616123042225538597449486
0.791058462041081211779669501993 0.383846890636712290145737824787 0.901021317365912732810784291360
0.288000049212751574323476688733 0.519628142921469637904863247968 0.806014353870605826379858172004
0.519433787381686995487939384475 0.537584237202693548951515367662 0.367999105343334242945729783969
0.384619460058688411585592348274 0.912285724558011157370174259995 0.835792476221074887021700305922
0.396862051347573074888686051054 0.502738137657711137151750335761 0.181375172200510526021588475487
0.446140807352318924383638432118 0.288595300943896904133367797840 0.683161939316910160613360858406
0.601076827627368470707835967914 0.122278048045006609845231082545 0.259629068362259962654547962302
0.145182271154101705246119990989 0.906632326963951129528140882030 0.703601731340899871902649920230
0.413379161425922181383185716186 0.907883467777520825059411890834 0.467908521204170757545881542683
0.619030704178478941024366122292 0.999294347385152326168622494151 0.126179949952427289394663034727
0.047759110806894031209246520575 0.972858288161443596209210227244 0.908142696192156151369090366643
0.388521473383050430783214324038 0.701904620738678319824543905270 0.723958293114085438269000860600
0.537714629441638169993211704423 0.861617611281736528461294710723 0.359947039927060341568676449242
0.681000413587078967658783312800 0.909528437564206093668417452136 0.749623863195681305882089873194
0.821077555428146865779126528651 0.099753922572847431027298625850 0.334645996635679732200685521093
0.736633546499892322145797152189 0.332842673688895918093777481772 0.297270211919675286793562918319
0.874036401661245965222235554393 0.405244919895171307189229992218 0.839496414033745530502983456245
0.816038498754798613532557283179 0.602953782918776881594169481104 0.956752956933291653918161046022
0.831036923883541667201768632367 0.380396338905651276718344888650 0.259490149859676610955006026416
0.520912688916641886116565274278 0.071208638485092151659827663934 0.166431977659444396699939261453
0.025513759729818726723626909347 0.225394411941273853372535995732 0.717959808679196287428680989251
0.008193159277554899408424482488 0.907149777996191786222368591552 0.734674648112316863723947335529
0.549385889405234140170364298683 0.457597500757068453847153932657 0.470071590754034207559897140527
0.235906289090127618823800048631 0.884572418790109726849379967462 0.941495355739739525624543148297
0.661400153546895075429290500324 0.291977321914947851588806315704 0.101711712023793449111153108788
0.980809513164927704309548062156 0.864823582780958721727415650093 0.584943733201493287765515560750
0.410683092562239560052717024519 0.413987484804178573760680137639 0.699174935754986570657365518855
0.341130421870294742170415247529 0.250648271458334404027112896074 0.599342891739748639956530951167
0.537080325279205128552462156222 0.941204332443140723185592833033 0.687679283653084727490067962208
0.002759060987713024895584545959 0.482799651863499601489593260339 0.332547665704986339374471526753
0.102957768318086326231330929204 0.525197401629945992418413425185 0.220869981004402748947512691302
0.353668694621340651274010724592 0.492663290427002686922008933834 0.506726981387359165509565173124
0.839664519071870341093699607882 0.704799140262684753466260190180 0.534178771680542507915845362731
0.756459832403692078450774261000 0.697595922495771847415824140626 0.915025332350649645007933941088
0.924995135692317393960593108204 0.646422434669421508424136391113 0.741537154146062804649375266308
0.346590408654508630448276562674 0.847599664454000145674683608377 0.278744478769779535642925338834
0.831734227472396558944467415131 0.800052790880544595353285330930 0.361437855766516658029274822184
0.087630596408291294707737506542 0.241034830991041254533158166851 0.037000703176217432377459459758
0.560543822758330589905995111621 0.892071326385006746484407358366 0.132742565654226485349909125944
0.445340706244582995587677487492 0.384434343219670959790335018624 0.652398466839869128897078098817
0.638209657437497246412760887324 0.035773423019209486806158082572 0.832902607801408234600160085392
0.581103687836152071888307091285 0.875217988076916753037437501916 0.648999479193976491764317415800
0.846843055999092375607517624303 0.359978394133275980681929695493 0.439416129076538042319555188442
0.190115406675950115999995659877 0.020820571369564302294241642244 0.524813160334503869819400279084
0.299387951871224189392961534395 0.193917046743153825838490433853 0.492827159600487951784941742517
0.504065223137024842614550834696 0.876866767924270207323900194751 0.819338228969958115577298940480
0.510065161221323615237110971066 0.202491638696324915969171343022 0.260552907873930039706067418592
0.482541098620300978883079778825 0.941248689244072123116779948759 0.940563172724952045733459726762
0.480396544018704907408334747743 0.567022641937672489120814134367 0.267255305490300576476414562421
0.425507936252362661821990741373 0.893888219342743983730770196416 0.296678541310212595671913504702
0.894499500656389723296513238893 0.763802900727100775313260783150 0.240965000542399554461781008285
0.427717072949735377385138690443 0.891377590793881457997827055806 0.104406993772830150590813502731
0.680201579255675259361169082695 0.672087286058042465697326406371 0.629907378348576796334157279489
0.628198892091376692725646080362 0.047606915351032827454780260723 0.740097299061361568739414451557
0.320395645024948605428249948091 0.304683422743120824183193917634 0.080479388198676796162267521595
0.788334633323307887309283614741 0.413280353533707289770404713636 0.039962573815700216939283961892
0.306088549705648860221884888233 0.725738686103129970739189502638 0.157814399538733080019525800708
0.563881398956938451050291405409 0.435476712953794031779608530996 0.320518961048770034683030871747
0.171774542811050229262903599192 0.447190267208502467699560156689 0.448346619988803651857267595915
0.620348821232895142330221460725 0.778157627322598188790436779527 0.642121141829242736420724213531
0.671048126419896195926639848039 0.729021061447883256256830009079 0.221569101843371696336504328428
0.034592686631793760632103129637 0.081182820464439905960851717737 0.257689734674578230233521480841
0.675150462705073839408953517705 0.194468483863575347658780856364 0.471658447724972118564323864121
0.271176203693116291137954476653 0.488188724677609098279162935796 0.913107253633724469388255329250
0.626143887120207853769215944340 0.913806601265337636874619420269 0.156421886541305010798197372424
0.556048735844405950246027714456 0.052138014238168682579210866379 0.572791637833729438966656744014
0.948665832695103072857989445765 0.649163896682395380466346068715 0.649713960832203785145111396560
0.069452371570451060245332541854 0.393332125453732084352509446035 0.541215854301926091451946376765
0.254576491912266444916923546771 0.797553831031400539686160300334 0.718686336408425940902588990866
0.594520741909977168404566327808 0.728517142361892577895332578919 0.810917245097439898238178557222
0.240409844720353954583558220293 0.677693279130707870727690078638 0.172443213880316248420854208234
0.010003581595571183621151689636 0.710362384749979702824873584177 0.839304709428209338994975041714
0.755042792077271429640461519739 0.793465278679258867455814652203 0.705796213536014294120946033217
0.401948252930913019209668846088 0.226063090254739612605661136513 0.013179264348130728667918276642
0.917975934825530859306752518023 0.138344301658246904285221035025 0.648736653568193211150116894714
0.772539892073844103315138909238 0.982166955826266785400946446316 0.810604791420115322608808128280
0.898604679216752688653002678620 0.592695957518450389223119145754 0.062994526914359236235974037754
0.431336856345097718890002624903 0.523047817978308793307462565281 0.919362705431057247729143000470
0.248283274049937358052275726550 0.820604652066817763511608063709 0.146704754012456722866986069675
0.020380902762213225914988967702 0.388407593481261026457929119715 0.323642825484733831498118661329
0.922937115245610173452917024406 0.538444320234217399523402036721 0.440693109799837723361548569301
0.156279169374845289253173064026 0.572483826027726738772116732434 0.468077147954803096663312089731
0.858647733757848419244851356780 0.668065001443119976798357129155 0.496671500215137728950764994806
0.963034099459158410283521334350 0.231586509418992558817507187996 0.927763207832693947985092108866
0.081503409699561074619467149205 0.324933246472956016592803507592 0.174218106128388727782407841005
0.189557277540261748249861284421 0.396825348471227357105561850403 0.520396777592391335254262685339
0.812987882589058408200344274519 0.536766241651115416644302058558 0.421133946415162441212487465236
0.317068736366709957863463387184 0.180302907601335327125724461439 0.882348665872948578758894200291
0.024648703955487506062072000645 0.966225992433140778992139985348 0.277716220026881122073802998784
0.097918226178943787441077972744 0.420996287756566833770932589687 0.996637673462758555409379823686
0.266949218847484848193829520824 0.572644346517743985103265913494 0.280153821439424299821752128992
0.949762040956393160939796871389 0.194171887462572412275108035828 0.734862103368440933159888572845
0.098878774450000206375221978305 0.075896449213774253017561477463 0.717501023690279571276562364801
0.313839776552660376651715523622 0.967949430915713504575137449137 0.640538784023213736418256303295
0.260959244989917515944455317367 0.619183832784144350114274857333 0.432103679704119392201988603119
0.520963610903867779811093896569 0.205502715042221340002726037710 0.521099859424699607401976209076
0.577737791049398929921210310567 0.836247193339931249589369599562 0.180924733272722154664435834093
0.249069364134798354459832125940 0.103777758698843827755986524153 0.304395261916502957166841270009
0.343055725980358994231522729024 0.628260534704369155711844996404 0.469666865752972950698307386119
0.759988509756660879368439509562 0.162310988212209600378699292378 0.085228408803710659080721256942
0.042032829161566635789437640369 0.657273362883971645764802360645 0.967311659465072803953944458044
0.477513861599371980393158310108 0.610512410839446295618415661011 0.411656284501212887949606056281
0.901066517758250751235493680724 0.898787454991427425810002205253 0.009160797086194707658513003423
0.757041077474387202883576719614 0.558514131064640428903089741652 0.590270734559883769598798153311
0.230640286782169967594313675363 0.565326761529255761296042237518 0.808005893420277176986132872116
0.166217676099155220459380188913 0.167346832451887972403881121863 0.306474543464158477590331131069
0.341722620208086858006879538152 0.089402712465120437457244406687 0.560851291690477427032135437912
0.577686039546217333651156877750 0.751299930715665476022024904523 0.380935521394985654453080314852
0.774377979183110576322235374391 0.104417956963884894783234358329 0.630041951478916284479225851101
0.136530883295844895908288663122 0.434512290012646018588782226288 0.908331073040171910193407711631
0.977517613320929790177160612075 0.241966020027080730425694810037 0.637955920326423786548275529640
0.721551463045008945051961291028 0.433140551658317218830518413597 0.801103209720402831273133870127
0.645784320725135474461353624065 0.999075110727953297207193372742 0.635844497505240302537288243911
0.427758466334153819587982070516 0.303915813088726838309128197579 0.031354131746382789269755875239
0.901806634642124738121538030100 0.714907136492691108742292271927 0.752737677293814466672472462960
0.447370021265725226200515862729 0.798374970721397514417105867324 0.207704927907950309684537160138
0.761916407432821629619468239980 0.484384650739405620001321040036 0.738685929205341929026928937674
0.543844673876438311488357157941 0.282545923452191927172094665366 0.268758548001089503376448419658
0.470207575008597611354588252652 0.747085237565858761854542535730 0.982910484413989871121941632737
0.995205948162888542896098442725 0.342454614593893924556766705791 0.164071355780562283532830747390
0.305923198934544171567750936447 0.036108813503208464501526009371 0.568444152260544122157170932041
0.856966285459946131020103621267 0.070051131665197191589200542694 0.504889873434547609143407953525
0.631917121600446884954749293684 0.882036434530347746019174337562 0.989571055213567252195616674726
0.952639659131731764141193252726 0.626982803306607827664720389294 0.365807568520810255652264686432
0.213825393506457461789693752507 0.385836635147179085603141857064 0.100183000950162456876846306386
0.377777948640597549534447807673 0.719731199175532743161909365881 0.095509223887733848967762639859
0.090786766201887247884627640815 0.357722091990679613715542473074 0.510292719076496981145396603097
0.688335017760974499090309564053 0.582608089453025335124891626037 0.481616469799844792998300135878
0.207691854138673970275874580693 0.250070005524065497315433503900 0.644437950614367704993412644399
0.112515120961618669825909933024 0.140048295218730078914859404904 0.691110209825393506655188957666
0.615385062955219663827222120744 0.536666426613185310046105769288 0.889987023404824717509598031029
0.209044068850558761862856727021 0.405673955715034839641930375365 0.518531868159071596124931602390
0.193210850973668468721911040120 0.443961796930784857728724546178 0.205625143797867171446824841041
0.977621898463574390270025560312 0.243360541488451986857910469553 0.488871597186992024042240245763
0.429274599110773869004020752982 0.268234625736304577170443508294 0.090195755274477942831090615528
0.708178978830576455472112229472 0.766988128898168364244725125900 0.985287084034381588359963188850
0.589494277900682317472558224836 0.335880313954003251186719580801 0.570809983267231979553457676957
0.660119037791373930446070517064 0.074151387298274917814211448785 0.461203726604639985264810775334
0.750116234614675136960215695581 0.726809310230017380227707235463 0.217608227179650032256930103358
0.331532167456628334978319116999 0.976632123968512066980451891141 0.963215706249115122261628130218
0.123993179961631130869825767604 0.994477385676777791978508957982 0.905502336532016394166078043781
0.139983332672434374055470129861 0.455919357217718146380036614573 0.690587277421514267317093072052
0.669016346748715129422180325491 0.987744658241971218437527113565 0.511525121000059201925580509851
0.472243043524148975453869070407 0.283114798897797337318138488627 0.608228002190640659740950013656
0.760834711138212438363837009092 0.676991264988660024215505472966 0.186060733629700603142254067279
0.780593220038344748346048618259 0.056089332895536456180529683024 0.740065276725659360046449819492
0.714973928905695110813667270122 0.060594866536239133658625632961 0.257453951111069612167625564325
0.320051882690858713331749640929 0.260950644238277518205393334938 0.565056269746377903828715716372
0.641874911102458534095660525054 0.845289557162897775555165935657 0.308951551244897260062316490803
0.870890633686753790065893099381 0.530534800579226528682852404017 0.700025727829173605165635763115
0.893621296790160335454800133448 0.665915890149564648758939711115 0.664652087294847260245944653434
0.155555246147760978248086871645 0.789948538941422251369317564240 0.265991408157239539455929389078
0.890592729557058149225667875726 0.030419970591071744669964260765 0.121992097480963887501381748280
0.508086613414205467975648389256 0.619670734323832683720922887005 0.403708369554040491511415211789
0.109915229600461739067895905464 0.100931392027897734453567579749 0.193449798351870566603949441742
0.539427699045665898225365708640 0.686010737652385294005341620505 0.315030431982944225666187776369
0.729994238260294858733345790824 0.007645910848268816853434692860 0.183896384693244346886231710414
0.488852147312905827014617443638 0.249312093661819916823318976640 0.646340016503355152543974782020
0.138944077371706720125388301312 0.447863049188387096766206241227 0.223643985616913065772592972280
0.048660637040502684180776071798 0.996164486089782030830974690616 0.102176405002325498827531191637
0.932801886962164483740878040408 0.617473890618915222106011242431 0.162293243634784450923902454633
0.119916294078726351490793433641 0.066779097970452047650091742526 0.672623952381845247039393598243
0.056664662557739768622422360522 0.806793261683511619963837802061 0.886765426064436534936419320729
0.352760509851654524560160552937 0.213396450472882859283885181867 0.609327684238381128700723365910
0.318154293288947620510498381918 0.655755078736950602902311402431 0.635631410817866560059030689445
0.649736833450316741966901190608 0.797965409939680236917070033087 0.093175948711998912710186004915
0.120521105318555338259400855350 0.195897852085783530373674921066 0.225494158425112167787318639967
0.243774724827788613623624769389 0.595053848902989734881430194946 0.262438873117124604750216576576
0.556006061519446981300518473290 0.491427197662519521514923326322 0.322869568533276585231561739420
0.343903727805556835850353536443 0.102996706804794668776992239145 0.825628749173587972443044691317
0.934674688206740600371347227338 0.679669769097980602801101213117 0.779173961765670775037051498657
0.843175717234374344499769904360 0.000434896195470604808759607085 0.967723424044468538696150972100
0.294714503271175598531073092090 0.420970602937599469584029066027 0.933511682679310617061219090829
0.799825589416366833361848875938 0.118947159306280414448053761589 0.926716660646558665348493377678
0.219281105122493741310663040167 0.291261595702746511893366232471 0.625551552867398275026289411471
0.965783997414023431815621734131 0.558230788387719778498308187409 0.057834478270366571073246575452
0.906920449249789761836382240290 0.132804875298986685416835484830 0.078092339525092577257048276351
0.176343299503013972717724300310 0.249332801953773747216658307480 0.479686160241838521756108093541
0.578705095006351366571095695690 0.859772355423021772402591977880 0.692471406283679979942746740562
0.585157360913909352362338722742 0.754567490505853144533432441676 0.384012557453113856364979028513
0.191836152804074844269166533195 0.257186087110688188506202322969 0.236125389046708433760102252563
0.748128920953801457294218835159 0.013092399204203538851110089070 0.639171803803076588046394590492
0.743332227941919221336775080999 0.864208367684574985112533340725 0.239355786447924850923740791586
0.966937540007787532658767304383 0.813407460579503416298052798084 0.390603556273218133210178848458
0.566167294674980503543793020071 0.763217535012358228030393547670 0.037122210859855599152101746085
0.069673224240628203740577362169 0.299825139039720633959973383753 0.739016732906769391320267459378
0.104511715982471942165688005844 0.794023063506310577963631658349 0.534877276102068921481702545861
0.191313452667659505967989730379 0.333116081334180746953421703438 0.294387077074946268417932060402
0.006000595663354662059885136216 0.752088568126913048494941449462 0.833348989863491818042007253098
0.179320035161650070953953672870 0.210665133790900904742215971055 0.508063014684236424756136329961
0.951433682452538675988762406632 0.999178781537622850983382249979 0.057244521375055756884364654979
0.123082206347971470639102165023 0.090190425253274544847847948859 0.241245577435164088031527285239
0.398536485167265253082291565079 0.360672357748472893756996882075 0.367609990669749031599877753251
0.325442198678699057268204342108 0.930077907668174441724318057823 0.776183449395196678466390949325
0.848576356246800944660435561673 0.689588573614642874609614864312 0.573868721898848521689728841011
0.158107525852019897838474093987 0.045771292158906948244201373655 0.127238235279936717780913113529
0.279738030882270782839782441442 0.304880243346024593087406628911 0.479696145848118538079773998106
0.779203961536953704225538785977 0.815960722819621286916458302585 0.893470611355506205697452060122
0.672279012017053090310980678623 0.664523377863291964118275245710 0.630892862408458432454949615931
0.838696566908644913773684947955 0.303745686285786797853347707132 0.517897251882447839932410715846
0.960879655577734359539476827194 0.977899799077096898436423089152 0.317777576547069340318074637253
0.073536359491290434475807558101 0.586140943239967904254683617182 0.172306828873153849990274011361
0.365472701277590850121868015776 0.603065409936357266218465156271 0.896210820186143841681314370362
0.818421755146107265943555830745 0.868711230232869446865606732899 0.221558159006506411037307202605
0.669472702319890200506335986574 0.603648479173795493579746107571 0.426824408762682905305041458632
0.977645826205997714453133085044 0.926549005982864715136315680866 0.611511229916027909681019991694
0.549760986405326557147077437548 0.034512299212705384310329037589 0.771583438502248308843434188020
0.326361494996777246058172750054 0.604060730709126803006370209914 0.126826153920053169565917983164
0.591258726327913652909273878322 0.658157801554238308661126666266 0.743532793232203004230029819155
0.856893764064857510476258539711 0.637117869564563621409547522489 0.618685607512692969933709719044
0.685087885298122367672135624161 0.286564984684363810440999031925 0.843269088268374988892617238889
0.261069146585728606435594656432 0.726863968942143889861995376123 0.629864711143885536159814364510
0.899755921527567115170143097203 0.245529442981558321257296029216 0.750235943710204522538731453096
0.937541108009953050306251043367 0.824713456139735123784362258448 0.519346630501187678241592493578
0.474412217604231412071413842568 0.865157131828910630488849164976 0.977919005860494516824132915644
0.415834286542811293330146327207 0.188595606385724479103771500377 0.098224300119211863102641757450
0.575337072688707484857673080114 0.916524576042356375893405129318 0.039088375245062791096817278458
0.497144242624670107399964535944 0.910066788796299874775286298245 0.224990627545614496618497923919
0.570105212691185414541905629449 0.146236841776453102559329977339 0.865907845163590983439405590616
0.254856450933238276590486748319 0.335329350953768923204734164756 0.496475566297814474570060383485
0.361078975356095788207255736779 0.201277590696484487420292452953 0.817551518098269647261133741267
0.753799708649646627023344080953 0.240919535927191980073658328365 0.137930580078990588921428184221
0.621832722015604577592284840648 0.629269191050172760348857536883 0.773076464452530531801244251255
0.266369763093874445392117422671 0.963728080123416597224661472865 0.838771407440441540970255118737
0.291632969899642935374117769243 0.216488876422989334757929213993 0.879281530604149819119186304306
0.208589845100861176474538183356 0.109226284983867730216111624486 0.364563949969807676865229950636
0.708420826031983641435374465800 0.265739151021161745802601217292 0.616559272641565292438770029548
0.656323326744493229512045218144 0.724639263610189043873788250494 0.721174610184467490547888246510
0.891070899379387992844669952319 0.647889115614063482162521268037 0.185014895944756951884357931704
0.618885580559255799037998713175 0.520214455713392753821722180874 0.079239377279582343116537401784
0.723463730965760554170174145838 0.313098193133573843294215066635 0.325042172526440020785543083548
0.878144439672973731170202427165 0.927878344983992353611768066912 0.989089506324352996102788893040
0.710228084195904219022565939667 0.115336866440116467269483280234 0.194081018729771875852563312037
0.123422152660722247996538669668 0.244531546562990143023341715889 0.737420620426784134693320993392
0.173458018879155406732905930767 0.920877037339516868463817900192 0.679694717731729292076181536686
0.097036270529626447722826299014 0.006277942623134717334276722056 0.453138855166220488879247341174
0.673727252401580045670925755985 0.561678883057861400018850872584 0.506751995007356015321420272812
0.734560491112725366669167215150 0.830031433094140291828466615698 0.952041360658134827588128246134
0.744158651235003576474014153064 0.675578112288825916031953511265 0.057138879481140270044647877512
0.630411211517617919852796148916 0.514232391584191872446751858661 0.567590927276031553816437735804
0.497647893134109675639109582335 0.304010465661211204402292196391 0.612399571918387786162440988846
0.829375715204258012747118300467 0.521363133144209345282149570266 0.242561950747219978730129241740
0.281570889655264888773444909020 0.572464672697835297299207013566 0.086968322149207522020475380486
0.743868484513094396781696104881 0.076357314078914217958526933216 0.652936042174278141736465386202
0.069935728124678478434539385944 0.199927871762121872611928097285 0.107170432480294355870320544000
0.034964982442475450730157149337 0.872824702894215875836891882500 0.523560576165399083059526219586
0.814506515226424032682928100257 0.488399271115030730872064168580 0.924489197028329212635355816019
0.152725515319177884698831348942 0.842531676470311019500059046550 0.141834303148807877592574300252
0.534420346817163549602014427364 0.884074606330483070415482416138 0.448786713131412107191664517813
0.927267447212225426333986888494 0.258300289862628817960654714625 0.647046499797314322854902002291
0.482542696249383673556820895101 0.322443827633595303527869191385 0.114887486871067215354891288825
0.261457726476352181332885038501 0.290435876372569845571547375584 0.700241444263854817542380715167
0.566893181364174769676367304783 0.006441573727791144975129977723 0.628972054258588042507938098424
0.470389108507941688941400570911 0.033426060666466528292772864006 0.104755491494297997556728319068
0.727546997060753541930466781196 0.092366926459053505515939264114 0.741492463014697400502939217404
0.530952590275967417632330125343 0.981279476753023072177484209533 0.069371907909307167772183788657
0.251800323832861439043995233078 0.293008033101134324205361281201 0.393776670044720666918891538444
0.391992709538801886726133716365 0.658278868144835827003191752738 0.194215921711003269845008389893
0.964472693403877534557011586003 0.033909933358123235669356887456 0.126379581398125023783407527844
0.268512207481837072986508019312 0.353478873169092933093082820051 0.641937116518755068739210400963
0.700071099632514237676161883428 0.907002737209566145537564807455 0.854262488427187771655724191078
0.592450854346815214412913519482 0.063006376103650896247643231618 0.396844048387315295745025878205
0.225993694570537750898608919670 0.004789483905071599025016215734 0.543986161079644037208424833807
0.735780631707471655111874042632 0.806020199729536090949011395423 0.240470888933815796217885463193
0.236594519936332292608938132616 0.716681630831243587920198478969 0.969450201540617895190621311485
0.130642306984806694236667112818 0.063760205173581926962889099286 0.782033884590617178744764714793
0.482603700106060684582587327895 0.542287802689415787682492009480 0.989220890985463174871483715833
0.532100644679174838991286833334 0.724503355408154692263167362398 0.170917930327934980416770827105
0.256713292943425319680983420767 0.904224230597192923930549568468 0.792246863488526020802282801014
0.987967032476066764346001036756 0.853329714546338324865359936666 0.442254021126376350991904473631
0.318672321819165993428413230504 0.775223442430683196135987600428 0.270063932467651812707742919883
0.905946320333813059910710308031 0.909155015663879795262403149536 0.910187416945946847768311727123
0.722258867777585300551379532408 0.381891655812312658113683028205 0.448198613096664200128316224436
0.798750305160617846134130104474 0.401194935247647765930167906845 0.436636117159238612561722447936
0.526950041909537092443827077659 0.051984373824733420832444608095 0.297191842281132989622705053989
0.851867848443204844777199014061 0.410490417784189598471300541860 0.834987687779389142761488074029
0.300637152897258619344000862839 0.326675123524394039886686869067 0.683436046971332533672693898552
0.037798224847067934950572976049 0.202239445855374178062646706167 0.398919526249652933724831882500
0.823741249416305998387599629496 0.602705049407100901248668378685 0.977739078973603237265876941819
0.553172208632853990017963496939 0.620031165487254121160276554292 0.814572085061064266042762938014
0.339365736650528271312055039743 0.179462837259879437468157448166 0.022950626712607839069457682513
0.361036578037636501914420250614 0.618416997934010503890078780387 0.759633294384659318865260502207
0.252745186275118938201700302670 0.825274941887379265281765583495 0.738949568589770233728586390498
0.272515841603754194188979909086 0.860115070843159856828208376101 0.838114870539358403078722403734
0.295923665168792315860457620147 0.068449923353249106372508947516 0.672981481862175656694091685495
0.586646893412210657103855737660 0.760427893074580585341948335554 0.744076374526341011161889582581
0.856644223701482188104705528531 0.542391238879144643725283003732 0.132743839533232682592611695327
0.851919649340554197003427816526 0.610373134104942538513682848134 0.762288482303730030587018973165
0.592372967275409223475435283035 0.896744295069616170756887640891 0.640458689882683729344137191219
0.453307818668157169739174605638 0.605581168047435003387590768398 0.017458841508184254343039043533
0.616098275490904345730314162211 0.381683383532760267531358522319 0.854150216085902691531828168081
0.830453157885026382878379536123 0.593764787260432469473414585082 0.096140875747983564614251861258
0.483611458558352524939039085439 0.200420065626170790240578867270 0.380824139516818926942676171166
0.830625978817505994378223022068 0.063740874342366818372518366687 0.977522409374030232243057980668
0.840314643864193522304617545160 0.155566351527891999495523123187 0.135557622321683307609063717791
0.907624779515599167112327450013 0.002533643890190936075190730747 0.665396909428315419532395935676
0.555852440157172833501419972890 0.000771772662108240301188921695 0.419962409121065805006622895235
0.128434921243779365251924673430 0.414687191468835758545452563339 0.656535045532705807680429188622
0.341595104592494980266792481416 0.079223854525343001542481147226 0.016962916864538973155118739555
0.696476257137685683673566927609 0.723519583028353396869647440326 0.134787848557347267330897011561
0.312156223702143797993358020904 0.118034161575313142900078844377 0.182418063073028879905734811473
0.260532570876603475351629413126 0.743351610442563481839783889882 0.436155084790059877075663052892
0.965327653192305734641820436082 0.482669861802486832580427744688 0.551626271827648895218487723469
0.427206140715630178217310231048 0.807529890034641040230667385913 0.544579310799899851680550000310
0.110998449026662060479253568701 0.334707708028327499683030055166 0.152996871931890682239085776928
0.489687361521562392052686618626 0.026308350479930176640808170418 0.385145504490910117745272600587
0.179733411095703482507346393504 0.923188702633377267225966988917 0.161948562565243758815114460958
0.809213576011056590076009342738 0.497179234123195035177644740543 0.719905629400459767808229116781
0.672922426674813389801954599534 0.452145710693320990181121032947 0.745023640744674420233195633045
0.445666493536769958705434646618 0.232378058831445605258991804476 0.373202713858883594610915679368
0.991538314286123600993505533552 0.076130926309266461204927622930 0.101192757587301632171694620865
0.594686672369807989291246030916 0.814062053888063963391630295519 0.032344525424805564695063253566
0.255208773203229710713202393890 0.400453765801131622570352419643 0.521679015389166278460209014156
0.214884453031121247512658101186 0.481694519128378184635863590302 0.364689633464676921104086204650
0.974838640704089098854012718220 0.112328989952771199356540421377 0.378079979931705167928157607093
0.137049205761875153575246599758 0.986360503104015351460986948950 0.154869514435756555625900432460
0.492549108498445686876721083536 0.327073201785914480232975165563 0.269059217820899421180769195416
0.325722242356329738655063010810 0.575998216928996331631651628413 0.426177113789658390530235010374
0.076307521101431019516780906997 0.781487918165134520798176254175 0.402293672207779451355236233212
0.575945873665099861149485604983 0.413047511583768511833625325380 0.860647715205841934427155592857