0.739005457634301754790574299964 0.077248735579164605091615728199 0.505942131380464799428951144896
0.830883639222786811906169187746 0.794627401354816435683196323004 0.492669016409220312749687023391
0.983007391386064119236214678555 0.294087812461782380227670208892 0.214496728536072788296009969693
0.226979618058750588244066277331 0.852920032950774694203273679136 0.095566109031732198473202250232
0.985971621067065359168225170284 0.433917054747145573973251245592 0.327122440775873413591913256243
0.328717638583289847730716004295 0.841086151282888166489856383905 0.517936294484880033647251853557
0.205049059769270611231492028423 0.739380119764202651218515620482 0.751597188736524298032382987475
0.092187820713623403520912095462 0.969246258981777365068098411560 0.332557442090364883173096071565
0.598908405570829605982922382551 0.205868302326232202088965224134 0.888216454338942987370109355665
0.280118148391271163947127332674 0.314219092472192815385737900473 0.531217987257393040637006888772
0.243556537343622170377418878368 0.265597898691927291802296839042 0.216819997639500088043289060631
0.870435000992162178959958371886 0.839152242789145647324070743901 0.065239307327744230826146986485
0.286390909950959560899419632342 0.095708951986653492803374995800 0.551037771158086045914880804374
0.788108050904172174503368677616 0.439983031680983972265191701815 0.033100368697215989436196653962
0.514235456992345789354268321282 0.925483878792184709069197992722 0.148878796356280357129109892662
0.594388695506668265820274776072 0.133523661187281449650387192284 0.301501143992074882137855861664
0.803211919781665330136101718982 0.320375582177126680047081889940 0.285645507703641710402858132331
0.481712576977731627936896935388 0.340509097980661126342655539778 0.028282782616099131000089286113
0.920054607003214791766703370726 0.002943813706180496046098532929 0.609457540376068577696814245596
0.200285153338994063895437955611 0.442065899054620617860209833691 0.526255821920015988332131932323
0.864085019659053018251385440712 0.834469697512421820754779892309 0.563336430286149650198468488266
0.117644315931516515631665402883 0.839765121112826002986255132665 0.708928076325431022818214418350
0.550658499049933294009758381573 0.931160181729898890556301219886 0.978722315608210972447202375312
0.568639341053754391357834620171 0.294338798846378024191884435756 0.286236348569175795316856407127
0.328429861463800280012978977674 0.412485461287367751491059696552 0.285743871924345999839543437417
0.826095617698881265335343066516 0.710527553707392377366448157750 0.405206239357347446675246519408
0.586689244546564743338524693069 0.897628815722919784646714792281 0.754266721462839234804805062785
0.655344656320688575933097500588 0.554615995952611084843158892843 0.357785437791890997754443605658
0.875417109546533294907736733167 0.220355722290263408515632849415 0.879337658806098877773678863010
0.352609583856070297262625300674 0.473103290187742217876912690682 0.771159341408859315359343509732
0.227398580040498055098153063316 0.998050780225625386582027083625 0.919008442938677941713740087047
0.734380512802386678096372022975 0.033235337225458114494195949119 0.102990935552382687247942694908
0.652381161402313506448204198176 0.254420899303244727456408335346 0.773532861595714436287257022036
0.396147870345405836121597305070 0.687093718410088087458716701107 0.444692879354351707364345671647
0.946651848708882193103996364246 0.953068141871226946829287180023 0.633165668549994149044454403613
0.748184099428462972697241184205 0.725162764437445490233058497740 0.854233512172652187411059210705
0.322310995942121905211744060020 0.030532597541691701280023612457 0.526371975475391096291495436751
0.278436762170585281272861700708 0.073684174726875925195432066985 0.562947622774392013923388664824
0.475052254680809008739520588543 0.646038343080205895737373976250 0.851921312059399442885183672221
0.752223126920653680655458069283 0.717828487487482538199581028891 0.501725168292523923867081435553
0.467356138787368739573809275685 0.214725787517825598275101292660 0.015432036836207119311176184066
0.634015168054383546399632333646 0.508952566176639983058261845250 0.798760357513160922094220746308
0.131471193583711742110497423361 0.375765891191484812086564837539 0.204839202437856060926803111314
0.791073209588454207557327930156 0.480823191116795475431639015967 0.605733691628158354719934529342
0.990180028123847798372267310026 0.393388418098449227127850834582 0.112217459454179518927486443282
0.422297120014061403080416036978 0.624782410340745210637871379866 0.798039483872684007377847205581
0.437162144520555775115801359991 0.191840761588062592985555882327 0.825356758618391744242721782386
0.739450781601722814007615359695 0.371555996300215491130975370547 0.071352010088487185381575089603
0.501009661989815761387269630417 0.048897171168772281821432279418 0.108490953494496302214645264456
0.148824451589579583004269341728 0.842856676012031898570648721811 0.577303319499565483006632132110
0.860608577554900117868419623927 0.450584981085542994162742683949 0.388027911260994511511690646841
0.833575475053668112494998980761 0.028414163542422600293833594791 0.940587056541573714049234552167
0.573137899542529724844585032546 0.142037466512501779904396900739 0.339833590673693328323299325441
0.136640506181040539476254225133 0.802014368889989237978436909446 0.902253440833972378931196161438
0.252935282080838515040329173397 0.161731307047626908024286813920 0.073264274130160008495516173367
0.464276647102933869960506075532 0.263761200222272058943750072327 0.975271959113571872281114251065
0.240328393950905178308301380565 0.189553790282140003587619947482 0.133685462991261326491770406534
0.509335166477970645855860032451 0.396471623368684590974273043611 0.261524914979733557714350164960
0.145663701925664037767548198465 0.801139049218991507444415832851 0.019390156232433990299453583664
0.906741246863117426120727709831 0.944759418967606187239569870647 0.938896663574882014518387862329
0.656299733291505869459903541605 0.246329685470770627730477095958 0.651184426137715022346242993684
0.035514560764097079428721043718 0.101059109006817165863244235697 0.021078049635527957499972969396
0.535891860726238702811448773216 0.649735904807837044743384929903 0.652365730906193076088465525293
0.024678851147563322124860763500 0.346737861401633364035923408809 0.519561277228855587770434843785
0.799378262720487322330046132438 0.249305755793785201934437230519 0.600424753089173549794585184584
0.387828740382044395882328664480 0.316680749568675840542970632906 0.223755585632668442602359541563
0.844441544961755470241746213071 0.548210139180506337981315161827 0.215592610548969413590091825644
0.409322870574553960259041891003 0.812187264620598931429102236968 0.217582969686771566920277974801
0.096054715160541184570358867388 0.548514851852766296090957994314 0.372954103182531356594419723115
0.486549411156601012755230093917 0.450099744356889833593046293750 0.311046771585865717902161699208
0.054849212148069121257462408103 0.742300620067750297802040462743 0.494939587427047764306388067818
0.587785053783386060367722712237 0.611651460733217885883447142801 0.316272847444493091749701085615
0.948294125793442886692032115917 0.510669843049005750938186326929 0.425785591365309745682038157685
0.647528612024751146852818555175 0.482795640377644746668614986977 0.591989175620238920388832243385
0.204625317003554545708422644435 0.993264274209436716545567667324 0.328503450499864623758946004616
0.332337984662206886581673299353 0.503950347325992965787995515153 0.702513408389012662422107966492
0.306147232257987745749476942780 0.217499240758453339680077525225 0.138062877115326379458552001392
0.730321270130831521924538469931 0.780261428530744525125755881175 0.681004031242175583480195859482
0.944732507573258368617261485830 0.506103334243101779507188799928 0.556062097161726819549542392360
0.610279221868784450295085374543 0.861727316980002269427614688672 0.898099596304361909921822721682
0.652262616314267255622928124441 0.729415770475319243704489981606 0.536871366402112862247292537133
0.937436568777086740313174265824 0.674793400442101957069637273004 0.666628570432895322430431050701
0.993722981313253360722212900536 0.158907527137312543239700680071 0.898698645949474258603375532114
0.721612958609370803116929501912 0.359617117092138299418826553657 0.168728887636002824879800191110
0.337836120039180205420350395741 0.849047953335010963520339396525 0.104049011311688776957889792122
0.903116868927944220686334888980 0.389484577672559204298151129783 0.198733936257522849362709012010
0.940755833384316424003304723281 0.854196946312736317742976128278 0.193689652040790178089721223068
0.459535561161006296628885840940 0.618203157395651476199074763292 0.111520965012707509445287736453
0.987853054290128355364249127339 0.562802534148739308962485279805 0.496784403796026935755880446055
0.139923529342702900484430951328 0.918134500671070847687723393364 0.316661598597210514388662486472
0.602602261692645356534652446073 0.659758186620103877988777540902 0.874752803084400113793477549835
0.445274497277861963073416110142 0.163750081657541304918405461773 0.443790040029349496909664143672
0.798611934063010042398484225991 0.429118133340198128091428502554 0.867542962613144712677650435145
0.922174518370057589382009583483 0.286243861056822807607813066710 0.059316767727092930359111264761
0.377215009004802480033736305658 0.519392432091952700120315483106 0.309205288059101815215005715240
0.195250708947555947122743272846 0.444423700467775343752451743729 0.287656617856662761081778390907
0.186936674295209012658909905149 0.279581740447074234519979733151 0.001918085863970226438243073434
0.118468629997703608093421742955 0.399242014391549082977436105030 0.627777882636844894317478420950
0.302562515962077990590118698931 0.523933331579417883250604200149 0.834525980405912462978955611430
0.642682577323398940413369791991 0.440969383799955779488236564226 0.821416345334669160829914145295
0.300273491682034520898098830675 0.425906734065724582953298083115 0.924132379875897841109923667107
0.384878842346847362363134656025 0.746348625647190922593305958837 0.229750542125746045615044992103
0.290986157620359031521435379080 0.310586246800230937452132427529 0.139690827191853371184482655689
0.725529162582186733892511764007 0.586990499525479214040090590293 0.907919445898557829343070573748
0.170462341034079273650381895895 0.430641615461095012006863938870 0.072611472820280527067352188259
0.928580518315904916543159839494 0.943070421441838332363254268444 0.364110470444571724421385404774
0.899001885317612537786069026037 0.509051755930080057352858503742 0.636963510610585631645980086704
0.658434757635123692267346477297 0.426341645390095343362688358152 0.704388148988916937217742129147
0.311773876360371023307877716493 0.793441200950236881847322999327 0.512079911424530451541559940471
0.203824288846627719315365586757 0.334877462066603774387952524513 0.469560638420213448346062840392
0.797576907990672087558499367133 0.199812852925719972685747453626 0.547599197532580053324120910227
0.208646423028520590578194405779 0.195974438461385332415143209518 0.808492875819440251481952794112
0.790477108936470506929736284178 0.230661566307577048333143670579 0.396219716168885924979223183583
0.049473504608825262322256523675 0.544103785429103053151707400350 0.633941197422030425829684447990
0.849626656555658326686098149432 0.757487442291470458925862909951 0.073033931907445607816947911604
0.999397841833033782541126521559 0.907470089905548542005615795371 0.666893842412820766981539972733
0.598678330671797102707513410161 0.128807168908905032197337294857 0.741431623353312291042036719078
0.614983727727753653667036949694 0.772592401731321254392344287063 0.529931539042498206499820391545
0.859456482638382430486044644781 0.383776803468805072427286225480 0.060683093875621082875539103998
0.453519293734804697260540440043 0.778979495378071942540521332394 0.571688916122011920245124391732
0.047477672488113150345821555069 0.987027405871998976246418298248 0.014997365572583999324397319457
0.346725732069919166137114949498 0.069134324153521009062240394624 0.638479581570006718810350832918
0.473590567302143411436378483704 0.593322667818854125136419318244 0.734372000684367044483155274790
0.703057422807525936506006992437 0.352091213245987939167603154405 0.515701247327879825986944418963
0.789343102990589838365631927585 0.157680966143349681434151410601 0.154467595427958538067789800165
0.394924624692526815774933655189 0.334314269149544975722061437720 0.016288827342259369436573386775
0.822636518937735322249003565629 0.858811587674504469555365739496 0.187814475474490101200125454170
0.634526740438550740906427806867 0.237619253178178714684885798085 0.527008587255863461186745383942
0.390847960060298473935676339490 0.888249602120243794414249148651 0.437411057769604475313385910548
0.192229777405385386024301849927 0.610865032086413463411121727318 0.943224175711416129805983581657
0.343073333987659127213503767980 0.797060737179660909018290720133 0.182203991649475782890823051246
0.116901438873306518466545550057 0.946483303153039558993907406660 0.110350195422331780907881468466
0.557713715823265600547545948001 0.087298864005458222432342304030 0.753989748781124550940643251992
0.707940835684525684970838153342 0.205414225661155292894000717434 0.823900336115597314429175519943
0.266768209061669563256402157654 0.800032780942801080071809211064 0.134495246920104113424006040643
0.359715544821140345033031887759 0.393156861723012988382457638480 0.928814013398111008813534064545
0.033323369332513951755604363981 0.150427458789632868458802486114 0.935763848070349023683406928004
0.455703742993981189313798800634 0.193136162152622366411843479464 0.329205611560959183270951491834
0.552445068147757482383219178416 0.500253404153969296221295708715 0.408329422842043749300558680745
0.047747814797092381846257083776 0.853802976519547369629064024359 0.421135690783648533474762134962
0.354215920052113431658957622070 0.478122564954569268651294744841 0.554773333717743967364396570783
0.029668299481941302964744257609 0.894562991312818248697526075958 0.281344839003621172889429776033
0.644162864031930627342251524571 0.064698872299593940530660193799 0.620911713679269517517676248079
0.098709375239856672164309623298 0.632904193692117937285905439161 0.536100600528125851843631341272
0.005471371824719048825519299762 0.005225045310009291243130809179 0.241546967107976600004039022054
0.767296768119360078747380786463 0.520060892605163208928520328680 0.893841474220254552859710399975
0.737163131460603923570692368769 0.644744997351606106554366068722 0.726343143912559373816361636264
0.552722775301096247745459144372 0.161218752797450547495548661494 0.796465947018582182881786934737
0.721244907259803241600388993092 0.625330272815164080066345994213 0.997874872381275036749149969742
0.224326913590133147492453529933 0.172796995821698717186789325490 0.102201492934103108742982610687
0.992555407557386958147535950625 0.468117534509324250692425413075 0.589140525457804695880707268068
0.550286419177401301405624380845 0.262382502720127248789380615357 0.185867343418319903971234349402
0.253477081192722092610734593231 0.136351024338998909610915707660 0.330300246944485121573652877864
0.205638109757706179808709161772 0.393913467355030341201109557892 0.483502351931792196318824238442
0.461861499893928009890049218992 0.779258222696511272208296608236 0.222111902774612355563050019373
0.174575181992207853465436162078 0.602515906348437742499919602919 0.316164436851351169792680538482
0.032020413884985228410996657748 0.346695066726485449627269726289 0.893067485344055298105841931804
0.289302827539565232262999722356 0.054476820053637574474654318934 0.537492585391120853301643990246
0.837995983265440508413505646459 0.120155697238010320140187585524 0.685093729523236567506345475244
0.168589834557400900906995024931 0.417878740861205230618278277265 0.020588891563479226728103540302
0.633671407562741393283401354808 0.900936186239475776207134347073 0.167596429458787593480486194363
0.615308637511304804131254103181 0.444549539737711103157363207644 0.734809188552066148092577111945
0.998359491641106344300594844607 0.974643755681214790708562419245 0.364243297974069129361324316850
0.898094266438660206733887007649 0.851304545403894356443771857919 0.298376974255260177769519989563
0.538478531227519681233017034723 0.115420391042932509006515805075 0.783258104877073049994181530388
0.870688781828127721523025192061 0.901009900501962613527486231958 0.520406606012955113413037985246
0.400887040224432327404006393066 0.724404192678722508412964746316 0.008547516743471718805216323017
0.949140663996503397425846005434 0.322039001084219945531918662389 0.154278927135690241300545833458
0.301322076853534239719423588003 0.639361977695346511040045842246 0.621780257861350673988834704680
0.234081063978658864630091166695 0.409910504650531820739849046776 0.268033723595570424935358174507
0.847322148618068122034016308190 0.090717907513134844124851708475 0.525869410001017438274805726275
0.150992524285079196120059441633 0.267739998932439193099590204370 0.938468920214845871034846277775
0.818305486572922238030208117676 0.528929302357056832689983743244 0.739013095066139335480880841534
0.286583368667913638809805171290 0.416208570916838147686767119988 0.648855435797974281164466561969
0.527741921311668811111392633983 0.061986162884839970889871781313 0.899390049979049748941021585393
0.381599183059806506717845873377 0.782340172283503423307615343857 0.776707929433950137225224408103
0.138982109921663020206537431338 0.582905086786387089700667813823 0.295362869629758164962815794973
0.397248264974920679980884090902 0.294014126349454376342285706279 0.342948021967690719032789289023
0.906178457693024651366431085862 0.409847370257537594234321928859 0.086828559415463895797996360315
0.089130730519720261410886966057 0.068609141446342059504280962552 0.258936722606115735780172489415
0.214448127423344080223633926039 0.641866223536870817021010662145 0.170265513547298070157239801861
0.835927911931140708704813799947 0.670456286151606346015679313585 0.126988238591233948128458507925
0.357509823366577019129968866951 0.162013324097266992317539829758 0.293062955359778487231122987307
0.497888963196294807676750547778 0.667642740489183049610252905125 0.058680383062734929899938973424
0.626287861283420512998078197655 0.856247264845268791394009252263 0.301251484507461709429949895732
0.688053226190163067602436988106 0.828381577872198954277972146411 0.747330421263782140383048708810
0.797012490388689970525866140624 0.195680667929897841824361326755 0.796495533137403149380643649574
0.710811197095393936988947295491 0.094644219866688403657139586471 0.545887013729633293606593088616
0.347756683468224631893812512826 0.046782221877347850224199968684 0.995224129425491947478861742251
0.785429038231848387317844449295 0.931887357522726323037933746092 0.841406982970352455945375705573
0.603886762104580032120510804357 0.930442633525243476408346352779 0.018931579235540855340314093961
0.587245114573310366258187645877 0.924976836072540320413259194474 0.393138016849844338731789286276
0.627967510111606164395242618306 0.377325526300060009408887188277 0.353978390828628303978570574471
0.964908483542401975679622752237 0.036316289289699179052762521947 0.673298131111517583510928322602
0.664496852996902778851250591186 0.097749722089956182530200146163 0.039151359867128776550588527396
0.416153849594049799920543505386 0.810632371979244836212095103215 0.956392267699765189409691901979
0.856642904651281038615325551724 0.233347586284190611976594947586 0.552442881071007245876209277835
0.909930736557839512753202824600 0.242588715545685429119949039092 0.098283821515987617120530292770
0.541000532596085726046110564745 0.620666399088481888088661642980 0.173014198981451142260277486072
0.392421804856544579929713288551 0.075282300906260766996732708534 0.405360798191952483513953955085
0.713724832173556076727627366865 0.154905866497067887108491262313 0.497053593606727944971882533107
0.729103064240740253934031857528 0.948851185738963175484940024506 0.552453595140706083512781469608
0.661937408755452225807368440026 0.585892526526356183488275944599 0.517771605955052373410411444353
0.241132793359182545197597707666 0.886279789024682249850875323142 0.232705858363899501835072396353
0.773964760216289378386194272361 0.425167243412746770972829178407 0.784161249874672999424266687763
0.211923618953934959278554650562 0.123242867242642375182220682997 0.250707949779091841562974123127
0.693120355564167685733520183890 0.871157012924476781273955803857 0.136789648542611389585118697133
0.141471850088453724821263724534 0.682135587979469670292743363343 0.638343922189044171088651289267
0.967918121151562396482273685701 0.672295548658540494154530076322 0.404943983588653604345597736303
0.588628649769474070087181175381 0.063164877259449849564230019181 0.106288433766071655593144561637
0.906593419470367447770549318635 0.441158362348438835985170489077 0.532011689976324396779667875092
0.682143625777686740121743791912 0.932567470220345965784658155399 0.883274327589543114444136034804
0.439238195618181877803813214130 0.099413293495186150301793932988 0.899392964017589630314585373329
0.015568658699834773364111085465 0.543513362194347388160864211758 0.280279521203707041261873489432
0.507705036182214447607977504812 0.468646696043616585930285313291 0.941933534863198185989378108323
0.037941772124589977510616824805 0.575961492921330841138207912100 0.982703970028157631039280743156
0.727377813452378713861406526194 0.149271357238680559187518143684 0.673320060559246202529428460312
0.656892902448131674503794306696 0.818766544082030693846605378576 0.424192944491616651874855511072
0.066153038706098152751654220348 0.113721513330772834276470691223 0.128973931973275840082147787529
0.247528970379410583757432435358 0.713140659674604687658080072330 0.373925884640999964526228120730
0.092726736837152323775768158919 0.211167571355378872587628872750 0.240699408552787034885070117521
0.235943017586466029107023602356 0.884901563692378231008485451889 0.319706621832468162708858497314
0.130153337203552295754230335569 0.000976995674223492685486711697 0.627650322450184753084965338530
0.049315463948424887103338808149 0.486022867360868121412188716024 0.168220211057121956126142539493
0.419000534233941381588312036622 0.379469583139890461539627118259 0.308011335626095253568163761179
0.703658342380295050154950042189 0.423641487818595366834570534834 0.282663027858099155386544789122
0.738238908554297090723258954477 0.659576839500452938672426550289 0.754991011192455539868037454789
0.945160301379742687489702468380 0.305537648620223640468188203087 0.050255228036899446035662284526
0.241953156532941755377862656325 0.204363842125002960145693983053 0.979413756687911581694433657675
0.595957511773574030401581559860 0.712344051559984717441111492363 0.356557397689211067262707220284
0.868220979517444730002353036896 0.605246528818447622336559937065 0.564165535483586638831563058704
0.957599953028690785891041788812 0.066991652217053555551507669317 0.214732435173210197059981961794
0.155258956878553215178439624951 0.802921156727914221130095986812 0.109861064085221491160685819313
0.053187407968218554992316210354 0.198882516790999581587027258683 0.105679906859231387862815119563
0.359755071956635094602687573739 0.016748868787830264847450872432 0.803412195372605418094848946311
0.460286441660699557980475357090 0.568397516821241166800936277289 0.435169714537587564984812347556
0.697270419781238780626936401906 0.540130307510954308798523202578 0.383869803580690254172763353273
0.267377177771834880095615685241 0.703973659316644299840125922918 0.321490261068182591000709513410
0.613145219333311895119471892067 0.346959613766023944918345797166 0.385014533971578867498546267145
0.629017915282171850283212000431 0.767439628140557751197971156224 0.021666836050692858516524014608
0.458867891494549760719270937119 0.460287728642803131888085379587 0.327688740952795493451753806082
0.581162072439636774665465370398 0.150269684446926244843709963740 0.217233557765597403964193172808
0.955125552690423646813946423358 0.037391186004446099264591132240 0.024030227897191343206751478208
0.726205893435213770572392630991 0.231342601652825211671046859414 0.245680630220859148819336970868
0.725182943117395831512330332303 0.473271527167232378296746945026 0.850743406575862799602745928270
0.443001568147017358987401258331 0.439206397938270468691427711959 0.969719622813644744194071568866
0.166623097983107124706610830075 0.750265434296241835260656066718 0.884210595347067002480626042399
0.518158420585227863055905070053 0.380657722711688289608578627834 0.319106638200817007085228483339
0.128198465348996453442932394768 0.017486958245673706596876499902 0.090381174464593881571008985830
0.307673752346401883591520429318 0.009545518810146186507428768903 0.057556785174567405459417434868
0.658688176196662300902217417212 0.989108447134612901110355863810 0.397893097309927606219493435696
0.365152496633013405207945465660 0.531814846502412488049614336772 0.424133622181293570253708130746
0.213991166483807893776898422701 0.341823452046210557102160580503 0.390748692707487612261137352979
0.238902336479839663635000059602 0.906271553262811467614922378964 0.907030798322889405839653726829
0.446126178202830777991956241461 0.582461430030895107662351113710 0.140932071469062405514054165579
0.965431224357492378517373803630 0.619051330529755030069326000819 0.322095745392458451998726140215
0.904307847535935196449500634752 0.999893314110783056824617131576 0.082498749765655936659790753615
0.966080580908651967705148092260 0.221580216884145136686582612278 0.543975623910767154629060811452
0.731939681288822567822600642928 0.455027575893320608620618180463 0.330869185115384511534168173069
0.664494495257472786135023198281 0.376690767868273983048766715846 0.491376143483963146126353779517
0.114747869066911549209917813716 0.063236285782361883455168058225 0.342049112201993598991767365909
0.440868318347242880117031951025 0.904235565425718054853404615443 0.950252008121152551836823054433
0.458877070785226745622512638778 0.762229661448476575847735194103 0.399515202646449681058472728518
0.271036152973607075855120378625 0.655067314037133465801296532719 0.433299010341815989362666680723
0.508554823510760409222493516936 0.520499173011318167983474774072 0.179718250390107258908184234539
0.561930936487137907039670329515 0.886282542427502586118978557533 0.126460278450268547200554505723
0.978598502430356334768538911916 0.290463503988324020569121930295 0.095566241574056950005541894868
0.464643201449229514185021774480 0.671028589433814739037835532177 0.381815280821536029134036869357
0.075726395505734790925896005245 0.150373671572949542172646390086 0.729138475961563444143290957829
0.451858970832072318291854911996 0.042194237408419809568256107523 0.799464444601373004333083742850
0.998855581847765869338389311407 0.484142925477722366588007871184 0.038089344857787949014106407905
0.088589836889900201398501371359 0.499680252130438787591195606155 0.840174536052080912200531445018
0.124279145838651852123131036299 0.556977629883602488446787810762 0.575631310877247991707542638266
0.905266206076632633331937986884 0.817163362345395026890542298358 0.557563721089689334063520083968
0.071557909015452701521937413955 0.648608510062686197064700903791 0.330139328003466396062230843231
0.146501344670373583496868778048 0.363602533833261308290515808309 0.550493653157175980896363964430
0.166042546557003970914296186674 0.658456525976513210452701669403 0.546149105573808996836315055351
0.539623977129940416061356378369 0.467772266572947493681250740974 0.294471762186068223333339123704
0.310821373363130819087941318860 0.392022565635473895863508315951 0.820351710252178059462002617586
0.840027575778299154619223607430 0.610035063182038655821599783010 0.419264483471683023728035809945
0.961283138304972031326521848568 0.572576319406479208183486949691 0.674918115843300121663516849129
0.415626947925661232170601284717 0.922569711536062160067376934163 0.743522816841039977411573157933
0.649150241633360483050997017336 0.911833702910305864250388133324 0.347389527970494442387944837042
0.391501176380863303515766464024 0.468902929273879115791606652722 0.480118866555711641285818340846
0.214751739276776190139487150392 0.446192255626328847932367782944 0.986004717658252253399217402212
0.479741716478113108382208908013 0.363362754650437237776505645842 0.267220406807149505324889730879
0.266323075987530851411098133963 0.328727464484421836864630999949 0.038943845706657643422197256839
0.086001000400513786208814395008 0.112151180066158169971621694814 0.054807589613942981410933945674
0.969178230405504995638654327387 0.405919729916300962023556994469 0.184421067098714292451151268839
0.289910953153752479504068454845 0.090237035391184696557632158483 0.588496386738698903092418529287
0.881760541870883992606026674599 0.416505946098298039351734988982 0.460765542033476011271325250109
0.483992900899570629257506121429 0.501509315815593627692416344507 0.009153720483056552049044333566
0.434217524775854983426737922828 0.178081893952397824336826867286 0.140734090623017063368547152531
0.958093964420198626339742768096 0.550140463686436609615386140270 0.049244661538558653819265026210
0.437006919565265812328960573437 0.540771752205032189887575963441 0.133589741828241635794795274023
0.663316966089939166707071179837 0.207322988922185177906482076258 0.289819173983561087782982539275
0.773300863570281146928617513596 0.846864792795534690529172848417 0.526454314706280454996697269258
0.655189184842680989621886509544 0.800218817355871180396300904104 0.816461836592788109429325330655
0.544126634083490138362889000572 0.833599307918082182774461256051 0.838142524469273036068724592991
0.676813276096374266154482040338 0.811291381918576399200130279851 0.574567096520807796853407386891
0.541010323978739647035736817833 0.763369473099417147050273081214 0.487353262371467049926909908436
0.253752821861833621668209670910 0.370987398295161519334963757826 0.230958658947660649045431249632
0.724112760445320200581026521389 0.894859332378271812777953848240 0.377596387046603283967979441663
0.743189354322142457940517112341 0.871425598579354905682525216985 0.241848010662138257438234687473
0.692312091144395191096679031015 0.148408990200991407330142161610 0.533214437700954221801678464048
0.129649825643333496791841303555 0.611051891018471162705860549054 0.794728588178319359426402040464
0.335695555052842204936867024304 0.855403117096265983664952349502 0.766503359804804775203828915181
0.754909891262574854520715574032 0.804852616385794829370484178276 0.650101134399149820008085916592
0.165418114555987971178869021853 0.334213155220981430898175911179 0.602079712655818849813767178966
0.311562157983962918580314848344 0.950607727134391430371046061457 0.724867414864362555186417504493
0.256587512743637263378883853760 0.960108342641189815100042785415 0.582757831527139770957844394384
0.695733466885602811744198104983 0.235795813113721104929679056933 0.653129088691884942501509969250
0.414257586192193516512266969987 0.154959084112936140405023680642 0.101695949263244238658349691082
0.146660288771774425619711963258 0.282385089125303875936377224253 0.925917273119393241733830709703
0.599774600368475475930639652302 0.455276192551867932476635390636 0.244547879026865844072905729790
0.252763434938397530424827977955 0.214909447172002046169304052471 0.971491432618822605247738850291
0.981970576407045268363049200943 0.968900825684583804710494321877 0.855882042083588166923011476589
0.179079845641621688738311691740 0.448848914373598654102294717295 0.455188850059774714420369967116
0.092441615428905055271957228736 0.160709635147576275114327833565 0.332298997954795626679761470163
0.045354468534056270416524322812 0.501455231813049327372025746814 0.519767357755065541789991345947
0.010374566587705757846760683484 0.094177256791301044498371283300 0.853819700764969697642098087407
0.291286400390537561631179341675 0.762157076404309953854413355897 0.826077585433655399811921911674
0.720671846369982719908856141693 0.709462786570613248129781055408 0.688198545970197651390878544779
0.280083903559572402561458622396 0.107180213518054767041921686017 0.898033986604834472738593363723
0.630415664657354213855241771727 0.690681670055408161640090499839 0.954393952988692652854942360940
0.596343836935341834454290011635 0.460112461733228907754495712922 0.305282046412181310255249554891
0.179557361767606345158394979006 0.149204042247271023832740398922 0.369816090015371603464771989548
0.682258567064287611053994769777 0.593870248637730372438532496512 0.246298007745185122617052711956
0.520586057767562550322386551386 0.309122362822418081887169832732 0.393835312715165402124927549558
0.575344769586022791515385100031 0.776027129923232317790190278141 0.612934071056915443816905816047
0.870094459049217860702679710896 0.781842984591857126610204291557 0.104270770375916712086808243041
0.425700154641071959232896780221 0.731340442952752835918317631994 0.977471042032102473169965255078
0.558806697176024170400783871937 0.196748618172026165728888863582 0.345631039975121021181117675194
0.424188442421658626634414516105 0.501888764270886996613548920264 0.681220042346139749216029353635
0.772361991817592618866215642276 0.482803592059760442635897743219 0.678130038794811371403770063627
0.410242002495223065772171504937 0.674151534559045632785851173347 0.753105077941012055843625081333
0.616988652222474909450211612798 0.863746241939526794358409899199 0.151243261751218070343562861637
0.163857427873359959548551881471 0.311149247982544678836593742622 0.708595520689588910677670889525
0.908391475494111111612411386142 0.603406089089547903048107186704 0.424054317844028689438941645396
0.800584782107190884692085802740 0.869178140144334766891171625672 0.758529773684104357647167253644
0.149553552198979906515067417249 0.434081892645471511521442029660 0.225366151385050312977759441628
0.516074754262355459347558398191 0.149861001078707845957012555837 0.211630528895881801334327834284
0.529232416799101718439994395441 0.049314412655780109717531405164 0.771943978932081647357250789737
0.869840504286067423150415675779 0.228929326667857456701826984727 0.407455208755060115400110949885
0.079128853365424644581672634859 0.554829773795249169243231865517 0.364018349207527933221026181257
0.450587970988605617873277707282 0.249744901837482871506142051041 0.041905737530502521367448575657
0.201300000978697465514711534364 0.493307306677829950205732108943 0.001634487405585412724061238611
0.441000159942280460766870206143 0.846794323546572632973613607218 0.425688066948304126218587816002
0.675601035137422958664555114114 0.977885104793299798526187743199 0.318424906185838316346787345281
0.915050854469917438751078623563 0.051905797815009624495323999089 0.204995693137236789275433373617
0.271128905486223576598902776634 0.667900685724997540496798205902 0.160580620108478810044761296446
0.600381710504625433415680979235 0.898728781463491661082566107163 0.157390033214025932102851989582
0.627813669909358564491691072378 0.818022310633352635386677839167 0.591068344121113486568535973468
0.410919593611283429469528608351 0.722536063550959918270345889166 0.097817040054628078377701204060
0.504004481697536546855270276324 0.415974765477007048872123755915 0.724388452139411224383603634598
0.757675381934238465790432311178 0.456908554212578966438091544443 0.743127198932943381513641811062
0.178398669320208135289739865574 0.968403003641555672844440390831 0.628148009297410321217538970906
0.075798683510555496676199967415 0.993477394701840885299478852768 0.036392198206786044415167989399
0.016863398689165332607421925157 0.657577678904677953901391817944 0.798276142217273261208792109133
0.176620617559647607141102609512 0.005964901246303966303024536505 0.822983685117473138141813184249
0.728551792013114862386222986768 0.117398013401911999078514366848 0.484709857188587849744568115797
0.971763435915679044533083894929 0.147214194404070002005867747093 0.273047180702019815025657846643
0.973856694968343432762120901271 0.070350385489292252194507611103 0.602480784758776094518814423304
0.204511961036277277215923013335 0.371563321300411118321133260029 0.708606650390181425629724612891
0.729329643298658374042415930551 0.209953646944277816633558106375 0.892052314880592458677963391083
0.620672969044719285126982070265 0.316335940647738513085347590176 0.025849554896533174549212643720
0.421721179444403671865307141004 0.776285750029231242082826515498 0.139982576624562178359564216165
0.105993640731226614042956923355 0.602976888192942571669816904806 0.838568401553581466472394013525
0.160336064252071963136068338363 0.005984548130763266783545747613 0.308006345577601164931728539433
0.186214802595359336360944883973 0.019569908432456443131389772441 0.974612779040562639570173502618
0.631232841183407153411193964004 0.467132536359710224777178270857 0.719850955554174542235484262817
0.712556689771052908722240830200 0.912802068317689426427699019311 0.445929953718386381448029416834
0.570877002690619970982012374577 0.337188046333499341952732042887 0.309696254864274266782757932687
0.237029683879023698250797570480 0.910445554160687661216351221661 0.668964983561720406941908504894
0.864449710296230186235748012603 0.483135158865540034170873410830 0.765085773027816256255355249784
0.465740563262405632606638131897 0.953098180627700391224087877422 0.048889855423424130242731717277
0.470817245477746545934947109115 0.621022667651118214853677458262 0.725913986017124185243398330862
0.879049238182167009287240397686 0.594815404201832755983034231293 0.117899560225427027828579230225
0.837421745508298103236833378402 0.074829737782758773212153476648 0.359362440741258983491241739522
0.058870625072845032092670199683 0.379750063544597796272380771178 0.594840772583985455844710688933
0.108103890247377320418849223474 0.951579699867756040297869932857 0.637408528357759662032172642498
0.965930641467144586398976504861 0.410064302230019304142879903851 0.851976748030169387649388526305
0.185156691680578301646390371380 0.367196876557880250527951508897 0.835700671351954362609558862939
0.431555786630333297331833407625 0.218175906218168737159991949319 0.510888836833705696790897892065
0.597693076890756823551799982486 0.663705993451596481107806852067 0.903945384248398266588242823196
0.407695508609355463910647246306 0.253239981346937819725148231082 0.114136177496048272863108096309
0.363388061067391956184920546093 0.669359566962717725940846837534 0.177650392349344065731227761528
0.664233980100489803980500111366 0.806385187300261218270543646971 0.632911064692369224160810051217
0.804262390093932124426988897123 0.684056346525857878867964579313 0.486262952986522748459026787293
0.205326302972640699658800877607 0.621377309588360950750018063010 0.479565570146161875770590969219
0.091979301054353176828211318043 0.875390775441169625615067725884 0.147722016645173988897420457059
0.100268065444903582916336851660 0.886892318566533241700390426694 0.673916686396891951122542667661
0.681619754292909774337049216925 0.053111879255811724149017399066 0.271398023722982625205570695458
0.232602388548230712839551675769 0.666483852116099734235519288133 0.568701534634232190452602864540
0.308265283081804003606690394007 0.532054437263158722430270781294 0.944780846910995061095600644810
0.631487764646849746017349501752 0.282069556610787046780924679614 0.526149530785884673181284290057
0.924354212982417798827738034249 0.421323434141797638027950435247 0.293326824723804638963750643130
0.875278078058590392637094253263 0.997621512644216061528056111787 0.779794105873230867744075018105
0.590593564879210515451123332386 0.517362905215024421730352408492 0.093128486160284008865549646544
0.514310605629022137404789444851 0.160473629030418025398784261555 0.546393956575271483311162428207
0.158000931648796330127714032380 0.276012728752860786249432378173 0.856954165957272256196318601997
0.217688283165640563037911391092 0.813685122087148570154113941223 0.248660525884673444007146807855
0.799198168153814564588320108776 0.441464622404871638108284758168 0.863549807367973535705292777117
0.759747334867344246526503487525 0.289303445397822943495205634897 0.467838065951318951702999097707
0.884444655444497600914414876482 0.050966736043295250091375050922 0.996193829730778551336875558906
0.379278223666174506881317790282 0.514830119021671458871059403825 0.360346152418855183318848232342
0.786150909387188031378661623394 0.237871179261003297989102941654 0.812998143529264602570221499433
0.184198860496981937873172797262 0.346281987561018546524147676705 0.643318514514070449871018217763
0.779915478388999093073990415607 0.814712176452580621978939192537 0.998781581432553779486634096528
0.924717854846757405935006703557 0.868673868316817172409962051483 0.895893057251201032384066240011
0.809186401702541677545446847346 0.458812222669053841420062590155 0.617275769231932105316950414279
0.109293655712924538244209007935 0.584156922862449463825715702690 0.928048056637336420250571980295
0.883808014556567201631479516168 0.884609161130075498907146285377 0.518614663882416183426953254589
0.359987417098221088365737023572 0.633008837420377563063812329965 0.544786937315190359514367824563
0.433933361646713238443586236051 0.330584541604571015237756441824 0.687088825923911817163121734721
0.089789650772991635759365698817 0.529801132861183479826351737259 0.085373191033255668357782044075
0.057096822413345875082015850504 0.921652517893953424447217329534 0.736892107724189891277330482312
0.637374065959506478769233495836 0.641292060997007387122881221537 0.747541492992090353560616002819
0.756832549106101440835804410944 0.389093229677576821986954202734 0.355596843288891277577355708397
0.656631234694332209046575876105 0.976721077969760676059036118015 0.801486121494659428243707471547
0.774062029960487546934983951165 0.699218177259012169739232629404 0.957647229376732691288508810107
0.038697144486965755807985394783 0.572026955772737974858623059888 0.750987628432276261168970388747
0.717239342711553930763886548198 0.746031192365317987747572420950 0.466481201403221892223474452221
0.172195771668538804493157253662 0.912655990868632201191687423083 0.924913223395560151512671368461
0.974158214091873442262824782855 0.797554750381416642203016874254 0.469185615968688084907567120815
0.181311673422764011882956299882 0.921331120970596792091538323855 0.748803311096150676015908854608
0.720907254509107909562580008699 0.881878977532867125947291389879 0.569816435612932441794499344587
0.136177226887101796050628224013 0.104512880820682911382536242234 0.668911425355119347104960148357
0.412458705707423441864499591460 0.851046075315868860427645372489 0.511602500127105224361706282500
0.330395805565680319642050329366 0.768750769872600478834826491631 0.630942823251469633455404818357
0.685127290249234267705996961615 0.162508212878130012493455520035 0.954484771704550121905136436950
0.290771118628533038647305339064 0.221302610868334151412344149858 0.737082399195772294474065645686
0.986910618645408866992955646238 0.421115782483773527872180201876 0.071622079341254061314441344536
0.664444799096383058071575305277 0.165600997178254377535943700076 0.146156459669963759514414899377
0.371628954310808464352539361704 0.238353535467778968003053122900 0.167097747355934305973732584938
0.186529455602934575727804023726 0.056592041832313243267800959946 0.285175948859161043772540121446
0.275344594099094985059799840850 0.910976652125562166784857362120 0.532155518103783520775238768133
0.618531463696172015736274580663 0.741741404463027270801228089577 0.581612225229163747306225255307
0.939193355956470870997082279008 0.459146820117102924702905629853 0.751344964074429889841339576369
0.305865298092142351924540534782 0.234723405874712126875692207565 0.369688895870999671480852885545
0.023401053685528186516159918998 0.801353232922182654945164428407 0.091807251557995480519927921738
0.337542100955883844672918626347 0.743346628210822348085977141163 0.708899957339339501701635969348
0.915176560323833310708960897478 0.705358155398956301931181070600 0.539156265522050839870954708913
0.799295769816532250068253490055 0.286203747102852435248463657894 0.538517059373484999959852662299
0.519121279221037837753618586807 0.771235670585774121758852788604 0.486037178996093158265841978934
0.286457391478512161560315398922 0.963949521373023458082975115677 0.955848874441243487933456604174
0.366842071807942520983605655442 0.967860454923049203279562774420 0.009299169713177544147900644835
0.070887769059599058710440496958 0.120178076166276401244372980733 0.391589762451852082777946805788
0.058222434912695264819184214244 0.231993245661242742642169525917 0.871098615515333334758173070769
0.190950034092181113663907809928 0.578234686872838723082980694644 0.366999975780421005861997755793
0.881660230276525068694835479944 0.866681484714053729708296452411 0.945958190291026984917112064123
0.349525599640835823306468563857 0.940232670319135626485085060622 0.448290932872933727753160147579
0.756712826435508567183791108267 0.435680035692163817484632561343 0.664697794485876310496847485533
0.789857802087917557229402330399 0.746460506303408812133442927326 0.352663262554548526617068460662
0.601394015501000291383658211702 0.199716847228052459266601912316 0.587442983959844576023863071897
0.961272351921254312467439643762 0.496249534144340233973824906941 0.500863416781342868335946356396
0.208753321435233780610041276380 0.399600246317249861103017039507 0.588326711067081038809161833555
0.342393594528180876837759234186 0.815576081179359341493361187722 0.940940410505661633299363661235
0.277833376395969571811251118464 0.963307636151050347441916749174 0.795874324917175232664284900361
0.961640140225184356554979833474 0.266585988358657545647000633942 0.747217124710121759689451160836
0.813763018869005184645288782594 0.745023605919411830163735516003 0.083384276556293405217020814092
0.480941790459055949303000415234 0.370026204902386713903892095970 0.457700263703956069354059730717
0.512194425288984535217908887190 0.163347025893940255140478242738 0.130630889701280976891690168992
0.875565383072532555000606711278 0.510063320966524039948669918829 0.034718153930995720812729883275
0.718038510147884207423945471992 0.906934522058546672006944670967 0.692520952966085073127029712002
0.451207791493193185390295702777 0.238474348886151863579437133876 0.983809218517851218499355555798
0.579609293603212060358176653268 0.412111366833899175548429461166 0.050785653275226463431224502444
0.323172097361895120740327731880 0.282596544556400938953767748487 0.374153571826341798781490066959
0.275743138775862802163649692654 0.560735300604652596542789577215 0.047765104735203942890427538700
0.481869778352950033509573222973 0.077724976689912163770360532358 0.769401088582578697198394735588
0.866017585388909131761640334612 0.886961855874828456652275696667 0.578424832226458358021792626200
0.576946876315178524314554283553 0.240256749320432170634841857304 0.397572033217413905930470690892
0.774893418577378356603988807105 0.130418659751126632469022667298 0.706527431089743931861074705558
0.879810139608286215582776934331 0.218832068831298520064649671826 0.314097066776057877487730638492
0.344418004334459262176122960265 0.758824122141984797080344634922 0.509643391350309212237790463675
0.704625385934979972264736150115 0.107189402619728688366797043890 0.332239802441042497439369255277
0.561860889292959341534073954437 0.557854067104283164367158807541 0.531801023960647978302697058627
0.607626587559982877658485465005 0.468233898470675681881635178300 0.990136545198197008719193210618
0.211771522367290126412459527466 0.369480925260557260076680937985 0.348065285201729728735818049207
0.178086225850682173449926908169 0.109439345013465120527103565845 0.402883089575890360720022268268
0.802960260625749220998766725043 0.397416746822195568345636009570 0.656790590872567225691622156257
0.752508030819585138859345121192 0.149877085070044322487449316257 0.882436566059553823523496537517
0.418098209245435737228746245133 0.285126895801110946151345701206 0.497222058404828827193969095795
0.230751848536707545717498129959 0.291757314184165577266988799306 0.725091461519293916651560354993
0.471083917153123756359727625229 0.700502513207328604100080226275 0.454364421187981887473243029129
0.664619419507141428595122438825 0.273695696437923368035698289124 0.610294702543748361891623111585
0.572030371807162275295328252314 0.779726452766456038257259184599 0.961215048503155404875611042705
0.731442961445143362479057852846 0.918241206747819014369880018985 0.864793780676917702506927792089
0.281052399311977355863337639530 0.268216929988713701395843395694 0.960515849188762177965142386983
0.710968319479027213108711070019 0.313048301680606288625885397716 0.408562035744040967037935281595
0.672032307480254819452182494849 0.509935808858839955104925666654 0.554581659083410107668511453179
0.509110641371496031194245227853 0.255284964266397004298832345963 0.912604519627693078218914700943
0.868963725404274844070626065733 0.155308076244346928286358718210 0.822480600926463589436415053577
0.474396689923634597599378613719 0.420648751766672877575442685952 0.721582562058221840175636064560
0.170770720869330812722476703332 0.580511465069962912490232613754 0.492910673627827201318758134236
0.874356974209060245751888725960 0.790834229603208338565414564456 0.163994663347839468440051617866
0.748207585440457656245106414869 0.282568654761451519659510252181 0.957172785436374205177421058977
0.990428490293147465755544955750 0.506681299567332036654649978490 0.248652492819863401229051649656
0.973432411889600066417993681254 0.464029931151165355725273799226 0.158104922382917598145361612113
0.303429618520223366252153987525 0.027697827883809972874543107461 0.423646759396450569236899690048
0.214115286716461006193237314809 0.357068048195284478429940137939 0.601864363784148790525713423000
0.233415574627008707714359858413 0.970268382551457602462870211937 0.843510169809396297429930906397
0.524989961160316120018999780181 0.097314377507122863988747266022 0.199125534381112904341388227828
0.935171662915288265707735603258 0.320448638551499581113774191517 0.223846374585765157737739901003
0.542983223203283811318920576990 0.216977044645498115512540337047 0.598924471179140382632799635347
0.443646964970332061572919469415 0.952630243382246528341617337201 0.482620780288775939846709953434
0.903875004712595339514086935474 0.457075290854960157252284750321 0.990471529466403400855933531138
0.370061189904466817586975615713 0.050693510546473752065899844651 0.154987950624433336195432153631
0.962274994529281751858281541104 0.248215424404917117843530009744 0.103799621512120672664730573979
0.599177118550968721312669632438 0.763136202365582135613067745576 0.937460469363054892763305019209
0.753369511007101564114571346878 0.753542375261951435214333267617 0.740250337807708458439896071015
0.978436663623313121999890912413 0.882818829356843938808556492481 0.337033206778021505943411505917