0.642402850187983918478422734158 0.300954944722779747822245900129 0.796543424154278982559755943553
0.455295977820589000613038194005 0.292727051113864773930822240856 0.656814199176667272617183212222
0.226341394510454387373014502121 0.779655088815681541898917370102 0.017737216576445016707540326783
0.916785320392946759106698369488 0.773718047817605432968009368316 0.172970327431909145408935199052
0.067292375872546243904323272050 0.995138282548601729437013759164 0.127076749922824986809809744432
0.854174996574689373998483643116 0.675230388251022555419384371987 0.382445862265089935833637154494
0.551142182925100812643362681925 0.480936279046430292116599237083 0.491726043978601491788691559130
0.699734240914128636380428893500 0.567607022988754768929518951571 0.481525051427598350029772775833
0.361155458199441784541823548585 0.828569765534736972673468259508 0.205641941351396405389045780566
0.314108097297652703544997291963 0.033625042951179520930382863874 0.618705646262940885827448253262
0.941778116594821025632881122934 0.076073552620658182189053140553 0.105006134750062643946006925283
0.245484843162251132670957231085 0.315204581778902024608039763229 0.113619338992929193811578004872
0.236647189937400417975991123002 0.077211159497969640218110942798 0.771271051914016579646961220252
0.374162359769747167466907814323 0.477323655621718588735655362051 0.711066014051372669905347433168
0.944931725570099075555627686534 0.109018521285591394584566463573 0.892421902291163552076264411120
0.822583834308366366118509649346 0.101304801213053495871306191828 0.902498296616169672449224435815
0.642413801622143050824202657212 0.287539935580111968947057336015 0.171577716235159787456968261969
0.115682629316204316861125141259 0.976776034151986803140167182577 0.329862476652332506232812215956
0.890608134164603886095125949542 0.060154885449273072038459314727 0.822495127053021379480239368842
0.632957718748544036018132183133 0.567340961499429905103924301155 0.628500262050087485178996429455
0.428317682046339086164299252131 0.059206355210329187316620309831 0.756912163725600791152762452876
0.097901412506192308845644243071 0.051034514603690230144964438783 0.836529651639192821518132464340
0.245965602118277925033924258840 0.029808959826762470119487627388 0.989753375944900533951288341324
0.773729721929133534517201706137 0.507282727582201771500011813443 0.667620721613414053184393403920
0.838716212503762414978535799557 0.532619784019741401535063185306 0.718379855060720985324007996257
0.513394817183120804435761390991 0.601683916012339628461872894052 0.578173446200663684355294326884
0.125355722235853319317841362355 0.240082289092166026742502166247 0.370639805328808004829380901516
0.086837515759271217428421486710 0.495566615487766107551582094602 0.341787827007869808682989950023
0.598223480166374771395640229572 0.743854069336321077940531006577 0.528731468063285470504495057686
0.341787343689036913027818500562 0.578832501078381607319741290230 0.731916162157762553041016674142
0.807823276649999652866347413657 0.778897132960131982539200119258 0.667075755833224217863656831150
0.309017257917602108486644424496 0.893940006515289793508712624382 0.401286257034457153791288977195
0.609209726484567875107405347158 0.503952274917154611574076921128 0.950523748853422816504693400823
0.431516335343976171130028836372 0.450985247451340805144394420339 0.335022058092433389962045157403
0.352155451391061880189522630541 0.170682594421454904737711013402 0.971488057204895633434516062962
0.507165670229651166331788957852 0.327141046291461571368490433397 0.476682809822049745423249552085
0.077071554219613789213456952344 0.264174157666375201858779734781 0.639146816223734610427391387959
0.796127817881912902219180998121 0.818911420145950374051540033422 0.221584455567954167958548932236
0.792202246222401519830961333168 0.234414199399269120928055482057 0.342464129715435546269390765827
0.264460192583387448770775036911 0.283426313509313313340126176615 0.394294178587153268833913241313
0.051100462959417906481410618555 0.667766114958563831940787784721 0.121582844481270601619147386792
0.036592977796408632783145360485 0.552197126625520392756534213501 0.064114686553803648505649285234
0.387583004336372277166741936570 0.471005600566077795513115966418 0.321562725690051940758082312170
0.135262876055969577935912436363 0.356682528679459720674416392065 0.943709086459492996798953434300
0.116004312215628987833283913505 0.393293834373256259385272299034 0.589329168818477620245143966405
0.759133204649895585717993349429 0.387973673537007812934818405476 0.492611583441920899341882437297
0.101318932574968470818916292742 0.170890738618870536168177895495 0.408521787672505726122545479664
0.268137029479361177523738050109 0.690926897877126942346446021404 0.666193715249649883585608883257
0.866373156683234013407093281015 0.331136343534537240897376433737 0.052424668625328697679491564201
0.867782116695083099903065422743 0.843583442509788559736898153284 0.726277872134327618163120242228
0.417687513569444711053730959351 0.219888907620160107825965823559 0.238780751342592191449731728694
0.444362832790163909686698167184 0.688176785152651898972210203557 0.024405460892020480257279031535
0.629648188182671288905760971977 0.852145852938223752965140917925 0.868752634736963538238909166999
0.421106378254424807205380046653 0.062898902222749485016084788884 0.893679725940702171166080251323
0.097029177065880950942084646420 0.486992390499218839373309187835 0.256621799856570332407022359720
0.020445799028235879647073415898 0.680736068257389261299254402862 0.807659096131325966212059477361
0.950347588612100025662368291693 0.179613529054964168461877424998 0.518820435504178732765901588147
0.053868620481280369311102166296 0.772776461139211975381413508148 0.494384253555958868732878711405
0.464428692263336721137696076060 0.159446322139506898112455161527 0.180214273570604523023554719807
0.594376879001084953053496530940 0.583968538062016711552561223238 0.632577445117566399611519651000
0.288347633791699234470929325452 0.096136749715834335366519468004 0.053870340427121585066173179023
0.798048623657159418505373506890 0.014909320760390867513133952258 0.542499278955671626727265340635
0.233322647059687344470422046617 0.888439181893957185414868730513 0.043070281442003516637810864608
0.129011893291757371991949830638 0.649357815017092083377234450162 0.812654959733898949561775426937
0.556750743024089885318449069077 0.773880577605390842340864163456 0.278854410957141832523396980752
0.911031827793218080984609689251 0.126759771720538498938969072679 0.005383228174880661025812186817
0.217031192141156871365435584831 0.382899566898763327551827745263 0.485463482490902591916954503408
0.008401915102967261257088934580 0.992136112224033383478931674457 0.309793388429825581701356768203
0.093967753578188990868187403420 0.454841536840501123327291307805 0.373465074050219412320214039490
0.984573223208868675925209275578 0.159492772829107125817451570347 0.488691823712042427561063804790
0.554611840503158691688481318106 0.153391211689334612525889399386 0.018057578142877364949561722386
0.931743175701321574476498565207 0.725919447458903500552622542892 0.470953595706483622627412899638
0.114904395417715790585026048744 0.715828543036141762005813103895 0.412148170194219923004355099550
0.911064843662456625941708646128 0.392633253260739445838148189214 0.725900228443962058891343927947
0.288486068900244632409668698499 0.743435631051508399910758314984 0.134196843508978603654601762032
0.100492283207145679104375014594 0.189794059761113813138095857256 0.932926187339088429359382993275
0.567321592395814233560934890044 0.355075372120522713880658108373 0.216581945026707419330397119046
0.278136524531027187573176860310 0.583178684648810864117069501311 0.049834763969575457495205612942
0.068597728562929501338348419770 0.120052829259922370957134472856 0.388561147982866869668850501558
0.097661548259063899826691495865 0.577034990072225645748868491340 0.624873281734748654230366353104
0.775317665827087766290111089369 0.319252442627843340549867581229 0.453325249208242225705798130039
0.059530468869549880782151261467 0.969957947629066792768950807963 0.110953421176032928114171087583
0.108912167530432761457817446495 0.739384009162101063486085394694 0.479925273039808606098803992773
0.119594818105024984577583685200 0.400924556494754136479896609428 0.900203709958069279328784527686
0.244025000592640733497566337150 0.613546839244326159665638190426 0.691713070634218844875091827906
0.969615475495875112202494712233 0.684190071275567082151341311801 0.370656513393614052840338272274
0.468961427105661656417552077927 0.992400037020293740008166464712 0.933381007395508025627410628452
0.813396167108650541834644916202 0.277566938993492173113278076826 0.793115842846703253726047945774
0.700972145743545304378923528803 0.245180323832896457219326160550 0.990268840082088951004557658014
0.488952644424328783690447915102 0.402662318389511440215501620261 0.230037499061197324730222625356
0.285351920541581718294597927756 0.470346673320010539228534791478 0.599545210383789781524444154147
0.625156978606215706575366325590 0.244974528320912793376341054292 0.255910901985623110191393700954
0.919405158380772364351034333104 0.417948025623265618921169798724 0.799884014719207878802688540679
0.503830236598750090351540746932 0.653084802365692807583195743372 0.812345257034882655422456304494
0.388850272651837905670339012201 0.600959396294555734791591360603 0.374636250168428820937473017098
0.141455885750728332736125784144 0.161251573297080530141646506274 0.100986159941047096019302412639
0.029352619120263137240821348154 0.463803012049276776062249043150 0.895680117218874423563819740868
0.960694574816930081077652014549 0.704329265753824389103539437224 0.986686564136428304037492954327
0.189467224502560149945812781055 0.971203030975462340569965391440 0.633796488310997373260181106368
0.965131311368034460339011164050 0.327161263430062862172150531724 0.642615876933782069062654939213
0.998348798813236378695609693722 0.523693606517373820860739237404 0.216625304274502381820611984496
0.781682732701867888970301086225 0.514056774858959350363400108598 0.395995828041274096400288043338
0.810483172953506437597124272053 0.621878066252175879705921709551 0.981890209701458165818184309840
0.365178590472026651186478390408 0.528433945779303942166049458498 0.000105832824766031340930916031
0.221748849129043602831630354855 0.586327952492940826086987195289 0.824651034809034089320973794884
0.819834180444653053408708184839 0.538974166266569567505685245820 0.329635508427967288287645722507
0.453603628142074727500090386907 0.321003407691217848537649202315 0.439482056929343035703892597896
0.857901431452399193077719765868 0.112589508310914487563268216517 0.185915124408216457095276849362
0.633687790289325621954805925038 0.252767677341539824116896349184 0.334213528002907042380273150898
0.947390308876054572730525207488 0.064839284302439228260948860608 0.540446944661490738296168255665
0.093542227329683088827508817445 0.957420926205532754348804349613 0.466578817803801306088036418581
0.219584580700654606296654329122 0.639717007151879689615292098861 0.696516529428461637776260910973
0.766428547040670937016928279396 0.692787114278134072763128704204 0.957206953034898687712406742383
0.775747289077533898245148061965 0.460805041942712498350567590009 0.390382999445166844158612201498
0.323530240277684744833226531849 0.241349904856016354723305236347 0.483642025840005886438677564730
0.581940351861443239150810536462 0.188842157186551048892502057459 0.023451645136594736088945103142
0.158199392280314849485252658799 0.823165218050713720363974825597 0.021513880174779228401637915410
0.315926978605032771354601459438 0.385347404928450904996143875415 0.072508019036406724479606798364
0.519454626196989351355907417409 0.607041296477833977768665026739 0.784810164575505534495609971649
0.467428542076533667974466719776 0.586759172687041457578710331418 0.677931085720008183186482286890
0.048494011581036377019573946814 0.025685218951029759613386274553 0.747008549060548041780433559851
0.432411992038773070610287094919 0.213300099419413366453582725785 0.124545713258812486812665924908
0.763746478891831584103656659297 0.157894019725543337151186630860 0.728490896107891786381340183575
0.403932047438414508401121020458 0.575662119846323132636677421031 0.451192999947448246328801462468
0.299465672005333185714283155191 0.071155327589300874612197355457 0.874680509472956890344832582752
0.785384646638675756453926323258 0.504649326954358015629118548551 0.912501345330426875138407102065
0.373329802238877824767099777930 0.404617948148968081595310791203 0.878808506258280259385126103332
0.585454374177410711671269208583 0.743593917436049015536872506958 0.103742235688294493502666341130
0.270236567131039747761885727962 0.069217826031221365751731467043 0.939233856695221768365312279769
0.841929337099688454025383125760 0.430880492666083273190164594012 0.469424780964241411832926106827
0.133974395996334064683332868008 0.760014776136239673994738828279 0.801821869007155531903469774413
0.528507774276705837734396403497 0.839154926572788451764856953171 0.744081783449802330545272270531
0.441195504968137678304602993390 0.681487933950324332009517304576 0.181996961973953846519540814822
0.965212090997703833589755046733 0.260397979240120241992330761338 0.347785903273539661399301365642
0.542633092020692827609887968816 0.936145771724501454735205465171 0.564803605373932216315091907164
0.452561457074708318600203533440 0.293609760528719463511460763629 0.099901158603592052900120227959
0.104120373575383148674539931115 0.461484835035476204275072063375 0.595075712143572786166800483327
0.925492254021874337360272877997 0.868986893657346259399443950216 0.406447358332828301799503971417
0.141161387476097729449946007871 0.020654590427486750356546850697 0.897952873866902727955483940811
0.221920734485175776658919239521 0.629167558289943670439144140922 0.381278645374881794106407445366
0.581981297012518457928525586641 0.254285510441974576959927290150 0.581544717156429125787464851229
0.982366704492980204171616226690 0.763202826594080380689973618786 0.322322299967605175424918894599
0.354972519738602994136100630584 0.217381651532568136483744277449 0.688884113677694701284484794409
0.613915226920943014214785214496 0.924081351872522721763268044225 0.547275141161426200570434391652
0.634987195248393458960023146031 0.165679735344602214350989286418 0.727132166162755897458745202707
0.036355230322989094864798786714 0.261557482604454552969668026022 0.724296744824822458851038224909
0.820014371462953649586778783412 0.075758104317543500171274173734 0.695385797419377101649000394328
0.087554278071759701117096594034 0.474130601972958795320081021649 0.512900304779059160236809611868
0.055016524183908524053303573907 0.933142311788343197306034631811 0.805617961147156182212802373101
0.981903864451639311268235666632 0.581299067533850514251793365597 0.822094838511633995205807252950
0.060541109273815261176020405153 0.214605462627183318895961545069 0.592945719280953437849198359863
0.879954732574442617094259259089 0.543661972963380560516603284032 0.357819630445388425262945961140
0.705510038889520418277457153528 0.598957404150345469237667858422 0.250414681136364102279368170679
0.704279908756533637533729098737 0.802273625919364537022898637871 0.094936287523266636859341124521
0.357656228177451772827712020934 0.935560768506664902494040306666 0.904162996855378255514659879698
0.061743193767473290531785894597 0.713898729034375047596880911624 0.331863304408767185046281212924
0.009803447389401888373339045473 0.893957091785813475540727349760 0.930593560048854840449534258913
0.214223293283037052501666846560 0.705709267041325348021957105210 0.043264602545505605327470285111
0.596464036565174104225841007710 0.919624030757516070104663342860 0.747426611524530731537756092560
0.109408875108375577293670746271 0.718956492225620872860603343028 0.195377338726430417712417461966
0.194299260442126995408181475102 0.789113737728242513452734343439 0.969812052947887715882305049647
0.138928266157286589368059905000 0.325697689831398491103520116949 0.997728851546254633638461419658
0.927439238457234850037417405056 0.431675669915140868710806649653 0.517179331371615786927719883065
0.883571729279269189484310834211 0.268568560932572584957676469463 0.955575095055255866849017502629
0.472346098857077282081675144461 0.828199209072942685289549915284 0.524848047264057334937310333986
0.386452277158072525460618182723 0.649297890229630981078143303937 0.883027489425840368028954517376
0.575663155937785503072214394586 0.206079357102038791367702579325 0.422571492144840798592115719318
0.299072421961268621796451152856 0.427869485995726367618096877584 0.648224669434788237303740765814
0.386539790787111226854933633356 0.498484734403695898269313300373 0.561110728944870446392872341497
0.258786582097827506669922814267 0.202778383079959973782784744385 0.485141119959954780603684131825
0.160861677610778852755245763336 0.078543510760572179888241455964 0.273224136879101331230784586546
0.452594017533140799788608111930 0.609428826105431057538309482732 0.370805593467599363309058305704
0.839273653037104075578227211684 0.338063113410885490142797629141 0.410983526199064749426465000956
0.422445919339483132290996558518 0.773670774404561169921472453900 0.933086203353183121544784434027
0.967362495758878704455746672303 0.189155799685122217053304610791 0.288419807511736407373563979869
0.460878258140534931871271318924 0.887729860809309199220115561967 0.116075512737512644979322639647
0.351982521789994136847897762627 0.860987844139175929207960845358 0.857500704335370656008899827636
0.515512338267943384031947046000 0.700721945266863586482131763006 0.996144844962824119227048684336
0.769121710884393670489091783781 0.567885746503606611821193337819 0.313941324705825006849977443978
0.739278943979168251531450334341 0.746338990990345621361972097467 0.381596821943296216982585177284
0.373427197699733084131145583035 0.209333016012314714536314833399 0.401829636735983148796070577482
0.830699226296138430260096396984 0.325486400357645308618390391793 0.559685507268201582198953879943
0.509772540652402655805577300021 0.081970786815971776780828201667 0.942651075229190717312860779117
0.520487688118734008372218355517 0.827312225697664065893894623252 0.980143409942822922934042281265
0.263719899564586448686106907899 0.497255884024618288263284184406 0.578789804913145271122848610878
0.485146614761216925273321018373 0.448900807255864879207354284989 0.248088937996568018191535027348
0.863641868739063933687285935364 0.106945081023037791052108878037 0.921322427434439355929414567228
0.418577367279716130408195527773 0.300266603630289091057617941522 0.250761877441036073598068338358
0.805823783171187738143106116203 0.546913766852225078055407464533 0.494541669384176773315885422958
0.202877746287090821213821743497 0.471408197088272565964984925716 0.403255730209858112910791320853
0.831701826251489739943572974081 0.327082877424596111918862915162 0.152798301271272186919566670175
0.889655474445300019810861514536 0.793388444417551499407124994785 0.956509070665753104947127436499
0.121648926876733981955321855878 0.535416063611761139033225378461 0.392427812087028681650737843525
0.879232293456510835386552608332 0.900303007943265472459135363759 0.985162897510205328589691085280
0.613506294832802657154797998347 0.989692424815123861390662658373 0.396020078315270493601899747077
0.043803429638086884297930972633 0.527544576972303596343596678147 0.576407049931521003039689564735
0.148366579351303607052407060477 0.871915467564558240580462820179 0.684119236938619578026574486074
0.346500971379252430819990678674 0.753159295532215100180269365475 0.897509483334325095213826955695
0.442840553525664328693438619303 0.079984234814849664272681040223 0.451900429741656653592969956236
0.961217296180820847497491419762 0.019523216964073003129421822033 0.341872296755250731063350444929
0.081543528700304153702107871745 0.979789577790434429059362064405 0.315910932965121693831440588312
0.333748471162125954428147057279 0.492184968170595401189416389471 0.282410371800759713152628810190
0.136694172118382377710721356242 0.764958577447133463523598451737 0.551409575013442823864905890106
0.567136269641484903475238913059 0.888053360739020182837500264073 0.127848686549271722855046692253
0.467995615638696846313552355783 0.358930561032192434916473967395 0.457997854678851307196280917856
0.611572791064802855044934010071 0.871236130680028471634185430248 0.911859771329802431732412354315
0.121427506491785032288252345819 0.266858344317783269607956573755 0.613579030270831032344827732556
0.108358558102542512317261513397 0.412072619856791535780193700002 0.585702479935776949444852219808
0.790467743465695959996045849100 0.850320185448416136135219824963 0.051840827713389598366260721607
0.772496425005952239831115388416 0.439642550057527701995965255683 0.524454760097877069643606815800
0.343737276172880717717350616313 0.158968077057157403414562161199 0.333094943408665330765917480569
0.325362606988473561202655536484 0.953904065434817936791920343219 0.552938995687361045100121497747
0.151735131246604125237130999091 0.645297861443487658081463053320 0.382466362699750552688554219254
0.189664374401519822277499901313 0.977170060647473047162918654943 0.605435557000038996626033315436
0.970725906680075268363049738136 0.305270632508609791568748136167 0.251948669761971302227299058184
0.935612671915303775327697600902 0.650123731409648994469110547440 0.458557935688395082095405613708
0.473722509334811463806961855515 0.058657725424896428612545076857 0.666157546780957478525401457742
0.732148607383565136453186631234 0.821458699902708042549754429396 0.673006344798197307198914994564
0.217604950168978492404781550255 0.806453864986098589318190065763 0.917864741498754471067590547517
0.753389497247041408786304850496 0.804610441549829159208681118573 0.715598635706251146828901669451
0.125642374358501098888516594744 0.366794106658333199381313778549 0.538723573172327470794155695178
0.105053660407150059413016051568 0.012018669093873828758435894500 0.468599461168763714580105348724
0.932558107510796188953659977463 0.784141413221924655788587832488 0.039925191423091366398722982570
0.256791107804019493665397272956 0.831371641235029035678570632140 0.950145384453124768971467464216
0.521998250692676142365557727327 0.656581352855826746993950979212 0.662176393579895413759094222536
0.579099011683931008362354529368 0.010772011306576801791861459660 0.451335893202724481240228827822
0.279003302811534524744417916644 0.888584185894330822267515108527 0.594895874088609911783375254551
0.958449841943516445311737429386 0.275682318683749304772646506868 0.001660960110494746469150858807
0.892726148543198792433091465620 0.092938796745515676826587589079 0.376538209161248793018735473227
0.272403320159641857313148744922 0.284100406938979057737637581964 0.968924178480566810972688249058
0.333333670577243216798470755355 0.514638133566587116304538496001 0.843967210556232864894884134874
0.285278811568376542639082025812 0.419943081630590175592815670902 0.100013991068560870177149130816
0.594727946025902528308788811922 0.965215070484684960288707316428 0.545791341158149838519818928836
0.234368618008473915531954595885 0.337127418576825288936181866969 0.972543408690074954897366452095
0.411307496033436751115289171512 0.204500014572770462326318893179 0.402727048398037115367849180206
0.373085626800155783081148261091 0.039960852613260801653052833845 0.690868955595638622607084755417
0.416451144483126029463391268744 0.932493046041049582010166697698 0.285052715636405375138706130835
0.683958308206225181732081443598 0.142125302618019384869289232218 0.638452948003175650499412731157
0.789461391642708417634785383694 0.719137586012095263660123585105 0.013227613507179517302669530942
0.904567105584559527768179781315 0.802059223287888222601546213788 0.846630995963614869369302220984
0.473679132644654923820447838661 0.817042441131540725266850694181 0.933507839727143974391140458698
0.052713151111480818923954200881 0.802141568669817091078292010895 0.696762829459133043503403658316
0.372625804637102206627965066257 0.559880926816101755319093567627 0.060926777493685931465554559725
0.699730533904789126403436865553 0.168787341465865817261810944592 0.178920151854727578193371787674
0.091313298776293395110159481892 0.428919024190599679878021072526 0.594413126664864754605724731096
0.987776457934856378053450069309 0.465476122411628905718493928696 0.814580966688442011127717650060
0.059564890080936881314328941119 0.910738844244377312785705014195 0.118272445888084675512574982742
0.236721662051568698581006406008 0.468275888443740286234653596545 0.844373026829821826010119381881
0.657882746467977591644735156801 0.987418493556703963935899021131 0.928258265618960015818438779858
0.624641122753840153829604530796 0.911678850860318475362722111789 0.657597994668555392650960747639
0.714963741746087506099325835651 0.496275085782764790680537809691 0.028648522596368961241439843246
0.935651053744668070663581413209 0.975031957507145677418288430395 0.044551225273683415239465102095
0.548990098247134083061431070588 0.725954432562644339449839600412 0.779818525841731561050545506053
0.881577050946292194030696127740 0.527170559806363530847347964398 0.623536148908366818867239279730
0.482334836977997066457321708223 0.853028898323534188819322623198 0.833943944337255122044013741190
0.290734609648547349189651289989 0.213383309961092443706915123090 0.160512992001044270599837609549
0.691472485136574785067255993858 0.349368648157624098772183127728 0.813488680439543628554405088842
0.941537473205881484339412651627 0.484632352678651805160807502994 0.562091862429164554957017116574
0.180165405428883209068487694302 0.266546081416668520376098990295 0.911591603833239608935579160235
0.423425108405598917749241419186 0.330297169872109993347654988058 0.982489549516217739746537760826
0.395905104021037581124019025892 0.891992593154001090355286124011 0.205267334011094781754391509229
0.379690350356376398819930183513 0.230843781170817292501737821368 0.565079764833288665232437611121
0.797682009427046947647547753679 0.665034256131566250697561313078 0.637655675438573893391138072395
0.400774740762903299410683822560 0.010144296753295376638903001674 0.693916743061573852344300025418
0.784582182149083009940393586754 0.054449385555018670240106675176 0.520559286375011912627881850944
0.441306652348099798475101815257 0.434153313584078449123304352276 0.614333795288925503038553494625
0.856142102340793196394608585866 0.881247105309552335049323046433 0.500776427358645226644795102929
0.709995710683783098297005603125 0.757229011182249017071568789357 0.725977049878797198741273977103
0.994915540857539748083750557428 0.284602075633828469536857701990 0.688027068048964543360846990342
0.086410507377256586652174327565 0.399388004218760958320085304298 0.624255324820262693846824166602
0.308216289273662637241196887614 0.367842607038578603175014152153 0.126746769380463075094553272298
0.708716871039122615583078665434 0.036660474902264399493738608503 0.152218568473732178475753721501
0.399036485340577604443923388787 0.039048759640866121517827532015 0.891324908907701867122636005548
0.319681444105210087064051927599 0.182958597758556211298073502001 0.957056741156996206602938166488
0.486321154081185787759041862442 0.679532433346151827796113621598 0.530309992199004149271164585616
0.066677465083305155848270866049 0.082331428274792905894551147931 0.764035909661191931791577233407
0.896393891657550057356756974860 0.100180559445747862160687554634 0.205685298842332937014455317096
0.475274361466522640497765320824 0.442979630167594646606475306524 0.487298372689391022025780592821
0.648467793269433109384973990829 0.690726610709462210597626025084 0.020184235047347194049167906131
0.620242396905725701832561168522 0.177429680988198720913462059653 0.150071605087088627141881089210
0.923193950286136584408432224463 0.763735070823639707751900685742 0.868678202949545242030313212494
0.254297576869012937585473878076 0.342900350022886709182999179176 0.072284067629977700173786792794
0.539960331204869921905518274918 0.101141929702479702752824586037 0.000956096433736070067797809825
0.457660423833427386923047352563 0.896816555198360048963034370567 0.418112899079289400168121226393
0.051072377991175103811048759620 0.254478655160614838560540366965 0.141294662283242728915590676750
0.488979085318323524541677546705 0.998829776346737873320625283283 0.688495923908615378507658050114
0.002510386038122686979318693620 0.041959041315442864666679876382 0.726887322135641279490532896716
0.366916089770954105176297317301 0.245055712679974542799552652726 0.095222198143936930383474430558
0.949460745080197604993766133303 0.557981045994796301225612945616 0.295497006651533774961498776003
0.619493990552120583274074212682 0.981002133117790548458747646132 0.702977606130123845880915566870
0.644830334528027640562942840697 0.805388638837755771852856574599 0.072436957475882574881074313444
0.796539600187743542471173645959 0.292657782102448585720287173044 0.192264489791730116556428533220
0.402643611433948842796155382219 0.295197547250007669729217642827 0.539680521818992688730629531268
0.741492517348226642429121015122 0.538440881517919877548504692639 0.900502479719269341278356792286
0.611929851116094772019847529616 0.906459173495077711254309581694 0.182733693803219811668072633001
0.189411586432006897124646516063 0.818931750285743372560928826683 0.732172684046226940801438409476
0.049192985267418779897585376646 0.922638637715839608323870759008 0.504636724452046406661216157716
0.438777674214544434263652263571 0.262597023929810143078944035901 0.379244600201852181475401625754
0.809164757848731059730472053908 0.755688926004391458952005702793 0.034690384629166811071135059962
0.013487773819625043949797173427 0.070409767197225732655495796093 0.689545144553971609131727736706
0.787989319086353149371782132201 0.485897939541798816840478227658 0.099056760908660934593891921132
0.848581271989933521258765998724 0.888599552255861369047394664228 0.834300872662600809032790873585
0.073935997374693205093786520028 0.861504657337250929925145476225 0.032239401164334479742833870378
0.084611351601719132124927999047 0.138344739001874773567996920395 0.863505413944465551072464525009
0.930019862865850560833671200269 0.248830137964785617803261855761 0.687188416931002535900917315559
0.566276293798155711416714275306 0.895103007458571079277570358865 0.059250744460329777043684806909
0.860087016267115229392105261550 0.556488860140198940874313705071 0.311077414903365216394236566931
0.440006317052399235078266488088 0.847529699981065336313120889600 0.236243068181878766531530050075
0.902869633432624749129037391251 0.792052901774332928595521561093 0.841396579054828438957405199498
0.248562829654597795060641823630 0.638963773638797631118634103107 0.621909145730606853192128689517
0.236953625857392429913400708935 0.401440905955223046865851128938 0.945276520170850176548124977865
0.915363675652658287187079542637 0.842690146771048021220107476650 0.496252841354142593089745129996
0.091748436153060370922509448646 0.429024999527401478599268091181 0.687185288665253613597313969615
0.960863662520952847267662343834 0.374815678252439611565964266301 0.807990216869192043695230835528
0.596424983110071768640646761425 0.353318356040518280447349527785 0.050205204895422774424801584246
0.398124707213057339784005282480 0.993654515674102114128681127741 0.089269532081391846893200004784
0.320202553103320654252748920457 0.664216177160615858426611326417 0.120009998991104758546390271747
0.181792437314834520640937857772 0.267210973881066607348599061595 0.803010910735191568924253625905
0.883182743073501981319655074366 0.445086340208582227342272131990 0.088705415447915196114403920031
0.089655572623054398016928856218 0.322032921069859960255090484564 0.454390569771370229626616418775
0.563199383193686664471355850788 0.986600203663420238781082771770 0.653859380479721151621207687505
0.411021459901582716866045151076 0.599804760105059230670766995487 0.181839272995108911013656332154
0.779363426628277319947848086095 0.674966576628833427472505312274 0.418612253332379028653984870466
0.345787385831529871766237049395 0.630057324314865850034835508395 0.683954276894809964254807462766
0.430299228782941283226251582990 0.947405677026587448170753626984 0.948078874846152585956609805042
0.964030735397222053265587438101 0.574617738740480199880697561061 0.775653169487641474114295706354
0.395421561430408997054444295135 0.155781032898282262780097367572 0.739235117716667946547462760313
0.834704496474609715088043439324 0.577275834499613494078606816044 0.678088427429173856253176909836
0.776879633028515903190840415197 0.668914586419927490008528610571 0.331979715300214321255739542163
0.951100749658107438580319731923 0.707114990405578128802549079149 0.088034219574224165824994615636
0.104242883866409103130639570258 0.991101748946941422360525856613 0.240702162403852168258951445187
0.447360127836646357097620420148 0.836019595745932147477079069651 0.690643062926871239742908869946
0.798947750322734990139908885644 0.813379868170720659705473561528 0.136106407037813940132552237796
0.466882744649515463730945816692 0.911744237808068446632409811948 0.864837042642177626805154549198
0.800672457333915296838024174250 0.734257053504679491925165933447 0.714114420338962745052901522941
0.855733995660392293693938886132 0.500790672346646985982165443484 0.930611766080707450968253126023
0.084819490249267554780525379532 0.227227489381730618214044216972 0.155836077008920995370773464399
0.627440149788422252359702912705 0.804462448857029758110673259145 0.559557921434398016928841961241
0.422953406688839444175504596433 0.915126736147740366077502845906 0.608104857950171869064791037846
0.918405474067015695737380779800 0.255827906369274624974361222526 0.920842342515474360229384423539
0.495325666029025782284622824725 0.223912995195826303789645214846 0.543200409211337998310157656943
0.947457132377431080818233592299 0.031870139216849726329693784211 0.858301811936509173806168666593
0.557812763656177322939611148336 0.058619108801549736423089594267 0.511278015552971342616795237961
0.018181265451999834951848445583 0.288905044155987433532065265326 0.550626745624498054598554711524
0.548999324047107054705621619730 0.310090532127542154323524774917 0.349429622827808897056017000209
0.095634898091142795502081817205 0.824338232056873832737730163789 0.714726239483862697994529386898
0.548996684242317978595518904884 0.789227608029420008554344414853 0.126354692418953848328292011668
0.601015662703212449868780940650 0.748736285019504985234773327091 0.514610876625192338821406474229
0.620273583825590684883719189810 0.955386756728011285688305982194 0.336438708757577960939319067440
0.369057664908082780268442529517 0.996496360540438575177549899743 0.270299096970812823626272699725
0.321990730872967722939746797290 0.554632561925014560516063549427 0.193225842586396325549534808180
0.292184572573260524801989391350 0.845878165340477095966342071432 0.277513171858193596678450037107
0.512094957315787170235080889435 0.152596779652258178329271781009 0.375640471662983109881452165237
0.209943772318122709812604939996 0.792998330846316770558676078419 0.716256733605060836636576031195
0.089956214946207978042515866600 0.234626424116573764018269150974 0.228033090093861223710167655667
0.275621314121498231459563045570 0.879842861484558534636668998931 0.243984476747080258081077848948
0.954885853761791118456009470467 0.988080136722269175843991084954 0.153425418864285069274673699288
0.832952758337252465112862620738 0.387006091183332456382628798935 0.103153292533463555721077330443
0.640508185895001634439264388592 0.184877811233932846310481870126 0.916979047303127743300963665863
0.900151302234697034190367286216 0.593842254649278420577486462018 0.326658160666683860041376353374
0.366310849952940892051138881815 0.421695042598579723637656833657 0.522778548315887060719632027205
0.175998090217605144319691927448 0.315839863922099136987574313023 0.531858326653533476765570861183
0.507677194352074591029070316557 0.171674976341355269152532105378 0.378389999498887355661238588367
0.387346003678542562920806824052 0.767593570114109445441946077751 0.539250302460185652684194591284
0.696534297229340728625855728892 0.347087234619348460811862603813 0.529170748659987670524396427093
0.154614309644881515517913632001 0.487217948402718384958746129472 0.385928754486846561613735982367
0.589946207346616906556721035126 0.957751532223625139524357257854 0.985764605864678610768606867602
0.723830012188934481241554521302 0.325235018650526356368639486847 0.962448446900650237504956365996
0.355032872554884274454467605306 0.843113252105333600096362505393 0.158028510428706128755936537835
0.183577793513350493098176543213 0.957836804357252290533559219206 0.514894126871589856977848720394
0.110909208154940961116905023630 0.620530344875418749958513608475 0.048691797521856565449097962016
0.934513746838763172890952550037 0.797558496530209126020273558527 0.483204559439698122883822603696
0.896077554333514254943181890427 0.822949143383038032510382724999 0.356549972601451419470581942672
0.692470401910720723988241057734 0.513562652998937411323465295771 0.584502092585988891112088178829
0.837160676370971773375917349777 0.074870813085588188054362847367 0.587968660801112607609080524299
0.073385570776623185835256361520 0.615324515533785876145103275797 0.538606004066724680601639907392
0.774762451335915777441745389038 0.182902417863727778335446036397 0.392274795721498238380361987901
0.815527634248865560047505882434 0.483018322400334231679624625690 0.700661393979462502569763201615
0.106860375133087624687646695566 0.685105571523748859156515151449 0.760121044974620703744476989925
0.353768907240565013739018885181 0.416413481591709271920542826392 0.062459742474242324943533631085
0.928218478279767576106271169377 0.600008202441910024722213949677 0.276842284647951237026213417734
0.791924846880080558738513918492 0.590040565958378292263905528589 0.784982409927104587803162753804
0.728228009570391831223008677029 0.604497257482230266399447405181 0.267852655641759694790921662339
0.752163800363342440869185959068 0.311763923729755711063897112684 0.031053995738921961638802534354
0.080622494875974603645461903605 0.982627402746812471127008633313 0.705427135204838855693891345008
0.473336645553994534482100377789 0.536898968664011127103572875383 0.179059564861366641921285150007
0.025059244328938528637996644179 0.399810867961398613888125516499 0.981693232930107061375030720610
0.730508836681372118098188247784 0.620879627128383484880851976828 0.717728895521588473744737475126
0.944733465302658611074820934718 0.290464324147130702731592337331 0.676066876810885534902531066472
0.907905975373246501748619164442 0.864299676769533683571258829452 0.368454475200720995841344432316
0.816584672854151021525454468208 0.457837296446595272270742671611 0.326176644289029160668055767641
0.052097661290923540866635083311 0.896908701182860754494078453149 0.208106423620155852454771043644
0.029499774898078584340935750562 0.433114859372334547853200107522 0.237588762275100178268136102123
0.520341106712943333011632475917 0.877350585189793822172494149164 0.298191798585286053289294221668
0.579705575641480081236737660962 0.553408471266489503098880919236 0.186498032871405931091236635956
0.797608624668148597099920834221 0.107464091581236271118354102058 0.862296743834552138645564755125
0.662609341621768050261853038492 0.600654809408504353158915799502 0.117620003170580563410706926124
0.691603185578994519059796236398 0.197743246379246310894164418585 0.496572047423050485020761856883
0.891851449834022632634982764820 0.698082227785875561457308589496 0.675896851973780124932139935567
0.448750336722864677909106421275 0.387441229658079159930322093264 0.386410312873444876239852175699
0.492548810217690572478083033624 0.259604112981549009994980451577 0.855207814492488801266401108455
0.340212234690712016001864886651 0.234113006423664173274020205024 0.613794604850621699080414337683
0.240409145786417080235135243250 0.505980189202072153191491522315 0.589394586950246411229587574963
0.953987624308220863557408236383 0.162364851724384700354920431765 0.242049725135179849325783071490
0.582574925479693636527302380422 0.640641756189854349820076028275 0.963948476417844723878993880604
0.536760613793872160709164824085 0.522433041136990617155232357799 0.595375399769661465664896370279
0.859084733683437997809568141318 0.471514688974254241493930066342 0.860274610118755129158869574463
0.605558704322390344404405134001 0.116320684227846115111241774040 0.168619116818065757774431487526
0.085788546652599851321478927742 0.413145522558489785895067335336 0.304722068595856227017683599047
0.904561943042899173630930430058 0.007013687490039988318985473041 0.930065606604227553794657357122
0.839966563282346083962429933077 0.629153434442132965749603769351 0.639042838797815804774435868138
0.406793760718996913482655382258 0.674646013639194004178741716610 0.251582977394478912265511438404
0.636254399395826608960133382714 0.290311491109649485935076731043 0.484897667381500483577271414257
0.331882709214396157464136290336 0.431727712579906904484680904210 0.186924502404082834518107111082
0.683839559269816815840488012612 0.239145322860523076419240371936 0.518866840269491563190832453612
0.776378181580638961648823470767 0.803415973183148704834157903067 0.243050131980077959421889258542
0.311612094513436150274615670088 0.246066353173270447283319498442 0.891534290029160545850650638930
0.226484333058340469237884464105 0.606149490373024929869069945716 0.757539342103369812350345157399
0.408056814712454332630764061870 0.271787706133438828581494689841 0.443519276300609921102095244132
0.657393038816577945730720727174 0.231984098453009327570706946277 0.975790037192645851860083129057
0.425199093190559726207821654655 0.072915121047504319973327638544 0.410830282632165984638965189676
0.150388663781185317570394534324 0.354175358737337593116497468897 0.592018708829767911464258500362
0.303672911574435863727457036354 0.107827364468962404845906050921 0.354586949642151096426536584373
0.875672831202345417327448324318 0.470599226819121609505158141569 0.557476731630006545868307825247
0.605813339994326791489604935107 0.831030055564402856955197044252 0.682926029760404610913416434280
0.985285636597615953141533249521 0.057319178560996147034707746470 0.569577612587313651751723406611
0.104246100921898074745098472031 0.203387085621444881602836622071 0.702477500627720329891680652104
0.343465227639864505146645624945 0.465731412202541534026861804684 0.126381249953331337166182452555
0.068539856557714306781654041546 0.386114746027765904107149704608 0.885471891035051642464724429598
0.688057977800277216149897052557 0.295295804123508756638625587787 0.364059109256625793858417419599
0.316630537735423087788368465507 0.433719166191188579097273000055 0.326114002898084433852745272467
0.702328265056667647667590597753 0.265676884025335564585887008157 0.901636624608074934501375059274
0.294375344077502627434481248860 0.973160208922213162737741147061 0.159697617021946301838105259465
0.492562848090771546976413616208 0.488718568857902944594102179060 0.912707101648151973879429263533
0.486801968290868154274623515102 0.817443029169991782634582625065 0.871649148538794380801363141514
0.681127515896715116567855232133 0.080677867078789037932215801438 0.430346912999064614787089747951
0.396070963170187154715827235098 0.794262576235895844182799081243 0.644900276508239240287916040457
0.264878909928944938522464914716 0.323610747779394603205356662709 0.717452043005688319663743019369
0.401071468623541511796087649702 0.788342109772247789807363449561 0.812158232287944943196400474403
0.746518020263880183586860993689 0.248921102266532814725503021897 0.396611217485038666567249918410
0.381526728022836575537439413217 0.918791835143618701790106007212 0.580105642627141062619351919484
0.164901887509271410458957501874 0.102465841870927120757870284280 0.621310085253263105706810154709
0.668603226454049827945794466554 0.786893533927838178421559269173 0.821640801706598098646811703388
0.012245618609098929073785449687 0.624279590183714659953763632944 0.080085085638752753085403129879
0.566720203842197280147421540096 0.070824309039119377449677348811 0.985341263552855389039003561078
0.343148692968807043758595796847 0.510457768976865353584732693330 0.657590526616316657408660025337
0.282859740832558236169767341218 0.024487539112701748451524900638 0.110177067935829975993866170156
0.065429804713346780968143797885 0.913489300188061431082242285305 0.327278149744291736414414300691
0.875293545970383891034546057466 0.907407832944076037009593805034 0.802160772173877909988717860592
0.701569313847383121796236962110 0.486005560582623138496295701500 0.916145510253732785469227652860
0.808308763688329739009471339491 0.137071503007073643343464914626 0.155543566039678963782212539242
0.640566200907852174880556761127 0.985695480904559473352670267335 0.187174568319607039204124183269
0.226961757335722077149311831303 0.409749272991628139969302405020 0.230244176992961988276445221015
0.100400468002766288682459463107 0.872139044586209282980744820257 0.922856893075574621645010453095
0.353065795621598705900043059578 0.833358762586938882865339068238 0.214906549767494794902146882955
0.616181228356529223330739930706 0.318038301574090853083177584033 0.118233278981399002252900063190
0.251074515861441733152487028219 0.117830464303361493008820917776 0.933321026317061001154549030493
0.670519797885557078558611321925 0.053732649041563872527461720598 0.925029749483990865158152220662
0.769189724055796781137330335943 0.989508048785877759906900179594 0.713774150290811471597634706981
0.126377679165850587931194213766 0.537059507757676543094070285969 0.022307573827323096043132694991
0.042695416523034402699776640383 0.828550657026485656049689620886 0.292825677503964588219343328951
0.817687945240541367596088987243 0.845045679067147570255601483063 0.187948240423655201907824498888
0.882874734594553540752639331335 0.408027772922925915881524312606 0.919814548985907320077809993037
0.496079538219069301535630920420 0.513434583704357256846738148063 0.482501168428793618422619403950
0.994061885770222110637786223060 0.413887018515186920860575418918 0.927386916255062004504377032370
0.031421378114583955040504715474 0.817314003558652085027028068426 0.527748531106549108277474885268
0.101238044116781184368267780845 0.806049157255939693304295853536 0.563531588150601217697695073470
0.782926291546403350922753956146 0.509249209312813154488159887150 0.228272694278324030258353553579
0.070997568322737399498412448189 0.856667446751393283326939785373 0.074236279838650561799876309369
0.157430930529459064567227456707 0.722665725870693693332876457107 0.220193170488687138706205278306
0.930243292234377191050701366028 0.993927953965177151696671047671 0.260448710542985313399588825862
0.623990258219610753734415496590 0.921827555806584650744995201026 0.955098842375315114028040413689
0.453101224754275331114464573459 0.149091055629002560011960185498 0.991736957675763545818089212918
0.379867410625829484584721957755 0.103879873198072836481873573347 0.776424786586514934923408548784
0.098529674851657767702835900521 0.518622077881193888574925897848 0.505870255059561020236968548207
0.151416736406430180490075908122 0.731599385263716952067904523326 0.025123746154707966208786503503
0.811880212402321547120911941172 0.531331629879718230082002588710 0.047679877143426059875319030709
0.579564612902601371841807580926 0.173727352546243339223088711109 0.670000545919240678295989059211
0.571545706619547617349485212632 0.933424745647469423019565373896 0.737735763549642497231813145222
0.552978880389338133334152415701 0.485277029844979783599154916459 0.044010050719294483366431028711
0.252646535014301745275270993051 0.338851795747255435413177009908 0.293167543173631808937896097705
0.865772555309887934480998635660 0.705398239714484719303373912792 0.332955328260614028460575046055
0.554211493949176024559987002871 0.818099602810200987210463705884 0.086518266760088114828399848267
0.543122801950819649714513697071 0.467511057241723174032429597004 0.801466017201288220228485952230
0.275175285356542418020256402479 0.679346127936187781193448923916 0.888892459624153554393042020435
0.016757038903299758978241305147 0.314831876950156563293829543274 0.725870358647526898276075403713
0.313891252918465841898148115071 0.549480572871984535865600908954 0.294018400511946145655889580309
0.581349618788603533252701345429 0.807824894187052073510170899725 0.793000076520774315130798408548
0.242463217789537758048123644660 0.332784332631025061921167377116 0.493459091214791410106591046047
0.764289235154034828466875851987 0.300982345075856169262391193209 0.429035048698719078348425913692
0.043788989208846314083836561647 0.474190824988578885202228582117 0.349671960165365945227039695343
0.411963962434723164579157381321 0.733293028340318423819038871579 0.897040580696308761321308109288
0.339589101100307243321767362383 0.739245542106511823086250614260 0.816420191440958303705023272481
0.432494528047631364161571880276 0.993057766005572092564068766360 0.361290305941415493682485168697
0.402689681705607005024450116510 0.254657868472481362859423196179 0.458500061174890673893590925689
0.524078150745126557943261807472 0.228204776253797729787484797586 0.147284154770645515253875953468
0.018801272601021555645338003806 0.420134768995803407335827906304 0.810223818029093556428663417151
0.794795091783959691617174156192 0.974829215176883924610524327147 0.884877418864635675928630236860
0.978308159505719713105965467189 0.496151722321170795524732040321 0.234281692890871412683602805392
0.658323138100290051918620114223 0.334011809715672957330288133827 0.087074605525949424244762031732
0.052837577028391736922783476995 0.714526068883971307224377536956 0.158784837588784877432041191383
0.230365447462237362094405782939 0.225464389884106254781431556863 0.312629547616616727109968781772
0.538223043480712840541138873904 0.482619523793937993701763844370 0.264318005205700079885090177706
0.029214928368464573856164003459 0.390239976578489683423533449190 0.784617812848070202673842279408
0.858403315787013832043666232770 0.175427369978950757613770518477 0.457008109058224325257459849310
0.110061253919437470480627759268 0.140916168831870167874488581848 0.194501656995533667171312196598
0.036124242693744804578991475788 0.347596707928379722759073604289 0.356483497778639319120446057422
0.458030383131299988788447912534 0.875849437506006682306709775263 0.965990415285985658374941260539
0.500868608684341114154247368089 0.971763903170222495157508313823 0.231116984890487443724401428439
0.567688099841251316278373982511 0.651518480416376502014158675799 0.064609139191285026312259152543
0.562642162114247596807145591425 0.717164144761176595617350236448 0.672083394366931866092052370621
0.804185024850588140867183677728 0.658971649687995385208296105437 0.710698661782115414951003633856