  0.237891
  0.629758
  0.345652
  0.566726
  0.926799
  0.296662
  0.114349
  0.800983
  0.596277
  0.909783
  0.705489
  0.506564
  0.356007
  0.305193
  0.424926
  0.388784
  0.979868
 0.0743859
 0.0551939
  0.907556
  0.731296
  0.395497
  0.126637
  0.944441
   0.73887
  0.876004
0.00708507
  0.638932
  0.570805
  0.850184
  0.729326
  0.108643
  0.335093
  0.491818
  0.577209
  0.116543
    0.4805
 0.0986929
  0.425496
 0.0783746
  0.394645
  0.505907
  0.837717
   0.27869
  0.585176
  0.255292
 0.0765768
0.00264093
   0.37758
  0.596578
  0.216223
  0.268382
   0.91921
  0.971586
   0.83977
  0.899129
  0.409143
  0.245601
  0.521459
  0.356821
  0.398172
  0.660394
  0.380625
  0.644617
   0.36295
    0.5434
  0.965844
  0.417217
   0.91162
   0.11828
   0.11339
 0.0143629
  0.297999
  0.211934
  0.285793
  0.287735
  0.162352
  0.386677
  0.775621
  0.146119
  0.291337
  0.199598
 0.0179791
0.00996131
  0.600871
  0.223092
  0.176347
  0.608223
  0.205995
   0.44861
  0.990887
  0.485494
  0.314608
  0.230484
  0.667856
  0.705664
  0.494325
  0.983719
  0.712322
      0.84
  0.918044
  0.878386
  0.690483
  0.428861
  0.701893
   0.26714
  0.962521
  0.549633
   0.78167
  0.264933
  0.344913
 0.0698586
  0.647998
  0.361365
   0.31116
  0.322928
  0.889674
  0.208402
 0.0211305
 0.0475576
  0.318529
  0.080332
  0.779217
  0.132649
  0.786874
  0.920733
  0.639503
  0.302334
  0.331434
  0.570522
  0.056023
  0.328675
  0.951272
  0.568984
  0.682921
  0.262252
  0.116456
   0.88718
  0.218212
  0.407505
  0.381159
  0.911631
  0.956048
  0.641346
   0.82053
  0.842956
  0.934782
  0.821729
  0.445868
  0.291887
  0.690817
  0.303557
  0.859484
  0.567885
  0.818848
  0.403508
  0.565378
 0.0360248
  0.250693
  0.993571
  0.213701
  0.110378
 0.0907354
  0.291189
 0.0363573
  0.453097
   0.51009
   0.13196
  0.784372
  0.325504
  0.110422
  0.525077
  0.970855
  0.319676
  0.728083
  0.726896
  0.864895
  0.414924
  0.992303
  0.198598
  0.400617
  0.430023
  0.565612
  0.695747
   0.49053
  0.394577
  0.698142
  0.295572
  0.421047
  0.312832
  0.131102
 0.0307353
  0.595587
  0.464554
  0.387909
  0.678442
  0.632608
  0.613783
  0.769874
  0.867923
  0.560323
  0.853737
  0.459996
  0.650122
  0.601674
  0.758325
  0.475102
  0.849987
  0.521628
  0.438449
   0.93529
  0.927648
  0.259462
  0.583971
  0.314559
  0.624423
  0.482917
  0.928703
  0.968117
  0.359622
 0.0990709
  0.947323
  0.459105
  0.668378
  0.934102
  0.257323
  0.424762
   0.23935
  0.626737
  0.123055
  0.613252
   0.60804
   0.12765
  0.689243
  0.408774
  0.571245
  0.376607
   0.69745
  0.428972
   0.25572
  0.657222
  0.367943
  0.493151
  0.606063
  0.557369
  0.610051
  0.802096
  0.571855
   0.96894
  0.632353
  0.695071
   0.34469
  0.141344
  0.476114
  0.333089
  0.332726
  0.642892
  0.852201
  0.202435
  0.558083
  0.329936
  0.484071
  0.531349
  0.942733
 0.0210203
  0.790457
   0.41969
  0.586577
  0.403647
  0.883146
   0.67016
  0.725673
  0.421089
  0.650641
  0.506521
  0.715884
  0.180513
  0.702333
  0.522749
  0.224487
  0.367259
 0.0692912
 0.0961436
  0.771172
  0.682981
  0.538714
  0.666764
  0.169069
  0.379097
  0.813368
   0.44753
  0.248474
  0.390538
  0.281925
  0.199768
  0.176475
  0.181264
  0.775045
  0.695365
  0.694717
  0.494232
  0.806382
  0.956303
  0.476678
  0.812423
  0.710397
  0.255603
  0.429695
  0.555734
  0.240619
  0.423997
  0.248461
  0.737923
  0.468406
  0.905873
  0.732012
  0.698951
  0.493674
  0.612169
  0.889426
  0.284726
  0.804753
  0.982975
 0.0996018
   0.11783
  0.574592
  0.362431
  0.724272
  0.393662
  0.451253
  0.855408
  0.684408
  0.829148
  0.968807
  0.209709
  0.859134
  0.510165
  0.246943
  0.537247
 0.0449575
   0.80913
  0.104648
   0.54054
  0.758992
  0.343581
   0.78065
  0.403075
  0.707211
  0.229161
  0.522093
  0.521964
  0.597355
   0.98977
  0.332713
    0.4799
  0.371414
  0.364376
  0.793039
  0.588112
  0.388991
  0.604556
  0.418963
  0.782417
  0.118377
  0.399936
  0.846057
  0.331538
  0.564675
  0.590289
  0.765459
  0.155994
  0.746318
   0.39342
  0.123164
  0.573788
  0.269714
  0.327423
  0.675122
  0.395872
  0.704949
  0.168275
  0.563029
  0.944533
  0.159422
  0.457122
  0.302362
  0.694471
  0.236664
  0.271629
  0.179556
  0.301807
  0.692763
   0.86427
  0.175003
  0.310592
  0.367566
  0.072704
  0.355762
  0.762608
  0.152251
  0.951084
 0.0976557
   0.75841
  0.172287
  0.372108
  0.459225
  0.839751
  0.431303
  0.748062
  0.329884
  0.334491
  0.289426
  0.387397
  0.194878
  0.687264
  0.446977
  0.998561
  0.970071
  0.669491
  0.868603
  0.723375
   0.36077
  0.642005
  0.482552
  0.380912
  0.867343
   0.34346
  0.383817
  0.329631
  0.407165
  0.265954
 0.0673278
  0.734415
  0.861691
  0.792281
  0.533747
 0.0882378
  0.410183
  0.846015
  0.185827
 0.0395307
  0.630883
  0.899857
  0.373111
  0.107025
 0.0894476
  0.162849
  0.751782
  0.893634
  0.301569
  0.774566
  0.336553
  0.508389
  0.730687
  0.913253
  0.193194
  0.600026
  0.910985
  0.837217
  0.200303
  0.625817
  0.017043
  0.141306
  0.593958
  0.699901
  0.649735
 0.0313994
  0.213695
  0.418714
  0.197749
  0.431061
  0.952048
  0.806931
  0.283058
  0.822695
  0.950426
  0.720087
  0.437436
 0.0216162
  0.105608
  0.224267
  0.396741
 0.0629589
   0.44362
  0.895017
  0.685708
  0.811938
   0.97142
  0.217144
  0.931594
   0.14923
  0.533981
  0.489765
  0.611496
   0.83128
  0.919599
  0.492746
  0.973386
  0.647111
  0.155608
  0.844823
  0.084577
  0.131766
  0.992682
  0.667119
  0.446957
  0.989812
  0.314569
  0.989193
  0.963741
  0.218488
  0.684812