0.962423949087836398854840530042 0.062170144303750032018231001764 0.445756885996631959637959518753
0.644302781289567320892537754760 0.802663037421314238684428220903 0.788109292598672292729294673743
0.342661973534738844565506946675 0.171468778062133529277171578081 0.801233256234950563580554292884
0.393725602010689375965007572248 0.677854889376757652028006675839 0.977909367397036465739125759353
0.259986813686220096938653582377 0.866228854591375156030557523055 0.569664285458212550847720830984
0.245652298586293429344535377719 0.852302757439745818605232520192 0.421779639157469198671889429624
0.114384162064434493078926862117 0.290155159935146135567922714091 0.501516322330942930447571213429
0.944635851678499059479147926895 0.399721888446679813650037058910 0.465292311820703374779507598718
0.800340827618591106290775941480 0.921420678813869932051255469096 0.239623729835083453226485991862
0.079468966443149288628229906169 0.291892911148487769623794625714 0.811856724496925145455741003971
0.005772029138879794664608243274 0.766842065774641613430435956063 0.494092905169113813343984515678
0.331702187390516854182842828434 0.954550408689101038613625969474 0.311246114735949106950050886254
0.334418054996014438754043762296 0.494952124987387156308381444186 0.273363671911774132861698446590
0.317091752356745553843878569067 0.153517607955566681809911749635 0.859402722608286273951461431207
0.407403915133276544598338108498 0.028731707001875293677777575948 0.824949876105021060445954630323
0.584340884134490887738752777122 0.215833604035245346650238579050 0.057374244213927394559929774999
0.072469778829599040954921621533 0.898753564439845312077011564308 0.622689069095471870093734263746
0.584383207494905322140404744477 0.833971588995753476416146058999 0.288260996298948952839551337010
0.664987923000269775558177295424 0.654926583546426737689301727601 0.211311260187200931985211793431
0.738057042128263813922047925188 0.710447348348951096458446517363 0.118555685836926791884624873674
0.211442618890666701845224243436 0.397468350130780022929041302912 0.901234668383105803976898630325
0.914513859146133102032402276818 0.518303124384989768450656437869 0.547510796465281126205285668614
0.888081731226843342240429285637 0.146856713840412991760795258840 0.647616301598427767930410535783
0.375616045536800482537856657942 0.640097996782687796239414710698 0.242021224783617162041075761915
0.082610422424618178774419075172 0.051906563576519683832250672371 0.264347180451616681651423078482
0.841357581441820080910585782829 0.804408492680147651625590431485 0.839944846903152207705010862736
0.444350240696586554166562835036 0.972025867673566646914461765146 0.797649227240185688239911941297
0.701388966680878256318624206759 0.548802105572835126085199836205 0.109870304894273401018264499820
0.493463286323027996753837939175 0.736053163484483595440220921233 0.140123823878992439409355141944
0.264462735925300798732824357153 0.635272180637245169833773978399 0.461740776188273880985604121595
0.188878090806596294710639545032 0.623462077996292011393703618972 0.094636469381574588094136606081
0.849553350499430151984014735437 0.183587656648959979902690029307 0.340318287578926856409827230689
0.627379358083269332897930101774 0.414527310837675092706382414653 0.650867062098254462889998266455
0.117236745134062996081288625632 0.773081594464188378344250103015 0.013801814986404107769023826179
0.670305217991812808884528007898 0.695012249701796347745133631390 0.048231007290077841394501167349
0.576674175935158901888079388249 0.392972889052023852763643125378 0.608526185906315701254866288895
0.416882018616181172306375020284 0.586196745721365797649087835672 0.712414702238530111431474937361
0.147405832288603955756539271406 0.225214321469685091304315325588 0.810999617755301926398934143429
0.310020445938161141119558914609 0.888981103357661923027220894309 0.310838041143479769469953422453
0.025976131537946801060583613226 0.530861236376804079736106693984 0.684847353974171333388909799601
0.948446716814028595281849446917 0.674903311820995363130570029060 0.106197300721787163646028946956
0.522249495380060703891062862069 0.456772337364347073529034670789 0.413967004746893326383572900459
0.029277344537172811542531691709 0.740739543617007724732146640746 0.427386578196625525337303568459
0.568020286932612697143777411125 0.112963106837083537623840551122 0.216446376462569485763798898365
0.395477245231732465629598652897 0.758886841613282887606689500185 0.943372326107461891508869195201
0.001667143498239519745472941213 0.301216384950406818855888306343 0.913461794309930095288106960992
0.580092167264903282801970239308 0.453275138545845365814843420100 0.687600156653440761062675552464
0.011517630168108011119400577095 0.239050039690600308852612414297 0.868313934161479437796783621041
0.147855179537409494897225505045 0.790204605095112471410015873848 0.042195012543546434228290915113
0.745504876902413922628883520418 0.623714523310993941515559542234 0.451072682652480551227478183091
0.460142951548202063971828518199 0.072010916438375540407119411521 0.516565689395626497759246600030
0.838313746293393413763130407943 0.421988149388891123365501297001 0.860089088153460044518518084094
0.297941342059135958064218388622 0.678051851821063892916516220146 0.560573381181789543740731500743
0.234251803008726200871416130910 0.285457695450433432525748348817 0.085407360502838699080292833021
0.394970270810587843064605263159 0.142786522761941726823570019096 0.755617988386225366311015575835
0.958089124462792680283430513576 0.984659287827161748767543589249 0.324213449794822958017514782323
0.615739212455915073058048777685 0.483813258438488803125844684263 0.879721133000407828220097882535
0.625685055193479551420590010347 0.691099983055719282716447955995 0.459559797593586661981176207581
0.038033941424744788302175709530 0.215169246860424732932306309349 0.494588725192451541577969532085
0.344850504370092608873807694350 0.000052385020962905266629662254 0.767545454799421640171806593040
0.487306521158597028651513479616 0.830228145920547462614962309791 0.147533002529468656217937423033
0.705223736362269192165417704862 0.388511464176556745554443773791 0.736898732960246307686542115197
0.829388512646698419095225842626 0.273347925146935978599036342418 0.151419293096436826127904891297
0.085736746088553186597322386430 0.416706545498226196447481330041 0.324023902525528426065706988949
0.423235790486647038178618076369 0.681854662874993670742480184377 0.283670826674668700965435641041
0.657828082721826921352535580613 0.116761654452412768627034613819 0.070747514288868254905834300815
0.571433496098791568165097748507 0.597434949711007448309473950115 0.654425096959835276521624935520
0.332237022758996102756350635501 0.059984494662313467089842417276 0.854564679199184081358898418532
0.464303039354477733341656415589 0.404606564151790381872359905100 0.391486026763991082596856050086
0.580023551576809407456284347056 0.563037333532109301376524088960 0.131643133440644164231827442316
0.706514378240086891726476214636 0.007590369962013031243775169373 0.808163591564368385225342027952
0.273945159595097827091011814144 0.367195208162078890106052782708 0.079992203368316752482788179450
0.851729889327997492298945218614 0.080172673224384820242470735036 0.830901608733463185523308542700
0.181542296585817578867492681193 0.802016883941084550569049971962 0.597442447672072989612670093123
0.875503774404733758804550247780 0.622072413979017658272497993181 0.764818170411078933440526026367
0.353097884631872030970541050381 0.314354295811131025346165337298 0.140886878837953586113296600209
0.518778741994917592730240609897 0.029506945383410984096387466366 0.988701039790545916960230160024
0.231629588477677308349116867734 0.344337987973390381059619164423 0.960713660934009324019313407945
0.283651696464222119424887107690 0.917617039618356430100034278580 0.511487334230602206258123036303
0.823961579925105766788516995176 0.353276962634380110762573749118 0.189442084324981311351662599804
0.300830446605133346765978011996 0.589133931102619008341910990560 0.578984973948499176851991507321
0.747605672306425072021317887752 0.166825243738617616230517705678 0.695727483224509803229978282849
0.000382620909644327142659366041 0.572431922214580895912469698462 0.370524341439065007927952697242
0.188002951523420151459419912662 0.934002547667125950937222209608 0.088259956093384535959013932242
0.931615736284081515112195764287 0.469960679855494402100449772427 0.971093614726017017848939530017
0.925898128505188188241123989503 0.770941196527633010020846936984 0.554841186518856950391038369319
0.134820656287259230038161222039 0.543193497793206151233508205760 0.750181884752719269753847784755
0.258457018518305031274080692121 0.825229199743734261700785922767 0.451152919139996625549490329682
0.911449803378525867871058172421 0.877247066381495129081927843100 0.327398816767941237807739799778
0.524170974218281792611339752490 0.492832513706452143082010369909 0.034967137613687977675947020849
0.359192126767066767004325698117 0.101322519275363832577832882287 0.594065512732249640201537906008
0.260701730140800891428834754052 0.157194175473849033225436333227 0.734242738961131093264955456589
0.499020231594103234191454917990 0.185139353381871777824800945124 0.424350574960734095128402982459
0.085827559427112217834330168281 0.560518816242529311437808258096 0.212958923418191461620297072664
0.231487141896566733424504973424 0.193782816740035428811909213198 0.160356918889738078271069297894
0.857465821062685609724793731842 0.798569676818019393964013124253 0.260462712640733297388209059729
0.725543421476117327079551169722 0.297642309212756733924742155259 0.158128733568247503746094709833
0.554257439789394470888440514158 0.170031530408593231831933625390 0.044794729765553190867568495172
0.226497912949559983206349991092 0.007068901135370014099852141017 0.705585758591599618656595017298
0.471186764515955994532429286764 0.091330773513294556316847141418 0.513183011242867840296907063256
0.378254268640391932853084361131 0.841805885983369566641097630174 0.381909022740735620604493970262
0.659865017306256635805372996495 0.675981145677646030932992112453 0.849977579647537224334142192361
0.303588831928686216776598389232 0.116390139635835552256003512398 0.619039666962504786053593605158
0.204264499509658419947514518454 0.339400541780785714843743869381 0.983986632485759593805393749347
0.066917380574518136918911995405 0.654779097817059821862488015476 0.052469474056078665468961631808
0.850579943944617167496045400458 0.784841749860983567024178594745 0.100219776699856673597514849443
0.748334579157733907019413056900 0.342115072965617190393504530785 0.368327650541822951344106373482
0.219831379425238521198391137051 0.296613111453087962709693187829 0.205165272639005580226320402377
0.911338363598685516428990337098 0.485805490380585908460194705086 0.289370530573946608441711861566
0.982372060913526830645837315971 0.503004389451917964794831443003 0.699486782243959534615870345656
0.445365022736615664670644025264 0.266485213356019024357448084034 0.673893962699447108527270570530
0.748397750066607092817808783444 0.499335987346125348261165016031 0.222778321492883790246870863696
0.747058151354300938909446282329 0.855405885336945954576958536606 0.493650242503454210592961405633
0.479508989940590237188677432497 0.155485165386267168057725435443 0.622494711581282926444100251666
0.709801861810557670571666307442 0.937125339596826028694470339935 0.300061326096160787467415022919
0.668377251446194570860566545617 0.339222391553350919702840006545 0.179640869734535448111880211779
0.554004927714913735193510371855 0.211897908778695454450646182799 0.405885812475034144066072653315
0.344892061630228921638126226841 0.029566206180208864120850258802 0.406376511235014593142194307616
0.782692124278883180731671526593 0.428754398329041693891583345733 0.383620622353507931511063093671
0.403649473884818447561960589236 0.652035079887900958842478897954 0.454838505000545335059665120773
0.528880549159107596291858086059 0.089351028857362672364170519568 0.338790072644875411509774448287
0.255688114075725446292391469037 0.228214119432699043324752076865 0.307184016539802162862962076427
0.154219415470738265055778841362 0.774793709866340450751361569742 0.148070968122470504642533743499
0.659666944016478886769212352872 0.367156657560226313300043592660 0.829369407085716092905071668808
0.756293292685760169681052656504 0.196664874231256477815155257176 0.772959988851326561411302292410
0.019160442373548814080882774405 0.147196400933169893769709154492 0.029964344943393214597524469167
0.715620740276989578012143053977 0.143077034683278507566954243950 0.709498808874457466253370781631
0.836231991264046149006822645275 0.875844600798599328328085389428 0.930223844116484492070544827952
0.788477377292008392043264064311 0.297954383233534479113774287531 0.553970204292299410983702600504
0.803420556315980346799829291075 0.741897958296049047921830247483 0.060015404895832927977160040206
0.217204942767014543250965599073 0.988737000773214670791237864841 0.572171904002756764701897923957
0.857122341156342550509670229204 0.012159710979552503767622319184 0.375767315531853818851985984231
0.915759184212187307354775551249 0.157640371568082732519701893896 0.067758320674028125791454269370
0.863001591752681311340493786219 0.616732519955127024839775240246 0.071217843177838790438108174030
0.427885481855526041362148201159 0.768231759579119451830607168204 0.892077363659096959033700169894
0.051718796562510909395197027690 0.858583076599688007508732453827 0.559481638969887775365953761427
0.414345673306492556284603091100 0.551441504283022744426924896973 0.646464522615883901603306779650
0.591590117270933363812306802276 0.706023427638886444160495154898 0.472164546698697109562364999792
0.439385115321455889451389811385 0.384080479636899078069996810014 0.944060247427206722429224270390
0.755700103354816637622038271989 0.528978715803875979705468486799 0.930691017935370494231137827127
0.299521447322675395455876140265 0.941467084894934164868034933293 0.943032321198004320555126334699
0.347202753969053384090328550406 0.362672476849796533598103497706 0.659704738950180214889918037020
0.571271445352975033402412185978 0.719987749172052946455877796990 0.018785896136879787014730098788
0.464684681965125816660061020390 0.631732616150746508059647299865 0.524827391278110189049870848804
0.698812322794171427220088994375 0.177448068707015505972437925716 0.335084465505610403944100051840
0.192259617153418225877793633209 0.361880240307423895882862680174 0.437447478344362012606730128428
0.062504960032004060130275105826 0.035387332620678396950789648514 0.722133379609395821752880658158
0.267465615326744958607416758636 0.251219012734694385637965556800 0.702533272558545031242309045346
0.815541754070309549623547899774 0.184213253190655031510323923611 0.870570364481660546340271825692
0.576621821380702782878410336357 0.080030243332597076111389806038 0.614424042627949033649165695041
0.452862121514455492542583907674 0.585679643352024765586545441715 0.218381020082721763424857184018
0.780595471376823585886723027801 0.497195903557832793724531268257 0.079933843828761238890165407165
0.872408633388666754381515409903 0.658712665906768891610640423945 0.440820219374069038232428647510
0.828764469948300252948941957890 0.940743196491076617725084943288 0.209896828550280648685970528086
0.048868689602913474697366112542 0.647203937116602358491559424438 0.207760915406810554274194314781
0.618816133107144471042528754990 0.815636482731268451890984585529 0.308039454057098413988086430671
0.932661146576088359378290560587 0.779829430042932847506343829640 0.703147395581777070952830089270
0.179103700624607532356891032355 0.011695990159590143447407996354 0.276781916560455911885328914901
0.506430668321435164341594553134 0.045483250378628693544820277383 0.830060266233833242733484339362
0.511835889044528525541148522706 0.125613591067726705990126556838 0.683026753921330454990297391390
0.911318803586081394054048509610 0.646595858765304723069537515864 0.502560230587844301203425289976
0.663938508119617417526621196310 0.272611076912298056627772698254 0.528207794812909606423797133272
0.107809401030084023976686599903 0.621264394605966209291922651063 0.321782067181036414482690639283
0.044884543392323247032746260132 0.080139133508348526558781402851 0.623641080174436409172802699107
0.601634667452696779285873901610 0.164358260400792336532164510402 0.329533651675591305727360243904
0.436621686853389120628189617722 0.111906771678945735807700347186 0.058409458567527820863836161142
0.439608665336767218527571069480 0.169801703506271101850475402963 0.433102560149736390666640260823
0.747223631753698831796684902778 0.164138582405846437171703035111 0.887749410289826868523572378187
0.523825511361610952910028659398 0.906794333901820486569000313096 0.086523070241093562757753986876
0.650716864117252273476374090185 0.723334374581851230901919055993 0.542704460333448479200276550257
0.889440405864305875336049142096 0.302415212135312286683549791604 0.468308944338317654437855760660
0.958228668405792700356715086558 0.378709972014865580622859358579 0.313271640675130860117336488489
0.588473147084025410808164789609 0.196605588684093800498610129090 0.091157699999668812022958653935
0.591909437083522587463296107950 0.107739225904236433700769825200 0.765067398585482320640569588430
0.888068257873756955874303295395 0.928634314432529877785323773226 0.823832722747940497753597708186
0.416305149566135163517876313916 0.670358739084711999226447436512 0.179703447178535353882757048320
0.788240358515222454261914760348 0.520291403027231829825661009564 0.623447833495876131316509903322
0.892169869245480438357976393274 0.958949550244129467931049395326 0.072045034060225464100238077958
0.184121181412300638468595924923 0.672088750782168418190895590168 0.765716009860980018573617614002
0.234136380182966037579676030797 0.270615186437336289485925588938 0.127093071719449425153814749862
0.714641838952590485411655680788 0.813920533480521941498614671411 0.565491176018190473918727524258
0.103419242207056959086569862265 0.929220669219189118757313540683 0.068606134384199613001695858524
0.666111554482701183618727027600 0.103823823225646971871440157972 0.761897074498123386681885655238
0.526136246349284446945159219824 0.125404541046572563688152985166 0.847177702621073750051879921596
0.921533281895676967012699937644 0.968240422177849937297094434736 0.481595948647523909615611920287
0.148674859790234215139060886807 0.245611984613597843056403503455 0.163549210857645458169240684278
0.738141557311653422817266714231 0.546959909100608325798349667154 0.811105262390970333674667637057
0.160860573593536102710600006836 0.681945626648652602658308534731 0.286530304096618528206912378870
0.399552176943474715666820383984 0.213622303547392122445984755222 0.518316630946808229941955238274
0.894971172374866736931631922846 0.339679312157230132333745772107 0.781989357446587129200656726484
0.830702689226767932549974411514 0.533145720130338249882881928982 0.091892867176305524867560321447
0.721609509550632615239851006412 0.384176929245275955292991173228 0.394475403085282172095010462677
0.387939583490520690075329374417 0.930961805888862192401718043251 0.581176692446063018680857076615
0.641583412407188610504510578193 0.410308576544830591364302702744 0.382901190822203805716793045216
0.044224771596411296113447003573 0.236127164484008200717941223334 0.978753163131244926659350240709
0.977522189380137350321371492533 0.961790703042433228105781715076 0.968073817706951595552763652955
0.595630876535632590713324261833 0.751027620349121723955443013455 0.641592958677160701880443732706
0.471344852188336473447653586852 0.640321009520628850194317370850 0.845357069936832610225942835717
0.605771647612606017304336823792 0.788286784553477322113158401645 0.011488882857053761123916177078
0.457209608598992638907143156139 0.735351761787681578957532729956 0.014709490245716662812971420293
0.639114986897874253909304632652 0.419754885927995973211352908595 0.246714410080214518933521959334
0.982691540338103008128778814469 0.645306618710706940926134450921 0.315273637875766199949720699546
0.922403535545507125248672201601 0.053872781806798164200229796286 0.884691824196464060116731395045
0.491929609119353091591768189130 0.135689075104244662057380739813 0.529987789057401935498366351499
0.725176670364305280364451694177 0.047138171659411402372334205664 0.535049535622670239327710312085
0.245404974094288675503062277784 0.331904972483232250522630402135 0.120266211906152930952140794241
0.844332735266027768394195726966 0.211449801804129914142962735476 0.931992274431520501769800684312
0.854755464563869280319189401600 0.815347356891515091223838744777 0.723018070473489563310243301745
0.965916751739218240787396670785 0.115604500941561452510524661921 0.615375072424265463581150872524
0.351872392272579563466056338715 0.911971398606984102484092442558 0.095461132552552946237565259349
0.189062255309399877202243494169 0.166223978008345719450843936296 0.368103205347252374327544847920
0.013371649545843758620181064483 0.897215435849008128604197283568 0.369381921029463989441169783933
0.157855163408635839330970783514 0.590351859307117009533941496164 0.381762000511063589486803702711
0.109114646298075581774367566519 0.447059647296856351760428673597 0.861731378866607268696309107156
0.688391109651114839364100234678 0.957604836140805481541004322593 0.377724933624264361834250276765
0.682444993017540763737830115697 0.628072488617571550302561276225 0.199801372169310676492855667536
0.941488952111457516268924395952 0.423299033229223355587664401880 0.976350502543659739857788429801
0.062634670866257520698321628483 0.832045854061725261098308493667 0.162808181881729033283215675642
0.787899839182310292394861822017 0.257471327862598882290982440181 0.550793180298558973196533182298
0.507198684106912470062011510314 0.115911000824978600244879294453 0.441244011659883088139571973349
0.992256875517416205689582806968 0.312183441890031906294977283672 0.592976426198443065666559610028
0.314598855981514210870283984989 0.553720658773470674566369457973 0.060167163985312032629714733691
0.466179536412434267397768553731 0.621357579930806367090027527222 0.718041786045786795544219896455
0.661047438586037379638173437559 0.196160618944844959341046094191 0.672398238179630464552449101912
0.505093194802484461625577022961 0.618932352869052401964943451548 0.739699270566370517520283468033
0.243232096986680099488693654654 0.018365173251096096792990192139 0.774823670296195283918331894277
0.697330474672162499215748433483 0.647231980852820788785893899652 0.532692291816436425869678593322
0.101164213833889250882973082824 0.415234965085461944707474020476 0.318755494964594020801805368264
0.567596480194404230162666540033 0.769854461047888921832242138106 0.027640223521162194643745674121
0.126030969301920786551169521844 0.124918741356921758532353854082 0.962446323679130952075008370017
0.483782205969874139957480510248 0.596483436484447261908138313118 0.087079026436132760766836030451
0.751206354150105204350314364708 0.466739302132774962093486466621 0.493027940942762870672030033208
0.077340550228689443972170182540 0.156183497520494940862722431453 0.896920719575758663545875868616
0.745075052404954644871301978637 0.741458763584570431896512268268 0.765559295913931381226305385483
0.195167584104109292230263129654 0.205252746148148264449515597285 0.728672666519228634471240828294
0.224603259821869778313616261716 0.414796589140827229191434159344 0.980323717281854546694270254365
0.161489046392305284936634143824 0.162165724433249300275806410260 0.286262855656720233264019595798
0.998332976285020326932514448870 0.091094864203822561601762196055 0.276562969291246891221237579021
0.564330504480967124106466712953 0.325378526387236187247009321123 0.444117544930657708840050617965
0.144489608843547357592578506569 0.665887913255714018757044614073 0.103784424741458561283730627646
0.354765478961728348839621189545 0.096717817767668198432692225582 0.927581106446426065741488240770
0.356712241718124710426822748684 0.176377366255644056272271111618 0.550264510368241752258011910227
0.487294206642974394355125931583 0.071081438197752992712941095781 0.961509083536513301186167834379
0.123743487569869662034298747818 0.170585393985019704801467121101 0.409569160298203287352819808953
0.273443859868715194250956855237 0.784437114025685096871715580005 0.066593958537853382694306961047
0.867688252676379637817067262931 0.833328473374040592323932966068 0.642769838322842083634501667010
0.775866581504423890162971020816 0.446954401067235223121112558350 0.198280610041389919057136359436
0.297416395258907146355487330761 0.614155232745665759408402582818 0.654578608204997539368924869605
0.947752938471546464615848245997 0.932950309375169341309450542747 0.685009459010502114070398887560
0.429233305833004787462164302835 0.909813573674315225689039390491 0.672201821506610485510121299513
0.972073307084219887542902163737 0.384387175705490536079596864277 0.378248998400274161898452370814
0.831944415102889537982432314767 0.010726858536611415478657546155 0.031925431995956357656515075835
0.478830246887239155522910589747 0.039943299860542500764277365974 0.011174320144044964456417765526
0.803679829507792729336408585945 0.911263351392750796147002452475 0.341528563459272518012815253900
0.541170791155545207314183529123 0.398038299181890821594731466804 0.811017196882580581742100861179
0.461032782205081040267618641612 0.579670887958035094819648921750 0.073417966685967344546498347190
0.790384051496590344866332482585 0.419573707048246583857271991233 0.113321150221147512627078436616
0.786312399070872582487101920493 0.613073601087524183557829873054 0.548792309692946421702770122870
0.881106027265292480936223344796 0.597475782370391347293677931178 0.688887034794826749554481908155
0.869630581345115619474542466883 0.049108211878257491386398301668 0.529151071707561683025052211077
0.190832092056984843387467358482 0.178232627601586770923629560289 0.828528214131007475803632655271
0.467150042775638926803119148287 0.539684035709681209895693805408 0.628159551137221211781290452361
0.182685682856111858122620519096 0.703226806778397521393577764054 0.338843367244211983786819072520
0.520200750314207675216108366297 0.424871435296515869514927310531 0.858854630202067793719539926402
0.777552743479930995360492072021 0.990004459209150634306607915966 0.179731518024554216957301570469
0.847793842539216425702763300685 0.812756885875099859571819050129 0.530849805057220873152073051924
0.567174002978085632832061245241 0.376839404525092493588855054565 0.544487512708679198235267318755
0.590808557239142215140563445018 0.359677141194850122531988797747 0.686264628685756280948692919499
0.238218606534347172403762871410 0.346062497914990346907360433208 0.484201820515271198538817418536
0.851619164035364609509986356218 0.505517947378285558191835207778 0.110189907204066752868661165899
0.310848932569219238427257344762 0.595229518051674608783362707136 0.515510632243601454147064691142
0.429479636232477040822194670520 0.601810411278833341944632810453 0.021968004636594093532723050495
0.643450815080521662479302563890 0.732177718720262613129666561339 0.106481013805188761637606364553
0.299712436542904037757125032136 0.929140458000500914132157495930 0.235068920473538977955977394435
0.334042859013950611412001702977 0.645477105153232140503957772420 0.431900222664395111173923768300
0.820740080374811824271780430992 0.597436170031454243201335757358 0.518122136747595929729380823149
0.381491351747111892642521725348 0.127596484991364725102490579595 0.702775085689515760557672486293
0.360761605563912226924261462211 0.327510080361646347908176485488 0.229037805974860993903425549554
0.661753073091257707381608042504 0.843765301825495678638984168360 0.858579370197447188255986760548
0.288444460668064084002556999448 0.763996027243544924398924691960 0.937487536505066623320893988789
0.985527753664527429077948532191 0.301839066374287377340264158342 0.347498874054490959016080703223
0.511127971419577954909076554980 0.705325245737646349621163651938 0.391449212518609805982231207705
0.581259316038492260160712125996 0.212510713915253646605436170230 0.028376323424768994339119108121
0.598949424410528230659048086690 0.977103344029752477464695406626 0.716639962527472148952895486938
0.458245881247808521767884831948 0.499543266308754729651615569120 0.113791182758686824652536845313
0.772306900634955579631196616497 0.311665098425421320662758272017 0.232628656874666002097822458320
0.920316379020380862763800504425 0.005495070473888576813452530145 0.295213384336393617515408824856
0.129192803264781975441994452469 0.669579236573183151251420232717 0.043085060318438836899629239520
0.714832128699623530099157282512 0.487444283986658645841982471404 0.255205209351640356461691539195
0.588959799596947508953937692923 0.696351128900520252163330726822 0.487895932969931809747415173622
0.417834127113024537381021017253 0.574764412640810134749919699540 0.284873372389899815243542292894
0.040190753155611422891609273196 0.241470561709874408313790439563 0.075629584546382805103289053123
0.893647323338534965555369470561 0.533046451349596613803521289078 0.137828680892530181158481561509
0.672419511915470847846232115655 0.786539236499380567234421692824 0.534454418833752795499000306212
0.712854809772175943642885651145 0.499726699911937228332407866046 0.214987557396741067897928152182
0.941554793822626635458737116932 0.240015568326351760677582837289 0.739129304366249818244227973919
0.174980599747584312766380796475 0.172761473676685610874172420737 0.066692711041813084859350701464
0.345237089647087580165469189647 0.835072583570417352936576611233 0.832474632925468162750788219573
0.920137803110999750652624609007 0.132628156413484118421945232544 0.113422816650139766678599967800
0.342778460244650308223483250390 0.009132830361174167224844689758 0.531056932828685977331151246268
0.685090183302025308169720399793 0.814744881711331190198194022678 0.228308423563979965572262046883
0.779200174770262433997093209182 0.594522976349317559251916511876 0.557372002833228039020136010841
0.839218879659445385982473143294 0.629230800602587811245650536517 0.255468415097945532329395714712
0.945680744406034032993371839457 0.826789507492959839971853906746 0.858026455836360252454484746990
0.149185559696272203158949996406 0.314953359325335988694321640773 0.315518883293535274311916944262
0.991483738947277426829044829882 0.216933741065859407434026781797 0.802254320888972112853414405455
0.904758505935301620440560215513 0.062282197872496448891042083647 0.572315818898091879992637439308
0.149323797874080840407429075110 0.961210635843323622261734054993 0.704201356876775705281942143908
0.405454670735113045682463334947 0.389665681483756639744811654571 0.615407672884774702023287050308
0.462978911335152376102769228150 0.290184600348599334644389211662 0.285480657277543108270328502859
0.802594390222073601896140742888 0.163462041099917736036696471608 0.659966973585133682986196960625
0.856530622027712153372350752985 0.366866260260080333778395286300 0.221206041310554747788826960121
0.900803702713857260396018723308 0.661146329861120722649702872427 0.378572340757057582297351240037
0.152477924647035289201425789580 0.261821243163709918133823387887 0.368672445685430380718038622941
0.629109017859976114610169159428 0.532965842349315335281220093450 0.072137830738772447899655789664
0.017727240311657848664165509630 0.353989145339661123651091633444 0.845088330513997784246307699828
0.062304836105611444310579083277 0.770881058173293957219141373543 0.216417308889755185085841690953
0.257742480053434407080522943262 0.440655054265696369401282695008 0.451809285352583996840513804314
0.844611706710805480164547538697 0.076247333932269413394213355655 0.749084322743955970612894795160
0.672473507998531839338092207481 0.615979151083422769385566625196 0.245652496598444311341113174052
0.245161420717855564175588178698 0.982024229635438774264296577427 0.619004239692008242613514809320
0.503158446584355325388104694859 0.168424492455916339147959828803 0.319807929837476108313493341862
0.615752149839665665693317243837 0.920762900004183145534107288498 0.089025355303438524652376261835
0.256777222327438950671154628073 0.504455607015164146335849561324 0.563515930541230955682834086388
0.912694032290720052731890480781 0.122129446675584411165372728460 0.405152315185028078572470114310
0.245977256643002816149465997780 0.803839753199034660218590678296 0.193797895863209716973059351038
0.149022078951172363131226905019 0.669793828543008625449631867751 0.714358935106740392279864750096
0.873474277949987102686630348493 0.425073262005987190967173012841 0.816389989568193006041564470821
0.630174282687948222921673875315 0.968151992546335533693871161315 0.832331478213621185178432379686
0.597790818056116605169595785671 0.266951098119766335687471652128 0.905468070815607571259237593349
0.101943315955932010378832468628 0.535019098943506448923370773584 0.567181955492466697983852453363
0.538244418056121314102597878832 0.713143645004391115290127033335 0.057094420849360329872877919680
0.102919062428406357824943958594 0.288871201019196210223176315651 0.913871843588673253040799765134
0.227576679616826376080281752615 0.224633724864662595451104107577 0.574497614834715230854195965288
0.196441692019153595071436496519 0.930127870938274980541520158935 0.008377129056304167948516059758
0.625483058266720548388714737534 0.150897455519942993855839324402 0.260925455418902855337722476908
0.272072916727276056150076165074 0.106841737623075386628156579512 0.691043844270363224431178938365
0.927722043262676270075706158896 0.918505148974989394787740677013 0.285902922878002360037218716081
0.378054814604250979876061365491 0.314398562759660797976061593491 0.169974806412171919404850424158
0.486968335202216089157678186683 0.172766109874931239908683410041 0.943458364925836805311960007402
0.809721244415017727231337308801 0.500446974689375911949593942624 0.210193046863227464653574831735
0.240737068312271703326241916275 0.957026474002714288398383189522 0.196502358384067621106362180064
0.805537435099428743071006750605 0.531626972553349823535276303626 0.047774221882622948586535724704
0.140567091558681398798000962299 0.462048634025996131023458856269 0.733206432688140111908112496789
0.174534258040034111570125896023 0.030915340870678167133941306309 0.861134383945834411540085548252
0.241087096799729570006501623928 0.892245994370618523547279420085 0.412095445246936999514525049448
0.226618263175469552848543035261 0.055150065829384690342133201519 0.567456382650940536631410202766
0.123161159774540113789234284953 0.009996279432732534799963505945 0.744358405573904292165607755689
0.245249811731236725057315988447 0.271047638804677667295256524079 0.348605885030529087770124013120
0.820541960234474722822739933299 0.682763536442787230578387909120 0.170300923472428993968344033838
0.462191803547846011015737193746 0.309705831280014774202382735636 0.368740970740214350504916216644
0.566440202118097166677473362169 0.678345665656254375686649045443 0.196347536718554691156587584880
0.957596810776856468392111925847 0.816317733003848782270055229639 0.931589041874604204078754212802
0.637962834310152169945663639992 0.205930341226613680390603158312 0.625284135796386015943278246355
0.269281269472256911296948012183 0.618454853173314836320998270616 0.155374423969545633908812460561
0.194291881395371987808751057886 0.014090773425405160494196764741 0.783830161535465555451850984037
0.147127887861779042643731008634 0.908634402042743639384242589500 0.621796324959063780669000159789
0.288961459188451211689581635761 0.985344937561254528761808527070 0.820706097503457506930413257085
0.910852708358284835046591618317 0.751704272867455915822434437446 0.695149005141575245305783403501
0.784329681487702168608603014694 0.806474214091618525761125582101 0.257769916693528944437033952034
0.258853328700564877548002091014 0.990386244360541513637913838911 0.009639104815075881811208731465
0.570868368389468440592217272067 0.609481506972535375557410185100 0.490942057074891292283438343230
0.435165486661256225145797342544 0.631445239073878253866282170056 0.849682854159229061001014638663
0.002417899240047789109425975013 0.272272481270459763671676975208 0.758245646490687106035636673790
0.208454557041179845329659579661 0.119614773720287014182143490231 0.301492751561258282275926961407
0.082224247740421565956727940954 0.278449527231882563034947520884 0.273164793883844886573969050992
0.560031954628749474241790352163 0.713943886004612434184293728652 0.984026533739514261496645250117
0.083818779803651417714792726736 0.729124298588337661804262247750 0.430023132728269806962533431953
0.432674643486253601175774085935 0.724922838474048001387566408216 0.872869494572345412151399859182
0.854138413265691229496767512276 0.258583326176814274414649686975 0.760720264409970828556396475454
0.304393620252806584218610084131 0.980295379504157322579112592872 0.736372560450412464209212134869
0.204215306100049549756724812483 0.037504204227742031510424893823 0.427513095601032367504481977289
0.748113136724741997203054453742 0.769169646986453242955851313799 0.773485583749697888616162251751
0.470341120671377782320978962217 0.374601877929810016974160362310 0.769013726489915039185814148248
0.658843789380892797112279340093 0.326095021151834119315651466118 0.399641667832812948308468423183
0.367187897981199993218572368236 0.499463296125294872764956416882 0.281106274670057365619722311261
0.725897119074260230139120588303 0.665152745371755312392934133572 0.317015856014538747314180872030
0.080007782069248790041452485198 0.419509931137275898555156420059 0.156906595862534374353154480070
0.868635178828276136058145655376 0.616993431668180122796584959787 0.275610694628614236686237069680
0.278535153984681151233838646125 0.656429305698894627187088328535 0.515626123976844264260780718903
0.296541063256220606331199652684 0.464047608812013099293581224647 0.433437796226729818730819377038
0.366241398362672434343145003712 0.900434079378120833635813563151 0.292392120733822690410710722285
0.592998038984520808082606132953 0.023416020506211305273999888207 0.469508994732063652136671249273
0.576540531408842311202224789942 0.756417205870986161642999095262 0.765906904713200014807521148328
0.096319117428275879130242362832 0.413723184444188349399148559369 0.367076850633491979415655063063
0.581772682334717528174505676306 0.026314145038020921641062953519 0.585964243329123031271065487915
0.766895869265108827542044694560 0.556670494528756461534743212903 0.229149536551001461066495175628
0.939435799415759214134575436574 0.597242478475910756177127528187 0.203354639395973603335612866097
0.346103334054780890487045392282 0.447724597094661229715617413213 0.901237117826591000674415873377
0.885273648657365478591651778501 0.492242938717502712623402200045 0.193346467173649969803045100522
0.461542593611239957311423873195 0.383361794760619788690905087286 0.771149620280402363269490023775
0.022987351877156155998368718164 0.646872960904595080018952183134 0.716839822689542188610408074914
0.948295821494408062956509311427 0.929550361901545009814021811768 0.408810836988647505965455525520
0.728140212500129435349797558496 0.329827888466014246520012237198 0.286968773026448709256154463934
0.506676984817391764775952679867 0.507558041602496456072883409735 0.335640958254139606731702478352
0.662645458033461731581142187900 0.394045412328959126363620032341 0.107555332844787313489851408399
0.507720023349493109260280062458 0.778019311780976874974978604344 0.999357338298890975208722357233
0.142904456255133544285733534015 0.767864160324790470662211658562 0.008792373918944016397990049667
0.875825924145060611577084176327 0.491190357112014254761466286451 0.092339554895469556688132355771
0.606606145791763499758480260039 0.605794054939198809653381568717 0.842544814493201535329904614172
0.489116170328191323491900743094 0.009678437209983170857362344775 0.759764619528511872767694558677
0.904095744483056404673427601898 0.048448298446485478703849475033 0.070399846306107003988912458076
0.519081120277696393876965013440 0.960716068359270376392657501343 0.441429828193831440152965048841
0.249692205009400996581910880331 0.171031071424174699904624096921 0.590167358439988730226261090888
0.419138054648676714781501800003 0.294155903664429285451145856352 0.933463403094147064075006948540
0.543081531088960714785826118622 0.112096753005414058480070605552 0.402027664284665571671616273016
0.059828217845087550109527107359 0.742714973418997456858154147973 0.026418375492191964340259875530
0.456735337457070424644608861089 0.956314473083642189787642644974 0.973069169481805187781337098854
0.143818058511567680682879377950 0.110463610042883458410240550152 0.405193748929529856364385047852
0.757698860854074306166199050543 0.161278508085641125259172453037 0.934922955283538417231860118565
0.171574616731918940384580656373 0.746310930894132158232952360511 0.144792110525630660140978641808
0.627360120055292413696423328022 0.023688832933379496121960376121 0.291469785172778163994101987049
0.387659225854970451208937369564 0.360668828720289082186705884755 0.979082282057819722258630337386
0.984232736931760836472823900692 0.835509964044621260018205173888 0.806170072781882784066852729788
0.664703389935271025368523179616 0.128888568729586022770255704705 0.290850348874449698938971148650
0.386725639822239339610887115128 0.705616561405444596901513426603 0.442147212636468610227032779619
0.059029903669358237069158913253 0.868005773808834611876053748264 0.682442208721792054613126514237
0.800069401138183442719669865751 0.774873486135887107147641271904 0.447709362058845037114023357349
0.941550489049083373027066455307 0.006015778950507687810606434388 0.023525848658936782953323765884
0.634441544918482431771661488944 0.930806614578464815212997843053 0.817277699886445201082143528490
0.534874456177700102996452969717 0.596400878251274596268295801351 0.464817612646152313531587147054
0.764743772963063260160195637225 0.191961942810977667586179182195 0.284772777274067796711556547566
0.476686949918036021875908125914 0.119723804614358649796316988524 0.716110831450152030394292232528
0.398588262273837309493868575487 0.841803638076481015312132774974 0.505284823783342086472634164246
0.080708697207928325825327114045 0.004789122029383340705660113013 0.247000929476464531444076903002
0.920767026581837148309009358796 0.980777243248257251273003723393 0.327871978776896432794016302876
0.246990234150988003208434688228 0.598000643328784652563295855003 0.197031562169286418178555020506
0.938527058557696056440286374571 0.643138566603399904397529863700 0.543130229186412649187181673596
0.049889798633273890181541425852 0.650319328393443770129454340805 0.585669396610386368621856600654
0.919836499094671796522140531198 0.426357662414853525376670387762 0.486118031168875763903129876456
0.427466487967159979033465005940 0.112235455811967047864339165729 0.012922091037457618113753117375
0.603485879642141752058885217258 0.613730274844559195328426191808 0.645897101477731558519302630330
0.328959949089959748331967041572 0.487267726478133192529361661150 0.788242639741547166277403724281
0.959026766081288099765016328158 0.497379895827586103859136950003 0.978539383300561093625219589601
0.740107711805016636894881112517 0.548548077004513013627570416220 0.775703184287000106260818616962
0.629392051548923406013623999383 0.804401965259494977519593533993 0.904560331593171573376740255458
0.559502820569570828638488393575 0.130077951675802192847624064702 0.320450549412177858637252369182
0.165758493800237909105269417346 0.920557673764844424850824476711 0.311056281179473858320725592593
0.776172889591126904956471449485 0.101345807073109399041958760607 0.303721885240642803483266693481
0.506660844890632125286362766249 0.015690228441423906828110735190 0.189325105960236426001883416161
0.502609974258691770103087136219 0.585461763190956794092666270295 0.800017301930340963698430718133
0.585154013196866789283655546661 0.813840913346061924704269320445 0.396952954832493466778284502424
0.505647639511508880735192470095 0.321576580064823691714478237778 0.117213987280880343947813302290
0.235596991130241727675745330115 0.389579102847757077198761123300 0.524454071196171604144236550709
0.643528803047685966096207679770 0.023874844394635270785528542974 0.075053453619164122235440774523
0.591808859818110176749904146013 0.544233989748282899198624425445 0.338070752863658898401645298693
0.281412359459819817332902796675 0.197904631815471895020618089814 0.897613172475609489568539659131
0.998167382947649543512443325946 0.492993051021288552579922887884 0.762242690690158924790425216279
0.892971205526190714810090375730 0.426972509072576117486290107076 0.565273681991182248503853365401
0.312429851506943558987142389300 0.521279648918276574349970435099 0.256728022831742593845672106999
0.890938239497082174686197087330 0.319426813827546478728767295559 0.894329050137673219726320294653
0.379704050844642422524221427218 0.656086958861379778831397759062 0.641413433571109332410397551069
0.785449223981128983092350112431 0.430788468615395018743473872604 0.600180536792103959620523618139
0.725559687894566154273032669792 0.712633622328570704139970931886 0.755061759864586185429571315666
0.110931719564698145985895777922 0.965258447448778639733035277566 0.163451033682150899852051966191
0.864216582206640179400252865784 0.831053070959318335025763097721 0.644772641138827321206225757891
0.113051010850231647125646173270 0.071701630569516200342897975267 0.250285314336811146459197169235
0.820855297638809894614308058858 0.888358577318726900656332653050 0.850746740010529697243949470883
0.690567375610788656060897494066 0.838850943937543204793041567058 0.390198032863884108114308752269
0.883567007929585978993500957827 0.147022728129926010523803022591 0.897732917035913810058358590402
0.881277313046615182524819279874 0.883797209273519867211303290236 0.803885921557172405391596767204
0.372559202984555126768370731439 0.873305287526521553129965686439 0.442178207081191950423361119975
0.568068781703298977328177194701 0.314946417619719512924202644606 0.049126083975373270395664886986
0.231923028686770878990195853193 0.280516186476994314975212926788 0.121168501449399054085885993419
0.180840133339237002608304934466 0.184418473161185606315180639858 0.115384717137626657230200073669
0.626003936515799379756406582052 0.755807280185864588024236410852 0.160151324113035083450429353022
0.067408644792458431501108708709 0.336025267630021946198144846098 0.902631720086566583813616054697
0.191688601795271994824520817703 0.859848119945190994959240719081 0.718568699015738185890947035793
0.213580899490689532168361529822 0.793362692776375213558182409344 0.276541288510163602640547556724
0.558365255567907595369062244521 0.745019036984414912330930788082 0.634524497581873496599995975448
0.280851882312443893777470476806 0.407961448628566890887349150926 0.626009426483442728222437829128
0.792269074038365035744731435967 0.381583727902524606962097485723 0.891927960269972037125554399887
0.853808282765163311440800593213 0.127308865796104443809771552291 0.987271815449981691742782945549
0.945203347411134336414394679216 0.684939726669640871176599137027 0.265514993395306575604462614820
0.847466279404628293840535272454 0.919682292974146851355020961186 0.016185406624161001446305610243
0.941618017716757382786947412064 0.992778427530814436164715885031 0.702468938303391483040495071194
0.716090722703383806676858875296 0.440493999089696381387581869769 0.977894580963353031444242707784
0.670634638565280690149835420917 0.529245063502644601271274038823 0.469900305445815103006388288565
0.028566643536957886504457114835 0.549688733586506675529023137603 0.663122555308683448237935269613
0.164578428149574545367398122441 0.919011529448655619286126120837 0.271457582441439605853319603327
0.419228685852522204068479303275 0.808937903996872140970779541394 0.629058718452510418118061670250
0.312590494310208109006161008721 0.518530439369777985588259531793 0.372448331378285844396442349638
0.359631762894611973511442585179 0.104206536916027648298759547042 0.876540518021536124075275049003
0.151899113561334107406353799732 0.658239627348694901638679249884 0.057762231594239640283355769473
0.073285192402116841683387784112 0.531052537640225802794376468456 0.469343389631749056228411317178
0.927089142485350957892386882877 0.798602573865918950769704663774 0.432492801076975967127188519111
0.315885211851254025958055609589 0.912157370714650976940269890746 0.940032274622980071308550071858
0.458051423990261898427639942581 0.339074071930513706948275394894 0.101923757045625816091381503254
0.862877835162976525301159164424 0.829557567540835420532134999395 0.985463174102512239608836628090
0.855160956157126168913521246767 0.491367334387167784498640263501 0.713247450333606892163466780202
0.056470964046216578678199648002 0.306012501853521599685236133462 0.000356737891353285043331685198
0.511066706246009238822628784402 0.043495128083584544428690333836 0.078122001258223963113250922107
0.729094392108728230822455566985 0.033645230093164102784369002883 0.937583244556071322537618179731
0.971600949063696518939545140201 0.610210267353993853775400600904 0.272392307074727025999165329283
0.593203894967394253221276512268 0.599732469817119567080180352069 0.804254419939190692634854912658
0.892510662531029224824294939200 0.813116107026600990655074049324 0.900515639893968117478794021354
0.351924565372953878917432550169 0.680052072585600461130178716045 0.278473250085282835297983524972
0.452067113921838857402835991404 0.842066762099808254610691917741 0.943532831246183446104476427570
0.164222450938823422749342476617 0.425576965001038020428429400014 0.360366296197640280217651756552
0.064703879917425927848140883496 0.182024996268801976473791247340 0.382648885698144766741407864251
0.510431416806459756665605605737 0.625009482236603862498330971555 0.949859378997570934750072771851
0.161353207703178966252038071052 0.282116428351866402624245006016 0.928228476842857175444502565006
0.699307989881582631656393494403 0.421789225607375219280275432308 0.089140074940397907652556121505
0.556493270795647671445119964470 0.075240599485480332302685360395 0.096282910663864869429902706444
0.545441838784388288951388448126 0.063666473379801862528420253095 0.269164981214927534993304577389
0.054188430894647278234494465079 0.169995412994444303473744241059 0.508878893119460008318206295864
0.401299604054125828064343142812 0.462680059375000812381365034051 0.316400788923417909823100869050
0.069416557453798681361609394150 0.032530593782110412372049308773 0.902770115126228297037719095403
0.129214854952538887077903718460 0.235868302311679157829716699850 0.519125793973058574671054158893
0.474189006898892331647430276007 0.962144963074483038908832663878 0.245109426389103045528509961356
0.695506672279596418711392423332 0.402778344116650516443821620068 0.298730134315284936736408111447
0.043296577261220715653700520963 0.785218738105376740827013683722 0.040462158637685571327813570989