0.830284198306784986199954425955 0.775993871467068446468954947555 0.220826596205245561190507297471
0.017551752632514174615564706110 0.177234687044612575568831346927 0.595343211554386222732630139971
0.104429305713208917988182392257 0.843698742499750621762622813797 0.258319839281627474957358821987
0.747178322205525956734497682711 0.906436465303623857918223081663 0.796824018188060116069776278324
0.575404019977521519422421373192 0.925288327873951995287942824799 0.259189907042602733986274838914
0.683996157283512026724709566189 0.775332502148460203175298198257 0.303213737724306391016933365872
0.470143677740168328372961653261 0.061827626034384850591059302283 0.550745652152254132553083108438
0.330747666040077343688804806616 0.310116033850081471650416525481 0.867332069395667999324934949489
0.845201853163195243277009787283 0.669465088385032911833349594783 0.326463416485905493416470852703
0.817258818317687561410432767009 0.007353932069677634138617863672 0.891808609898851810328570409025
0.478788848954772176325933176722 0.909635061914034708214698046513 0.945905396197312419763748095698
0.628854586309701091957865413767 0.939994144521166157476070359701 0.405155676189452221450785079440
0.771223284896663149565038928272 0.537468392931232086940614687844 0.930940343600906256183175143405
0.251996264526396758129084540440 0.022706036750665921112519512684 0.560566973339120803756377462945
0.448099275825157143732261468692 0.198489507194025917455005733160 0.939432483807682576301120639939
0.686475572191419108725688778228 0.124097678063270935446777600568 0.982331430997412141890549644122
0.475861259088866914642781829812 0.836201888627088556121049275761 0.191288995250037312372702769864
0.592669381048018128711601389714 0.056665151846027223491847053668 0.346648825598695593519663770207
0.232187784245371436182563278560 0.849934813651599315496364649057 0.319355518472089989974664549398
0.387623892761123288155155371182 0.963132407810096910919415092775 0.002876274593150569754064953127
0.655034959652542059502734598473 0.726477832996978997147673403105 0.940871974223017410397188251642
0.647641467178446604252569727611 0.466069354858018009804095428295 0.442919023569799961595069251497
0.698841922903108344652843920412 0.835818824697265585942905951264 0.134228158385013089667762463382
0.696689968578430300638176038639 0.960856347978134011413152883211 0.227238877298194223237828868330
0.624742332167349204442563549387 0.034428196824099755438952880969 0.475640264399255222255108929809
0.298168100716823450932803667921 0.612094934986350692223656897282 0.003715018275640750731252152636
0.563903171973206020174220463591 0.327643936421853771152673578783 0.620558508110776256844479866056
0.324222404818101773240293938882 0.646603798428616932129749730386 0.113743694663299465355663782424
0.662842336550981658382462889496 0.708784774144279392201830071646 0.332768672953487984649631067900
0.644482704314675676765607986385 0.416179858742580083095250699903 0.022196839892571081395258919373
0.123470451951311660025884644672 0.156332983888838651948722874626 0.619367127682364463348224049368
0.517526193179046120727371289962 0.953766087801284254662553656519 0.708127292568068143924676896014
0.339630505567067402928566115220 0.247870635903044945537290491539 0.602209478956774265168463627622
0.890182018522827151493410686910 0.388179351388714890546028682770 0.577634707664354000093312532611
0.305446266904924923798688230524 0.812569351718753788861540168688 0.495464563893852986954544120383
0.182527442674979548390296288576 0.881113253991907291872501125934 0.104077794944925532776156639018
0.925449838578615948855867458601 0.095327461181878328058424072556 0.672753686947942551911360662804
0.625830572658023143606308218352 0.234876791226403259415880681119 0.935522863717883891191959600579
0.585463453807793245595012287647 0.220994765321094970160971636938 0.269357693147662473138337191092
0.621308606422232917157984130342 0.673414425206360517360643150356 0.855098535305129114421162613202
0.443821115457778813869735373802 0.604737388091221328134352601262 0.398070032703879613692002152492
0.284183192363747096210979249336 0.061002691080959846118780648703 0.267887751152437216332280721695
0.160444909180262112326127804332 0.326815427097868488018565035815 0.094667149746823794168837794397
0.610370837798086647264813020786 0.245488558984347145979268483109 0.233674714515962969989311972854
0.635913725596805500627711102083 0.994572286879644127927693594052 0.785172730766707328736241293853
0.035647970954741757733346775937 0.123335989878302380169542556351 0.388044194607562139415103884325
0.339959926948396300359616545309 0.923564788582279188508430197604 0.395096764079230402114472455466
0.851789217617875032355150847526 0.542492279491057715306679281785 0.861222535939230469706133344201
0.024094870691371553955733829788 0.009823749629956344485555970458 0.468669501393177468225365406236
0.868495759758731101039949748108 0.726059654573368366633097390869 0.740524649561803611519193034765
0.524577045626186910779322834924 0.385181293722741087457902390773 0.320191817175504818141377347990
0.788596535260719166588934084996 0.676397367523989641523478343879 0.090421619368723544669148745114
0.125253719602466712794590843372 0.210640817332752122571412182390 0.802637464760509157216817405356
0.460921757845239866155126493591 0.766354350549697737118950421204 0.853568321846621768412635779584
0.392038557878241245338389066903 0.372786622219895696636511625485 0.197668300400165968538010721450
0.424457085001066936571951176275 0.720516100960937993406225486598 0.311781830369446442644675775475
0.890623017626008174858204804078 0.921983945751339034308751294482 0.145412308848590345374100592392
0.565234650445097715814474260684 0.790126286190482250007131391434 0.724026618826024835262857613743
0.812497164796050789111982311054 0.901089009085029183017275767811 0.487946955805162082969906584800
0.735439093228420620652485980457 0.870937453553258623971303070223 0.269908387187506841564494474813
0.826991282931209041342695489565 0.071279875715233679051560425433 0.990411427009770974132753138519
0.615063262614010099585534167026 0.461771055579328935327156668450 0.721889680570088513863046333591
0.271405982887138758275717006696 0.934960839295607800754937837841 0.905456900166137885779821252899
0.759074808237550994024770416244 0.964250546646540523523944108940 0.723055652885228697608161396269
0.467662475308285735595191117827 0.218937885631503025181088226689 0.827529817727227155491832778949
0.282558419196494484961807701648 0.754725499842521699623570468312 0.094121377474187054310269913990
0.186584514751990377309265473130 0.297163066048764608170209609970 0.669210629000549791251879658470
0.084644898514617833732179478871 0.292668310513322265980318410038 0.269730749612651166219461022392
0.308480862002084010942261657565 0.602097840872552857795522740964 0.675508475425696010535344541474
0.295051353405640630431676121114 0.664855199425778944021382603311 0.632280325733525616470561960187
0.032168301304993798320896831863 0.716328945361900692266875920488 0.045838140364650397017828635586
0.281068548843287279602896053500 0.422955143008857782467721001123 0.531317911248856235751601591961
0.058454860548132459738924362088 0.979114962778913550649815683369 0.179692912658813717462476642228
0.678070491108096876634206761718 0.999092915444778677179620896051 0.541168947444143400131954269144
0.962240009442346905705166407830 0.495982058712744831889547992209 0.906945722064847742591372583911
0.413389235167848645524447895900 0.004652801902731846354718381940 0.263021805729472264629609684393
0.428772008427149960458838578620 0.909719794611318782969731111148 0.326937254923471527134001419781
0.757840995039585156785709499721 0.937641588275684896131941577283 0.940714550152096888026064416755
0.939079908464907039677535527975 0.209071542121515275300062035332 0.695210191382192300543131771520
0.758581800174361059979199394511 0.243433879600635600812135178002 0.033592061902095042317701546798
0.817508652390433296501366743599 0.581422873965411278990487942881 0.372381973289270039503295077471
0.332464335547617472359533323737 0.120482418453931981291991503958 0.519410821059456401404834734177
0.520249789098882910676134594505 0.109546617705030263227034452336 0.621806220958440068569740530888
0.201697464595218091512539263947 0.560891111021158510132754157570 0.563113359351598470850625652949
0.532677459138885592313974953133 0.016670934260795961607335129796 0.401414683313086832312013333332
0.349439131834408702456452035766 0.980955793072921886523918476348 0.464003858053550607021992879636
0.596561564373457991523328776157 0.863817977176247492279275256496 0.392932565772572941156272163764
0.432736391727366878361845984940 0.564590210756777989278020728007 0.587698700390445016139551837805
0.103135303390187382713159783633 0.201721410156363368484107333103 0.149969692923335020523414646019
0.026356746439304087155953363116 0.453538000159689073359492288083 0.425711382784920440654618252692
0.906858672993585348356773611396 0.860295103688876320065712991618 0.615768754598412699945971359166
0.782294483574157799031322705949 0.753524519327973817299732802186 0.587058610758200983150737254507
0.366404318920563139367246687288 0.141579797076601003991510694750 0.600548361356816287066201388777
0.260980962170123714300220383463 0.734304664603099321686949116889 0.649747607154662688379009557900
0.683439089702974206758188180525 0.829591903019174999563794620073 0.969339821005287414256400431692
0.856461661588363204833172431281 0.621073477688124847276324561056 0.672949091905255779500916502541
0.334098864176261445401844197724 0.105315912039567143364726252918 0.728935140841583672333104578308
0.734042535627551430138553039797 0.381089284375430962411188665776 0.237789248890588687817913604343
0.195800424797900430615858288520 0.508097835563807137240753118575 0.452595396374870242429582663368
0.538843851315648080798570012904 0.614223082308305439590097635610 0.455010692779932528271557397212
0.615124035388134793212104191031 0.564534637858013967793622621332 0.288534514331231680905366796855
0.646415448118347361107202664481 0.666853519180140621121509842967 0.430203346149231782598733692419
0.001097548034222072994870224369 0.218856059577979345894981665483 0.243107426716117429210348498002
0.169737407010644213425437287042 0.082031466876264122196951301175 0.957472838528836859820516433346
0.689802208541949824407287989717 0.211032428636133194361894225212 0.882745877529913760447930959617
0.505982140220931871326607759677 0.659384710539385742949672650687 0.439344448447851778305914523623
0.898824588433069301301971761788 0.162946076840974358348740205938 0.547004331743090380961020598804
0.058088795420430105567293275012 0.460466684327687611216657744627 0.072804434440234725560755924950
0.961482070718685521878455322296 0.113428811671578279520070694625 0.125333320929563714325764540232
0.139627373436217987609136629706 0.369795488772158921479250992250 0.470548632673236557831064656580
0.839203139910886172003230967570 0.699121585084890467311807819098 0.894363681692551653605315721369
0.347556488780593054386640833549 0.842541751724328254944136113291 0.783217912457822550401304535929
0.551887300368295471056058075089 0.327323302647930079642806750544 0.515572226594245223875166821813
0.180830827841861750989682252461 0.839240086741551025100411455100 0.921461266258162103895144666684
0.136736590142968404356864196346 0.242078077722830628198099213773 0.331660325219353175216350307800
0.955154707477820972414892745809 0.064655927118766956084479224436 0.379351479266573975250815256351
0.633701037977779919721634994352 0.565162630278589108183646547619 0.185056084784397200670846391381
0.009213577642828472267038333149 0.035896076746792783209274405032 0.939676854918223032816341633591
0.668593528020201041986055094207 0.455300797580877988870202565775 0.393865802427297241881850255859
0.870868106824806505323025589088 0.570085292493614076969967242850 0.818941669872453888043453606871
0.622447230720957835078078992703 0.415276854396293601593968249041 0.014423926605827582739439931672
0.894462183870839890553170594435 0.837445503288427876212479171544 0.029263627042409825352546927065
0.901238207061232617041830190212 0.571598391452088902467453081749 0.052512081523697875872223228613
0.195850274865770566498791184570 0.525112236420267056428472851858 0.803115915828678337776091504531
0.728466234465477223460073918263 0.307926648218694878313751027152 0.864144201372940901407596685582
0.840195877957101923623422802547 0.804492731121635007443283676102 0.661044613195211801995591526829
0.675347088354919024048523755121 0.421616622169907870643812950266 0.356836615634756579354748586932
0.528279716152581276444632808291 0.944021351898453713922262241920 0.066293631029323762762454912449
0.979615215766087125593189327634 0.477583406724175244597552548747 0.241398969511891065528224328299
0.486702231486395796019550676000 0.188056650720017017233321978663 0.484270179076386842041252856728
0.756435127320446801267031102149 0.445908746868873599617376585134 0.247946412229099021411473672674
0.762235633454957504561853249639 0.847238957009501016967780869864 0.201865252784583868671057223396
0.016603062312673062865501830267 0.783599660522112964517560107155 0.590348186111948436704338397410
0.387222901754557855095648485389 0.053813861982751016678556938869 0.472731109250256463654574802497
0.352754504894599217365058011378 0.393194099304230743534638946038 0.629515654269186182592315437213
0.006998196404019879082396487516 0.095423196433475857308068501922 0.962196770056457135131889208382
0.488924462402342369639369485484 0.487403416556637421658572573826 0.599219181042266285615243174449
0.113497407400741289026948740972 0.153280225215188092894921018223 0.762280392154163253741717980624
0.174718012147733386310834750264 0.332230291373161251113204369963 0.258021190023626685450302232903
0.704389541273874217435871459699 0.010066772703818015057241590533 0.933835931513006462488175073932
0.312800355215265886514257582642 0.344396740790947109019194496397 0.639365357720865346552732895247
0.727038838064177162757473782257 0.214345537855545652477070080116 0.076529187075821057179230160167
0.724595149436765787533679120486 0.063101262786591261348911666486 0.001716257355508640273443209445
0.896723671755526343531474416496 0.781712110854547361676136721693 0.331421769501591566676007360925
0.863838268868441293133110756960 0.583704413875080627411109498835 0.977704831385769617889317433970
0.175371165870108870795639718390 0.247204314356390626213681853125 0.445865513292131454082540742905
0.922753895882342781115307905516 0.722608955109353156053784308549 0.475057345050083807268607746416
0.536324048356620305279001035513 0.682773063414434403278487417503 0.834120569440776913514452138314
0.610914737042486334287859270035 0.887709383226050701330193628451 0.092427483722633507192533158143
0.587004699273313210686021090494 0.718669559328585140596967580267 0.387336573944136780681865824755
0.870325721805546539984802553640 0.240226343648083729777236867710 0.497556078104108722939086080104
0.074990457914297201791618238048 0.405741895103066353515607757268 0.712498929816061574278073940614
0.816084242859680276594251811888 0.492773763486283167623557203928 0.611189213942009020275176910414
0.146487047459088968303561984125 0.153740453166201218960436614929 0.854928500770679250228544962253
0.473142194554031355008033779926 0.616905017215641493962360349908 0.494095916058520710421602181442
0.594507213147418625220874210884 0.922600566742803404877155115373 0.858474801588106651189569349966
0.833042060715759332190012199393 0.424567156611439440418135736245 0.767590862047577729598008332254
0.442280899834954930140240309821 0.282617056601179230262860902165 0.869747062860380158874888138190
0.178765499951054768664082450864 0.021499776243347081073403370285 0.382966588805468687208253615881
0.643615391419356534809210070551 0.718842445823028116190823029699 0.955257340193422987350426901842
0.927860078753523893036802789501 0.999273933802621624003525570473 0.136725479862233782330160553123
0.911228758107856511793593403624 0.043737912042426912734591979560 0.150992275851998314808985467694
0.143255531422737138561624874214 0.594922421158484062620085674146 0.631222722195576075587083117816
0.799178175030853240432397408617 0.827246614616821101655840978072 0.535009206778084102766654985014
0.745137829565214865511152671335 0.230189113452169439064870968143 0.597355373467671239235026779460
0.950207224928986890291632396101 0.307927872526868750874322541898 0.417588049499003886336126112592
0.456443937562401686322711967185 0.363839093957121625001871673897 0.678663243487229437280669076094
0.591866018952989805065074784457 0.915630712201220295435486752246 0.013755641172322572119695352086
0.156776252833960111822839861762 0.723708994141423371043038814087 0.052848121865532013371806484999
0.332249548919954887885186955411 0.636747875396627261072358164292 0.966108723641115107938182969834
0.556847557480876314968210401404 0.360340348777962798156544137965 0.734047360519027434366263720552
0.067035941855515019079893390031 0.813540205722635144411827637590 0.180823232931439167630618168067
0.866343472763804071687722312793 0.044644832488686104525910616767 0.274669388078169986805764160727
0.061482296912095932975985906603 0.464295417080903131844615613735 0.130873277979347822959101524701
0.373275873860746984167955568660 0.790936941508031540873667236477 0.510591604736289850814454267156
0.923804681372540326147993248528 0.639692266376476212958325419456 0.499857265626162741612522694233
0.761431146890859088101353958621 0.617073335261706628789657171042 0.855875187078279173139400048740
0.204829273883433520005913448668 0.706252976262725890043755921886 0.394991881955495333101263628144
0.097657397540343502493353052456 0.839748045878517152862917337723 0.854104882357425855590742215660
0.140983370144469802266018774107 0.875304060941898216748663494513 0.421457761840244692134202473425
0.456393076298064346624556113871 0.440572327390544361339815115785 0.417240511453169323969244579916
0.135358446610553973336369569054 0.754441789768722701059604347600 0.959906847333004852492008131793
0.004845283298917606801680107679 0.696574510380061496571000138251 0.627911564183929799575105953026
0.108378848659120822931389273000 0.227158585327947443237034832075 0.222444635466040461272443437943
0.273578202841404375481282297093 0.532542696638851285685268291805 0.472404515831025938348443388815
0.141203584753843932352327863640 0.091376574223907033792319210414 0.195352179971777357615814681088
0.916347806943620778495606882930 0.057281790878717445657673770789 0.652517628599804434860564238494
0.152858066103631509942036710209 0.573225280925106209386937111303 0.625721796543446444762228032114
0.371080064331911600244272378026 0.662791342636180172070051609757 0.960503341076492870962760592502
0.974735974132805873699863424293 0.613628605537634668219364016730 0.016825304248473373643328307421
0.645418472493305531129729298771 0.206245059895238553709873083813 0.570735504632662712004944052682
0.453044687970018924826049356640 0.178952593598344937255080689160 0.646669110830849684869264665951
0.953261742880527959379554560584 0.294633996413971678863841631210 0.445945706936215444654316847833
0.406048097033818903291544987647 0.117181759092584520484734541570 0.938714578440422772885202121444
0.155045179298695850626010194255 0.007171333799385274109727601636 0.181254971819038548579213941258
0.858104546666534037795632353615 0.346082798673262378113727672617 0.817498010412745622577816313297
0.351254506514610904131803714126 0.718241276532752246066975343268 0.142686543423746666609025160624
0.154120403093432235644580639338 0.934409756021388220619543548220 0.221558600043171247471512864264
0.961344980703339418232751835612 0.089904448979214058744766412899 0.029378631570130788655322016770
0.760152700590008375906506032290 0.880940426007571810996324678994 0.376821725083383243889463883948
0.673968712492178543252232640115 0.710347405178714388157807113895 0.684248760896153114522983395712
0.724217937184325253203875246591 0.560561325498208586111941369892 0.914044793526342357744232945036
0.058528699854079614358564128214 0.006172861883538685923664156056 0.162219620323544362847984086034
0.618179287800358926933493640106 0.253922447615653323143135705325 0.892288610506314684972137475105
0.475875459103432106802967218347 0.497353678708506872319399414204 0.106516727945814314210870967716
0.928237347087039615739457703418 0.976045312232219727239049122226 0.992252869387909787142378426455
0.746266486595946981462335145986 0.574257703739883185156068792640 0.161172455445179884167163850395
0.905437330990707276758483576442 0.485111138750995528157544566864 0.345857240186779215114670511049
0.743697960733595595504320913521 0.388327544718272349532085951894 0.951088695218456498383048319948
0.652879187932651194160400325786 0.890398867055190749438975820287 0.267125784882709624164264145792
0.502822306820262681773230440214 0.739786112846835097444301205475 0.271594094228498051564942685394
0.824814660353948016813334015849 0.238992047054619897003027490605 0.940917503529271808256583676585
0.501719344734571814687731815862 0.800158626278840867408643195124 0.612748903629456856836836871638
0.221238910253496516853023644378 0.549290656918221020631723234174 0.313464562906628034117197235084
0.861995691941201226194199624910 0.915015299530648216991886480974 0.928373222814667430619476937833
0.093056234853256593186818171366 0.807924394778174701424082675781 0.838074330889551532879286661997
0.654132105287391847572655533667 0.330186081861473957244261154391 0.829847424992677668314393926280
0.625870938990760542387531608561 0.682181015855815887409951263574 0.079217147454400172912013588192
0.855776760130467827532685597430 0.305578724026904208419288002463 0.150096716812951198415445902464
0.882166911221640386933261935890 0.745213628663786822532775225981 0.109593479014804084734423535782
0.351766790427417146720589262295 0.443838080253436140709585938093 0.755212536684370665952834933140
0.007433893471391965929464289452 0.352144187035113643294606137518 0.634127985210803250819594463682
0.630275143096883708218113208545 0.411449622959393287152076085010 0.045301757477357222693140436356
0.313115869699198899586499665811 0.846536582093652986604350788881 0.407246200187404289835429048664
0.583925419942851265113536036785 0.819508935187050304340410080338 0.934046622109228087940662812224
0.684344794320275070651232110943 0.256959392123353200965830424527 0.171651595821806431258458905677
0.533903197314228769183193489997 0.673190036720291198105250503019 0.898970558076381305944773192418
0.280251431118003064712439041803 0.858995294755674318777093294959 0.633341910934877710621978798273
0.687324468727481814362172982279 0.073539386127239081944287530643 0.470177664190191162025047341969
0.551567740251021542335221580466 0.038270017200823802699339789451 0.279800726623718676885638910838
0.213263679004350528284629139936 0.952247759193674956402251223853 0.288096402404092857396751325462
0.757252356009358394177877886190 0.275922320593613056599832307592 0.895994254250561645169893819662
0.666858565261315270930156587147 0.291662476125720344558365672233 0.111934071541533580991041886216
0.928054110235277809462139484851 0.819248203388822364574582934432 0.567493193719618656176844045216
0.375558156358047641833785139613 0.887191210121121723573745538599 0.197114166767567712586913296385
0.746946587066267507743637829715 0.917014410266683931207418714653 0.410732484750117427031575749361
0.534768416851916750390230288531 0.113350799104869357531520793179 0.162613463999815652600847666988
0.429325318698911775124636773156 0.790932513516971883955139106786 0.732570955584185239994046970665
0.805053904057490722200987656420 0.711584345846853734849421234811 0.086647143113215400797086453980
0.914912950363275594191589200573 0.837721372084521312441826586835 0.418342542897839754571733226013
0.377318724381405342305536666217 0.599566982245272726009874446409 0.706218167057753607822648869789
0.244697996322837897130635300272 0.294829800547531239009207189198 0.212743597416408324874188814981
0.880741314234000010100715227213 0.651728978172625721093812631540 0.834792080444450907106857775336
0.918251518143748139635883781380 0.617311392405634808958282609291 0.394995668500121097812841175138
0.456593829549330189548536847738 0.983997186353826184732251651087 0.541181023580194106854069789135
0.828664200665589350036488792026 0.107181844880564061225488456633 0.646313597424840211810420816483
0.046002345632365713090169950012 0.084596139136788069530239591986 0.044197805215781278155252735727
0.773546912512160859385834337253 0.992194794893246171367639831613 0.509230696346038471171093059395
0.502863195326751269598282435335 0.077160663749021358491378809921 0.853186085313098733563416267175
0.288500544747345652125665343340 0.618988612428139716898819250817 0.999037188166350466102335985943
0.520553898826873220957558181339 0.612622124819539639455778948240 0.700545620144895018365483731867
0.758647931092688227855959520628 0.642961452166531259198865368652 0.890704944726502963828126110692
0.531974499138832320533056392912 0.089620266234918897308513414271 0.032619591714505674198717763373
0.455225579514852563549670772196 0.519904631677974951987539347591 0.305814592736067567175525907855
0.116553534630159934084683901457 0.197311631858495010216651516127 0.348989881499106672188659844404
0.723543019659143595787215994376 0.495648427684424646332948528046 0.817841416828366037919477680053
0.099321938194615803054265083173 0.519310817123831009044832171818 0.886450219452301664025179454469
0.514368886387616329490206513947 0.210511379810678691194144263676 0.010468292426532602233959212744
0.645332067881802264138254316748 0.939248522839533837609153234856 0.101976470671316952484662384438
0.573380632193554535330272565031 0.443058099206602984074546273250 0.524802417363039197044647812149
0.945721691950767852798387286839 0.285741791723431486597197770966 0.364010615098323113663170490400
0.253325170866221231787037693800 0.601152460993389296040234074694 0.418760326479939928807870396924
0.311511615963970519973283080510 0.589301219196423402388939019223 0.522659945230108428855488680974
0.663541555360315406232722295530 0.625697456247133816120610773329 0.123741307005022870168719913520
0.866551293940348820063705709155 0.843789145292169005874424212796 0.897850498848764967118525259843
0.267324617529812488095676107367 0.688393569876708406290309637941 0.162621279621001029668023680530
0.092033871348610682344576800092 0.079572528272053926947764901338 0.602731364370147099843533365066
0.877039678390762772062557457144 0.498888120509643983378953772593 0.275651001153907180323257378769
0.775902899608609728856750951098 0.824763243171012927648755736937 0.369674945373505416086301287185
0.804935508098774072884364035012 0.733411934712078480047036458087 0.678116664323124068007088498044
0.294750711374930772146131979906 0.599907336834951194263017971153 0.554416154948167512715253470926
0.010564570285219925180592215036 0.440865877151105334612607882777 0.014176079411264772546806231433
0.917901538783460902138598280676 0.429119482036428444395211993700 0.086553448789426785972525553865
0.782410581032128779375188334574 0.390574443249977665889931470014 0.957603787704361634994379465860
0.038043846490637953399789021242 0.085898805224947139758107359346 0.586079319679474337610054917658
0.242371293429996225186878450456 0.557648414465674573743911977838 0.227198414196227360810464442480
0.051708469797863424258332052974 0.998554916185105991584344918016 0.357810285787356764801501662736
0.436037564913170082244498852529 0.984168696415430641611663689549 0.587949680887293025295219401567
0.038848726360419872310379167455 0.515765988906238465108006825037 0.444338925733700463243285854066
0.911269681780580497756821704937 0.376462025955926823060299239667 0.049544574385730821194050637084
0.883166547977230446238292252803 0.753785620764303268914611304502 0.560990362790669631879647977559
0.520968631312609799215004270625 0.457682403933428504923447413974 0.035995394699993832750517323092
0.623590129008778380743990638068 0.448894354725320498980241736490 0.229243934524107991752765361991
0.887718687188015950112239584951 0.100871760736260804717235937269 0.743226857480339825618134349733
0.408988560419412041895105398266 0.946695710304036610588494812605 0.999834092195394070490530526450
0.972970977209171295089766906256 0.659464821024284012928897977471 0.766248031527248663413499561527
0.946357023400435397445831409095 0.354722254488570675474652423103 0.958996510110694295324335860773
0.242567586185218881171441797195 0.542734754657322774851629627140 0.362002165861538871587428417920
0.069317103110828832621368966668 0.079590514333745726378257523559 0.110261206971876262740782923379
0.636778236172222074313818498576 0.572398539039509614457547001381 0.875441114692018660293421210696
0.502423505001531140510409146574 0.920370039883583940930363739352 0.726010398265718864632443725603
0.261298086612760807471532284756 0.849851282595670139485444868745 0.549771053414364790264239796787
0.198592286433707651376184025723 0.709639902126822516701736556877 0.529651292962795370788823472466
0.428664417867502753635719013971 0.590165795186440055795174648514 0.913286460987222510266117506202
0.360937763062639696361993256858 0.142539913774475659626581830915 0.299526903795468845436998887269
0.878513998596892408516732994460 0.082325853352005570438842125394 0.825906132916154984330690539607
0.037481853113518937987415831417 0.209777833245004040534786928105 0.110461140949485850820730869016
0.968150868803849666300395820930 0.518646343079302311233771519066 0.959530938284365036502795769466
0.700905423492549853031216658056 0.938189776472340762691842079903 0.587985894999704015339277918992
0.415659478174048781807455133176 0.314268560472572349539855411606 0.645330314781129784530180504118
0.347416816395456767407053136908 0.744771116742299289582296059668 0.077730291922750715325665981091
0.252417769165207663949363704568 0.765828503167834464385443836948 0.687979546537196480626354037454
0.533895872523788169809252762171 0.346296752726859257305034813554 0.189630553802648210952459462771
0.804874647539371565192405310497 0.482445972426904567852108732320 0.325931317808024640792487049642
0.865472754452980235322228390312 0.665516904684852653240582815812 0.760529975789856460446467787771
0.756841723000657989361449495865 0.002123092221688181148848853058 0.392975028183894594944559666691
0.905171066025471071428044566580 0.798443953407605540209935398568 0.540814312331564414905375894860
0.923731717232436064315540495107 0.439498131369863169648936414589 0.546070383272845044705349038598
0.688571203066808370682702495797 0.285389049461690411711446507877 0.126048440979015968776980135204
0.302739300237053642189349029937 0.463120519602938656577144987729 0.019954241451048491915122909578
0.115812016043966194098501953450 0.724444932064593173201874355177 0.944612915562248843211178354023
0.424030920965467368464196550048 0.614031012772562948160483873301 0.308416690995126826345770592880
0.045888265439471213341635075638 0.917251543251732986326741792376 0.244755645350216927379487264629
0.360060467187080516898999962967 0.895546747807123565926670891792 0.488165672470957126019048425554
0.528472952540878817606915930947 0.309760979170791650174641965712 0.562144939792674518506191064628
0.479827785917888172566262546576 0.770677739355391817916595341199 0.074453059584948062477633514530
0.365083400255849499270670022016 0.850731299129425245030334013160 0.152942661999251221525699744112
0.261615490122717251931463072842 0.202726740935908807119943069248 0.765902361821879849155037950008
0.824014143786365798979064161765 0.420723920713494268305257899064 0.602508441711076418419048799948
0.906629691839832328780542677988 0.448397049748303522535938500311 0.665186129696298181366581889539
0.270216272193725227967208029908 0.979701801187803315473149207193 0.876780898972074495428907561583
0.837647834056088915089651984343 0.530431361207874419582311311111 0.842186834122519863461763225398
0.885112845497424648310207591191 0.045441144940615125471647559759 0.929295468293332053201689227757
0.843419171181065666296638495671 0.845283212550381787923212026059 0.455613847324307523904182098254
0.432236809510750851446847922459 0.957622658460343362427953010061 0.102130019825284986425481040440
0.788205143930301442568581814715 0.879873320314097892423193828588 0.779844692955949424011532394810
0.406241814187928507805115329988 0.742851992955773649658794319951 0.026470301944426026179279629615
0.928626586645490647643439664185 0.837725284478821729712275704937 0.592425523660130108787823219189
0.371270141210751572100712017216 0.115735683970440599450615965234 0.033823265853663183827454782798
0.441223379979973318740337879526 0.882498212113584001425660120746 0.121978943506708943718399869065
0.975596814457657112944868506765 0.853883540449727715050501780835 0.342559711671388775917811613417
0.808940845896111625579366983604 0.637829806005777252518618132807 0.839039494587856922142945945361
0.651850341559580712713242031030 0.227618074412496090500116301645 0.812839723485854179033352895623
0.013908126296250612712813347461 0.749192744974814175150865559252 0.301268673470284621451309962020
0.062508185265127365197241422314 0.927945112343507729041263148495 0.115203776981568633379028178075
0.283813086985254527691629015124 0.070660082047489628633544397854 0.010969362866836975778436796826
0.423108750404991092661732627597 0.213144917475550255684175409516 0.942836322504105330792191193546
0.420420905541109144168621975640 0.044655767509505093351365944375 0.623476774341073619746257882401
0.841585119078749292516810990671 0.680818708493499972336478196415 0.720312032494488814291172004069
0.455999994024639419156479184656 0.574071220788993246864255119422 0.311967434332260724090654337693
0.553503284572698967566468515840 0.420497404240756506602263024798 0.352773629346252483690839589157
0.789785007446423912699894892452 0.760340929048896927445281176255 0.507472828356837900016214643238
0.634983034447752014197389243949 0.268427362086582914456484154005 0.844854862218626187700493060453
0.718838339811690005590262793318 0.289910360584973303720712427161 0.309942751438402516933352353960
0.531270294823939234654765864171 0.553279575254978835025826642866 0.880922742362740754258188845867
0.415896991805310767850390641466 0.648393826509984087960719285655 0.720614020254367199675218191042
0.127128017851962733757693866487 0.209093596195048977428201105051 0.729296309600502328595115159977
0.323695442734027480867028017979 0.066413876994198555041712290911 0.956410592890470349768985486137
0.345180273756718013550462408784 0.055656816383153392887133716338 0.895680009179656487376633049227
0.245237319028905319018033737877 0.646467083092321413631069545075 0.573314822166208152192750070144
0.841692294068219205930182297488 0.459245801849454721694986622753 0.813145544832288552855622998905
0.691044987311185106927400512943 0.359381807702218165010300270878 0.429340023515458684800687393515
0.029219818581774532938927744544 0.207451303859514873007521022807 0.341958231944731287644652033539
0.159111584164615819246332641294 0.722191894974995454612133282053 0.704474131855541886494925968346
0.914298960084284255048942372042 0.169823091804847012924086998116 0.958508144744995095768391831837
0.927518908222138682369606393300 0.122303364043492726849831440139 0.628286564190280623922055366969
0.368918101373345907356252558709 0.171074325177934023751617859888 0.977792264854422591557631180028
0.980440867761934562592432505407 0.979948046731714117398248991850 0.671787679698442177141340363615
0.313808195246919975395553750877 0.296834005621237354567725868585 0.829455998898042101885657078084
0.880310717685901121295633013143 0.928197694516140297574705814169 0.363239073389244780192414788021
0.192372925958815048164193283722 0.904523094432414768728858261301 0.531694276741591936724760453801
0.274965735727364104533435056856 0.883067277302046598757777740521 0.397691322875126173849780202872
0.104029445482167513209217438836 0.284524743762887268850455775909 0.988579481832980243879779081436
0.608006321609535307035677412913 0.515271268456714393653577189827 0.456759288683420314273045896645
0.912024923096845600519854035452 0.793112549676207730086866152308 0.402153100598957366205851033290
0.960423739218188302778298053420 0.598956893750334130365947221500 0.859828914564120855804324216353
0.850368568163649162950922550883 0.672729498317180937830121409006 0.051592233932311110522272210268
0.883084302858302669477807711841 0.231287267067931855499960422789 0.193227217339766448482643358881
0.216764795800842394274656440624 0.752290391018272288904302795121 0.109021069106459048572644873457
0.256955057010221825735814692267 0.464046725508692426992890635250 0.562076040028639974394497730533
0.636084173672158853166672785152 0.771237985751489374286648960115 0.144669983329894345793722488889
0.538609720260888423692543661583 0.252469466010355901302032871418 0.922631586492133092454078461247
0.155045327322140929169643701798 0.265601797354693439095772564032 0.730144181974437122780793497171
0.942056158975357620567535743267 0.366925116790435755049939113019 0.272612679937834695625090668674
0.591359772409731593632005316195 0.677735176873052341926212988164 0.107562724690713242508713688979
0.215016716228894819718588292177 0.583640160785850943031283938564 0.127236220295261399297050787176
0.468185749177507051067415394000 0.478102646929172901919236660427 0.447770022027931149170964950437
0.775383637744467457066754733646 0.410208282161883671665627961093 0.396781059616749252659869828955
0.845617436992463727000024961547 0.064592641818635734152111437151 0.004262586516502975482194017700
0.728557952575308623212988665043 0.133260701595977047909306090452 0.982482390434490411539577957636
0.263977145199322762929914185240 0.571891774984730160357696204201 0.694120071216510234910629489103
0.727476990553438424194046156894 0.940193224123681564592588435483 0.713755059748515137257138114518
0.340840771210313365844361813642 0.462215275497985801743137337000 0.295050306851820584356322917271
0.930888739631316865658027778961 0.648696286333371913751331712170 0.316464860034288042749524726577
0.224909065353154042042588923344 0.089712414741589611948784348973 0.469637303462203086839205181044
0.003819218742417704003115615286 0.882048301992204748548672693942 0.379650194549509557664998472305
0.847556237252132997124928402328 0.397519902041550365354610106886 0.026649827592351992311650275665
0.753815177313709336628232722866 0.901277694701313170697337584902 0.519522857725554899086569197885
0.711042538359653008335814664146 0.435985503221080882186092387382 0.968744134018176422638811805653
0.577514408019175909040564894725 0.377864642865656475998463633499 0.474053546794929450736077845481
0.263503448007058263676257087255 0.723990851315142667167855378644 0.956577018369337459313352841101
0.741736740021622021144899277487 0.316001703090619711299391168710 0.139943757491245780113523837139
0.372697071697769957880867883302 0.039580272836464476854962255236 0.257835645996143793597121386199
0.277638301831316921359025780241 0.924000835924854809889212038343 0.096406541777438670064979116534
0.902848866809991878169864136688 0.089928958680145233885583783900 0.644833949944998726345337197690
0.161453083441780585017712580266 0.599131694439321439169572692680 0.737886442400442214731577650084
0.961426742840461867110102090004 0.950138292243051069345113317928 0.200746327515655565165474578616
0.620682271549154847080382418889 0.843238244772285749600272746702 0.988855076799120330403871221862
0.584420276575715494508630111517 0.119389462257948241869611520290 0.483314066415923966907069140852
0.907191204569807024586257789732 0.815720666237595584158213659060 0.661932042827146477932573534425
0.179878342031934090236809380827 0.966759920977002583322695393929 0.563075888961324174704961581089
0.823242178784202782179020670987 0.156109375394641145832096279695 0.747177286723617427851278156697
0.024390069390460601551217830189 0.581654513596748319501116165967 0.742621750380120133222065413172
0.596143461661636793156360283513 0.725366800622044309563689531694 0.402076691047970651691572489677
0.433050777982255901950753877578 0.500457754052751931365830454619 0.127427818532807283818642968139
0.208769691567115720871876972936 0.239129495807218776363976292024 0.179416709994500164482249956927
0.308715259893425794850341946424 0.013447646034031315511283434910 0.875401946115992368492817161209
0.645217107340281504018411333418 0.282076216693940791648176681149 0.073106557172549565605992644400
0.270525464342956515169692965075 0.193679804363438179331386054615 0.631690839521088546813829132324
0.138308372416097277612957321657 0.124410917738632956155356936926 0.327638516997698898927766465271
0.248318021764545449017663785280 0.146837030834673882473493501855 0.096545849102763337682471922250
0.839358957611869176059287814799 0.518982309150422428172114935762 0.471466692890055033993490926887
0.665693826395685763341623910724 0.763137243712984478110417067742 0.627077708276496045095859710443
0.628323552041617634774340134267 0.252517977522155358361261615989 0.399231052952678001966723927649
0.807636926478601282741369265967 0.193502050265812555227537755143 0.218250852720027707891497382873
0.244365555005597287931319356231 0.595432408934148797405792708300 0.354895245388632480512068829029
0.767392739194269790721659201876 0.671572548503816885361833965721 0.452921799940203308204098884817
0.606962512531765452113334315532 0.925023550131410175241969285505 0.432447253229609155184653041352
0.499314717136450323230638263134 0.054137942950466611068934699590 0.269312853517938537603139828105
0.595924410826500390767992896190 0.460576741065800406086590025646 0.707779402923274495512627503504
0.613873787562136324728271929029 0.836010705643998216372244276775 0.786413101990025635616666206710
0.413142854421101051160481719436 0.681912452913992888417156682505 0.341297556339164278104586730868
0.495994509441850953860917048737 0.423757127686150941393343222170 0.834336324747876722969857617028
0.852836200794113054713332382921 0.072020095744091663437460239672 0.029354075189116110455114283335
0.734859675750432327019513764285 0.750562403742820679366890180623 0.839470408193404593340642776095
0.481173244480063321836615024593 0.702622146084306841533348974167 0.179597200255027132739246589272
0.404804114452464932448599101685 0.172653862571746101666527903884 0.253883214421464986334651563043
0.457341488024044489196146584623 0.098132361904011506977098200473 0.347523841687203338416605586346
0.840431358110897233603518618795 0.003490016863506909834657189282 0.190350861742689863605348837169
0.698179121717664014413922557003 0.379487180762152840970424835111 0.040968517233287916129448978131
0.157164209576583087124442053460 0.963950741463634346116065088404 0.224701095531849761795005321998
0.792144270759491607026769665010 0.417565253652002195134559244464 0.470401595514398862242793136120
0.004378439973171666207323528826 0.363919252667248169240250855617 0.232771659061863692822851312332
0.381087430955768727410195514731 0.946793281572826146167964773258 0.071944672378224030211844764403
0.297077905563248581065667958447 0.368641458809454247084011955846 0.571429391953273197924759371483
0.001443327984872916813331550047 0.680063077762309756500155649722 0.994428801330095875705361411378
0.747603054756238522168707547869 0.520196298142684680821423256075 0.934973896365839752419937916528
0.766909943465506437722686906594 0.008206978870083093125374270872 0.184850839154607285979295067430
0.632957823214542173657553668252 0.242566989024995724328576657574 0.113870184271672639718622765541
0.758155734127664279364891910889 0.674639952848221402261616426243 0.693770067555968998519652873677
0.272770821703732867350503223045 0.240763645880653679163960057567 0.296491320700656727716496060161
0.346227936849558319024436527143 0.379688015622061467036565944777 0.523139715483037520998143827839
0.275234107787667150617963356396 0.622934238144211397467020868624 0.070215535728692355150136747450
0.294552504291195192355721815281 0.666228960004051639418794994424 0.719298283100709664003626442897
0.335845187808806706054477922871 0.181221451228432055806315338608 0.586706534661504560418031613062
0.141094158251380453247708298699 0.138415854671054394136052599600 0.438053579770237340642396701593
0.110545283347343596744117968779 0.620698244334748246759154027643 0.420845447365452163444876625499
0.678155621706974402544527603837 0.479741767730237507755876340563 0.819291882846461683683683870793
0.842787176454004452156351764398 0.519919569754318382980760014179 0.012030689213344007328083644668
0.359967160673674389762566852776 0.050794648764927435457457894743 0.127187782024550170125720972141
0.447688032983403145815094607899 0.487592767398508871206829251991 0.735728153488623764938367648028
0.601423751465134499574560030140 0.078813424984902452671068629079 0.162802276903575190597933678506
0.988115745346675609514912501541 0.679675916449660934138875153316 0.307817603947504483529787360851
0.925082348524218326399736011782 0.153787336654423326567928997961 0.150509887621093509619041991138
0.970313873824770680414459021322 0.499966586794865224356441356138 0.198160716375341097027858497262
0.387127134388718531284894862642 0.447879153737593051399905385651 0.792815607304690683170297740795
0.097980335629792842261948745574 0.620945746449438679067877435009 0.183007923356490671732949019834
0.341075478839746643720297949013 0.151494544320188671555903781154 0.564580030211107649726693343487
0.441597243091976649844274611256 0.656753746551695623053758361839 0.872217563588845322345005424680
0.874486018211825878436467550487 0.764204503322825521106359608127 0.542491755042402957753269285967
0.721861958663929068103209785220 0.900566568178857154176661691314 0.849271370810407173290672653080
0.762872007184846969620362614758 0.293726734581291593973601754349 0.771001764019186239946161948868
0.761321212494786202354162656672 0.962229430659483730673228256446 0.457186606560885171660452058465
0.902139405123018972542951804081 0.744024151863086158408802979689 0.734205681802009207177889106714
0.281531781138324837028322765100 0.831860020234400478327962489396 0.387224951680430332891886351202
0.506705005104956132082173239232 0.786339739321004208380219068675 0.576832672035533986767137480458
0.497101418399308126948056476689 0.517150630367296592484256410569 0.766748261394112102886806890611
0.002107422111970044886840608613 0.785645472201333581326257231933 0.886202119935602395903559853613
0.238868926463264188130136023833 0.160180082450683521846218339695 0.326106897913114750147687312354
0.593505504550505852228314928804 0.868169808269089619094231798873 0.942437373510094018372501510004
0.765583272507018153064897579716 0.045775465660960671513156081095 0.124453723678980524682129253200
0.969592842989909505826678227245 0.167263863449709309125765183214 0.146598723424264115530639237662
0.608575610590422791405423516419 0.062886326075065691479159959568 0.812281974038677581955692671394
0.891737674490089737579547471523 0.817307399449412501731501861804 0.374422447817525517827656094513
0.032887793178691253345807768977 0.007036465176291904061249414087 0.188853572665713269966316754319
0.618920562998295164335444582326 0.044043344440444466094258767474 0.688841259838599506503443931251
0.388727414848122189009254714586 0.371332521651993376541919043240 0.458862769318457373805797406280
0.838914704107670806082152731814 0.756840350969236833754175754186 0.778780765134623334517932836221
0.804398830622860946959448165084 0.603040491609755770388303655247 0.775664452089541384345324307945
0.179270380264556989423924074950 0.930269183289688037762365557454 0.001683038184867004908483462110
0.294434282930671082109154948509 0.058610151796936064842700291963 0.908722682533636185003238919184
0.180335510650636996726856098240 0.288516550963521517653098452700 0.632743294805298988814958760502
0.787763799437325925853805331746 0.767191809316460840297841092349 0.233203377389237577526725697816
0.097280980044326480680546605928 0.707678789405109302498693799550 0.784994673205689055497155990581
0.143084236086805699755697018748 0.318244983418028626674035315009 0.789623752314277393830321731211
0.000954817814524202274506668987 0.796253697223701485316279637722 0.698779693480659549884725361311
0.994719858864256971010510139171 0.801216056796811321975713398923 0.350028044965009240069897877445
0.390408368153806778131039909426 0.923918736670982041782361576145 0.237126765987525869183373538614
0.245284078690652056842335958463 0.293005439528366441271793131027 0.958257729921351660778372631059
0.825782454987228127255341069008 0.790959383118229888949563444965 0.732662677659699449456455860308
0.116767690265512020669868699097 0.563333112587949242145472035329 0.079019829337923482406604308270
0.280415497715078743063546379918 0.694391495469505653973665865511 0.323133240692963921264697089544
0.063925046874713772631564745103 0.936249106185911338725905679191 0.411821760521347254706501271364
0.421230617049245455496798724845 0.698523997141257373257966689908 0.511949166529257593318331533891
0.877195703038359785104694116914 0.938913688422635340341264859918 0.067416586837820338429845189161
0.800093059478829513799398132588 0.286281896060755232149774663124 0.241653804810579691497756449473
0.408067084409789548307883446242 0.403512167634576430852276850870 0.850421705541364089773657914305
0.818579686035252229391426740905 0.282596142795558047766677058032 0.297907294584737286108340732500
0.093719544327876028440023833304 0.670965772953355164675765180301 0.963028007030613662943930886911
0.750993601685342887968354795930 0.769502158634819074027180231319 0.279379460324012138914835393587
0.319350453303836202983387093624 0.579352485639746820055356911298 0.822613887245103463101316733443
0.308996322768314967697566315612 0.307566692817276799860213810505 0.414913309431602781137966047543
0.093326404007817842422142660297 0.537873786315295785929022967358 0.288210507638937676788045872879
0.625419290947070233632959264520 0.857386160348269500858474610143 0.757460459695691678871338592466
0.656739063465250998314245330010 0.012406285840744813050585170003 0.068477951949086532485173619621
0.346143137011361273100282917033 0.358722115819605330419945583839 0.790804528612028544829866789879
0.477424693263336375888129608694 0.477802845149526109508183485103 0.748085843241749449291068413976
0.651017939452706298599892546813 0.461157377397568956421521397458 0.227738685756281121847953731585
0.892071126646003155700532461899 0.025650586479971079487972705347 0.252599593037052152883081999376
0.997473631992365670826725604237 0.465608069987745802167336817476 0.849787471569260382684472124035
0.653299943515083915281743374695 0.020199893923637621542865660420 0.207361559643236265656360581211
0.969462363275495908268376061763 0.845622367858610332892492208204 0.814190987633694292271431498955