0.420270039732703715174011449562 0.887372726077345408413066252251 0.025571662805301896559395657960
0.596299077900024343534823856317 0.199912146717481781221792402903 0.484696129487945881475496889834
0.277896099387979433892326142086 0.844214367127725906492230478761 0.868174982248364202064294659067
0.088324455896865189385991357085 0.812042249682373262764656374202 0.620588151649981933921651489072
0.046341569352070025034073808001 0.832796379191525049101585409517 0.089983648933410431691726216741
0.136795223649247038588683267335 0.992457420653005906174826122879 0.853759429333970421005517437152
0.973425479010499361542940732761 0.364494929559244396077843930470 0.876349848443499723771310527809
0.023354142649345849269693076167 0.736918631675378743572935036354 0.878400867248125383213164241170
0.941129524562722252767343888991 0.292136400587980626930573180289 0.474128877706541496106495969798
0.006399970114655455753760460169 0.184698767245502104561438727615 0.543376241701739925993308588659
0.977898906051815841600216572260 0.941503538877023871123128628824 0.227462981397480584755399490859
0.157571790434876124464835811523 0.158366744714945301142350331247 0.986882196220447704959610746300
0.078111135225217356858884443227 0.295712861299999241193603438660 0.965836165493052956065866965218
0.537225792678963975923522866651 0.055419994590959753555381439583 0.594209288141322677923028550140
0.757017022824875929210008962400 0.504645851456178129446072944120 0.416832126872405450690450834372
0.239185082185416092448448921459 0.223837849107774961021632975644 0.915144339527976358183991578699
0.791171271210321047639979497035 0.225260154535648182694274055393 0.229689901869103346720990543872
0.888398456275603654042072321317 0.722894747665300374528385418671 0.648272651812241473834319549496
0.653360221068872037974983868480 0.921282811231633691484432802099 0.741372844689668020201622766763
0.186671676943450298713500501435 0.645107721015768853511929137312 0.568722880590888379970238020178
0.744069015697789493124503223953 0.104266402685494960489442917151 0.614163017502382224677148769842
0.674843936980767833411221090500 0.435038884235617040463495186486 0.073105384425923972124827798780
0.256233263415467760193422463999 0.315582025343200012201805293444 0.190415959806786855290638982297
0.794580954503499858887494156079 0.451250396784521889959052032282 0.401222251034481447451440772056
0.818588603008281512352084519080 0.350471580496028500828487040053 0.119583438646272355310173907128
0.458430271738946182313867439007 0.538746141888255314356115377450 0.238535974601606554079680222458
0.285867531523676832172498052387 0.762173543012058085643900540163 0.940043204318969927157922938932
0.864344105765373349470337416278 0.444885165775363689011356882475 0.862587949420531852062765665323
0.331719893472303628545461151589 0.323554569775314271318222836271 0.975379624336943029661028958799
0.582384755926652064594861712976 0.582222460230803262604126757651 0.643989710451528640788865232025
0.451103174260954475904839000577 0.351688060438154426190493495596 0.918186766614928706609077835310
0.145395779293185090086382160735 0.511128833300361740121786624513 0.097495384521568695390669745393
0.390825014383447300048146644258 0.365716513889125738323571113142 0.386098290281441658411409889595
0.091863450876219013285783887568 0.883264771150942262778471558704 0.043479947992116955990393734055
0.901523688486916663364922897017 0.385663082735418161206553122611 0.586794070115198906911757603666
0.895342970558239970024771992030 0.825564043451511353488569966430 0.506020581018989834554133722122
0.778406471077145334369618012715 0.603985638781192601953762277844 0.362421940290701127818095983457
0.164402460941493577806227222027 0.341215792730295397472417562312 0.271218410880215921032743153773
0.132754613860139453196396175372 0.599645268891984772885450638569 0.458204816900053768513600971346
0.541349320047826210178243400151 0.553533569583656959167683453416 0.781074588623379417740011376736
0.642930080346798882295900057215 0.790363412486365546349986743735 0.412659825065538499178074971496
0.792393262808786302819896718574 0.128851726580064912530687593062 0.998477962454954903748216565873
0.156827663230697716967299015778 0.272899993234381799123156042697 0.836927101565517861381238162721
0.365560857144510698013561977859 0.402104266837865542694174791905 0.907758830831428609187128131452
0.300286489218842989057378645157 0.526504320977230433342697324406 0.580442563424133028959772673261
0.664981777333540691188318305649 0.590007982387036000737623453460 0.533463602076172271893028664635
0.040683367550376180188376196156 0.008079333189359600223000690278 0.763735247193291000300519044686
0.145472360427051611297954991642 0.511861260765622883006642496184 0.613600210270817458813041866961
0.993341135198422708896259791800 0.819477203003699528061076762242 0.304839046831751281363409589176
0.383865217266436742349355881743 0.946548082761094700110504618351 0.942386880916749936076826088538
0.220071208418698455178130757304 0.707106871024985483842328903847 0.619017237880525872384396279813
0.166690665904123180851570396044 0.007116643325095424292558998758 0.748835118477546690662904893543
0.506248018836596869185484592890 0.576099711314404960837975977483 0.221710049653128321578421378035
0.288308689333654555309038869382 0.559918635037648715346847438923 0.841853819673482717256263185845
0.541782140692732117059904339840 0.354369259115782542224337703374 0.704038822026076371862757241615
0.327477144808116238383632889963 0.160031077297886653587610794602 0.239003695438833985154047923061
0.387422125800948369267473481159 0.474893395876964441448819798097 0.522415999324694957373083070706
0.534035031827353789957157914614 0.405321126243421925305909780946 0.798420046557361984262968235271
0.374619796844000263469354194967 0.592787220125590263997139572894 0.562137898046659700845850693440
0.537698153592781280529777632182 0.625862679781781339194424162997 0.813527195670832092844193539349
0.889468838663648453390919712547 0.131070457187168531998366916014 0.372445193281640662963383192618
0.348397219438730032514683898626 0.473928705191204613367261799795 0.417773342520078971862318439889
0.659455215881846856795789335592 0.678652298222452543541294289753 0.289040463000120650960411694541
0.649338864446203034574978119053 0.983790165776131209085519913060 0.813498917102489005337417893315
0.110450613468159125618583971118 0.927451842638614576408429002186 0.953887621486745995724731983501
0.464961817143260958129502569136 0.859204082971531613033278063085 0.089127964249947427832765356470
0.886473680813183784188424851891 0.270298342006413616633864194227 0.216379621885301798300815789844
0.177388574520654207500314214485 0.167084171795147562455952083837 0.931185450929110314355341415649
0.094552818076505507072226919263 0.143658941165830278396953190168 0.222562038800193789933601351549
0.648393368417999771402548958577 0.313511275448628334849843213306 0.834955257934830497035250118643
0.460273533906990994779562242911 0.444545866895272423491292101971 0.500647175748462625044510332373
0.984355829293362960541458051011 0.219176344044515331033196048338 0.605901636708919388851768417226
0.679029313981948656753218074300 0.647825511285075594791749153956 0.929469555240676759133577888861
0.563833168502183124104476519278 0.541023533533181555377211680025 0.401375678538542501883057411760
0.833479645173471839214585088484 0.338021830540284728972011407677 0.933653766866452405892573551682
0.753299822160177323659979720105 0.052214816794333943072992099133 0.350984030588479878343122209117
0.058646926421719237920715528389 0.998916324410022649082918633212 0.923334187270482220633027736767
0.723599246919825689339234031650 0.164206463428752419408951368496 0.633330775047219241002949274844
0.384581673964680792465742342756 0.383147132022455816358075253447 0.395786476807705234204348698768
0.209881781673243644759097037422 0.081301073226193953935592162452 0.491600769740794030226993527322
0.206991788506188045815292753105 0.108515084452926693914243116978 0.590330864817881328932003270893
0.196245393205533358305103774910 0.635969227427294558907533428282 0.335354929303531779094527109919
0.314241023018732523741647355564 0.820080468460987144219132005674 0.218040754285489635222461402009
0.759155777478477400421752463444 0.226888210228668646406546827166 0.758824473537413113355398763815
0.154136405925939912187061509030 0.202196579736135723104339945166 0.895923576678398947414905251208
0.479089599313953340420368931518 0.836038176494818818795806691924 0.270038633051795873285527704866
0.250564110487283719930218239824 0.420737353064359276277883736839 0.701311119477090905149907484883
0.242721699352435649199577483159 0.376728749246863614530411723536 0.710143162915750969510497725423
0.061332159269096131470888622061 0.559702572283488408722007534379 0.678177187445267892762501560355
0.293870237325278282902729642956 0.196571185618277244344653809094 0.034794334295069666296296162500
0.332037150382786527824663380670 0.001238431256506814393675286468 0.439292319386277718695765770462
0.634902882574939542159597749560 0.067248439894066980304643266209 0.279795763442736322712534047241
0.966021231718464989945971410634 0.025324734959269828288297432550 0.509987947919862572021543201117
0.780888510349283304634582236758 0.473516582774508087982923143500 0.637823737665340062541474708269
0.773000989809635274951915562269 0.106969332703797118111488373415 0.917728841362238312306942589203
0.948612604047833096743147507368 0.384989099891803021602498802167 0.601766043030177555372972619807
0.470775180820938998760283311640 0.245631628419819836306459137631 0.343836709503388460174022611682
0.599009238797338805504466563434 0.307967457089087792709847235528 0.008102523516663599420506436388
0.386224996315196300589178690643 0.030780122750822327959419055787 0.352902164982618338218145481733
0.895145099647115083385529032967 0.056758387023845072172356651663 0.351982198792505918127915265359
0.362076613818575365755236816767 0.606551398712229850040955625445 0.064936310878275574354212551498
0.005788093913211290672538034130 0.328005370519109495930365483218 0.794823306686097907913790550083
0.887314703533677584523786663340 0.925253096412601672149378373433 0.745318444153019066256149471883
0.974867326295418057391373167775 0.677422345267022829595759958465 0.768983220806667588931304635480
0.453259650740467090468399646852 0.447572513546827976949060712286 0.071052077233317176285787297729
0.374059133356356987576418760000 0.268803588665593728990188537864 0.512192180647130901327557239711
0.188698873816081247323239722391 0.859591690330363644712008408533 0.393207333597184627294041092682
0.985867734679595986158062714821 0.232010277826734223616256258538 0.515200740278274449401862966624
0.264206216718691988543099569142 0.634291745113352956053631714894 0.680389224506657841473611370020
0.058771705279273125932526511406 0.150569113622103317728928573160 0.249046194078876431676761171730
0.723213611258250677060743782931 0.900769840694985668427818836790 0.366998186191472453021589217315
0.246256716193009678184111521659 0.193830685097504312741634180384 0.130551133517561812613649863124
0.186712095394701960149319575066 0.297490986359462361576788680395 0.909240051282399486254348630609
0.085689234169442018984597098097 0.353563510485802423577439412838 0.961451134413700114755840786529
0.894498218525217603236399099842 0.874936504149400162688721138693 0.809898846727123866706676835747
0.556395431131304740723919621814 0.519530850718880610195071767521 0.070923305443859205321466276928
0.365939090564355029577825462184 0.774237847622541330849799123826 0.440068980986195679161454563655
0.900081469415962676094977723551 0.716626367190836721654534358095 0.473822374819784175592474184668
0.801801374229126229131736636191 0.481277548189494086550155316218 0.530907296325928701463681136374
0.462672400391581084555525649193 0.215344584069733419040559851965 0.354321555603005156065421488165
0.889006509147100554280029882648 0.340360192089883828447938185491 0.016808262707953915138237022120
0.448986939753147351606088477638 0.123677066372694946516652692026 0.801031783663373686543707208330
0.002977039839548020414006224144 0.427506952657372207848851530798 0.422886722367079581630378015689
0.228187611843164411817852510467 0.475489396296754407433837741337 0.206231322294167712660950542158
0.041497475539653806697604210285 0.802111539960717712105520149635 0.696862691850311133379136663279
0.051862640767785309070525556763 0.239004152422644944309126913140 0.729468233724172465670676501759
0.997796293426330471731944271596 0.965228386928997927896034525475 0.238910704454191047396705016581
0.213109733058655159698702163951 0.932679095308162064981161165633 0.488053443302547906856858617175
0.589352891937249934173337351240 0.803310270259661729497224769148 0.843006826002590248236856496078
0.712941858040801568208166827390 0.609585136027433693861610208842 0.726636012782133522414085291530
0.177859517070074468758633656762 0.934892090363085626059103105945 0.482698030437753222710028921938
0.532422811011306618134142354393 0.532046587578684171404574954067 0.349368258343291659961948880664
0.266603118902037194981602397093 0.006743090308519611095205981144 0.095692362235844735662837479140
0.172603900616622341068762125360 0.821891095527098380912889297178 0.411455588799973681624067012308
0.646261390262585000421324821218 0.077613952755591616994301773502 0.562101274608422185607992105361
0.272967573205197877594940791823 0.092858612352919020493935420291 0.539257699834435499930407331703
0.962331991381750184721965979406 0.532521456369424939225609705318 0.318121555740787098631727758402
0.680394189690886719290574546903 0.517227361419044684431867153762 0.132139055820838263732852624344
0.327647125461972832383139575541 0.686011596959623659586213761941 0.596909236826617228821589833387
0.740500303752542277102577372716 0.729642376799534697617843903572 0.356685566680867316424752289095
0.089612472826772635037251291124 0.628377800265932373591226678400 0.758882013227118679132843226398
0.737967182587536019156004840625 0.633102214093913651105083317816 0.310614755402340070311595354724
0.292653490422167261719721409463 0.338790586929731185605874088651 0.608387187704985121783352042257
0.315761855760459841935272606861 0.827133423455849392524896757095 0.580253888566249931280083274032
0.383974097004443459812961236821 0.694142659113754834088183542917 0.350891424181970335016700346387
0.903550855253074658435252786148 0.205998307012501297164064339995 0.667768287892796186255850443558
0.742950142562787685385217173462 0.574682319104655170427520261001 0.516310156632768579854086965497
0.555047659542624138850896997610 0.865765003698455881675499767880 0.141565120288684842542181741010
0.292679349207310146585570009847 0.032473922649387934602493999137 0.405975317073473063178568054354
0.855717819984304850500222983101 0.048339446326693465139090477578 0.333302524455316662166382002397
0.882575420295167001327740763372 0.501040893434112510895772629738 0.046891861596439987636131263571
0.796816749466532137091689946828 0.369552630709174489975765709460 0.237171805236073451883527241080
0.738536573790523065419222348282 0.306560021565033646862019622858 0.956443829258044386776305145759
0.669488272117264804350611484551 0.924297138184863809051705629827 0.049785410183245483450864554698
0.604914157621269543696485015971 0.589221322815084769253246577136 0.147123728384736474072980172423
0.654449498604993129546869568003 0.645870016648172562412355546257 0.178483496525761398121545653339
0.416414639227287830536283763649 0.938354641871091188498610335955 0.512758174143834843938805079233
0.789864157902878116779277206660 0.187901666746060347357172304328 0.430094017443538645384393248605
0.917120948265200963689380841970 0.791853891526869912986796862242 0.630287358135405484382829399692
0.897233574362927388534671990783 0.653590303690832374883257216425 0.284443887168280507005135859799
0.487198282646369051906987124312 0.989530781867969166931686686439 0.110327609650734473345501385211
0.164280587941584066413724940503 0.678627514418008837004947508831 0.093102765926173725041792295087
0.041903814478005528554316327927 0.586165720357188391176350705791 0.192267358781704228443132365101
0.332196671361476403294687997914 0.387722884837065129293165455238 0.494431669852878674653595680866
0.556975075711814260337462201278 0.504101297333468090222652335797 0.795354717483213291551180645911
0.210551009605126127066654362352 0.665509563700346196135626541945 0.689165538266995558736027760460
0.616772698274172581633933987177 0.483377277386764669930840909728 0.771904572828839508069620478636
0.582576345946396290109703386406 0.432748746897006986156242192010 0.824811946745483415277533367771
0.566436668019070110879908952484 0.465306995914825827220795417816 0.860322864327889291757855971809
0.933781323146110509014761191793 0.707704920998041719926163750642 0.233344004707447844060297370561
0.935892986809983340457108624832 0.928671624760274871945853192301 0.597901352341163705439441855560
0.631550144525467760381332027464 0.365998179572652959645751025164 0.726294042099136838430695206625
0.276724663245868363059543071358 0.629956619826816499596588982968 0.717835822588297589597061687527
0.727990570299836270429238993529 0.790624711413002723148224504257 0.080816207112005697399403914005
0.581798143564510428227265492751 0.521227146345870750998585663183 0.935382985352897211583922398859
0.877166525519957884782229484699 0.296987323796415958465644280295 0.086506706092061486090827315820
0.361839524151745139946001472708 0.891560997234692176327541801584 0.370075470423236685402201828765
0.227206083376971623710716130518 0.754210385588339971008053908008 0.029275563852227820538232094805
0.960236384834917799935283255763 0.901790093631900546711221977603 0.774737060219757522894212797837
0.504972275718438057268144802947 0.806754997631814463332489140157 0.504286533002777703771357664664
0.199039400188877474429105518539 0.891274460388041589453678170685 0.906576297880103187942779641162
0.092756402627584527698090255399 0.041421941249763685743978669507 0.317063274458096122643269154651
0.831207945438962481077282973274 0.773438657094068116037988147582 0.885716061716625757682663788728
0.880843970245457574819170076807 0.326949668837997531323225075539 0.563296607069564858605303925287
0.069736794889136824449060725328 0.871713289565058557784027470916 0.564179696064554203616125960252
0.618002819391534452542202870973 0.146001581177773953612586410600 0.116720116912888416393911938940
0.246253937355205315684614220118 0.792246496800832256113267249020 0.109117091495891133101636683023
0.109762433740642692536759739141 0.210949196128546095918565583816 0.312120058580065529163505289034
0.466379017182845523326051306867 0.868484437120874641635737134493 0.445916020671305701750242178605
0.775299194198794228150006802025 0.180813624138038475663847748365 0.705687076892323905674686557177
0.180167241057363369804988906253 0.070613488518459083254086294801 0.268478014828976152550410461117
0.322977398635540924320963540595 0.637407848741423532779037941509 0.823944323940577927345429998240
0.477960369770313031612118948033 0.379683161185715822849573441999 0.726237764910255934047711434687
0.136260841580163993835839164603 0.705063913534046182718384443433 0.693104355586573017689033804345
0.728531832450207694762411847478 0.429174859617481696538732194313 0.226597285930526359809533687439
0.996006168682229353628088119876 0.465907025150209430641723429289 0.443174128323885307967344715507
0.365915491058370789811959866711 0.309792667686019373984862568250 0.069954169979969921255857912001
0.783111382319537807639164839202 0.807573460742666560108204976132 0.835239201766976413487952868309
0.490726545101123179382085481848 0.342943791853852097961663503156 0.473153294954473446765064181818
0.437953014994942935178556808751 0.961584872222842945710397088988 0.684293211461011074980831381254
0.405835828476111715179541761245 0.128378651466276832993074208389 0.623896917802869044322733316221
0.852260821640333787740928528365 0.584835788705268977416551479109 0.517616061094051227442491835973
0.846750048750559147769934043026 0.642764057969086866073382680042 0.116403962429659460497965994819
0.924404956033141655957763305196 0.269137416022585618247120464730 0.331207087305034730828623423804
0.238399945323610640279810013453 0.139268724852495057175971737706 0.745717181024861064386755060696
0.596323438488925439138199635636 0.536461102536350820102484249219 0.645540497388385925425779987563
0.811420685738596048075521594001 0.013700393833998070203250563281 0.237680900991689481038804387936
0.160656105056374176598410485894 0.964572047165896839793219896819 0.338086999295373835661138173236
0.886474805784841723976796856732 0.126947902577542404145560794859 0.274226720478219276877496213274
0.402498810340132240348509640171 0.396879426554941738825021957382 0.116276377140342529470373733602
0.885621332214144407757316912466 0.030865887517059840960964578471 0.012019099834021598413591469523
0.994250260002974117767848838412 0.210002505127351551950098951238 0.065490522749891200149363612582
0.548137451649151286048322617717 0.964276768779424586774950967083 0.287737252077631511237854056162
0.022265722758971907835334747006 0.348486104950802177970814454966 0.835353162091437617675637739012
0.628837948913833710840037838352 0.778976579845501282406416976301 0.219173214039505681594022235004
0.699019037548865851405821558728 0.266382708822213487565022660419 0.636037275745146124528162090428
0.252538161407493688681569210530 0.197030454781492864180236779248 0.003606935211607026087882177379
0.636108916045328931510027814511 0.316767546035252145486538211117 0.957627825592419101852215135295
0.802155449671621001428434283298 0.045819652588936360393390145873 0.310957300036864836556560476311
0.950424473514524636996725348581 0.914511095941831775313346497569 0.769989079302039192143070067686
0.541598292919270751788474171917 0.231280811381734008325139484441 0.438365787038045240375794264764
0.901498656273500564850564842345 0.650880473256871039389181987644 0.244643399012721834973049794826
0.061100468915183905882493320405 0.627926835906894909022923911834 0.819929673553761784177140725660
0.206953845058598401296379165615 0.616598294817421122004930111871 0.936645956228441489699321209628
0.402112909658804418278066350467 0.357898518591679537514949061006 0.913443591331670301514122911613
0.697169187094056619358184434532 0.335553850675993692309617699721 0.134455075683425850918695232394
0.806778365539188357935529438691 0.093534403229409437963148832296 0.243609447464908701608266028416
0.308917211571045402518365108335 0.377385528942298043020286968385 0.144836860996745003804520024460
0.146716161738759676147481059161 0.548745682485485164470162544603 0.807687078270075353714219090762
0.960900962982299655656959203043 0.902072866701167042080555802386 0.332368658414253281829786601520
0.489130315606605858835820299646 0.739330653130841564113495678612 0.578821419667239878137365849398
0.327476722939979036919311283782 0.596261787539835275140376324998 0.363710288288262240108394962590
0.976846501832849045676709920372 0.985950437924610234574629430426 0.955246278947732285757865611231
0.913489027551232513069123797322 0.788927730798060888872669238481 0.975439142375102652415819193266
0.554464228598214092791351959022 0.680165910064270740065239806427 0.789223441201732045513494995248
0.402517922871985567301322817002 0.709145577622305345322217817738 0.973008772740856064942249759042
0.036459002239371846032511825797 0.296602669449796074729874817422 0.692101420936229172475862014835
0.153081865822971535662233577568 0.255482149802428615270599721043 0.959218168047090258276909935375
0.857384008464538549532107936102 0.198494740900202748523639684208 0.613454174500210225318141965545
0.413726563766864452453830836021 0.568400180975546231998407620267 0.900284015554476679810136374726
0.072796001392218798176081406837 0.013790711927676068543346943329 0.020271605203833597402818256228
0.777942192962373213482862865931 0.519157981570765869605565967504 0.999738352446536637785357015673
0.500237154365662739508024969837 0.899968644254977800933659182192 0.011653933619351162370714192207
0.043564131600415209599752586200 0.007420085877181692608772767272 0.918540237096001077610196716705
0.290112138157846533026429369784 0.381474128431311398923497790747 0.026640511899333623596630715724
0.176663984132983287178575437792 0.250595008184832823694421222172 0.935851647387313301251765551569
0.408879718021806337624468596914 0.255531691328018784048481393256 0.675518830231310207778960830183
0.242470366606217485605512251823 0.718499253835591877859201304091 0.755366889906537997134705619828
0.853861595899120917607660885551 0.091347986153691343447214023854 0.005315215675319483364102968181
0.000589676689562873513825169702 0.639825732947685521523339957639 0.313105890022509603110023590489
0.771328553529372129560215398669 0.446755573053852605980296175403 0.917491666882218837031359726097
0.820735101080308893095605071721 0.235427647975294085380681963215 0.741735612104743813333129764942
0.687952466647351990047809522366 0.731718468413788847293233175151 0.662832327832427625757816258556
0.436796594304067420377890584859 0.308153453622831030589424017307 0.406691091860924336387483890576
0.012852053136155248969085818089 0.044745353958797792759405353991 0.846890345883148709660304120916
0.047657518913640943558629459176 0.245124332404959621722895235507 0.415684052489138589070449825158
0.376680187534414179229003138971 0.847512258640533588938126285939 0.269513063698377852706045132436
0.484488609799213210127533102423 0.251998694395108302490626783765 0.998781627926794479677141680440
0.818096212805612621465911615815 0.602649823647079196931031219719 0.597077326213525272358140227880
0.815075562197535297137562793068 0.621421584477648614175393504411 0.530242239064107279133963857021
0.394142933418371976816985124970 0.956980952085008551577516300313 0.334990494077310629883470483037
0.925775624918794615147987769888 0.638047545740249688606127165258 0.203886620056351136609507079811
0.106417905607728818795365555161 0.397890515446278236755262014412 0.753651185545880619720549020712
0.381396533393233427844393190753 0.048514631257472198844205024670 0.947547932805340442641295339854
0.642504358442790857175452856609 0.443229704788263789705382578177 0.079325750726748994745562981734
0.881467132351356319475144118769 0.396093793487334866476601291652 0.782597538136051151802519143530
0.477738182834437752344314276343 0.467784867526972625295655916489 0.836310624169602334632145357318
0.350547530288604747283898177557 0.860130553568622890914241452265 0.562907938472114066641438512306
0.900212262143610386644354548480 0.052461026224824187924600238375 0.366868383546749166068678960073
0.970594646536448668605601142190 0.827343663957928132646202357137 0.481311993158970830020138009786
0.468700737427664548828687429705 0.909472186882709920929812597024 0.141578041039260527078624818387
0.470851865875861197441309968781 0.936134641461909611237501849246 0.492355267872108037785494616401
0.801523741887158025498649749352 0.462017674550450507808818656486 0.205650517874979621435471699442
0.375133756675886553821896995942 0.592136076761375140797838412254 0.142692868872648065403652140049
0.022734622715942665732713479088 0.292503627596570503488493386612 0.440998344117236151795680143550
0.722110711029042562358881696127 0.569102678227134783917051663593 0.181067654670216071632893317656
0.941782321324525106831515586236 0.639131737912025710279806389735 0.790275473302369468875383518025
0.814126274029626784134450190322 0.162006665785096287679678539462 0.788677540747613425864415148681
0.123881708778751389865568910409 0.633921718401879163984347087535 0.503762276308911793876177398488
0.599135890046356589522247304558 0.249217029439407461444133673467 0.548825159007342966432929642906
0.162240093809660118617799184904 0.111796664827163050315306236371 0.798046966510465360933324063808
0.493893651963512370084430358474 0.617104299633638886390940569981 0.693298181964110749042617953819
0.440432021642877979950014832866 0.838666503175484967513853007404 0.813927973386212810780193649407
0.997148484110372379518594243564 0.975411526383371474402395051584 0.084069650243542265455332085367
0.893688553849748767987648534472 0.000875727363224282004394716239 0.502097600412650391099589342048
0.566900455299857886082293134677 0.401368667199146489377170610169 0.402328960049590511616202093137
0.885781378043930089916102588177 0.719134759555238978201430199988 0.531458507075607267111649889557
0.375580439024076617737790684259 0.469038068134694119404315415522 0.500590901677001931524557676312
0.676226842920137349857157005317 0.367022028490523399835154805260 0.052648957474147141388787218830
0.900324651068613368565252130793 0.008165951668783314604249667923 0.206971983175485235717516729892
0.657481213403133146755408233730 0.912793530252069218455801546952 0.473306555438479159558795572593
0.226260563489963761885093163073 0.891351257595745627426708779240 0.876136656849354267251328565180
0.803556837183759808951322156645 0.959630698872301679536178653507 0.055549327806682709252061869165
0.854915675746051317851481599064 0.609152631541666211845154066395 0.247912955360570258500629847731
0.161627499943501479195973047354 0.447869350354293704885577653840 0.814903725230337383500511805323
0.352077045649222486467522230669 0.422446804956608412684460063247 0.749142194920448090122988560324
0.274771405402161716935438562359 0.889276466811511179244575941993 0.835598132551434336079410059028
0.814689725020597554916435001360 0.744306169857472665896125363361 0.840769975259272550616174157767
0.056666074176568936859865743827 0.871469843335093918845757343661 0.784892976168499623135232923232
0.692492682622744104570244871866 0.512717431352368691044318893546 0.225577121119714368857600561569
0.565323082103386775898457017320 0.394514267061809587033849311410 0.173963204060761017499814329312
0.597573046501074456315905081283 0.780843551261394930307346839982 0.630645190929610577335040488833
0.119321357416163065234826490268 0.746822751565206721657830257755 0.389798999886260100211643475632
0.463475575013692964176925670472 0.042421861926283617461042041441 0.847989913472379952530388891319
0.702929777838349201246614939009 0.377230872882406975676872207259 0.185280700765494799053811902922
0.451840507977591343546919233631 0.467262525763166625125677455799 0.026437010990297854506891894744
0.152858516428339585857543170277 0.706795628722318380887656985578 0.191551671626902120237900817301
0.731751788843402972695173502871 0.923523038942695939645943781215 0.592660836951788394522111502738
0.771439376887167127527789034502 0.565159038321548679029149298003 0.830707411072280743624673959857
0.051359885136670960226190629783 0.720935492513283815441127444501 0.120189100480009830596017650350
0.069445878639343455729360243822 0.449079175907065586415001234855 0.114565384046083934554971506259
0.826223165687256844158525836974 0.808668483508694690975460162008 0.467751092503919385645616557667
0.853518899757685578499888379156 0.475878358389920375071113767262 0.570733891792555847466417162650
0.908195835400815942861640905903 0.406655522778737621436562221788 0.033500130530983655841037460732
0.490201539714494261001931363353 0.358042407161737352705443981904 0.465880944059327284367810761978
0.919934364578683494428901212814 0.996586310353294480002261934715 0.316403838769851009082856307941
0.227598053665026528458170673730 0.837383815720400104254395046155 0.193713659377163477381955658529
0.071707230181501990795567280657 0.354402555152206033550754682437 0.190996413909048340373786345481
0.601736712883519819783373350219 0.473203128307250697748287393551 0.306078692295666976441737006098
0.334477349652710143068645720632 0.629540135125286060002736121533 0.144345521525631098613828839916
0.696473292174411229282782187511 0.233449976048499013847603578142 0.254093840246733204679685513838
0.154500459535871964567022018855 0.597106748822513355712260363362 0.388646936256352770744371127876
0.028622012227471013007251698923 0.835687667277752899153142607247 0.600196887765153563876197040372
0.858129457013631746775672581862 0.054974225736620051241398954289 0.497371151615662643319382141271
0.642804613149972503549633984221 0.944619295646573986502403386112 0.833051608112272079509352806781
0.904829033097539259244967979612 0.257186704564270951500759565533 0.717650307716769075838669778022
0.183035880351949148403534195495 0.294175185894530399899338135583 0.450754839853017452711014811939
0.756508634542997659977459079528 0.450726204648201123070805351745 0.935707264658423354397598359355
0.602848699823163469702080874413 0.825219054646651239970367441856 0.520547768764846208178198594396
0.312966637535729508279302990559 0.327801577392687448764263535850 0.420222396324379687815309125654
0.131665591716725677295940499789 0.196257788227688023674488704273 0.923127856351433462300803967082
0.495937806745740006331146787488 0.384285473106549868571590877764 0.272998687571763209991360099593
0.064851675553064383472623433136 0.019975358702359783530377868033 0.538972872140595637979743059987
0.007458849103062616635317905178 0.802236328298414957949091785849 0.419802202025465920343094694545
0.242375742327573306944543674035 0.154026110735677290719536358665 0.544402392761734521542393849813
0.192330401623970359548110309333 0.552669743421168702113277504395 0.052976769015612178159724265925
0.701040972366345549460220354376 0.269782677188194597306392097380 0.417358403897734264731411713001
0.748181224093926289242517668754 0.999740708478994766217340384173 0.665511710495044872537562241632
0.118341715120533402805236278255 0.364322626563910789698752523691 0.597937918547607805130894575996
0.245129718787130995716339043611 0.998210476277313185633488501480 0.164014327542169380258485489321
0.017265232904586511747391242011 0.004664345206135240250178153332 0.510369852984763228143094693223
0.808367566872008946887717684149 0.088173721700891216634943248209 0.393965943120619388473357957992
0.704888231569857803826550934900 0.008459284487321543435922599485 0.888666847674785431721034001384
0.616355119613445801007856061915 0.552266289067560256498268245196 0.062727271143617771564926499650
0.849682693670526512086382808775 0.470328056019588547354004504086 0.497963099689618049481509842735
0.777620841878859936358026061498 0.011650809228242088241844776064 0.043241977807617078266577692602
0.228948919960585306476730238501 0.112249571279587193051163751534 0.545566553834589629268236876669
0.757880163737046030902888560377 0.060181788498358951278177642052 0.124820725419507450038025808681
0.193139890621007809246023612104 0.312713877926798500261895696894 0.008787075053610881453236558514
0.100875125947955793237476029844 0.753144100394239734974632938247 0.253289509496611775496432983346
0.745161801334063178536837313004 0.292971709037365912742245654954 0.250536738349920407031845570600
0.164268176059417625456404721263 0.879799468370330295385883800918 0.835689500939198692819331881765
0.983824340847133438359151114128 0.703541087104011420017002365057 0.216251926533808480623832792844
0.874209325978008711111044704012 0.875391686469157437322508030775 0.144051689470985011531922737049
0.425358762779148025234832175556 0.618803777418837519519456691341 0.042112061375684184394430076281
0.743159564409552553243543115968 0.019936517112795627826304922792 0.608461374811029576115117833979
0.282135851754825695003603414079 0.501941655916814610804976837244 0.559368892907342929454728164274
0.990375399581329807219276517571 0.045775979269843725116828636601 0.534099958036013622297843994602
0.105660655483881246730071268303 0.709512302960517371452908719220 0.801992706246490105748137011688
0.585479025644157990981852890400 0.904859244019890929244809285592 0.785984374931635088046277815010
0.554316423331427943210769626603 0.020665193966962626392902535599 0.424117881993080925173700279629
0.654520826675776601355494221934 0.838893186541025737135157669400 0.132008014930179440327151496604
0.308901407206748912503968540477 0.361378546300919589739919501881 0.710433753421345959289112670376
0.406362885487192959654834112371 0.787743379830898482474310640100 0.356874029988713037386816040453
0.883502715286242690240214869846 0.013951824400126057110216315493 0.637773251919709571744476761523
0.557916459395897956774490467069 0.653951138064181591857959574554 0.236553904670623427186626486218
0.664231225207017605960402306664 0.393380020945491071238109270780 0.608332543777669654261330833833
0.665624960284466160587157901318 0.164641451584024101073566725972 0.711532368252638325323289336666
0.876477234630971047124603501288 0.279878394465210789121556445025 0.152453000902017021811474251081
0.785432244835239545821536921721 0.764802423261078390126499471080 0.566785414501842277346099763236
0.670288754005460840623698004492 0.317912091148428554987503957818 0.612185959578375959999618771690
0.337252834764609654705225239013 0.188788992010224365714066152577 0.644979416926780513286132645590
0.480269191714762844203079339422 0.880617610241266723924979942240 0.923946155605675167876711384451
0.397933101515248799362467480023 0.804465753256535354154266315163 0.428900144617784029321683192393
0.025292520941869144068814279080 0.828691094626624602526021590165 0.346230494209587513765313815384
0.772283260508554447731910386210 0.021836168947056359967984207060 0.886336295480978031413599182997
0.155021054123655604994880263803 0.868996616773357488661133629648 0.302432025394369585757914364876
0.821479490000970979934891147423 0.654270772155113311541185794340 0.951400967836045663439392683358
0.052626122378111740707229415648 0.768016313031113839748798000073 0.382271324967591752397311211098
0.317544561894443799765497260523 0.534565603516637399827970966726 0.944695573812851741024587681750
0.956144233820775846233175343514 0.570421908202088934203288772551 0.774400615748707665808581168676
0.175538165887271974119343553866 0.022848093882565416457008922180 0.487814081558404166738540652659
0.219377823829894652574168389947 0.663964279521749634049854194018 0.265219297473146375931918328206
0.379820832975199029757362723103 0.875826645237485545969491340657 0.413896314906461060267872653640
0.937033448177350125618545462203 0.686173500955779780419163671468 0.101917594490832388864909319182
0.392448753613179990296089272306 0.867602757907946608995075621351 0.934834882699027147623382916208
0.802586255996811659407796923915 0.821065965465068492434852487349 0.603015362822178269119888227578
0.997751868649718876014276247588 0.432119350596298246180992919108 0.779739629955559232499240351899
0.116729585018220796688304119471 0.606877859270274044867221618915 0.207800355097088829126050768537
0.644730090993135052102047666267 0.386439896781267333558673726657 0.021841189887922336787529076219
0.961103494318595097389845705038 0.474249659896701869499224812898 0.971545506640649869645187663991
0.050617158778821884357324023540 0.426816915207909097773608664284 0.789167626225403928685864229919
0.398033346109064045670322684600 0.313254113540039069718545761134 0.796389141716166371054441697197
0.797786319729651527410396738560 0.038227415886551534274229169341 0.367118430607340284765882643114
0.314046033716319006323658413748 0.447015459837265594078559161062 0.908705795542226857364198622236
0.507051137508239158080414199503 0.900252904986225233052721250715 0.504117456460418278396673485986
0.631904074110004154718467361818 0.732721882418506553769077527249 0.624835250854656854002655563818
0.513436986635719572191760562418 0.436711657132598185526717315952 0.132633922597402947873845846516
0.110422592390187923605537889671 0.682433730604669719355115375947 0.401019729722707274355286699574
0.869499231561819962976755959971 0.039605045656827403410815691132 0.257821139770904539378904019031
0.823233425588388745275381097599 0.795878381422795322386321004160 0.732572257792210912441532855155
0.351509354138914098530932506037 0.028454862832144239837006693961 0.403172331812892803526438001427
0.751821467689654965305123823782 0.074069096668211431566675173599 0.044007318710129084138316102326
0.805179253778281811548822588520 0.953074449516937316495557297458 0.553776407421392669050419499399
0.751475599813975936314136561123 0.125454198133457733854712046195 0.696133869261172599784970316250
0.616322370437619615479718504503 0.761774557223668047356568422401 0.105047861959458407876688568194
0.215273475448709922241974368262 0.610858124290425075209043370705 0.149429119675375476905543337125
0.058426048676597105990815350651 0.444374365927589942693032298848 0.080584532681506615414690486432
0.652262152842512654693507556658 0.580567856734561016374129849282 0.239605963989103193378937817215
0.276775522032898124713540255470 0.617485496457298110861700024543 0.944295181012928308561527046550
0.597670158493642245112198452262 0.647625024570423590830614557490 0.364494093578308642200624944962
0.740963427022344967021183492761 0.377163601852825047799910862523 0.160011585169828135510883271309
0.710544106465155866914074067608 0.683652810107387542970514004992 0.119091354229345747217649886807
0.586679201216606993618540855095 0.084360057525345172324549025689 0.089805275449236166007693782376
0.854944503275567369016130214732 0.816972112317375986911827112635 0.781151447259611053652861301089
0.079030175107582575910747380021 0.661375174710789659471288359782 0.539073797236741869554066397541
0.876085405129901073628673202620 0.298046194010709697419514441208 0.113369550885368278181353218770
0.508218435000443946591985877603 0.858921162906143620396903770597 0.047200349122976936744322529194
0.572638338393950063753834456293 0.217153532520663300475760593145 0.385948396955298866917161149104
0.876264721254510492443046132394 0.002238750867632407180740639063 0.084895303097716562357177849663
0.120405095743682036268928925438 0.445135179820953130747085424446 0.105061831177884826282742380954
0.799283806601216340048665642826 0.316681140778000413948944924414 0.877927527403902785430034327874
0.311040544472497848538239395566 0.377650957462742742354322444953 0.785838774960124886170831359777
0.257070660075756851625783383497 0.546422542370685770940497150150 0.270493907540742095640950992674
0.484815955352585925552943990624 0.265694024473005552255955308283 0.864068868064111206273025800328
0.968848386616421808348320610094 0.714222491216503496680445550737 0.372334373084764302941351843401
0.475571576477258839421580205453 0.698560917769164735346976158326 0.426185154397748788834832112116
0.350703907800820058326962680439 0.120158225845665961317720871193 0.784984747183122943958721862145
0.767310184663942962401961267460 0.884965874636283622578503127443 0.319852476705808352885895828877
0.479539181243740841864564572461 0.326626229251248123564010938935 0.645985851758876794548314137501
0.261277481578484849222832053783 0.520807855051578783012189433066 0.168561927416348261710155043147
0.410929827421755655691981701239 0.844280184942237332812453587394 0.030368889048224597532188440141
0.438217332494098776862756494666 0.135489674456539144209443747968 0.043206283406144165015749791792
0.418722046419056581623152624161 0.645315758010121309773410303023 0.398408371780293757424828982039
0.559696611891732809240807000606 0.181093656656723417386345431623 0.228215649153708260987727385327
0.603145187237420499215545532934 0.195963633960069133488346437844 0.973942254105878424397246817534
0.387912659746080079603558488088 0.501639454284240282611051497952 0.620339700844231400900241624186
0.336165186791158643320187593417 0.774614425138542284088316591806 0.625789107174645975462112801324
0.397552665149342843164959049318 0.940783265703792226375412610651 0.826618574568565245286322351603
0.431923919147563339926421122072 0.937246054996503596967727389710 0.263860173302766509717542930957
0.776922627078486915941368806671 0.660957176750954999988607596606 0.818611292182588656807240568014
0.022756809100951180813154905991 0.360596583377307100537478845581 0.791591176951254582583317187527
0.745108645777534550624920939299 0.021716015861716363166689092168 0.920473455639561177754615073354
0.503251836403077690285101652989 0.431752147331604663182957892786 0.360187213594329813659555838967
0.093320491247398870693352535000 0.405822356306837939143861149205 0.954976858619040913644937518256
0.989029616127858779428549951263 0.779316100674512846069319493836 0.425738500819347887027532806314
0.124446411742234835928755387613 0.782388677989893421838019094139 0.733660825592697962704846759152
0.114736747950204470702928460923 0.987082043472915060533523501363 0.335882262827574273877928590082
0.638438877851697061949209910381 0.605830807311736219133990744012 0.142464533988824360033476068566
0.056702075265967662176525010409 0.555291070129858232995445632696 0.962383048937108021014807945903
0.092063946389630058053654693140 0.235098426896847262357326258098 0.722598639653994512244139514223
0.016487484968161752324489199850 0.312334187404733787385424648164 0.973894189295954615381845087541
0.581720973113529771225671538559 0.318985834892395125894637430974 0.352406459484467693421549938648
0.076292742188122625313084768095 0.543856032050281323897422680602 0.049897142896781480903012351291
0.393353490177856701670577876939 0.915551450922264531406824517035 0.864378143482662619767609157861
0.834776743423155997980700249173 0.482861946321869794918058005351 0.709300678077960711220839584712
0.633198230892597746510830347688 0.187260501544410457031020200702 0.928993647266347366553418396506
0.748860392991436252252412941743 0.386840106136446870710443590724 0.213642569249614278081850216040
0.429061328302497546616223189631 0.155192500389723181397627627121 0.926230378262224207652764107479
0.533384251288130051271707543492 0.971661344976308183341018320789 0.406028440614637275984932784922
0.149034510736815561937618213051 0.353641625961774674902216020200 0.901976363258228830410700993525
0.001403155575814132166589942585 0.180979461995296853071835130322 0.177764714965156750414720931985
0.139296164939951006012108791765 0.375983203977870716894216229775 0.461195841932442063271224697019
0.613522950589483917482880315220 0.137367576985473360817735510864 0.026941335283814135670432676761
0.366398920834126506917982624145 0.411543362551772651247716794387 0.609723292215222700818344492291
0.746403067473090153782777633751 0.476125483669732230129767458493 0.308944562122842547591261563866
0.093402702690255828832377460458 0.343161775598792018193705644080 0.933115387995956058198032678774
0.834260852248799977814996964298 0.715533864067036784462061405065 0.102864021726766688424881124320
0.067871151574208213319572280398 0.998412204039635930996610113652 0.719205598918022603882604926184
0.047205710864885890021280800966 0.048334767278010094815332564622 0.412035022161081232461299350689
0.261778290425600912438852674313 0.283474884183466613318813642763 0.747434941364163774046858179645
0.460298716235289839815436607751 0.041664336126469893317736392646 0.634196125843989988446480765560
0.356660120091937815622884500044 0.745214764188128708788383391948 0.403337492112465945126587030245
0.343928609740928425964057169040 0.284256277409104696207720053280 0.132006483599394403016802357342
0.978900035447366367868937686580 0.313193505775818670233689999804 0.882459347236567714922728100646
0.379919298502732649680524446012 0.999863435706305647698854954797 0.423943627101261100165174866561
0.369312178808509861127618023602 0.694577313640478921641374654428 0.806668893451745749878512015130
0.001337404265064358419717871485 0.038889974986623096486759720847 0.785059086434156228051506332122
0.996488729564444897235375719902 0.595666932703391993619845834473 0.847992623488497909711725242232
0.988751659812470928834216010728 0.642924966731293401345226357080 0.946260392595521637737476794427
0.962936295179705692426352925395 0.525519630139151927572527256416 0.293491405774668201456023552964
0.686050577231170133352122775250 0.494162088500996410367349653825 0.650943574729373586329472800571
0.597965569414304676243432368210 0.548150835820749859905731682375 0.082996141213095592226167696026
0.498336859336356907679288497093 0.245487209239771825286524631338 0.715269572820546262192920039524
0.775478793075590755456971692183 0.866669275824244467187895679672 0.413326843578849634219807285263
0.145539818850483393397610143438 0.142786148701196408117297664830 0.702156657746709877976343250339
0.444756494564454762929983644426 0.062337088936914135384181889776 0.947657583766349453924249246484
0.024557580067919929089903519071 0.175519263708375561350294447038 0.613764828050673449943985815480
0.816053251234066578945203218609 0.688032246044079420776995448250 0.545247588441989949892274580634
0.658257731816226931975677416631 0.469438615412729354225973565917 0.681093931080193226712538034917
0.672525406481854104434603414120 0.406534075921570758893608399376 0.016183566830252755358587890555
0.943459101317583148649248414586 0.137960066706153183790917182705 0.329540882057224371326498157941
0.261245005895632431691666397455 0.622235519312329676822059809638 0.548238905011164678882096268353
0.722172487189428613518771271629 0.036053282507545782176183735146 0.348990198655202032984590232445
0.396746207019163077411860740540 0.869434828360495681742747819953 0.164946731059610607328380638137
0.999730111296974977008744644991 0.038600158857623481645227059289 0.988469286620101250662173697492
0.135358967021321968671188074040 0.248732748388025337593632002609 0.573186536075428132441800244123
0.496577796770499402256859866611 0.871976431878625612981181802752 0.002713311607670998524405314711
0.518757265510700338317917612585 0.338102395929815890962544244758 0.070064669296958037580935751976
0.428467426499544334905777986933 0.551940726454689611912840518926 0.883914927779581138800324424665
0.407598925199582740042103523592 0.102658070022639630325400617039 0.129497180289859542545727322249
0.044003639092222407436238995615 0.070587350968992254585110401877 0.442959041703330058670218249972
0.809394847107682724463018075767 0.292193486500063770439084009922 0.383735156771240093487307376563
0.463271740707937196290799874987 0.150486944704256941918174561579 0.357082634430410883474849015329
0.335620365926936115030798646330 0.647164971214452378056591896893 0.147698053130342538130648222250
0.158061510217337941597293138329 0.502712318799583890438498201547 0.428499972104717630205783507336
0.800804020510278102840118208405 0.510474314918737404056514606054 0.184487035228937445996422184180
0.503156240832629997328240278875 0.587154651719934972398107220215 0.148113257456468971895446884446
0.976410054378710756672887782770 0.662381334953859646219598289463 0.704877210931034281493623439019
0.324097500965900453540058379076 0.774694282857819382925868012535 0.922534507370959433458779130888
0.336498222227172127940519885669 0.140725018641582766409925397966 0.733420906774542191719490347168
0.842219361668722465985581493442 0.889537240250359628745968620933 0.443783956307249927153435464788