0.022911458708618903786369822352 0.386984052957699536967173186216 0.717578321714864972874742799172
0.010478809632931665839755404859 0.242869573516081157726194086540 0.644732369584378459376284688190
0.970236976328094952163677896010 0.785626295509459639427287286910 0.542707776959908004437666289748
0.029575935664183572497265977459 0.137341504818750322350572535531 0.490347083090795864872583376342
0.868973797253712137290960628885 0.664495971983121064936658019685 0.899384292058501146592791758952
0.098136056930283194378754260141 0.883232317239723147802481761360 0.716246890716939544553812886700
0.546688213435555823080498854862 0.115159642342759820899638360709 0.018398423680141951806474965090
0.913429979699297472786118186279 0.499304046775667209733447494266 0.730350445349991962666156468284
0.141480054943653603539974353463 0.768109057406643497260525690486 0.901673486965078554410445773287
0.145772418763549631941412689383 0.557641284457218314058226717749 0.022240046822577842984909273822
0.175361175686265866886694775680 0.728071979242462535674684145866 0.483460774749510412593990536315
0.371181901881309655999657632025 0.409451104907680930359171998814 0.382606623933489974199223041438
0.509561050380584107825651141670 0.583904472629282640866164600918 0.236607424946787835787135181480
0.188295546362945375112806792426 0.680945672658945778606098424825 0.301582744092773299433566961577
0.569148198987311604373262422613 0.397461214196782291519485942244 0.379405530391593770346237561220
0.715853250987999802408268265579 0.450124496083753658990906975469 0.148436716433149275508187185612
0.050597532099015107212567676468 0.342489035922458867006971589004 0.240375104916357879964023224135
0.532336618904994149600668546620 0.330065585748473602626029176817 0.894020090292234606304911191934
0.068107258297082013943880271758 0.625496913024931389936505013796 0.443453313235742837613643186974
0.071730985174263763730862146398 0.926414446680783934374988372488 0.644178730441347464580440029142
0.357126691232853939364980891211 0.954188632076001055539555307483 0.258502464783846419341486645044
0.655106791318426965494919623021 0.392031413052178908623137226922 0.757768485805302944253491906644
0.981684745032786085439278918046 0.850447268818936409030507570375 0.254776453163394581559723317381
0.515194660157295984242405941943 0.236635519338990562691831503188 0.229349242171530500246787273633
0.477616096919291544075843158531 0.557774209348597287818283144407 0.642899316832672689423241124334
0.221272965154881678248402404267 0.573321034110772729009361736661 0.962222641199641160381126764585
0.573814640116946680436564185643 0.746857412924009037672996669218 0.728077243488383097057185081859
0.673394539307391888322621080225 0.217190235733152629963209319626 0.662638111103292167759820577943
0.831311702416790536150317736309 0.163651447445350904887555513887 0.646889683943268355694612975730
0.484960085307696813391109696835 0.250485254842572950715373805264 0.851667060332261829350134338469
0.345719835501875189658452316106 0.905594139677925463300856261449 0.648303979985546344444742903305
0.249924409305378698722421714911 0.475702187943776178725044696116 0.265863982958234173445811647709
0.937352819398666567058895011439 0.520959921327819524776240417365 0.132037357183002715866584481130
0.666138912513966287495097312076 0.294872139032129317381954576508 0.987373047705250692600458690372
0.258570718547601638443759546137 0.079095537723886806428575832317 0.204737249898557669684518948803
0.417905247568140848833398098811 0.590757348864330646044406345504 0.161275772390887587954599422910
0.956746332139736147418891611572 0.169186756294025739058913376987 0.788797745121493005579578617082
0.523955940920869542847606155149 0.591761526403031819007291843546 0.861404384746078023037629978545
0.349024936531953947394508218671 0.885320322286496393010339814496 0.870974119205410772186073214956
0.406648522941234648736298652495 0.100839288456431017654197340772 0.918513598274711588851855394766
0.522508899296123753028474903438 0.950650329185225406728906546370 0.049946140591739349921692041339
0.972694575961795342108653407483 0.519899723582378833177213374796 0.946362656374385258672333346224
0.892619349010207398313635487550 0.863405008106507337323915278497 0.119742734458404946769203304296
0.956246161507707921083472665409 0.175868647504909539035101341876 0.920375277597106563800078408652
0.217520629644857106802756157376 0.639478312151086820605788713248 0.481535718935669116268074153716
0.229715457646650143787562922651 0.573177345548482605290203274941 0.428886271008196294726376579944
0.335311569112652909155714002745 0.045409994628625741504199100803 0.073102175716649655136471773724
0.260738666653449990464248816989 0.991179213587752262633962675335 0.779274173243533537155837006150
0.969852171480905346535790487657 0.116105026534358461529621900894 0.181193527678882767878988330328
0.504670969437818398550993227577 0.941357816334836517113310339755 0.261217104117160570418228951799
0.979903935096921546363519381453 0.712282213490631821883832935312 0.855194966760409442616316872891
0.020672956445396959800430039634 0.518773771881863765013928541056 0.350372992052538422447582653942
0.150151643293666519573399681235 0.085221475436190796306687290514 0.488304532152352651384282441167
0.034164135907104377707675635028 0.617656682857903889985794810403 0.399646813967795581027116240895
0.296783670339138129071648866003 0.237654025547123287305714853814 0.132361871426398693010693371827
0.198207057401515455023570162750 0.080681115188822117238085518371 0.386105110852005350703012719009
0.983380522130564818913886648327 0.670481197475191991960464626619 0.660515846457848608321200411801
0.313556666454948745219789590030 0.395431048675815239451458576630 0.959322454164089458718462442245
0.760627817470678071106560551782 0.310089088123032882967430458054 0.361259468020953103581887397002
0.245677407826041907523008297202 0.879592575423483246045535585192 0.830264299852088021885963376875
0.539372769181037357674940401801 0.695469686481437560757040854183 0.620971416794617017005359746592
0.811928604475879492498594107484 0.111194815973061259701640064441 0.511309814590235574353608835066
0.307723383539836042467023039137 0.341390193097707055478342763213 0.204440973335188181005674231413
0.776582818089474950590198834246 0.232466813997451945524310846638 0.686926674562557942572771970478
0.194398789147800224185901405012 0.586491862034219674035941769295 0.845392291603891361491118502778
0.772163614422605381001998516912 0.177105730928296016129889208594 0.711688240143400362752244012354
0.749705273849170154613147032530 0.870479778693380895772409089737 0.201889267736881186002074527127
0.456644356367950142380580084655 0.784035517213497912985565079271 0.820980723620127019729949703008
0.934160352602092113931073096169 0.418200917503495518404558470542 0.669717203506970410095239229095
0.900734356585087386942980863704 0.977918320494698900834459576621 0.269536412183591621682139832129
0.343760551222469588907006304646 0.783355480328304990322564082105 0.955114675452664578456668009070
0.133842893983383611364678184231 0.465868721648898924640867031894 0.892371659404938148955838980107
0.416079612298062161340336182759 0.809096393243517429608612219130 0.480523425396955822864218765139
0.348497067047300250711915228380 0.010858819751824117262566233041 0.722162698314667449790305633049
0.645032089316472045809593266704 0.337753407648028286188185927418 0.138315422528575904974768024077
0.767967336110008986982867004283 0.822332541248621611363195611417 0.557878375848945495996280470560
0.166936080380469778677598540427 0.917971313705583305776851193847 0.215977728903883791158380972496
0.846068550785681127077624961494 0.916536862561007342188515311147 0.755116052649218403595297650232
0.648848654609126332299534842113 0.444277428661475045635523556317 0.132668769198766723798745229443
0.071335456572223832508358037203 0.443919923391136671146962408626 0.271219810640454985806969329986
0.223045948084302867847607216824 0.096181671364189612694955625973 0.674812574079280245931139398911
0.186126116699021047209086945664 0.011484568669900964144739752008 0.428289976116204802299263736840
0.983418743067254746747666080164 0.919550849918212188392258536409 0.051184637271393527156981361700
0.464951995936949367890103628994 0.640125404577720582527282726422 0.228443706955711057017400833770
0.943736662506144608065686325460 0.219350020842976854921054322179 0.689799524548531585918542706565
0.049854132434271320767324560416 0.387407259734379730873428501582 0.964207004423377110065706113689
0.240323252984296115121842662543 0.162705872900847396546592931111 0.173334394279358167335842449507
0.191384914128222842763101262255 0.379720362653615348184638005953 0.948446094189512045760641082826
0.690232627010100825284881744302 0.362508348291685085801799023119 0.902578431881032275117846753514
0.036292112474359334557178586564 0.438532042773263627383835218518 0.920620349285008293103500896490
0.372203681038386642786525864211 0.664816655481674909855868241341 0.343516260702164506024331103461
0.607892291231760159206841988635 0.719481714707157563608818903199 0.704019599003860987607243123712
0.481452502190993019536261199076 0.287667739428993506409914766629 0.950773761501291957707567537980
0.722289116516400694335324215446 0.724144619598743008223685234345 0.506995781269370963378239635549
0.204750912815616492311670379532 0.969758819534835489864870146019 0.552489695149915228581341323792
0.052747092984728067456586766554 0.550412593673158556593277169445 0.691217361001749830259605256662
0.722102813980645924742602660101 0.547743764459153086342952175593 0.305625797561196222811459894076
0.912699167783891208072404824792 0.866178645068576251859084373341 0.379313095174267027137182799529
0.034223483768198921568787246839 0.096409699808434823507494590857 0.873220513882190994658842168292
0.529699266501418370035880744061 0.801307855527542846462810514916 0.409627782229093288649464593746
0.167488101095064571540962841789 0.225258678219249276966511158337 0.555613758919282751036602586711
0.265809634992771715349380284466 0.587553567610572036529011633862 0.313330934955318476062390757474
0.172858129818242300527555205491 0.874351918519662244737655675707 0.221230203154218585969438215645
0.230209665340825655888812827304 0.723648503648077119114137975569 0.018527042159324464867461180270
0.315057027935329494434323495354 0.464661077595386545203234890134 0.682298852310449167188638487881
0.944140236629348107013368100814 0.950053525515610118583280302520 0.425103999043669678490020933203
0.162824908837737506727368568066 0.724869070856559282082259880759 0.823250124566036397146939376738
0.097027620437727302810915043334 0.385057424030801213881809156781 0.496942844583489101946947817159
0.480993286484271557023638453152 0.390582168572649267999909150652 0.153379586500013515577468619474
0.500423511251280298906100252470 0.008190054904671881947075341135 0.104690022837006705184930590748
0.448866940835206372756357642031 0.176911742759662154217538236512 0.650768224304317309925749609686
0.806749436272292855442147467178 0.717904487442251566349287104738 0.509950382611659022161973370660
0.686715676420180568685706159237 0.196725208201909364525642260300 0.773979081238290805904089693146
0.773895634100576959331712282863 0.620397771770019859549079025069 0.850258055104855066956428734170
0.268577663620210917935956242396 0.084601195764353635755150622319 0.347042417770304967457710790635
0.188529942796596702768382922671 0.133322834289802518609491476757 0.501054622677266535138340982242
0.254600692313349129069856939340 0.641955618682631194632608323163 0.452300426093495069463410183175
0.283573962571291655618606500494 0.431697705655556590639946758343 0.548585624455558527719158246004
0.922905941540608425462780008975 0.052729059129212241282143292212 0.839217063444677394996888547609
0.237750187051535031787845518539 0.694179959075974960929694725083 0.863406457548328353182195821198
0.687407453348815366329339339262 0.679188665896659687930823617353 0.114171017587340153232151373067
0.731997177854257576473404430959 0.980299106336072422150240903456 0.301941941269377697808896479446
0.691031817570026969555899239470 0.669126639894051370178773454880 0.769416309818428522856502506001
0.059632593937570833522234206839 0.957034639080471642532442480200 0.992916105163787681839901237568
0.861637391456396746780642191704 0.537657795931941532055791204798 0.161472696333278514632826244158
0.529939507983519222663035711723 0.223142451844135832120997791558 0.175674302084856625734514952835
0.494540422465708930754319587591 0.425436832857117283167171807950 0.256924435549911609079662134235
0.085139016798510324277797599985 0.338626497320347487807589394355 0.252448511572175039447664683675
0.235048064280897299146242407291 0.617983951251496512876223381938 0.563910613541844644081897848601
0.921645435718369471200008118829 0.341070821503230372773698168055 0.000993112596647938326834694228
0.336710301158243238604605263463 0.580467147209451186831846170301 0.974422066718528002423477952996
0.127310699958853888892165460433 0.093708812014208066182382468279 0.896622240997801359648683934073
0.030451471465691406495657587032 0.290345831190432943671881111010 0.107834428977981066463077529388
0.004970652539892311860520336296 0.094202356786597044085182570288 0.401799100244990016162149790391
0.940815140458283049517571383020 0.501311125796809350515122732109 0.872021298557206226111285682378
0.093233018857723491313908015932 0.785135261139187948776759445488 0.227095035673994502913241305274
0.184301704239989213352569078253 0.269165423920549429065458425419 0.291519847002748505184259457334
0.992377956180500193428425025761 0.842100533477992004326332120488 0.950010350891970039131659372206
0.368535742374527465068247760240 0.881207661593006031541540067030 0.972017042617956791489818703778
0.255116247748635314123311595301 0.228467146422592511991810964146 0.953138093191234541421729223183
0.127621956305614883345159204007 0.877840171365113883482519652142 0.459226746104324602105437602100
0.592017828877914863666735723003 0.605940077881930806962149577904 0.865514573061157446339490105318
0.627027358358853669171441411892 0.856462292707990031819643055501 0.671978363987933199240005586192
0.282372856847038847375543761956 0.862368304243536226269775786152 0.184517806444896360441580640459
0.529681585220189976928427532279 0.590786077346025904584681980915 0.254597052465306725302468809362
0.301348098494395692945969341644 0.915045311652559703394861480960 0.671301913657945131729443655519
0.280432632000666582537132794514 0.296071008858187266662239285281 0.622634274224708748337194769939
0.410220032427861820918953285248 0.419866484540302021416601258110 0.557798866808360556297609019179
0.821802168661298285078676720879 0.748322459013332215959625780514 0.337849453194300657625471537589
0.763921228796211212566449336642 0.675090301122154343659670493099 0.214853718014192835451886364078
0.336431377767173410288802799248 0.828542429013282451336746487555 0.977456582506972159980147955285
0.530466118884132863668838009961 0.028653529507025714433722781705 0.449978323152419143181556355223
0.856454309065015921712091977254 0.846026027744766068750495259675 0.949012163721980955561831354815
0.201171376551109084827872256565 0.685581263077471086665662607178 0.308792067050645498867102251697
0.274550903071364846396613983595 0.436168252291597659444567424301 0.746462253694222538753351304988
0.743326483868001273790613726056 0.109467492289580966491507911792 0.595407831819400979965883050387
0.507292657265758048422573606463 0.363772543832719954480975053638 0.972470868570789879920172122652
0.437691389925316016467026560243 0.723738816776365949472196573176 0.302341058699417460869561548484
0.564345486160239244166261377038 0.204632809932274207595873800661 0.010636001431956173452291097935
0.501820380722429516122432303375 0.497133335065404811394339951070 0.419572054255326493980847672766
0.326915721291253236270198423582 0.029968673675883374174069419245 0.152925367050750357058704435823
0.110425986020994387309095549154 0.723852371825206950317759350673 0.674466742544117604124948908506
0.930673983313988221773919981727 0.363334140931547397312507066242 0.493553010876183419185181331529
0.070479924219852821143277124450 0.105678048488389659983592474877 0.201107770978769744380634955688
0.445023815774610977654272968762 0.134045187565279835960315356520 0.605680402105903446197132463721
0.493308011924401950995203640019 0.422537655892712852041162907985 0.052766965720943671260636426280
0.933654547786654355484057027902 0.938891497902358601953966549927 0.535045691106784577407413756248
0.695241661832995409374197216323 0.910622492936248297755945946219 0.067300226123970504277775671829
0.074088093628013249634895068084 0.681139637397698005876535647242 0.463925300564616664767143103330
0.812113124120114408824938842137 0.670499482067346909960141620674 0.026587889567560961056162864942
0.450260279701991192917485454052 0.710452785044305048768834517573 0.818410784898587063243657111470
0.658995701271908964686994061984 0.358416215424744091674854200537 0.531410494396080356329629689444
0.578798149053073079643541838963 0.865922531241470715721539610137 0.652857236253015736188775912986
0.388423056326355904420102335022 0.720154306221224851862846698224 0.539606358678541633480919487566
0.419860896357793269535942242758 0.124959981711570759588535820424 0.418986547666357903831513697492
0.408397269078705191382992164090 0.126741654207925919038309933573 0.319083803497015913337568583528
0.099164696639966788226672231542 0.442234217967597495595139072895 0.165837417645232037016998091340
0.995043057989047122255189483455 0.098527402066315791808335448896 0.382215153152233977351030198512
0.785636532248777670276227879149 0.960712137777007957195239772485 0.822680652006173983088687708643
0.777817507076440405883372716467 0.616613954835696194155621188220 0.865578550047755800004121700474
0.705164213679260457308253967958 0.713253542238039785261087340178 0.426591261591785973618481981846
0.403036009075899208392695561500 0.833964492514825955334914941460 0.130541166097802551762667461566
0.281380073914091000934007733448 0.828407265554945860100455013501 0.149731864873302733133143658996
0.119387237879824695490807261311 0.911225700600288691612917281954 0.169470983591904611293046422627
0.691581187197506896081115068433 0.017049529476774490166558257916 0.563928714538832242104837805982
0.011814127931110566434603826203 0.190878316303673485606486709361 0.441310335357237308095294601940
0.064373842018258202182996078564 0.909593682710258787827017326264 0.145248134984738793551790874123
0.378902020574148463333788884061 0.965304799801212801530827682796 0.125515599453501267984651661608
0.130307080124026265954491422754 0.821037021179350125553795919681 0.150783881632564601192419747674
0.561539665590823185485627775566 0.789773193743210410069777473410 0.111036546182838171593502750606
0.042334310052889982136332297465 0.919659993712719803580219500110 0.673722344687834949784842184312
0.808718779041127614800596604355 0.158517110647567103492224335983 0.195823317113509538799883528584
0.566528360382025694188423047113 0.042973504611324940409659856417 0.772064080072825376197203532364
0.144229856633913735847039412467 0.371172770896627094462255145321 0.807652373516410230320530148745
0.025819189116095821086783041829 0.321578835277763771193031583751 0.502424542047375595392156380979
0.556909106460938090596622224929 0.437197231703129592316625916612 0.791541390341656258232059256549
0.251737294496125879283357917001 0.012644226045559799098222462792 0.207564883793073663286245328262
0.758075847476798428890955144255 0.262836898372654056504050370429 0.882158890499929048920570287006
0.796554792715322902744686340862 0.601346182583825652771663360516 0.723434555365375699636816938526
0.952385487314972562589532803659 0.880148316651802816817223680687 0.800701567715637620737829492451
0.782702839595991028708080721139 0.937262811151925999565777651548 0.995618541538817490337730261713
0.393101161907112284675066241991 0.894572331438961899874733801227 0.695878503997138325990301707083
0.692336877815137642227570651473 0.572748965280101152148299141174 0.130611831941248924301424094442
0.051142196158619179537505213313 0.749579562376820891167315693246 0.770737940667869572741671542718
0.372966537498471217451434394339 0.578180202140783679021087013605 0.053520031044133349334523978920
0.890207507878543664329105317369 0.216795842398923371212092599225 0.120791716653086538350063227941
0.932971325650170025607042900824 0.631571965434128933887436624796 0.788985093728782189601383575417
0.253148814251962948381852303899 0.563484374821313274962545237084 0.730824418299017776934766077273
0.690791299752241310716373817029 0.394683189187028890881031634296 0.165237856479513221556457473883
0.825932055919259679635776556634 0.839514191174354834987042664618 0.915696682431456521541702186215
0.857604264755756682467686753970 0.017483377697290394078910450219 0.828590752268956725935039001488
0.078460511119156202218450046874 0.659881008890762719290804457801 0.967060686046227913413993999825
0.389897468696412454717551054648 0.042014734749759587224551540234 0.221715871329298043967051830396
0.210080219229082273496388113298 0.372927427205040827729864606269 0.275557910049646883274086425311
0.882422859909777538541958480724 0.934594150918617183409492241625 0.957344766250403816060393264732
0.293283575737532006081215658075 0.190547617289490380277296188439 0.459081728346801655007202244336
0.197449620180913106227960691694 0.260624063831105841903625496300 0.319047818843704984528785573754
0.394374452403931127191581970987 0.072767856280543544260537083493 0.338967069253277460385068210927
0.060876473797364355173350385370 0.874034009618310844530839839342 0.911943725870466964148137194053
0.033693893753057984438101010202 0.144593826657266979658359120199 0.347764537889931295725191558452
0.006630568855620673104148372633 0.658867972405843647843307408275 0.432083465027795419314549711192
0.545445660349258831590418191090 0.031446951370399024580615626505 0.046087171170122311470355094363
0.452308801717715460174693648902 0.959019142736815215444930136171 0.942404666764178969012483390191
0.088238883456084080192788207002 0.900967782740191636224815931879 0.247613283235247490045384157108
0.619726776704354338973253499737 0.333660723355964808222414894053 0.161503430252745952164487538069
0.195983341871855605700620548002 0.941217899942547225683323062538 0.219381797914746818548993670414
0.820700293000806544138015028990 0.753621645312481794942755904781 0.531898118921852377682382285852
0.922266906609141820602903656461 0.009671580010547468931486392024 0.221409757011541952815157071945
0.298345656712034493922438190408 0.920666525095881721716717720249 0.922709082239727795096091077193
0.096916737433349195842235206507 0.284664003501813797401595850567 0.590278186134793686045695107780
0.372622737347860814180199265716 0.298101196580913430907644753924 0.274147884169992884377412415171
0.146058297521227563659105383619 0.562232469187526042108784969176 0.862992880863759681988374890340
0.283058863067800307675358517623 0.885017770016739338504201384560 0.649810125249801477386841300793
0.151357383290275966693520070570 0.146923763527502554643855107497 0.163549111830568353821485876450
0.280657026737767401099043867023 0.458829029826889145271161400399 0.984005099508485965043169786274
0.494143047231579546745160604325 0.854301470235695945984563421750 0.632157151399545113811980882257
0.062720260939319943430001159259 0.788656861811369369233815690486 0.715694867628543435236312496042
0.184062174607109298222577010319 0.787970167715854517669468403169 0.431626621751927166544382369316
0.626092368159987266354812904141 0.995405785376461240733963819106 0.715665739972826212079390981945
0.532267309779965159312000885241 0.980386928217551332385685734490 0.153279247261609925169350973641
0.336829215136167265664138166920 0.806937693350026399091112894579 0.455610195823874975786868953131
0.271226041284884838535025824486 0.488396574737238352688796697135 0.304932502689053100909239680555
0.173126316798314543276545414423 0.708830201252292367311267638178 0.495521120410426314829387372474
0.182381070182760193354295558841 0.112285831477215630265289318465 0.001476969469303814541666541099
0.643828976289911987345869324499 0.033541014638159244171509334801 0.813530309786195117451039337278
0.410296260301150730284343034552 0.851432256491676842564858276580 0.985294185939161775029757752948
0.362720406669346002086687517884 0.725192037421650301446944842825 0.650448983298671011345676100619
0.856877724821318937305242010109 0.005559623012870602932292407989 0.373429836737594919084203468755
0.805708432578727232756198342086 0.085465077586927327674485144282 0.987805497591843177884551016855
0.156998618601082915786112428621 0.991067430710998000097211127160 0.145074385292085210371762591995
0.786273254245699616605223281525 0.925142398014505718658557009795 0.221840054746053414686891989197
0.980222726653215234761562464727 0.379577673550499366079535502925 0.199298842992361884950790928035
0.815568037126843363831725289182 0.582871075026719463458498506967 0.925088617024952746067398820341
0.403783424922031627660664849112 0.306854965655432375162794768593 0.614987176109834276484274339304
0.388229974107712516620429561148 0.980911222685307210189510660104 0.947959100207066764463757596503
0.924230574992117365552907645767 0.742014975868055955904270461650 0.212089963836044694111245556052
0.543371098496941942296417921778 0.149865485057003132261780008672 0.985046786162674546092947209667
0.579575481915112791640781411482 0.478130898782912471672986498127 0.270178737264572702091965363012
0.718911365465261052040594158004 0.568063456006123276114567038325 0.914562390155295047787038723803
0.613254638456191069389790909400 0.774493695904768242713365142362 0.875225034326577709619575494491
0.396272844194040129939731488753 0.541228344937396081189913115315 0.090534429118942099949280952009
0.574245041386411754145293948919 0.000155549762437596834402766160 0.438068018411379542182253852098
0.777665803403059095262136458878 0.643174439099400157187760109342 0.474231538026026820854684542285
0.853265954599875822168243467601 0.402502835195055283621765882916 0.119435573174034826207469375557
0.354996211047783687732312631672 0.673922559520265712763921335694 0.343504628786201398259954171368
0.976981201131798990255215491242 0.923578123176526183807605301571 0.620930929009788392341948496482
0.942903059275870001043840395983 0.910700155909610676983269099310 0.902613376355768913087388881206
0.015203418339587700230075800438 0.515833426362098310244523287923 0.366748783577553396385092519801
0.013447788278657595104003039727 0.569359179635874668046608804838 0.080020785669220116303276284963
0.757201219029332507554001264107 0.568097207377181145100689998159 0.447300086813043953787671375893
0.764247895649859976734860499787 0.113000832791203515904057494166 0.439147977500698200555549237576
0.210433157452187724520432758925 0.852426920763249104528691541504 0.711639937027410191713583920323
0.896802103147083225714703239346 0.524932957044102672764123736978 0.666562021654931826030484533316
0.178416054498712139920644556539 0.580023685133951177896824873919 0.635573595736858727874928181681
0.013490424992771405156832402540 0.913964664136847735412516441355 0.299302301688007492850749852817
0.713620831471351266267243280513 0.034153012597084214901185095804 0.906267806374148330031093950746
0.877255292356369406600364828152 0.861066632414369628355459492049 0.175534476166000081112869142317
0.905869018744662104903879077624 0.181238563378542525257812592291 0.558787788905327592282005569676
0.872296130229830108044932250932 0.853707284454345400376071503804 0.628202296602733372627810057498
0.063996107906507658198907596213 0.511563114702787942419123666923 0.569437355039867513052536451247
0.699729300537482143503252372607 0.630394118349569676930622103393 0.541458485029692519316194212333
0.862337890493120837520984577350 0.264803064590362664819455796869 0.229985706642454714235466514604
0.088633250172062668295970378529 0.233608021104429870254625200775 0.262712485384084188502659504991
0.656502013705404277748638995531 0.572289763220001313444811265597 0.850322915395673092980875950700
0.092425920582006279999108526315 0.017041615388970120214502248463 0.784104456283373771422549610441
0.694336557716307552076963971394 0.940368331730630463375244875508 0.608705432725482301796931711557
0.224709766905072745240724847518 0.896000080756515351760534075894 0.783748566490552065455254135490
0.939095358641491795313503974247 0.118667788377342595493678837200 0.292915305875192259335377156677
0.513464590393733735688520392450 0.354982823221089283115252491329 0.240286944217365045983302129388
0.959180064397552356293053678298 0.424146647109511595433397865571 0.371192493565272164837431777883
0.588907402576838483595927835771 0.977437097937553363617260116087 0.843863092084633933985345342460
0.121006071437343493919255242629 0.291896836473084820145144622989 0.965910828139036820050819674945
0.543981237413276134277905893627 0.488308869216855598634230705741 0.413049543860685651863661689459
0.867844750174896418263447894563 0.822295056453869262435777735267 0.791932996884375843809815347247
0.087441015849050889202638668412 0.470380160695752916302577675638 0.498773542486796374012891489157
0.753420362809846486484303278238 0.662922677713046259085205215097 0.007123379124673886489209954239
0.224289576104142883156905255963 0.231973763262543038124017314562 0.846447652944431325402263589219
0.572125337410830210373814919076 0.114184398217334036060082732271 0.269888966990958694538287682834
0.555393903980041421471694970200 0.891698384769222552478700175170 0.692673740931433441810755150332
0.318042687301016459679066581693 0.027717611628474198017872948504 0.260862130686019283120109036867
0.705239029380608777656687082631 0.309436666927224325120851851974 0.186766467684708924124025438850
0.086113720343045203752737807605 0.338401587026384658998678306950 0.423953432972192030931457388659
0.006254443298133608238639190719 0.136528158156243431172474396519 0.017805538292527981397699431582
0.579681867850198566358136130226 0.249641056893940689888753843101 0.724155165141382801416774020925
0.019062425374151067714112567321 0.814409572332352938057249345067 0.408962154373516364352787093416
0.033177616810788504175885910905 0.249802478381102796167880867671 0.706547270674257737441452599228
0.512497856850749688271975447136 0.984196029035275740742604073478 0.686663946502028805030089089195
0.737807258210284767182914066209 0.163368282052212567803833269583 0.241919281267544932117684763162
0.779141550240820279740304398327 0.573685885476322510764242076590 0.959194593934497674025509519153
0.566730606334182217067197242365 0.009427785204748390032952372854 0.629695171930126184015708698294
0.672049763911037209806566359121 0.755446862362989757741351878975 0.741572208168292726852624091235
0.708763954571817994272097369628 0.954945523049537430824847932078 0.165286114586611285208795047438
0.020416144405134149706053641586 0.443659764414867131838691836827 0.271203302651681311828237203744
0.987450204728238650499683558381 0.612577571764238258392966113021 0.594664213535059522006978741956
0.427425109514481463826310378595 0.803693192278170298892173571249 0.153217789718954937224126752455
0.007212901601472935424819049574 0.502271038915635839775139813603 0.334836048839637412447436046840
0.674216176642280263513337131772 0.061039689381531304363287125860 0.262304943393372560879691534726
0.973727352784039404116175139194 0.079949869710037756271915153347 0.804705238865548104428265764111
0.587774352208748873251015771071 0.050712192402508480550202704018 0.974005841434762737443318059730
0.249834189940175997286618584727 0.948114791482780696899800494160 0.879605074588519959927329546986
0.246283417640891662482279250446 0.588994205258946833437713452033 0.304540982146315856187987654867
0.274164641852805277140192487309 0.450776583515028924611482351775 0.081127129546054565922633565389
0.810298267535930855315619533785 0.045290913100124751189575193790 0.611341306034173013770635652436
0.774657153158184124444860031366 0.778304170900521771230369482599 0.931507190274134440322876952534
0.435555716316436000971749445303 0.195070355172468273286805476763 0.770354659183238537781031678618
0.849036608043687334007201606568 0.002657377532568808983230339254 0.777318568373864781855493755076
0.697531751863010186713208387402 0.473392571924636346733301239505 0.444287348592540067069168827528
0.412715216213716998308771487234 0.101589023707415652289268614740 0.429228346965771912630196984814
0.039623149374453909319087668534 0.405712980241019483886561851314 0.763434878057098818723933755380
0.743173390369960641313114273413 0.948995690513161966478232393695 0.529201346289038843926360850370
0.287502094842380411355886203518 0.948942720157189852845169949105 0.735890162115551717967472090074
0.797008367987974808472708846743 0.029635743659005503478069947328 0.326909714624684447197078081984
0.595916486864632583912697685789 0.420706216072195150621370982667 0.638445686471655440243110026337
0.477093498980034601592722034939 0.641332050271488200721664271258 0.888177966511472012456057864146
0.563124740193580030757122023995 0.762804582673855240728520623583 0.041945824769102433959345062706
0.673912183138251455250872860415 0.943142546080206974240820138433 0.458394992864510169413487009723
0.556039552361597945572937477806 0.750085798033144672908781100478 0.684046831509340141978635684772
0.987521408004969357797323216255 0.156636746906220109548045792618 0.802025117686639253543577846414
0.310811425744055644147852514535 0.705433416740177293766626600846 0.254125452855257711910861422694
0.562562320959208347596341934188 0.029854513148259678253673183787 0.165786058257759747653641629291
0.370490655704941191124729731592 0.424892175519917753388830925700 0.467942096271491068331013391244
0.678427413611569818134462772982 0.115050775757320266384315658411 0.863500840413367492566927232639
0.924622054100737500388902575449 0.055507124329661991394046797978 0.721932258930558364849551968083
0.122337868241921591398966475618 0.881537281894760169163770794676 0.890182041537747922419181694445
0.136177339494469030401982912034 0.973851228120247324619987414212 0.736882950446141542557841989112
0.154813707911145565576298634295 0.142801963466688516278150665766 0.246735979025217027017425730918
0.608336761474544614161003688316 0.653980650508709506914005895205 0.739830162634075853669940197942
0.860400337202971149839256273069 0.073739021685815500056633352675 0.403919325916498751813485251636
0.230337160122699310917131557255 0.762603313460615294428307502705 0.911807285618986466549669657696
0.140901916514349179887153980963 0.513575925418761307138727635914 0.436647198948880104986102599496
0.254765408934239987231352673723 0.044197982776773882070325511119 0.902649972487259665181106077899
0.939853148871345410459137592345 0.423300928373235846467801435197 0.779388188611039320992848600940
0.480927927010965639056996600238 0.288675989198459177269446166549 0.429475888004060886316838869538
0.649120480931300907587642715409 0.661412608370263045089521980249 0.011677083345819913715462855854
0.399452564716565634036560566818 0.234144419133657322728294738999 0.696748168033808464015183868231
0.048277793512301288553120642957 0.882854326643548085784607803529 0.384002500023258856495953466218
0.914988074661089671822989335633 0.106016249046479641422089440005 0.050922758217387356614315245340
0.105616442700854850907437212032 0.384113380715806870886080319132 0.683837083417810353862363720069
0.020732802641087744777102281675 0.267256372295562378183917357187 0.169666785422223070258808051881
0.479169863273822071093258736410 0.494985536171237426823100892713 0.552094649233086775022225572358
0.681193102007226939219803067171 0.244134942081941422523676575679 0.124877823262830728784963267383
0.482975329710489231689144504393 0.359912973235712091908289009469 0.701008491202795404754151251816
0.632676589172539155636008508353 0.755873436667428249372353292471 0.626457070442962745695807916537
0.116820330691038503125551703806 0.348880193945187564503452579886 0.700890070076580923211874952010
0.672258886818097341865162103479 0.062482692299066213096618953049 0.583555915665723510009782773851
0.822536054747124977705287879384 0.942365302206506191615630374887 0.553904538974265324746667444369
0.260347239083552647455092216399 0.186987537257723104339886745208 0.830596007502874289067277980610
0.325721022112918218772482754228 0.251907778372597283872483724043 0.454075349321043575124743393961
0.581448463564444697810755893912 0.820582309933507640934691670240 0.838115796258422804211242788840
0.986114708858083495160074869700 0.807998257783938234688147090424 0.782363249083435809711886876676
0.273433617069643006982338587602 0.377544068004138282348505690912 0.840692785318089687063561330157
0.110540765174075239353076583154 0.324868080245565272068937317718 0.397553352834102152134036786681
0.581197019868164110460516666803 0.486910837760401365662999941412 0.566115514678129494944655643477
0.866862267904589175266043405870 0.443096454051641946164782139457 0.310534231303629491616524662365
0.760484976247073234310030077161 0.814769243067708457325742115786 0.167774975975996426878365110058
0.224016022800347627105024767497 0.609015003649447798976036429081 0.319680109499117992640906572764
0.520082635532030339073277025620 0.907625877370147147103961797608 0.778712007869304928655867829955
0.240045240613076614968592297112 0.569191304263942988924910708197 0.719255179003485418038016041063
0.846205054523639880690252770516 0.883047754243167070759620822954 0.581513250803638498682282099307
0.974785583711822751191327171110 0.379113172580902605256355684252 0.610197395291099411893981236617
0.414900690187220728233699069760 0.292972383591656269809005784234 0.963665556275169811579689533698
0.937304856590909026873887824038 0.373832961944193494367150862563 0.557853764099300095769807799102
0.302484974428527289719449442479 0.876662499405469873848626027558 0.456781820950639858086767145295
0.678425254636806501171055939531 0.418551785892767475709977312151 0.760935672033222058982694178339
0.726392983199686413306294635051 0.842131778955749988270787472244 0.201702988417312606986503963153
0.899261840011011438842850428989 0.372894874310703772231905035528 0.343295303622402856060785850538
0.731136334135590435791050304878 0.124169978602961281677339126148 0.596451671117953795687509484283
0.207172356173192595912175475422 0.437192923422441682129678195140 0.742560225348018412595172124104
0.788236601833610434074321470404 0.472020740128837562547091826733 0.989130803737922293506394290191
0.361512101742688840550090504150 0.721451684852886175795917040980 0.654196367379822028343039892677
0.017009430689664864776925311298 0.527527135938475772867334108916 0.609913474939304879359165111871
0.477969063335108596018936457557 0.674136790002915992660537101246 0.575289714127935107901958523837
0.500039885364101511218696120432 0.647984286159603825836560130021 0.001246638840446477302915611133
0.539882085134855386116177134939 0.989623260006567522423687321139 0.026991711285856601102615746211
0.859746365398934185149197765988 0.703823350912897455025275455386 0.924262669115961858064173289710
0.054171458152707233241406219965 0.766006485044210529288963427143 0.672952272127302185854687448743
0.544938960335436840646348016264 0.843516326759470725962820168226 0.032274097465360470437290460157
0.024106063360644836805059638799 0.981507112874448268623474455850 0.994956784205718484844607267023
0.590583477863216987024176798451 0.547389407342275680724728904525 0.194104291451696951846316359375
0.104259143305712014423617014047 0.338665817550351532166327549495 0.397535954060162550514871145626
0.054133749584278472797514036307 0.158834775104634919347000207349 0.095420830727428044241636193339
0.558998197074637104391033323027 0.228748102272356858593835143658 0.198671371869338662615128211476
0.649875910250213099434335171903 0.503126453175787829069926304303 0.581932755134945048359588355257
0.918140665303737446925976873855 0.231517162426302393357971669873 0.112402698259012972738133747223
0.169405301523722345491185026790 0.406400220409100614189388702947 0.277511091087963487041625166185
0.936089625961107325723386328426 0.563971826083184356209312895810 0.680154865912009174513638653218
0.177450246947543858690126471746 0.179312572905125729307987730500 0.945844680867982618551925608202
0.067239924562126320563217324127 0.525606687721597126804337133443 0.284248123534966461772370296898
0.987450265284900422682499027117 0.965139342573998218110069529909 0.001678894880544833533376005237
0.143251883305509884683432509679 0.590964046368509774876689977667 0.250925033419212449417287446920
0.201610717353107330825620919273 0.775959642569228257853504451008 0.650908453085376084563521765041
0.050150122860598621058745917003 0.052089977524788856661988478949 0.916440241038052345434403637703
0.321412821555503322397452124602 0.714064361412434329440877981956 0.768665209803719442702969398274
0.171180156920925149998957835949 0.577510376066926935510788705468 0.417585796513140472106596731160
0.491380849930053732845206669643 0.994064733130575105748370354398 0.048392406836621281490839100884
0.775213860971418663738059871457 0.996656977887474779070363751128 0.788587186499014678540570899924
0.871312301208019957496503713639 0.992529955627798582622508145062 0.448474644726432101956662338232
0.642800120903230122391649914765 0.321351051817222890267674876610 0.714167364828332955519106377007
0.437708293494273977215266729624 0.711726342861161632839134846672 0.821345558416699305119560214852
0.859190829785476960514827488654 0.807546044582307585577103416136 0.413712151960705248265197669813
0.964967368160645259816999928354 0.818312253518718270788981484923 0.490607674701770481773183185321
0.436460481217844590369383893507 0.637745546525652935751960133854 0.647562808796395245666813269515
0.578003415481043041624360603087 0.477303519079489336932934135680 0.992243258913063184862913537392
0.665490240536399036175690883980 0.260405039693444364018718323882 0.767472952003984859853232835624
0.079793188688125283505341104699 0.413155907679316010961209464633 0.645761428793689549090605916308
0.671817773788547856020804511676 0.392809353753555206808984504933 0.752534672068722536335932101478
0.644147700115859138393695578720 0.557409837207024980174549866896 0.024716321518525630721586179351
0.150847843675868602147406644317 0.590137306159814778790811663690 0.130515498479559730021153333883
0.396146114559784078455561832496 0.695223848748697459056686578891 0.899616249701338228211971682359
0.348881610338398882156015311352 0.039825039261875775771605691934 0.245090638141545711305804161577
0.340620079157370649874882410820 0.411861094121197480537899903329 0.167352283351442096738414829210
0.876949944580675426996691467566 0.088787392770794756652208230559 0.146565256796599056033307921370
0.048265164491289852870100691870 0.704300567692144849002420284256 0.907421824889110037656017721800
0.295363343410521548185412260961 0.056432103770053208561117985267 0.309962606122262508174563416719
0.746311985087007465485881867192 0.079160657877485418579565086321 0.669112411027154691153799796890
0.180377508113624711205884455197 0.805014144455214148341399816604 0.996720590011057955908500554487
0.225601973729169790182767040342 0.158936371111558928922943682465 0.040097287750170706261820027398
0.914654649965799661603236752723 0.018408476539701606968409009166 0.288335968725092940947042036140
0.839668008662664618704012479015 0.308013362652120227472739408066 0.453100349937348890949035002057
0.885880208014643240575522759634 0.302808297024930252696332937215 0.503831311855381765280014488569
0.769098582766935152829097720142 0.623202887925006334087924450170 0.954593887438167095186313488034
0.959610887134015099005145421160 0.963312249421313490018778721815 0.290298139581993926107302805123
0.495977326407515250048883713420 0.242177580172989115701150770962 0.960701239797380488880896356741
0.676324893868516097904934243159 0.128209747332187719139932243950 0.075966330101571817900910579550
0.887697920672728477656845546220 0.497513858625553968387879863294 0.709972139609385676666722750109
0.666139820417693675160296418690 0.282927054728656031231893015893 0.616940410828780676679783948265
0.139738202264684547774261249879 0.282431028649882706627677543452 0.236611570764179785696076697154
0.485612421085734717235076946351 0.641578339161805200957394548660 0.875254167114014930249231830746
0.677935375423715318148462064334 0.063013491266937113978340709849 0.565322024630856249545374471578
0.077347281089049777249122475528 0.895261376807767952991644643952 0.444439113454640329560372855566
0.520422639795064328887076928798 0.338531094831847561575517547073 0.371268946899203157040719716111
0.714522096668985547886296872357 0.845101247704106626628188260005 0.886338406122880285968568597216
0.103808096841516403437567121068 0.555859425544934766692464117630 0.744429291035149249133629393703
0.874984225837194088973154150283 0.732577803575974112825435746977 0.755233089958333552435497000255
0.322087891172952542758930024803 0.006249368281261499825059336541 0.698493618072968029721750446323
0.104234532534322335028142317459 0.108309767985688500800149154576 0.215182309633638115353192224416
0.216966539119243395720889463966 0.864636415423512636619933403469 0.371073701603677689658367531052
0.751290134038914606753396161803 0.153955265267022921517232742528 0.590982963688280612717628361430
0.816926664940925360605230540101 0.763853056733831666141315800477 0.073991847520363709098373047093
0.051132133250825854533087968004 0.967351960919383558451277367247 0.695147266239841572350662357007
0.143696194991640237664642566602 0.703967075106905310324113795261 0.381687005709073535859513083608
0.744603926334659699807376426868 0.277752757513655048632810698421 0.468917583191024674694555462472
0.592319953669257004549791133394 0.978957496447240250934001190120 0.067776101509696963772162117210
0.785393999261816904758697870291 0.591389282716516995183193721491 0.673312424385019136299277322806
0.469848319722572262802849353200 0.488673944558864567784152603967 0.670770065234794067841838088614
0.835518365300203493118426206967 0.471605441459023071246751832736 0.953648819121800106452743494770
0.644180684246994585396222879749 0.450803383326835103273401929957 0.754307314376415261006160893012
0.351287246138255655361448677855 0.476147775838440915882269846093 0.942196062330373666577002803256
0.412766665747775703185818359267 0.411963211379641354849186418888 0.323557851810279707487464589507
0.498931384104259390982875531727 0.422415985190690452872628045774 0.690372022510868618291446541758
0.829444382648511032051507097464 0.805341004701605765249378203083 0.793734635222111723510297494797
0.073156189431631423909350515255 0.869097512079308259516241296150 0.618472965107171200783224515063
0.883111404117011194002960627518 0.486432835644460625346797370281 0.029071657146531212138175045027
0.399181018906932195401505337653 0.703178844701661232002760080536 0.286052068230475351147342784615
0.375954766557107085602296626199 0.526924262379382900096054336840 0.723857264886819775782996527178
0.823938266649761433934292341234 0.956253146364279556631407540263 0.613071419752670720720802289522
0.458235634325801447750221446145 0.503856214750101151079136265357 0.472677849489695112640318812381
0.581182038196115599556140391170 0.862398686076432883432104722420 0.656638965364011717221168477016
0.475947063127654944387312711151 0.232732335926924277889428114597 0.520979884615873885039792913366
0.768925950262104243109663749459 0.460709267981422694752475670529 0.072293558523221838923275507691
0.919372270672879666231049989375 0.638686916015957905626269862422 0.207848329615295351009572732364
0.377470745691148497960900902689 0.130469673629475043062245935208 0.020475173519307744498050937745
0.088243765299810666543568754805 0.148751836024755866506311091348 0.759794435235720359155101413386
0.058964679774979081667021809139 0.387329750380299388665443259100 0.616643332553907851770574561240
0.058674826722314740787300851232 0.929432035201750967932143169976 0.498024566862650060761201205081
0.480544572583779225891011323698 0.322288991840788314212548621979 0.215580936285005007153032322848
0.707364143653243380360970755294 0.707205269040165762693521581310 0.355548906962506440127224555824
0.137064389345966230538508006230 0.266390574655294995767058425636 0.719540526010048673845186830563
0.302391409059245943737129553530 0.617042390811291520940330329712 0.487588774533565798928808525629
0.319103541121412220200884679401 0.087726505523078663766381528635 0.304856604598615572139841410711
0.943867562384688845572045623425 0.105902785858495845394182811593 0.623730464778444171265665838511
0.210111404035527394543957514869 0.686156422439268003169359486274 0.979852580469271671079065931790
0.506709648974049476662654239771 0.988319180301410803945019136528 0.904060550810388516129480453818
0.059154648877798239915162765321 0.014287232059567739807852865187 0.834047601588051205000623862571
0.668361139385847130806091386153 0.364789259130884639055464603922 0.126778042772984017899614424198
0.635677626486189400297967037602 0.285694072962851759568103419812 0.660460416050474737028069281767
0.694818696074925968003406779459 0.152094158812553776491218012319 0.157404545196350380777626621947
0.517077279560251577341658168714 0.726435657800101676212848021575 0.034129808005777103153634820315
0.496092207567600796238825933146 0.855486286367015046907172026471 0.725644815760148458059813206682
0.586796305139141249043998575133 0.278084315407657136377216733820 0.570083343677774402035412216178
0.356854432166377278981198297362 0.824440898802329467146181663913 0.607797931765657755502699733925
0.523975371161789218202757094997 0.274022908997447671487800775858 0.280408806514783637359401239034
0.202511875966874962672900103710 0.502619030331900385515854272092 0.532437404316426819584423578159
0.015102852047627947956821805896 0.262841803940541832885037634967 0.875682471428458403401132385163
0.699458589595671728879478753030 0.487914164457406614575760366156 0.280148536842536427561681126022
0.052692651972915907431303200348 0.850245474468659485069157888849 0.925752903184494151720134536690
0.556866614856112621366573832994 0.862882945292935672766083639879 0.548208352661964988599941183275
0.275854500380906187770752110054 0.621337183520810070262052357558 0.768481566386162550343406840323
0.362096503644478101794849589448 0.435650045947858961063553292862 0.923228779452464389368950670120
0.513100219101786102006913021404 0.088168980654980532256426961492 0.193700707289797144683668207115
0.411056152717160678063131627812 0.611701870699560400002730633517 0.740488293421784666115403100855
0.072234737741923820173695006941 0.193199583846777891790975626941 0.883627926932071299049076982480