  0.398572
  0.538761
   0.41321
  0.945319
  0.607133
  0.378436
  0.074575
  0.713843
 0.0197132
  0.339355
  0.338276
  0.476071
  0.530987
  0.600624
  0.144522
  0.457608
  0.399921
  0.837753
  0.454902
  0.688836
  0.838956
  0.814433
  0.387386
  0.413256
 0.0977425
  0.228692
  0.689571
   0.24486
  0.384941
  0.400277
 0.0523013
  0.700899
  0.763224
  0.805458
  0.159458
  0.462391
  0.424451
  0.662415
  0.746232
  0.741687
    0.8172
  0.969822
  0.144535
  0.239508
  0.185337
  0.784271
  0.266545
  0.263284
  0.333984
  0.594352
  0.920828
  0.992526
  0.224927
  0.897948
   0.35321
 0.0196994
  0.206291
  0.215662
  0.685455
   0.88108
0.00392232
  0.446414
  0.679474
  0.593262
  0.733616
 0.0322123
0.00151384
 0.0364529
  0.968695
 0.0513332
   0.36996
   0.41884
  0.560737
  0.772483
  0.302502
  0.559146
  0.387223
 0.0741796
  0.170084
 0.0635366
  0.325314
  0.441352
  0.840961
   0.19672
 0.0917506
  0.939032
  0.232608
  0.989723
  0.549475
  0.796454
  0.358454
   0.67214
  0.648822
  0.905517
  0.300746
  0.336176
  0.364669
  0.736677
  0.850837
  0.109931
  0.457661
0.00812499
  0.386774
  0.800835
  0.275548
  0.393734
   0.81909
  0.936035
 0.0865652
  0.179384
  0.547437
  0.876234
   0.16117
  0.566852
  0.107779
  0.976604
  0.465742
  0.157706
  0.496353
  0.230443
  0.442029
 0.0657565
 0.0243239
  0.949756
  0.335313
  0.231124
  0.366098
   0.59582
0.00927513
  0.783125
  0.409396
  0.273085
  0.844562
  0.350314
  0.368094
  0.770686
  0.580528
  0.461603
  0.394345
  0.187296
  0.716379
 0.0350457
  0.916327
  0.650955
  0.204501
  0.102072
  0.845394
  0.990191
  0.621966
  0.434934
   0.16284
  0.442035
  0.706616
 0.0263731
  0.777313
  0.622204
  0.949491
   0.24233
  0.920659
  0.472993
  0.701455
  0.570814
  0.499703
  0.383135
  0.140903
  0.959356
  0.992448
  0.845787
  0.763059
  0.415864
 0.0751285
  0.985287
  0.360926
  0.563633
 0.0532882
 0.0888744
  0.259847
  0.341497
 0.0420893
  0.756795
  0.092583
  0.755462
  0.959177
  0.474895
  0.732282
  0.738105
  0.343751
  0.490067
  0.406795
  0.366398
  0.854569
  0.750218
 0.0202168
  0.885817
  0.778851
  0.223786
  0.482937
 0.0170567
  0.520692
  0.774031
  0.721624
  0.780059
 0.0638793
  0.842795
  0.613441
  0.359852
  0.223757
  0.825986
  0.794301
  0.350105
  0.761118
 0.0287902
  0.077085
  0.690569
  0.109873
 0.0855241
  0.885541
  0.874056
  0.723694
  0.232809
  0.845289
 0.0359968
  0.713826
 0.0583103
  0.869493
  0.829418
  0.344139
  0.868549
  0.325036
  0.190987
  0.076979
  0.319039
  0.757168
  0.721881
  0.533396
  0.900388
  0.775515
  0.919638
   0.45565
  0.685199
  0.531362
  0.867897
 0.0148384
  0.084034
  0.542989
  0.162706
   0.44296
 0.0825562
  0.428204
   0.52745
  0.918046
  0.752756
  0.565642
  0.137445
 0.0398658
  0.287381
  0.741207
  0.706987
  0.637059
  0.574427
  0.652227
  0.379661
  0.880468
  0.120944
   0.92156
  0.131158
 0.0504026
  0.691434
  0.430577
  0.775113
  0.185547
  0.332097
  0.330986
  0.132808
  0.126352
 0.0769193
  0.502603
  0.874049
  0.444693
  0.481126
  0.419233
  0.200889
 0.0211149
  0.568472
  0.983296
  0.511324
   0.17598
  0.188032
  0.943684
  0.410109
 0.0183599
  0.487699
  0.360011
  0.396684
  0.408823
  0.230534
  0.864514
 0.0182813
  0.358531
  0.580902
  0.871277
   0.59591
  0.604108
  0.435585
0.00245519
  0.775291
  0.159323
  0.935593
  0.477468
  0.833101
  0.619296
  0.591239
  0.567748
  0.096773
  0.161837
  0.938024
  0.800916
  0.586239
  0.130026
  0.659686
  0.868355
 0.0990814
 0.0960714
  0.997049
  0.163171
 0.0209826
  0.260291
  0.868868
  0.818423
  0.599155
  0.999375
  0.616174
  0.298504
  0.565867
  0.136268
  0.703393
  0.773611
  0.563964
  0.355543
  0.814601
  0.132264
  0.590394
  0.882789
  0.172453
  0.236712
 0.0297796
  0.634396
  0.743181
  0.915915
  0.085766
  0.915695
  0.023615
  0.827129
  0.104587
  0.211066
  0.556814
  0.449847
  0.293019
  0.649949
  0.402902
  0.991157
  0.125245
  0.623373
  0.245363
  0.435514
  0.654236
  0.967479
  0.152815
  0.357424
  0.234805
  0.697416
  0.839071
  0.259386
  0.424456
   0.67585
  0.148647
  0.400262
  0.235246
  0.944456
   0.58552
  0.623709
   0.21958
   0.63463
   0.39215
  0.204412
  0.906059
 0.0269181
  0.329621
   0.54229
  0.648435
  0.413301
 0.0391418
  0.773354
 0.0515876
   0.37771
  0.758548
  0.159462
  0.542867
  0.133794
   0.44701
  0.436558
   0.31553
  0.975518
  0.992265
 0.0727022
  0.731177
  0.338468
  0.700908
  0.589891
  0.125009
  0.464587
0.00813893
    0.8059
   0.94276
  0.313542
  0.289701
  0.913784
  0.959752
  0.309105
  0.284165
  0.655697
 0.0125633
  0.279161
  0.667617
  0.522814
  0.668621
  0.938683
  0.663922
  0.217128
  0.120696
  0.898481
 0.0605129
  0.439111
  0.751603
  0.955345
  0.134087
   0.70916
  0.237797
  0.706769
  0.217902
  0.433199
  0.797814
  0.844294
  0.952896
  0.196113
  0.504435
  0.401216
 0.0128054
  0.151743
  0.629736
  0.614655
  0.835423
  0.197707
  0.586746
  0.748494
  0.915267
   0.76525
  0.363975
  0.440954
  0.714534
  0.680276
  0.715728
  0.349256
  0.805628
  0.945369
  0.345966
  0.357657
  0.393015
  0.576044
  0.245937
  0.824867
  0.435655
 0.0375238
  0.694768
  0.248814
   0.74861
  0.431156
   0.18072
  0.210714
  0.116092
  0.598802
  0.386461
  0.125616
  0.631743
  0.672097
 0.0526645
  0.929968
  0.777258
  0.579256
  0.245432
  0.467792
  0.210764
  0.541645
  0.294249
 0.0767895
  0.322548
  0.700161
  0.396033
  0.801637
  0.476269
  0.813169
   0.34524
  0.890944
  0.136188
   0.94097
  0.942204
  0.508661
  0.495829
  0.212096
  0.819687
  0.101433
  0.653362