  0.596856
  0.266504
   0.12825
  0.724738
  0.894905
  0.430189
   0.12374
  0.747692
  0.500139
  0.164384
  0.951631
  0.888113
  0.985484
  0.854666
  0.954476
   0.16885
  0.935918
  0.986248
  0.288311
  0.803345
   0.28635
   0.89859
 0.0107538
 0.0195778
 0.0130087
  0.728606
  0.233086
  0.281072
  0.342962
  0.445598
  0.426665
  0.117467
 0.0942175
  0.796153
  0.915347
   0.83615
  0.426207
  0.332084
  0.310979
  0.486642
  0.842752
  0.883514
  0.283847
  0.446317
  0.243214
  0.344876
  0.921886
  0.777128
  0.679547
   0.10306
 0.0534788
  0.055705
  0.190474
  0.570405
  0.724424
 0.0678565
  0.440092
  0.583011
  0.209642
  0.244743
  0.586513
  0.648174
   0.48164
   0.35215
  0.524284
  0.970761
  0.109238
  0.804331
  0.340008
  0.493147
  0.690755
  0.960891
  0.170309
  0.769277
  0.789403
  0.273238
  0.142924
  0.171724
  0.718569
  0.654439
  0.745786
  0.181641
  0.326372
  0.332119
  0.872864
  0.602933
  0.988999
  0.513667
  0.468761
  0.673299
  0.981507
  0.674772
  0.605145
  0.903447
  0.465441
  0.715155
  0.491281
  0.353119
  0.753521
  0.596835
   0.11459
  0.197763
  0.621505
  0.250066
    0.7289
  0.535428
  0.152411
  0.427245
  0.981915
  0.258474
  0.590414
 0.0392125
  0.832289
  0.187789
  0.482867
  0.814784
0.00734446
  0.521149
  0.799973
0.00190348
 0.0919558
0.00582475
   0.97288
  0.277018
  0.377411
  0.456606
  0.280012
  0.328131
  0.399944
   0.98065
   0.12008
0.00913693
  0.813241
  0.926598
  0.578262
  0.810673
  0.550564
  0.323651
  0.849731
  0.106653
  0.179293
  0.703182
  0.357218
  0.201324
  0.285512
  0.985798
  0.549412
  0.969762
  0.350509
  0.379121
  0.921585
 0.0435212
  0.182071
   0.65542
  0.516289
  0.386034
 0.0137645
  0.529567
  0.834588
 0.0750221
  0.799884
 0.0168566
  0.185741
  0.500533
  0.456309
  0.442404
   0.62458
  0.151079
  0.656375
  0.945838
 0.0684458
  0.872554
  0.549397
   0.66809
  0.998026
  0.690007
 0.0341629
  0.331602
 0.0964546
  0.158578
  0.845208
  0.294166
  0.454229
  0.366633
  0.162782
  0.120804
  0.451669
  0.912154
  0.512955
   0.99399
  0.870121
 0.0290498
  0.308523
  0.354561
  0.382449
  0.924736
  0.194372
  0.269514
  0.150952
  0.885557
  0.132705
  0.274769
  0.408712
  0.414205
 0.0583121
  0.583471
  0.414978
  0.973157
  0.775767
  0.277227
   0.27056
  0.226985
  0.148659
    0.7519
  0.500427
  0.411574
  0.826259
  0.922449
  0.411324
  0.344231
  0.786309
  0.539934
  0.108812
  0.198844
  0.867634
 0.0437207
  0.112756
 0.0997988
  0.512624
   0.57482
   0.53708
  0.408727
 0.0918008
  0.017796
  0.772162
  0.699498
  0.194824
  0.580838
  0.176794
  0.751178
  0.810877
  0.186676
  0.259733
  0.660756
  0.695566
  0.233804
  0.316649
  0.907625
  0.413379
  0.117995
  0.605525
  0.571194
   0.81909
  0.148921
  0.110271
  0.011521
  0.371313
    0.3571
  0.460749
  0.837601
  0.945648
  0.122615
  0.760485
  0.176377
  0.181136
  0.256171
  0.359429
 0.0799471
  0.467853
  0.308461
  0.452274
  0.821313
 0.0519186
  0.213229
  0.201946
   0.84491
  0.288044
  0.315425
  0.989959
  0.539852
  0.694814
  0.147337
  0.838362
  0.749074
  0.936866
  0.764836
  0.309701
  0.303906
  0.417164
  0.657223
  0.733832
  0.666668
  0.906707
  0.367028
  0.762762
  0.137118
  0.477269
  0.831696
  0.419871
0.00550459
  0.844774
  0.912731
  0.536505
  0.364562
  0.842136
  0.998866
  0.485996
  0.836774
  0.881013
  0.822744
  0.600157
  0.117521
  0.495302
  0.617875
  0.959654
  0.958076
 0.0382732
    0.5697
   0.12074
  0.313485
  0.279585
  0.142947
  0.915498
  0.616228
  0.420344
  0.463413
   0.53893
  0.578682
  0.147127
  0.538742
  0.178562
  0.298512
 0.0697284
   0.41393
  0.764856
  0.869511
  0.564995
  0.873492
  0.803286
  0.620435
  0.229289
  0.289993
  0.938406
 0.0271944
  0.112781
  0.171603
  0.175694
   0.55939
  0.320885
  0.122248
  0.822391
  0.433674
  0.250797
  0.782865
  0.362525
 0.0609885
  0.824048
  0.120668
  0.518755
  0.793545
  0.428893
  0.640852
  0.487026
 0.0704126
  0.904922
  0.955665
  0.871311
 0.0926563
   0.25328
 0.0282262
  0.875169
  0.621371
  0.462131
  0.610203
   0.10326
  0.663776
  0.306249
  0.817597
  0.209704
  0.168485
   0.29577
  0.603341
  0.403071
  0.423144
  0.410986
  0.895466
  0.972772
0.00586008
  0.646705
  0.815059
  0.325091
  0.272905
  0.718094
  0.509923
  0.778064
  0.723409
  0.877294
  0.160506
  0.686731
  0.210314
  0.602487
  0.327934
  0.243243
 0.0806751
  0.339462
  0.814013
  0.321631
  0.668165
  0.101463
  0.784147
  0.034965
  0.629549
  0.522467
   0.29423
  0.216517
  0.717382
  0.936169
  0.254433
  0.164645
  0.884484
  0.558896
  0.192357
  0.142476
 0.0973786
  0.822802
  0.856929
  0.378929
   0.27087
  0.487186
  0.451257
  0.789866
  0.883821
 0.0536662
  0.853594
  0.401256
  0.697651
  0.101532
  0.405027
  0.466312
  0.857026
  0.515608
  0.299402
   0.15285
  0.464797
  0.235384
  0.705438
  0.272687
     0.196
 0.0641815
  0.717915
  0.118742
    0.6034
  0.181384
   0.36484
  0.702731
  0.990803
  0.330676
  0.237902
  0.897481
  0.764784
  0.182344
  0.384612
  0.107669
  0.748205
  0.516902
 0.0451341
  0.650665
  0.441141
  0.476401
  0.140569
  0.719638
  0.582431
 0.0354143
  0.158989
  0.456455
  0.412702
  0.454154
  0.634245
  0.139422
   0.70134
  0.528606
  0.963751
  0.160546
   0.21386
  0.144924
   0.82592
  0.256473
 0.0407394
  0.140318
  0.454475
  0.156263
   0.77952
  0.222685
  0.876561
  0.910427
  0.857446
   0.62702
  0.819598
  0.580528
  0.231796
  0.776396
  0.600875
  0.709298
  0.390248
  0.822588
  0.285778
  0.908013
 0.0924722
  0.780801
  0.887391
  0.509758
  0.415905