0.137763721803235412577181536098 0.461587882593762174788298050106 0.646159583871275837565881379852
0.972220230869048385727759806290 0.449761258843627022267637880309 0.023996327926194095361620022105
0.650443799405051651846747710404 0.040631503914457374330790479569 0.382768682323055533434294147333
0.582956327394505603769345380561 0.849609382863635406086700220247 0.220923422463026035660055145902
0.294594458122244526132513538191 0.082931434404394946458542637878 0.309962670757763787642691299213
0.051335588828178234727954465212 0.463907187566421651093970584424 0.155482073433509129526783772619
0.301786039986716386764552299804 0.178078713848052865161424268273 0.622379767772226218297125560810
0.625551525052967940450469403695 0.301630958553625637765035193436 0.124930961228492221377376236027
0.604965896131793474000027337060 0.869085023050520020496771081431 0.118189213256479144833052070906
0.317017891428898647363065320867 0.855511052648690420794064665955 0.375173298651461808442496623293
0.454007550019840952002544348473 0.078817259562975221701222425345 0.609396826406943633679467977007
0.990525473823413313017750488649 0.755721800208067665080963353140 0.695907229518996288928218036546
0.703660276928572410565228362015 0.207022681308075423823539933269 0.742452349027636096662805222051
0.505887241914290583677145981681 0.177028546936394743816579218174 0.259249865811044887035094803641
0.650574821730237491181411992250 0.442258530209227749447760975777 0.348632281138849312240998207692
0.275193507501233864863049741699 0.945587765991500216046921526326 0.856109185784498830109882593867
0.386066532048071374292994249056 0.875329614463747711578309996344 0.653831138038937599286380571868
0.239732313823183418181609017470 0.131872703722372336669486961111 0.083133054895533353657383113275
0.169111840694286024995527026980 0.333556942003862377763504037702 0.232867999822544792367260771835
0.418402404813190686340212160784 0.213668036744808144687744863065 0.379969612904646831745806229332
0.688560936479961905056391792986 0.868297199659428729113889362029 0.298328014291187047137838205317
0.109607857593458515429013892277 0.024692475374138735221306063378 0.694670756189194236568037664746
0.094640870722324117140546105628 0.611635146761196268632553196298 0.702130494610492717191538078597
0.305736985828005967020714355008 0.755028888287970205467660851679 0.133183220375401663863206483771
0.788668619152596141987183677480 0.038873245126849924702068539958 0.715460409026573051743195994317
0.498878336866657384239621411387 0.268119403669058755150276388265 0.098368547164178959337475063037
0.812200375135654844901456859256 0.950228545998746110321037235918 0.994504449882716494363641262835
0.853952304801620639462009700540 0.058020793229356355425980025393 0.552485258347353884937250805239
0.591621104489876245843159628492 0.400987160269157386981579097033 0.524241712241723042077668453767
0.562537370643182559600163945036 0.950736106120062029876404847421 0.301177346833767626268078620801
0.291793155999392517880460500084 0.239995616807923397418400667296 0.224714595678019875693253203163
0.359642874557889719881925909359 0.638284370353168113619238585546 0.562656968331128905168962691790
0.120461279673015900067709715137 0.595554207580795289625988046240 0.274897115953878111650943008232
0.639340143713958877038593713447 0.963449313279764726437234791453 0.876286325608230284129820937248
0.012628465895343108359466213896 0.276773763209697401060641737888 0.761090376417103094193224792205
0.626598304927103971523055680424 0.995152157388131811280327223619 0.893739185656118696896851912373
0.308626825413069315013103748893 0.848485853769929126375840657835 0.166244197779244293619278677091
0.642385271388140679777905071083 0.285271436894926888345119884002 0.583059281230517128487291580139
0.701284903275381834496655528822 0.704242498603473430845085040482 0.823726974094016344546973770219
0.844710063298921332407563288825 0.078823053421057018671907356309 0.043514554147884326179241327335
0.123200801322175181065534341413 0.535233173037388231873608735756 0.164543378759518347860524968194
0.651441556201507980857900160853 0.755002689887741988119233060706 0.759559731564120706748880803613
0.304485238595921610476873301073 0.370887165362714657959387451200 0.978131474738350792130531741480
0.637264577180564521431540032049 0.822761088488025489860161420656 0.193145159306088698061186951370
0.566048004332519023417247944371 0.473089139014493871447213616321 0.899485710540423454118753449362
0.018237611738880499771101764009 0.701330965882203172667152313396 0.577392023285268307659931880298
0.119398673068433304247275377389 0.313780050640122410494289801795 0.758483150201745670531099158457
0.616087488765682786036224218456 0.719782569114446826264936302222 0.179852440085788829134970073786
0.914118046461154927688344673849 0.378916511039661183828573858915 0.236707963450233729632543494225
0.064916993391299574525710635047 0.843826459411625304847758998134 0.447450892525966709661295510106
0.505666392103754845601168757666 0.586144515061134687625740594183 0.836239136401086229231121968880
0.589925408096623366614915436234 0.859077788192279728430874331507 0.986829053307649752214931879960
0.085015765945071969346403748396 0.133389248324754370095737640290 0.202988964994591161689976575526
0.479103547848335501123053078397 0.467509034334676463378771121730 0.744795272886483212457565711875
0.841478450293183599995952280552 0.563967401488680750832131515456 0.426237093583594371222026545026
0.934858841930977813409371554019 0.977746641329360095522510498400 0.399903455439548856390721512837
0.388985445430172056745472910167 0.911679858660110394509025215274 0.730362195940458248773952418502
0.552484258332020039045880319672 0.340634510882952497946946648256 0.512632694530870655301711790566
0.103117945660416194987657378605 0.639713012487417648253393958907 0.212208783248548801801212915033
0.864177525143664915655948197915 0.909061210780403337188896954269 0.272661732938167615020583839822
0.122994766788866060776527528361 0.772634870893245134623998480768 0.441784076158232914017342900594
0.721000415779107745017984080765 0.128310888541491832424708801609 0.197212760567981726363977828938
0.494572687072461594229818645315 0.529651514770026518986398370208 0.696588754034374026421238360714
0.705903080929236421338887085999 0.984690017189360549981927518316 0.058645626000950727452397250221
0.855527066758510313094301708151 0.758623800315666120359853912548 0.252264449017658898628625462191
0.208952704796838272317604960906 0.954773436593526585393577296789 0.248513810709066020760702546624
0.482961655127185423418454194466 0.897311225654296852670799059611 0.725775997384981714302374718350
0.953430231120507438435552185976 0.726322543815778302793532810914 0.285134530334853643332807216593
0.901210802042056001938852611281 0.314731569419956193738311684359 0.676181098715197287500182337557
0.563678969518716245098974118404 0.734837233724733045671677294983 0.205339545129845151808450214109
0.304451251975864140983833848426 0.814311117282097486934092396833 0.249108038227967337121942158924
0.306372408961575686672698673591 0.577095830571589020610983769974 0.192696358654219609940109179910
0.034618003938658487577199822601 0.112650819249087949210463375348 0.836636951656151222192827662915
0.090739581957874483365909449722 0.024905302716890514184999020155 0.909839837989283315962623026749
0.950788843496915061947324065460 0.146767168137581989127746055967 0.749953802864564921975703820419
0.598800181974083989750367652884 0.374667263734633740939337894172 0.185842253074272077493159155887
0.187547920062773446059895440600 0.650816024569305679926530289719 0.885225658491126441183889148140
0.226559950466737354005464849582 0.195398680954376173582506353056 0.998447845191355922999231442406
0.338555629124681134735977729680 0.045670815143661320858816119657 0.649105957302166515561405406625
0.664736812830227625348823456938 0.272557598643848928717068897552 0.561881509891959910516782774077
0.295054251040779272240877920028 0.854911870707242406726594259597 0.039085719983409032468358177272
0.575983063157847115497758611968 0.167083077322158038198231284447 0.170328948874514468447111482288
0.135746216685977138393230457896 0.179889810528875744163571323610 0.610361357502926387085917022576
0.578047611183405038641592352555 0.160017370965379122049865430092 0.600931297985950730551034061191
0.114733201345256139549332312731 0.136739180493823623114828930830 0.803296072425520441203472175410
0.055935565933743808985278900185 0.747411252342836055355736072263 0.735977087609836345516582518097
0.808521701485516556588681269971 0.418851701208946321730259653375 0.601935620217231782975203577538
0.808303065019932967067702518510 0.193098620330056892046248149338 0.946896171853281282320244738037
0.309567138503988187211751658192 0.627337108312065887484985157815 0.271467748113351105446166035877
0.195806121405222159211335952421 0.655667430487429788748111115593 0.336789176316311632458601559708
0.555620461084163299544700242585 0.630907529310580557643548947957 0.116407811778132398797290774490
0.928905302080352292750575793960 0.516693765418128236481577415202 0.458842725855860717408051904197
0.830534785561391804797464657154 0.261203097905694890734405120077 0.764595850352536801741670123954
0.779675897779939159260276758810 0.918429678840814793764806277391 0.108223285779951752652090629254
0.853091250275187361041417074037 0.911339039367562121581284129539 0.312820409847485692702319201877
0.739756367743433813728549999598 0.869674028436690962413986477579 0.188468344287190407766302977782
0.298128254805453633747560133525 0.514311226004327672066678731962 0.484249183156676574348779449651
0.111998573088673993416192722974 0.646184561853431636853661495471 0.139821106153673850567141313964
0.208297994543562629685205224637 0.635087348926636913572471210729 0.399457011141005623607244271439
0.238398190540634448325478338573 0.058891329284789826965803263307 0.221532598052184976110276482484
0.157397950890332254091550895810 0.690364379404761800697800363867 0.405027779691728101105906746232
0.793535760606991760706616449384 0.232972017225495538535852896708 0.474072624398869929464595162023
0.795646575962002630679186018314 0.827719685956734818305180226435 0.542215912745873689622295498083
0.907673846312777805389967604675 0.378548163617172187197952854947 0.263238503574350926696922137966
0.079465336731345392081265060292 0.423615893987176594140819193326 0.544104335816098534845547369644
0.068466513044306835079134877663 0.304660401463744912539427353576 0.930262805578258634713462933905
0.532772003913737308886953552578 0.698674466786285668430762842182 0.003094610648767095865847431192
0.579050094480088462091450551484 0.742113409166978029435789352579 0.799076135295225512647302312160
0.988742454092160850372669853062 0.740865169542119833183567592055 0.452482039821291539075565500407
0.572070909230347138391340559500 0.850825621301777308160475959346 0.776840421228688073969086595033
0.757585993638206074157700118201 0.258566361722281884572276403491 0.768516333131051853868011764938
0.704892297641797210101104814623 0.624901240564728747563349072934 0.984619434743354006274852919139
0.084368067109591960974658825018 0.381001494172277506176304525678 0.933846961449997228026642082861
0.782666948864152811873174475909 0.892128378893901698768167990913 0.482902631291730694841652508721
0.789280607684329349137149200360 0.590645813808322033051541488906 0.709279436934730554827327936432
0.714417240454087833733131324157 0.598386506455477219657682089377 0.288485436896911732363047827643
0.785890200715985312589305775846 0.336821737725009480900584891387 0.168200407599437749291722285129
0.485049642423631273218505839992 0.801796797628642465963188994130 0.668107533994894423362040080723
0.383996132850095624646471367498 0.937077211169512222970974998825 0.103383662998112209159445205319
0.105943842008226125965124189195 0.402349454271540660559300693101 0.641944002519914850526808606449
0.951603009241345888214768589997 0.851223389325068074101955815809 0.345008521019078329050077899568
0.760736158799862178111077013497 0.520912062615390150512110754137 0.386318336659318676165550105537
0.890542757659458579199645354950 0.946272282201453158170419790759 0.993289174964290814005117292196
0.248527081847707603267024806270 0.322481797114043245750845160443 0.375336247094848456623200455782
0.123837112954806014346106842224 0.959683213822517205625875672640 0.496004750656079799370858239228
0.108857879584509695311326825858 0.652494118096154144694066459239 0.188975129252740867392974757087
0.825597048915893574781735055098 0.290810025627344720566817705098 0.226799856295359971480843042804
0.978993899984798811574156605742 0.678635597176667334450293550169 0.585397658896570702683545866984
0.989904966816715203303815593719 0.552666434420624329444489824694 0.540323634761478912392714226186
0.897250792981043313014953392137 0.426442142146304047476830714563 0.546383724723157924104261619375
0.332029949115351694304869167646 0.967072310886360415551511049415 0.799532867742263731652442778775
0.249537612656822948956056066167 0.901220290428867595957025837380 0.479575453388940957169338381454
0.531529732082215676755005245523 0.740193790270074498590311142445 0.377060407746440007105400343371
0.324447284178446095117068734233 0.889640603426828719068152214416 0.041674746645579562043908383751
0.757420636224183368541284828094 0.286167969396836596445504712095 0.059821986727474683872372621603
0.848477093944295132272361482744 0.224140165700273306218532500968 0.149824459623990594069929045011
0.039472539101146853093233539739 0.348587015214742774204762534600 0.927154512758900247840650078602
0.569141137452994194662329282113 0.221909689477419125268761073512 0.797253804019693526285379121269
0.882522112131881734688704451373 0.551420634771083054364036912174 0.926162313473499223915286715364
0.908956698691793369840030383987 0.118448913173852346149682309713 0.066824341804472003624656775203
0.247232130493692367066361206547 0.109708295451739458002823331235 0.915174745494015973283761231221
0.275057840014984782210109217185 0.271588145114670932838743997420 0.417425616275573149473531265626
0.642404137348165030484944741968 0.246085289410329846823314300764 0.332368448272056590094127365356
0.336512099128968395137176065305 0.287295323833709931721357775770 0.472347017097527423084502165262
0.383916848710575956464086281044 0.366777791256293669680407875609 0.884631888157426205760567775631
0.889909323127946055640651567412 0.446339164623826416577447296047 0.785960942736657616241770904518
0.627753677521083173216147198367 0.284069796810077678266053572523 0.661652260831697809431447042917
0.523291270908429001127039483246 0.561143392316866768480222334046 0.290134820792114032313212417380
0.322010547090601956899085432548 0.187484681460527778730168552636 0.945207576737326153322746970737
0.097465088034258330053074974251 0.029898154073323989006509839432 0.904349786371843613537669431551
0.019594350229011029403608894437 0.435721359255114726358582704911 0.414115110897981972271014955021
0.407779870634936955332762176896 0.237613960628283834891091067449 0.585857007159453219150492311122
0.594916386585471885678834743154 0.581943309611432260514537000326 0.103384565817540014933268040955
0.826426413656814697261122325385 0.183639329904209478031198871923 0.079265422400809628550872506051
0.379997754352005170657707056803 0.639311824281324262001655001263 0.328215727391195565932218251626
0.800335425703119836961943144454 0.630104598009291995141617962459 0.896908971171988104383338327554
0.123605929972698719678478385182 0.345276842536731566840465341728 0.438379927318377227664605956440
0.068417972090613770166411604077 0.284366704880042120627317748820 0.823871991752287597072693543810
0.882633059368866684022971577009 0.402072595792464060224014085578 0.959396084413899391357171386629
0.423085275118305242931079439711 0.484095700143806677260031488482 0.675579151944908245088849862201
0.083532324843869695769116677767 0.012802920395561202640734876471 0.401891476511192293113550332158
0.513781151628122535438966418310 0.879648927812870244965571578489 0.572201477429205848737644321089
0.299666175689187768272732606737 0.105732426308860602586510047523 0.979324966630679317319659435679
0.984298986857644097717917617087 0.408133444409555308786370141206 0.602949247927623060942519342225
0.790831627158651546534599898163 0.167046023071499735149501421656 0.053568488041041432918834627627
0.530181958427157579375891400936 0.984707282671847766557253051869 0.422771600083536574692381503871
0.843608885827600031590552328467 0.942911819024189427510411957948 0.732030498820704598979322126693
0.769453337700879155732144981582 0.528191922770540242337273067777 0.882756637591863978876259293784
0.712429876727233969008180343170 0.612764284238505987773457891874 0.506326189218057144157473212902
0.711303147948482499358821365966 0.949933591647574748179735905125 0.137336468015059766387738059753
0.537666516684096571112610173697 0.879341011697848547341699934510 0.008185166514779648497888156236
0.894928963576657116061529335590 0.134425700517880990369462413950 0.652742780233400427103773461454
0.508010206677437023631839866576 0.445564636920104552337906616715 0.978723866065327579531473476780
0.460517290731230884668433223954 0.946733889747203211514181220334 0.961905864529261518176964581093
0.565471388190367630352672321060 0.646135869626921543778897427451 0.007495790526361011183013645447
0.156720844660204041781123666023 0.315610063851252196627221561548 0.847235081329223449489381609085
0.198059490866049883187778219648 0.598837302741168006655528924784 0.479145378444357390085172012234
0.438107921953792769840223122864 0.951963992419891744518474961831 0.296265210235543795402226747888
0.834653872338745948833887769638 0.160471397198131692322383817775 0.117111455431992560713981482044
0.860091912649932112172993798889 0.940242074295936028574068968668 0.843201979677471541276745567476
0.584621465780197266163447329405 0.582941766678718622397235674120 0.779886859462603754429210651964
0.504821750077999687982774701046 0.377691152198893220225652714542 0.661215047372626926793666533807
0.697358730171056807366992378832 0.094266033038937445484921960620 0.475484376660448426187370264254
0.225411022562019709930493212848 0.813069009908354772904969972339 0.314749915964986432252119803882
0.747182746707956302653732687982 0.129619090266394742071063392805 0.493134023100913787100235419509
0.747305205376621762418040464732 0.765742928034156533580529130107 0.808227498171434210412433603079
0.979316756035459648716683512649 0.023985773324437189140618255407 0.488726575388697401147439506541
0.276388645452933339562662145003 0.905919864678370638948744207822 0.466085899205741003149162632256
0.145306968563448291276207867050 0.169959146757778028879678510351 0.798374206767242724969701392435
0.389729771091733056216839805560 0.545351724898325764915374257715 0.416749694538424485816344544624
0.996526025119918559253789444061 0.416226957232825786976544410531 0.739457973846875374237199748112
0.131502008078585210050498708721 0.536901770551598239358074067935 0.591928522146353870503289792021
0.630799639538674852874223961981 0.441600824363702940907852046257 0.430784045108856244444487082572
0.514991518063444182365143391899 0.958216322142818788229081728065 0.753088132406078809140064791729
0.134453787402629266384953394715 0.613048410489945464241070572510 0.587261525819600264169431737421
0.200779434367037561728433479749 0.257755795879695556364655810499 0.467649146483956592928664077607
0.354553138223805720363969504664 0.175003111332608888258873428608 0.830379480683240556442926915448
0.475790249621408608559622481446 0.765098219143848729838742111584 0.368510795960226015522304279543
0.816754375502841716305950293833 0.414138514975444836639434125684 0.108107408183849343095286733683
0.428718946558228496033877256009 0.411586311869324010974246460877 0.066525288583422920526582937093
0.359705566590129547406303429709 0.186758770314635353042418211241 0.051135424630861282185844624420
0.661092100489875551761590816583 0.485390868624929123812707328089 0.996145962951252400999404752723
0.628644648049161347584094879014 0.313120584213409916616527616064 0.261185748200091049645522546332
0.759147503299279338612669243171 0.710128423610374095104019832873 0.794360925878957219854840316602
0.774639010649197315987357365885 0.123953308184110726280278803029 0.278556403456530351172299675328
0.319753840845627873089115533578 0.876897906616463703746924186413 0.711470977549362046450212682513
0.917657982018136143417987788446 0.054506459991010437133820089658 0.812651533402641523447788843825
0.089033970466435759039961557117 0.515483585054518862012505859805 0.044417795103022800567007218895
0.154710035033713095756359098621 0.084691518433191717448377013837 0.347378596600622046787466273124
0.588677891851683127017274815379 0.871006137732290870173227512249 0.248641685082372452151811645709
0.806931094154639526716232175250 0.089300048570830182080093210238 0.732475197785217144651231972988
0.347814319293230469519621981230 0.042839703361967466138495833491 0.744548982550300650822746945014
0.948940692874040521842938345946 0.609837678999427615982971487984 0.957364164655660557382081091395
0.530481967120397508001574552297 0.448353505649947923063757258312 0.298438883211534688637046769808
0.347872324108596134261481445960 0.260871397151855351314537956507 0.065917704486203577095878998376
0.920134061896351580098234192030 0.377061110520078943255379541978 0.449390258152314665909631201358
0.296202286561730391988422936175 0.827094219672227376767283850925 0.515883305037625306727335853501
0.004501386724405338785768389109 0.030741181079078725820328629045 0.370318526268755841760738894740
0.088984746493426615796795896151 0.875888877167918384072043311766 0.486219275641455842445503851874
0.719630018157757269462090305255 0.614925722536380175455686468352 0.822125029428825759560473064598
0.875440194135606416711873772049 0.681242051145864752671747688977 0.652437927455951861490369469433
0.466417581973319389255918069926 0.920275527781659274770085553056 0.097475733284478102683682175547
0.887245757891928004685688908348 0.179396160172575368055045220772 0.728023718422818637973188092368
0.464992653207046082390353907017 0.989179201363653004766195039257 0.426481123930597786306811120225
0.199516032971845043778215867921 0.056745991308703222886429227897 0.660164961997113179626009133630
0.951173513137711300637959408512 0.321492551485701910558166487102 0.391006240475621392710157887909
0.430131046130986464928089560340 0.807262500521830442687952313857 0.114508864555422952104127734529
0.628463383113694581290212821902 0.596977023418008591504476164945 0.197963274824694714356316535430
0.153872149248416894864326858550 0.331854912320503001013829258544 0.603870845058225835871922152225
0.645759465741679659376768643217 0.517643804367209017066654876023 0.700919638567972626582488199148
0.026053234025121155616214692376 0.587346970739306421213062738325 0.696951479970570956202424831040
0.906095494430083316370825801203 0.981346373053849465639895169674 0.298679943901621821327697756832
0.576626149834715089636257342069 0.875504672235307539594978858796 0.117851511799056987280323331847
0.648716592228217428280057003033 0.870018129933071907924012575502 0.642423361055126422201408993173
0.719730405909822841342617011568 0.040034040788858340481784878961 0.355344040073798617085357984052
0.025857858292629286376158875098 0.763168620161914776851099748439 0.969180968946862409231173271345
0.219303415791929971854973522891 0.342507258490243824300236909808 0.773922453591236014708548749980
0.235682582087810047644141793857 0.712933164697259473290870892587 0.497861085117364756220877821603
0.233550805459474271089834677630 0.507873110074480233480109722512 0.011317779075776474168337251981
0.433461892922515063822310061356 0.523379124591159013745361365901 0.677756546157784435536286422803
0.958145328480867840533425516671 0.221977941616736277641474068116 0.706072739391788153534745048731
0.847161735700887977392386478707 0.468328165662931635910682542798 0.426284032748268316827090116678
0.968293916486304906719613408175 0.628060549477072992583398222348 0.597790965946106640878550598987
0.157540637000325219400417068213 0.574171574178546001458465598424 0.660077165826692833090844883552
0.060247098880305464021970991541 0.594930683655251335478327323900 0.723493381241536666240079046212
0.131693783879750933244519366803 0.477835521420318355777880338600 0.590330560250558844622142828068
0.178700574743824751167452675208 0.927687968713036734095324548143 0.095256540435339196767492326530
0.095137691977023556113593428919 0.123729018856369309477469346521 0.506616884768254052872229043328
0.497736618161990802561079902743 0.214992394864202113349228198185 0.987912571673400612418524506694
0.861321763320769084357696762654 0.342608398187462795509873639597 0.183496758390403382386478759821
0.986643906603521171504802342588 0.193323126090077230975928354775 0.573595881246019198512211158506
0.730442403249730947774016258405 0.926527640684275290547083743417 0.523337518565583708121313107438
0.321559420708723731734706121435 0.610221067073611808286629679984 0.162669113624201603609626102878
0.376137090520136459252153072153 0.237734905160062642658419693526 0.737626095519037802226219951157
0.451843590696966797109886104995 0.953027876292511027217611049503 0.558222760732608431676921253704
0.772136035080092258911316183433 0.494593436008502094544105321281 0.219185922844206747590337186859
0.809477949237028059390763856771 0.983126740466024888807740708177 0.213376313797955040779752732197
0.686249636991197515084332719139 0.558207801989861883696092822993 0.308398157511462220249453397371
0.129410912367335596100298262950 0.776032559844674022006260211909 0.711702589230702466996919987829
0.569204849631135183521128246230 0.355330715767704746634912598155 0.948179523792807365093002512562
0.701588319608175823398212439701 0.911922135508697510684974985930 0.166994922707660223484006426466
0.990722252159282799235936324716 0.469927230564037512601897098865 0.608966564284503678795286730244
0.512276200797430109064377996253 0.164717438877835332991674094368 0.249322230790708706378310857870
0.180684077995691362111652433117 0.949916531464173155123613038948 0.473212574144682271822352259740
0.975161109315404210879747657420 0.160688338489907025965082891026 0.141575673454898219748447706223
0.103733254978807117946801007340 0.379623287498156402133563971371 0.325868897311595348979177238212
0.619102040413287268930366730527 0.678997953552350064265334082091 0.136696070871505415408892747523
0.245237572592825677900552912183 0.556791651765333503583622510904 0.573189247809485952304560737824
0.924638123409190996414551140871 0.569433960951532877482309476304 0.014607793118341258531674258882
0.355545286447965761986281216425 0.169429649486678973655418188037 0.698289696647590349562952939009
0.414900549610043468828563293756 0.516340147177134194895063303389 0.758437066664249954052608758629
0.417979203243294370518065773974 0.089288171944916251172501215985 0.439328976265448808027910576601
0.162064492621034261696733254712 0.304443043653084976010040432065 0.516334448915343921863785224424
0.216005731495147967804765154350 0.457661680871499816735863223993 0.928314112060377511010750133516
0.400225520176646029424441627871 0.486562143028104845363323421459 0.906440927874663188259871356004
0.403646055004902187074002669258 0.989979922406842139287353046431 0.228777803378069088143881057863
0.339760747721887483771925846043 0.212740654565192153258930784231 0.072526482214318670380894006639
0.482260315033845218041929970256 0.125650517306776524812338052303 0.138893142176962045702623137520
0.295844938487418729614265760641 0.911057895543397838314120587707 0.629158845615909483227145029950
0.223109539538964882273638058917 0.449045710419757639045903865796 0.179035223071314181789488113183
0.216925098291417842905504372496 0.002210663968535074118105309830 0.388628925069705264074981794440
0.260682221950005228776017663171 0.012501027505394678061124895730 0.735931383291885429880102409694
0.873895856559735903372973704355 0.348674268102881889367935152477 0.338276853305690065965443180118
0.263353609863342502365489281280 0.549046054069632282097918099117 0.359953870395019714431622207750
0.443130567188020689785595279503 0.358308386995000488717446189310 0.737508897048274859933065841336
0.243489620738963925970331032012 0.588000295365764103668561470971 0.591048564196065212685752978209
0.597254138801084939356378105064 0.346663547792251669841153673933 0.910728330382076500241544306127
0.617534295236040367649720552822 0.535781156831955566777541349313 0.044626817788163626709330346256
0.659343799618378720245411017509 0.694788342224324406833884012586 0.990474759011797216200103564719
0.293861596118911810007486885341 0.646360635727199869712613234795 0.836036218565230873629172640298
0.153301757032667118476148794459 0.864762569216382646862507213010 0.963987283272828038351687450972
0.813318500672288883300236513327 0.961109759444174823440870414534 0.244526113108954178478284082915
0.044899414274369927354514812866 0.800717898393536286169441641465 0.968946327249140685035318561518
0.884987798502434205799782676466 0.458173414509140578936485735367 0.926095806622182284808161206513
0.133609880200154852036385374521 0.431963103349891494164251135417 0.710739670125064677313990903987
0.758048597939846341813159334314 0.925782128077360120421141663296 0.857924895153387415748055643594
0.563138801328042628950263267705 0.458613505502423258260608168385 0.829914950625178610793473856410
0.031941985075250964299098708342 0.345217281286027079722572942008 0.579230153476095951838189442668
0.987097488508424513086903799535 0.743751028152196347246048552408 0.508450524005237757865064664311
0.559187722811279945893189374655 0.711794229345917349623509711085 0.507980967264395234574276799984
0.605246189864047927378682238022 0.387362274950746128233185756265 0.990286443535924248250563158264
0.130998563899274069860397840524 0.166764604028539844812010246277 0.016711199219784503690729527465
0.493150159249506687041708579724 0.949146259619471378737302776124 0.313857852045494075361452112527
0.953510786704018629816018330439 0.601413866063322287804398722076 0.926377565230686047318288355468
0.303346033097136342440493445552 0.839041806295675461659437362442 0.834474808929160413516261198628
0.496265232516397384061972152873 0.933070481183881918954203177898 0.224239614094197890610505610499
0.209551637095317301209903410872 0.854403859783684057319325541262 0.515016037290407648210305068120
0.006675567492911047805565692979 0.902884292582609558505494150292 0.494649160865863085874505968152
0.464192486760562368098648108095 0.864973849046654067470258574223 0.699208525875313572077727501240
0.354284824438430980410470977130 0.006679809303986957805063704914 0.852930553088925200791219956766
0.063508175761331405837874362339 0.535857871790650080547583904999 0.922349498717130848430457268481
0.843739286652496022607735012187 0.253598590161376098692704534165 0.615556919806290047242933979445
0.317655380591693921347033267773 0.230881412888864318622842179197 0.805684018589451600254204372756
0.340393251058899853037645848015 0.191964417834618005506445757373 0.126369220186732145755611289074
0.039815762436709450891603074517 0.275153363372299119315748964575 0.110164325729674450086462309728
0.117267034059584925931442769710 0.341408721797504035486346634905 0.473629497229291043934299624939
0.526764903076719322795717934087 0.811477890313771246248798112338 0.896184869825230398220405911112
0.344494578008938965916503822309 0.739595697648065844522876660703 0.026597131905678683804514130730
0.289630890671943979252186184501 0.575388178216325077331093624090 0.782106541708002712481454014265
0.063222290100151812532876272826 0.298797697333483646314192573960 0.509492835772036647828420567284
0.124755383294802403990753510533 0.278514738668768330868919177226 0.407296631214590309613000076725
0.657718355157526431123475890169 0.819627241556814988558359449341 0.997790442607142286326528402989
0.628451735833729612288691051164 0.108583802849367456159056618137 0.817538388874085242789200184344
0.365737175430625953883756593556 0.330895878505221830504007200083 0.736499800112131740043018405101
0.990101894348299096434996237620 0.604405085715815635779603001799 0.286067107461818788554862425484
0.326934705494490042529805742105 0.226856245553483560576782169386 0.298833421316665257036931825349
0.130169819837688757696071005954 0.729633441909271984599452427646 0.237013317863804372576580627208
0.503385239214030122990338990088 0.257156691463480748108142777189 0.538716723032015899039856758502
0.434849649499546964308686248002 0.929167849768304364684241823969 0.158140276408200904597227713986
0.549922359196796865935170920016 0.660163931151895835822975942385 0.012155224398143545019412902514
0.735703816273588528448413723343 0.190450627521828494125488918716 0.205200389544914108806405447423
0.320526946150675037463905514017 0.431068206860802955721515908249 0.728986367918218209489791963610
0.357735932396545167728591790337 0.798498058207430293716233391063 0.893351137704823092818120272440
0.770101283411282727993419281046 0.302605774283837372708356708632 0.618296383917873299452797954818
0.802125109542488729575873947596 0.625027859221655642311601406093 0.480454413158071141063316949398
0.231565350280848801918782752682 0.060151157501259224975779141586 0.609620203684144053202352500639
0.135048470517005257617161831711 0.954332299640629409773632968427 0.828024522027703893238392712091
0.286169136639634274510489272760 0.488433536047277054039652603420 0.609721595111444070585476468193
0.921376618544517997608480544730 0.747021702602921117580950697638 0.108223007429206084140280652756
0.410961645342567723583026469683 0.457097669005593862369263885759 0.582581002896534647483664038586
0.931847026129079792804517857074 0.973583361452970108023811482705 0.757747196091214308738396386182
0.286626855533693291831275314120 0.346359544694490201141732543590 0.034170974791283750328050422540
0.338890991764396336096346844250 0.950596026269423605343748127290 0.157758587872439007167786264172
0.313098686022513120761626884492 0.164776386074404036047788378241 0.769838870478711359506383297923
0.303091225306031947202354968652 0.512491238942240619888827364606 0.613990203436401850796137359582
0.438991448498410255924942908826 0.739173264156447861510738003925 0.360312466281825852724739228361
0.021055806828903339481326747343 0.057103727819315235898624275461 0.005243113399600526358585866044
0.500709565998207939817309654894 0.803448841698414037604701652899 0.967580469462687912988672121014
0.074152999903070275289078640831 0.268735676216398746290372054355 0.199817437468273895808234716565
0.319620794070010512350691944037 0.187466673467881565530454819894 0.436931168925373572383679424486
0.121377014351406886169210530049 0.688350046262150106503938943380 0.056897296287065783110864245445
0.866311682193551523948903635081 0.516523497905263181391160414994 0.530802036180710992317633925127
0.545450884496099987019859120352 0.563308223735743140354783067870 0.048835033853312258295164089865
0.852402098639108287976570061275 0.374429991750466503838310629943 0.863947430229238021458423010602
0.169056784342726887927959873309 0.818494049138649508024819180742 0.601263414859092797675310945588
0.758589542519108169945645290099 0.285582147917289796209519854668 0.245653968181712417699551308620
0.753769537164178454169547926619 0.692444410227009819372345125308 0.750315226269558835998354388100
0.827979973779972163046267997174 0.509689915827195171004395569757 0.307561692435215251945551942211
0.221256330862076504833285619822 0.124936146455809219610684781181 0.779147854804224112901276167450
0.642697461928836781382548612948 0.342071105789104616336429733751 0.467903490650360753950346025775
0.687693307603696034091272375889 0.919140875846974498136090418850 0.591675631571090044271797042271
0.731822426167607156960888275987 0.597398518970056120853641381298 0.919253322712341608394767573432
0.239007840372946231078027845505 0.009244939006490645421982872007 0.710591683787402252266265178750
0.329598186095127065536848066666 0.217164932686055154141452996746 0.392632789145940015031473881617
0.115783619051111925467731030108 0.456590036472478040848841733960 0.835782735885941195760360834012
0.733749766688278619171322784434 0.347299220045639525739588924036 0.248753879010953414437187217618
0.663500077605855667094405647702 0.024566447989821720395487502467 0.859433182272386745666653952170
0.661508007485032230300113247553 0.252764318781263119519682169218 0.845791204302101415986632135756
0.308227977396765028184998401695 0.514214647004853935175027066826 0.000124244697130472947428222414
0.515711695613170431302117007325 0.348015306005857599785578663223 0.288486743121639325308088388611
0.749125101518916903383724871792 0.543666404629387968374020828153 0.279093278479105104710321342399
0.732719797080535454243009793698 0.173328524851870996169702497337 0.312369566544865530964693768812
0.080392753276174894252003650880 0.997004478081047996617364394333 0.308657605536857339281738101715
0.475723753720848634130797628293 0.354597994532530465648542803234 0.634435224717547384620999132876
0.139028429306164461269408325321 0.011251968523718715388843298120 0.725830035745683437350668521012
0.503443529909678747958996342521 0.531187853424645350439016055385 0.500491273899421780778953313451
0.017730650803123850289075282702 0.386786760189849365501604697271 0.298185112548503726523220082674
0.855870189242013340587907559329 0.909006993943794371112124515595 0.888584833000252348674690730316
0.959323719499716350523048415099 0.681804666343599474308250072343 0.951803749271760439398208475292
0.246047503155447568668126438977 0.964632643120367606012321691967 0.843769770163696928207078122007
0.128809470701545983190253530944 0.242445003887355046077447170248 0.234771566077741016100547774229
0.731557083853164179289642078364 0.103607217473604982716994890230 0.666977265234854298540026127359
0.526028327528321970833965722280 0.537896242160968115016265871960 0.642057918852285530266111256377
0.308210755437435756685959965131 0.154448429172437842592554720916 0.565851935039127916495488804220
0.177281043944959188831435959545 0.795015512293083988804335049872 0.815714904835559002850871720946
0.776948889064475633175175065636 0.786477842804293835831288572165 0.784463023439236654144154960181
0.394861728424556854647222737318 0.733407971308218709299253860774 0.470794137691589800763317950194
0.985296613161964014803064040795 0.570476371223102405064467863178 0.639335836573413338410095073311
0.252152265104886747429261600516 0.493677274777034677022177032395 0.761672547024205936267594696129
0.893531105537334629539198174963 0.315776431198978552876570996788 0.959763005452629391842631468397
0.251097654340632282847361686133 0.158506423309095758389695774152 0.090473105840628161124171541064
0.271397929900922144328676713759 0.079203908406036988570490696258 0.229486746301193480277907942366
0.439143796768731020070083982378 0.831253761607142264790572340867 0.223707428388228339822270839213
0.951739146633310375834932722043 0.479785730593291007316819592928 0.003864987963259926359362039767
0.642222906508196279448932686261 0.327934814097851907617914950293 0.290251823139632746000198727755
0.860045258007664264985774309502 0.232694013186125995639831444464 0.688885508401021837149119555048
0.347152045985678072306292668698 0.928023730782781106103290330677 0.966791506176360249362308015254
0.716078993555178670750368809397 0.888066939942941325544525460929 0.966428783050598555503691483072
0.006427505580690901866671100388 0.696229441124021331123642600778 0.039104940837292433651650442310
0.094304710264406555704272806467 0.367468064228075205771524063761 0.454721238266288339275250266572
0.176563389372210815782873073084 0.844171418251376295443991791846 0.233800921033714913952776731244
0.143825342539435325584411380860 0.776608468875159058849450024095 0.502042276015050660435432016634
0.444020336873614850619920970011 0.015893289207342501356137761999 0.946212882228586467086400299733
0.581878311302009402200186971090 0.678437637754309207858556885160 0.462909464296270036767043878072
0.729943057266514438062135146734 0.008534016071908380089772299223 0.995725784643307917295008369134
0.921398766465247784288397935470 0.287564744239510407551512200373 0.265824732126075442532973689231
0.778251673794835141289783643515 0.584728124824751649669457081274 0.041847779948087789733307956083
0.451091913917469835600278116121 0.786630861378097752438222158014 0.245144850712106673605166598699
0.400385717091946596355333845176 0.879013085119254953345295500802 0.749331185290684003843191284985
0.150777133914627699127886427209 0.391920559747205968757584935104 0.596350733546315416901673064662
0.638272443415375275023953297106 0.786717804241177826114692433714 0.157721725720387112270409593679
0.110549243935144837751610917747 0.152364376023178628636426001062 0.660187934883905544041429712135
0.982213515062781167297013301330 0.181655122657415619766827586802 0.291704036932662348683647885233
0.846615710231760528187723749540 0.217159590038677405116980586506 0.590865013876670392555429082102
0.697932064805708801388967219140 0.397079094409127849028092039288 0.020232628662724393785145554865
0.862511403394707416004469811404 0.839601321407864183257463997566 0.793316160155694465735377440297
0.833495671055558362607377280473 0.438311631713167844595410675574 0.027099412712217375709597819269
0.798271109895382878540193697841 0.396439711325538147992263706994 0.836585039553879217984269851558
0.813913020448718477263221649764 0.341668197460235554273455787295 0.132389900764896416398554004956
0.877699637645112674732867042144 0.219569537416754005365401205220 0.667079131174950215289697426330
0.118683971352775436948166809708 0.696656125725857022828925834428 0.292245765052052574700575911777
0.368638110797765029110506233608 0.564057839715704793501680784399 0.277046659379011100284347567584
0.225038203520945944914223795309 0.635209661816284330787579856284 0.788676746813588824229942768202
0.643992606718566852572649763297 0.362872509347629117423517621680 0.012810478549973837357602159157
0.318258074697985973608704955737 0.396311808873373196239356705771 0.621769530759613283810957062718
0.697328374271098606386561190696 0.403435371281678677123925918123 0.308847570735511350660125267138
0.173149753981044620109922429671 0.098395917105104087609679739857 0.946992103818068815420996417704
0.152693371359259168353956222278 0.242372668495910591182745565071 0.604308967479114690904064886895
0.223847927207345811032230084651 0.546418579109976118653799553434 0.656043102222115561909540207031
0.430369501391066007215193513655 0.370507938228016565191367299559 0.951049460813352247402328210697
0.903384721811562248250135236613 0.313692806167306789074930917741 0.512940859389210711732407436361
0.431479045717723712511453987408 0.849412932386016175071661017224 0.476802739320039043915183710157
0.887961234065720899130603705774 0.432149831033728767253051873101 0.861586564930303372475740653504
0.227506105908172993042531674248 0.348428476436952334065586346675 0.087562112533348480369659878785
0.628615792202172228190221453317 0.797103119296502288044329809393 0.948602816654603236945844222366
0.862292652322429762652673409124 0.692565326215269032349499920927 0.556625985652130973363054382291
0.951621378527251450703938977346 0.519722802608527180822550429336 0.491422700125645025772055741048
0.486401431219770177077839917576 0.581167322222386468132340556208 0.656257305678439068125126509042
0.662336914845666245907896271017 0.760618183943028278295400337289 0.526101640575738395937325801660
0.474151119588985577971254719733 0.228733647341451150632867534764 0.845499122820759501960616581642
0.157514070261196949592833728498 0.568840120110161543732508823355 0.409711105225415874065682436017
0.133274930887061658115021336371 0.609404288619138524779896451502 0.729800151417009639539678263720
0.125974042112173902179330508670 0.476118149001160886276868511510 0.575080647610430231362890149011
0.749928298796500491179681445801 0.376252060823684381302753090996 0.964740977755487543220886955394
0.516032859493886876493236113136 0.627920295260726825460130419806 0.797470269013191105430542557955
0.671437992619552151006177437607 0.180114427171145043068792762538 0.399851598018311874351773089163
0.647023317853501469324194284772 0.255243861187308083886431012682 0.395361526421531734054695038628
0.050789922878350827546231935964 0.711330730981708290138310398693 0.058410372929574524860304428108
0.031261039884000012564984276773 0.994359014432041829303106559784 0.139573992194790583579766406165
0.967440495941699127371208411254 0.774976145757730274506772183970 0.263405789612119123642249320253
0.588471623728948024371337027807 0.231994181971526042141433114145 0.549677685371587982876210697252
0.529335823065331406050246686428 0.598883711809389154687222480051 0.397575435578095634095753882375
0.211869012983908600710624220510 0.664952955268868955600559964442 0.869025272656964235850727684213
0.302474268819023227440049413526 0.045886121942521683383199667299 0.070575739165713281464943188636
0.754708787255335347642267984332 0.386366851054127232844209083016 0.410591350168461583352005413222
0.889889013328936844603101609096 0.225475925400536459672753903734 0.810138505638556681171422464817
0.960183316629894982565639046741 0.515006738302161252747101224616 0.484615745763974626774671309902
0.756796313656711843157792415753 0.887333580246347875888353264484 0.540189869009142943249201120322
0.743284086059781290591554680505 0.260104810168971387931998419363 0.092972678011038809997201579320
0.920293836885507150606369032351 0.111253618558140755091112256216 0.880135829287996174810281909158
0.289550290691619232987446554701 0.729864652665678520351849632483 0.764006677721135794164690508562
0.789272434707144320361926623910 0.897008929691116997736121229198 0.713592365356119051247366281415
0.042489816622889168322130775801 0.603581811439986553151215464412 0.923033518272251990344843967340
0.754215044410192265202870008161 0.263478818941166848773081478738 0.721962470811123584799543440506
0.226341574941674133519499855635 0.423605003354086502128841878477 0.316207671395270413771328211658
0.601128106518348556955136170357 0.302993899206539231602619867055 0.457616570221295141821494425431
0.470617044202912392102758881539 0.797094605767122237128047642695 0.704544485177510996009604933962
0.776975001308479147326011518602 0.069046163102035731729792266839 0.668265633224431071469035122600
0.346979874999615002580183734858 0.527665802882257336375110795751 0.678940127407751722794329521228
0.089373726329280526572501344429 0.932029072410038355157341683205 0.201203400258532124728374305763
0.757613805930205275319009099746 0.090628835725765578271416554294 0.474885754502143814711559595961
0.667156141620783078774995182148 0.695771530163723057156208984684 0.180520096804667541579650885247
0.550981857986367336197140793107 0.930088782338649150450811772126 0.177554599584822712939592529131
0.748061320123111142911529383419 0.111375682750980982253436510912 0.702041996145417002389857569423
0.165103409102788156883413436848 0.873755393900637607489861395015 0.892589470306118051474089153970
0.205212415041607866488436280103 0.262990663751331637116389703732 0.604218133250816829443163159927
0.223486753949031796959391509885 0.273406600935723301999208399101 0.472686005025820282295846646536
0.124111146788572317031573028391 0.858579214808081851202504203840 0.490910257026850120606099432881
0.118770827782315981422182457666 0.423016312199335663695279848580 0.719462374168564339998380496399
0.325048259796529813134051833447 0.827507188660509113958191261988 0.684107717377940267900301219159
0.250142438286673905034871104902 0.061164780305012325270503733683 0.562954812914478596852020600281
0.010236555298218268718898951662 0.840145443636459762528923775714 0.354676494887002516923235645772
0.336402105942662041177273847931 0.651384190985892003743138729210 0.546327062148910487066545024619
0.601415904847081195530235685434 0.542286382243239351148564468189 0.902945093269972662412512060708
0.221397728857845656956758908889 0.057883934102131055026628092991 0.969266753617254264797563850059
0.948113868545118676277805215481 0.740023253735679435324558665545 0.062608754707994217978125361616
0.059365494207457975101534181101 0.255660406500959266866444318370 0.918262326594941702865906585279
0.576252152999736152440824865660 0.447898725163273286778256016747 0.339262630831192830870294765772
0.000055950093650485630448356549 0.140937194480660314467013825812 0.173586866865922054187647303029
0.676627011410714399981364003300 0.121027314819624325636186469509 0.755825637485014566298084659886
0.834408283304867615973221950012 0.759105023021046088251138892677 0.312336601703329530261824490314
0.815198992622833587595672328255 0.159925768935768661996417134272 0.223192890420754521520606044743
0.075750599604643546479360775701 0.705924631805848087550636161819 0.349627609538365385458462762123
0.252751319247930512712014244289 0.124228063412289165583913346461 0.009687285949728875645804244460
0.320023692946162215924886046214 0.061519439087591439445059106363 0.683586386934622695956954819660
0.884555850326932749584568430331 0.155064088454372428051527108503 0.039386049238754431547741536083
0.681201073735644948138849023544 0.679228459876226480082731476706 0.319425488108782350490268998359
0.868646278198176363582751711032 0.221976237631529414288235527959 0.953644191336169813649213069785
0.748218673015494802509632713995 0.184808252678013206142991099088 0.028186818646160073015482596191
0.807622419513846313944587663147 0.614864437721133641069558209219 0.685730876083474798262246797990
0.961956682875959318065710513247 0.912584862429039763502471197041 0.847605810416984298962874773583
0.044762888156140369386761186867 0.648042715134647732323866553216 0.990638400200316170734916117360
0.013880488994352512051875429968 0.100047939350964934118764409275 0.610714498977717009320632557834
0.256868536410579929351222272864 0.156499001228477270685996190131 0.917338311607979440302891870306
0.521799843096048842156548393695 0.951711843314645387597402610319 0.496389070877264314289624917183
0.179674894843107434362878495508 0.532270459578017910810170559045 0.551387528610338546764566465225
0.960425435694359355186091941871 0.284184175905760331626238035059 0.790660539845240704751723375859
0.718680114893012484840751791407 0.136646542360749388556320528829 0.006414443400813099981188477372
0.061984920829889636339274766506 0.752972009115065671328720914344 0.727224691749764678323664968460
0.477854882391038262168970613900 0.275725825801882244434085103455 0.762584570624068213525017069252
0.453603408303279791049211395752 0.198724354057435930995915420809 0.913828316149139470504647804096
0.314922219661794265727557011470 0.313165398119803216835236381955 0.914566157322869931398572677415