0.157112205309047544194638423785 0.304938339995543453918454645678 0.757800692781649720739115016722
0.985863634606412681989850985205 0.132573281678818304305302044644 0.015172658679368676484602806131
0.272127779709380589426002989379 0.274199599996381632781268757665 0.888918344043313734846795670502
0.416693691746853898828257432208 0.117595592993661703073138019027 0.887721047681282716799782149293
0.400903320981213011154507278952 0.865622325387384399505999690338 0.706718838942164193409392804504
0.806042206385330496465895273856 0.177855791017927833333193273613 0.083288171022216240737735125669
0.847809366665900149940339203999 0.459561997692666139746273782265 0.608941458472588237077543869705
0.694745308183988350373407186848 0.306812890364752173240269658651 0.592177355209486759391442359172
0.502778951033050738375590752019 0.380739543456497063896060048545 0.313735380123226888642889573121
0.315518549548301022207131728886 0.680123789928997492558479647905 0.192519991740807350176397060839
0.117542871601852019450550121527 0.704162583753876034088352207580 0.950513109077061029585723116616
0.388998262314653934772069007221 0.218115139837243542609121246657 0.482199846595756996033871911245
0.440482956888006316660383144329 0.790370785177635342373469876172 0.721731690599309528020098231798
0.262718326380370155443446756140 0.008476050732091388472469771204 0.159637927055681134024419073585
0.200146892606323765847167266487 0.718283250084164806755343988893 0.751095500127401893834891034259
0.565150842710913157174703352238 0.762514665717352360947907552614 0.897167681321478769978789851110
0.399055574386124120242080306536 0.086051525410334542601740853059 0.320489328787094454018531036389
0.007017023637537161004838473289 0.869589998193236463612098104518 0.116468721343541331354056209501
0.784547603474852210860233167431 0.831194396903337295004856427293 0.711132988593117046873421747101
0.021276240194908859357499713601 0.784546905925018313275562806375 0.684103472186954319038015020282
0.961787518449173996344591306842 0.793864376364510276776486115199 0.255152642023627715107829323359
0.425849592078446961870221296183 0.558206402403515993894497436847 0.972606214437428925075799893996
0.098772182980619848056340790882 0.658753920976653924700998100883 0.122443170912398366640500645709
0.949267210045329752712034902692 0.094695068667969034675077132508 0.456972091721485635246017830347
0.146529879272617396952319559843 0.502915240673483482011731305295 0.050035597591564295036951744556
0.555794130943046382425600703955 0.053092135149315173629308954635 0.986481676872192442189961384258
0.998018077686044967557302718402 0.314939270230107023963113540448 0.308472907890111694550062210755
0.997043177996070201341109992926 0.642675522824743799106570221933 0.493057628685634607021264376980
0.250883734131988754965961137962 0.193339782039251990424050234543 0.506400627499962144627586797625
0.090068470433428233062954218667 0.286517748923278586210448388267 0.639479363966976538388028398416
0.143315275942293489718787594565 0.646244009086813670427617404963 0.332356339632076683223022108055
0.027559590954049703283960349603 0.980127113984837045998536243422 0.988405038948438150097620638160
0.205286040264245894161634701911 0.452888670045684116680156477551 0.643549083452700590747441563074
0.915170920020132206530703839602 0.825086242434965594622650392994 0.691987542529624332315760649968
0.303821297684133227493765755678 0.642841333803488214332014602844 0.503697566166197043849052385456
0.422069652820624986291867944153 0.809661054827156260221373690374 0.867812153774417066311994597812
0.916746580527048985530592472772 0.705156363863097821486272229934 0.949482812037817166555342829446
0.779385214935783377132775151379 0.441682826494436743711292133788 0.712916937964560275693386043972
0.188691485358441203354679307153 0.022261675212448504184146652729 0.656147464357283811378804294800
0.481308272008316072816589614204 0.164049877624798314486174266903 0.148679538345901733854148692800
0.183810404825035413979670689846 0.120259766543202710174600486469 0.684625254825642861652464784845
0.660072042312564307481008408795 0.807866480240330024951029382945 0.678291295862869217053906573902
0.384792337622629964969941956784 0.364828606225007221890037123879 0.578255306008562120560602728226
0.295570122442838445657551966195 0.497682929118620346479705733633 0.085115859348781287498637709673
0.281215606310430614563538452803 0.669434240504953211833859447802 0.132577658096030157156588352959
0.737228151396385258108958936017 0.800744770625176192024297672462 0.020181429992319080160896261583
0.642347779258884857385874299017 0.123506766348056634382344503020 0.491851224345423261194647100495
0.513115420724187613002536685095 0.840862211777400025768390431437 0.502906152125358428352262247749
0.888399858066949702273400275804 0.744774830169744495575665100273 0.034325314319511757818993687929
0.133527848727122170232607913343 0.759018332289210039732948943527 0.030084755426480759181719127646
0.155058684662599304561655637634 0.758033969090088062890383581352 0.810885065340147272538669332767
0.552322139064893656273676479858 0.553042201006574118709929808150 0.147397504463314491655818052139
0.649952976589226756330394480404 0.588117666599934503837338150664 0.562627856421971935739531962875
0.106159034195825312547873341582 0.155399784303479649417913055479 0.572357201161025514675989060354
0.724479555601521185411771164894 0.604285804130006995024451877625 0.357127853101859141160781784102
0.022564363681713348684577565318 0.324846733359633698630190785830 0.830568547000209133218088393778
0.639469657843950324776671450679 0.869496813579000032105107373639 0.636826798056745855715074260225
0.024854046194554642461454928691 0.117290836834628161438026281273 0.605829664837190996299488529368
0.866443164298743452798626444299 0.495244705746328693898282700749 0.906786245108651751776330957952
0.030714111881362424642358549166 0.304039719903812094848909713586 0.524442590957249086161478854714
0.653844661950446930728850234493 0.233295034956164603184538061277 0.634061573640728969529360468446
0.062679150439083795169069069615 0.224331234412683286149763622282 0.283285376807946547630236207462
0.762303681946257608773878200419 0.978617961125347569119089214720 0.133658278018199406239657760227
0.340251909881443359576123851350 0.893817445906224515113538892908 0.319249996240783165446512262024
0.978140937425428937960394478153 0.403922299652843661456845173581 0.687006401257848790022539472129
0.768879826002202455060304411107 0.315294633290640615657965378917 0.621891439552886216967297106502
0.436338920303809317196498208900 0.715734037872076562893034449456 0.955940684899689246716913588895
0.095408107554418120140394212745 0.268952063652270766532294591614 0.666714963469993841821428831850
0.658630481547772090768901058655 0.268016507165176399048955786663 0.085152590460310733365335291349
0.944885016800714542599138394161 0.224754826056838553518585687859 0.274747487507424412004588496298
0.443932815685449349762882620296 0.183337446513698618272398276829 0.720897491618431197781403215286
0.127929712056674239804277259461 0.424491183190593614937570379497 0.049397973782988584603648567062
0.431340784568190106788890828873 0.634120585921935789967564695364 0.455894483406675310797186104507
0.647557809320966115191784320801 0.886421288248243169379021733669 0.991261731300707940622638009054
0.868815362925487211827829508428 0.474125220566997522110950585288 0.577162356348938920484098822184
0.144914782039526488067084570242 0.583990585096494106776446402902 0.668214417066274097621443886319
0.503163127964091760978874924798 0.585596124512619612051243354802 0.935197209834364722132649925714
0.899665902972319267286355852329 0.938862236571906321238150493924 0.721466687813119854610309855195
0.150376230166714942164785969713 0.824837363528399038922052488852 0.928016559990087534514095402519
0.092870577223148696894302636131 0.805983154601848199228733326604 0.603450378611368749490873497846
0.596997899909720451135365193571 0.291810870439243667129989201619 0.602966678136959064306941120927
0.855535004043840544899594094290 0.841736459547581745827275922868 0.582763255407952232081558094419
0.014954923586689939623648177132 0.324080654479814145543550058656 0.683101738829217419073353163807
0.113591755183752426140731462852 0.057994378397664222865992359448 0.379506249217946517172886118679
0.024710639209763242106179610751 0.311977965326687817288572249997 0.722590554043914471208437964785
0.247010388212960828434745412665 0.760989142846844623276251473321 0.883381113076740391853977112564
0.734750988156640864560178550438 0.366450186125914939822411019992 0.977359567545084858657660029033
0.797672394156937471364228568773 0.904381826297304361598961510631 0.985365104186197628776878996818
0.072720661382682809241811906047 0.922979655365668043488336070695 0.431895098825397460343004814185
0.537327324439541229401978173738 0.299294092214562880674978271912 0.233871471459918425153047299303
0.781807269509169002233313420917 0.151524959434532746318325175077 0.301134379392417900580994344261
0.108832312674521252710030074349 0.155988495886848775398108848813 0.101630013229516282037348842791
0.949960314699319976211793253776 0.144635755945920650600229876740 0.125651821789525711080405381314
0.185146260825193573194070064444 0.493644334856998104390144772499 0.965336118783498195538026754642
0.521474900247965198424860508195 0.418100665868738715972544567712 0.181654807808460544512814690819
0.040475002495899981192195355102 0.352666021803153499877914032144 0.534671496615468004921233842644
0.703892670202720476736816086588 0.148822475117462558579159020876 0.056519159618101147693408438391
0.435943264646487146235802495006 0.664659332295969644905280468206 0.609296862369284866661481200286
0.852268649407236072811022888327 0.393737827453229431567231125944 0.272747243894933816219510327272
0.518804862995158503912668193151 0.686488700157021950451773260529 0.088949752261603173339543930030
0.402323990778219576664042189854 0.779270051475645613321138824835 0.003591759168597955034733166649
0.022558608510363107996260662690 0.311033322744907451102269952751 0.515424859594693483761763464809
0.275140557945777586903436230345 0.560442601609627590431105214004 0.054340924848277106688999062153
0.754508104006886217649843213893 0.420331319605200519444338068690 0.172256223267235886209550739243
0.470648211723173791570920297308 0.940401722389782197428728499680 0.545112865111761389224920929379
0.700013371304594834550355014916 0.374427444258107632235939198182 0.503998695031915022495141480834
0.360845758860464231677076640185 0.610563906294975029925828080951 0.233734608253885521623595833550
0.453521112434180404028932543353 0.275981998376655560315294624603 0.937692228244060171168342940735
0.363908011384538165817811340688 0.103858303638623872728579117409 0.901616005377465780052320732352
0.783386931632437428008527957994 0.588279759484785020753817942573 0.682179611079164840030699636464
0.817071365156911658718302813146 0.903703964853479768771955244811 0.225772740381110724407285607706
0.736159496723306557214054305694 0.152754514058196543614146903661 0.913089899360319567201029500586
0.428302790480615756963914174245 0.355304913383608093580790429748 0.104943256359970971210890374390
0.727980242769994142371026395606 0.204460778117552194483607915670 0.759340902360934739070478281830
0.794791819614550026288028868150 0.634108912156209678775467633431 0.961809095493559698530202520881
0.853224848679168865990192001708 0.370476942792462837994790515462 0.059694094556557725231968652338
0.720321458173648380455896231801 0.445165011201473431040848172941 0.447586540591726746519519201053
0.462721220198117737691616124752 0.998640375683336526098042725654 0.405126646178765398832037497897
0.940898283456423545694043181535 0.826551491619232815358360198732 0.207823703344069249842819453099
0.390726575180948393455069191360 0.854052978858996333856223490149 0.615330813294644342350558537733
0.782119135172618398832274223975 0.881464562757880486664892905474 0.861561976399653985965862805773
0.605360767237914836512230898663 0.383114913465319723804011922334 0.124038798214576914078798012251
0.952620007740499822688559435363 0.742254008057852466241935133430 0.893532047197652064654065107985
0.567785590118799624807404122311 0.637915820624269712000067581657 0.898875555087073826856140979929
0.203240418353129435967876367399 0.503644821485632750337535701725 0.687056057808736767373847880813
0.483251319031726760259791531317 0.479625989527076898446614471836 0.536552563099809348887316446570
0.512949322831846113962591692614 0.727368574805133911211700726158 0.272031152570256762852890197268
0.577066572188426248077591887398 0.425828030015551696713984535153 0.820677405538601097049593528318
0.469179680309560625315693795244 0.820629720122663701055994732971 0.094457830690074248102801699190
0.431801341216264252021180653870 0.064807009892058374517684481086 0.124639990057393113399823266119
0.848266630317964110276773181597 0.728119783526433894886586664224 0.556457383629672631817323630577
0.889222550628446158863111094560 0.876129208910156488061672361507 0.711191288677968395903639409704
0.899289094454598645231125659504 0.197301234218876259955269946084 0.142955339505051048898040999777
0.254127886202442094313915155712 0.035716784828045904811319250688 0.980910551117765424531705321607
0.312942802267920513450132317192 0.816976287169434266537268255064 0.755334162997613986952641868070
0.413069395785978771748095951895 0.791918839390372199930172253754 0.535507765184180883999049864115
0.200535963793702069794655056751 0.752570927022782267072292187952 0.843166832703475378891207776078
0.090166796704706271494154957939 0.054274893290692295738891327608 0.121237191516766913746601391684
0.102164999637244055678097774991 0.252367370446296799415255090035 0.627058444084021341930022387773
0.648278421032866285726357840435 0.622393678433834828804833803485 0.312994833097396440921817015073
0.886583266213157059022016518617 0.413419781705202436931941460399 0.752249332139274695423107907608
0.316422036594620235861594782818 0.957641020009734961776460286391 0.999306456035492688776725018998
0.776966580417144433545947259510 0.083772788564426340348539640509 0.525672513859267813122388311761
0.953001880093649281373012360841 0.725580902250567870047923471499 0.011396919623637225342324493767
0.823180964507604937488376429847 0.697047551004181053789037990211 0.252757505158038681553970993035
0.125835983862524911148543281534 0.900139468430357988887114343900 0.834898690243368829802168730100
0.550428061769703561370162162053 0.272663245693013887025383642276 0.588278142064139228000973344166
0.853388116821534741481447946307 0.412466860974367437341303581053 0.653563461959780368497007173094
0.509128995411485323922240313264 0.421549121587692777227786083829 0.347987512103556013505747506965
0.354075456339001977036261389675 0.976712590385590095008269253128 0.228692812514848446327084263845
0.080153092142750202018365043222 0.507840707286542128869162495739 0.294463670603168362685729481736
0.710691725584325673299818443230 0.401361677058975992067885151093 0.936097637195267759399382252171
0.053230170764520418674601320256 0.381830221893809942712376011601 0.050156958603212120776837061377
0.549404305660941118468879095767 0.910491479060729514772771548758 0.587532159067710234798038710376
0.184284075013927159286388446260 0.708262719069630827961131115525 0.046992230894499115172173178418
0.242382414561548760340897284223 0.843000833720430557478092636180 0.868727080240140996459358081237
0.839376081216648010533019984885 0.813966436891878789955724838668 0.398448745101630311526919477438
0.729556455964079637814026221905 0.419246540051894664371929340240 0.023146334296253010159931620563
0.380725910870700401581454127985 0.285312715332536126601415814997 0.902106200418805120804916141606
0.643912089714523335349814116366 0.082837944954242627103988818421 0.739029649051758017019755932094
0.072765113053253937465907385863 0.257677608586972316972404138666 0.799011859096476452872955250387
0.544328663952674159145349380791 0.966319790899138627761864207863 0.195307114616232336160559849843
0.527302195317405103561900538230 0.558448980171835046834213953759 0.537581178381491911149532087317
0.527783294981712194783599039755 0.360324162204544356421177939085 0.303324969521383335490375488300
0.995205576798128151397777348109 0.451594536023486993722402085892 0.557412201376478355033627670750
0.145244611607056260926445254922 0.371987393043012447588210769589 0.285938532088061104549444277514
0.684308216199418860239007680673 0.983362117709621505898653418983 0.969696912145198990370017758389
0.349611356667585117616013301966 0.136905617078961587593289784915 0.222849608433344052061293074065
0.800212185027766665793307520612 0.368552486461372996886162782546 0.600703777160603985497074963474
0.199000846125345831598665233808 0.766240065562228376166260289946 0.362672372921538155810620757722
0.176948396453012136194228440555 0.371396435449936718534917969842 0.209314644179576598495093601132
0.597058935369949493305980014435 0.628451045624332720670054689106 0.053948038568454457613426412176
0.884662766237216795663945166411 0.711613865655164159829927509114 0.105053296693550656242517506684
0.304415252148833105660462155449 0.367114290244998567552709442388 0.914104586331355737378892699742
0.922971630950664629934250745931 0.028187162436147215725898427924 0.557689353581807198840185709072
0.207597506726105927263550183024 0.375348410686378920995103091338 0.944752761906929981779920393520
0.620592928583436146496852335667 0.726368217084187357705214373809 0.753104397871582407107265217357
0.414850502447321324191220330576 0.441110807169380642302206736848 0.178432364111934131091233587334
0.543689180377698019786886404464 0.954488299941076989479065118588 0.075885314227873036458650205144
0.528574190273974541306871248633 0.149870950348027530881198023632 0.597413733323193438526736140321
0.117064195299525230439513328886 0.197663067053725016560005454711 0.311816695427432227598802759718
0.721525951413874421127687075267 0.094131296348759333568993133986 0.367231854009525770572990277735
0.940813872170681261856602615802 0.184256132771064208222776171244 0.832029637515412887294882668073
0.218827518066165767669236254525 0.168973597570980165884935280509 0.156615033414234125817968855933
0.582437547794299724356875969253 0.880599586458304761623901875650 0.867152310959875707904385080322
0.788244023362353810428603524868 0.159442686772694502784434617554 0.514026848750904724376012952853
0.871027198004475681595661016794 0.143926184157310222253054476871 0.445592005569812018541359624275
0.017941971458168722292390353597 0.051412336255974348230714057294 0.607511130549795670599944745041
0.283387576328057170600122364223 0.945173390152889611772700262985 0.114920912172380375138983089534
0.695717286136040193922371865564 0.853078835826288575954454668284 0.997028484048771807456848109822
0.823260593326819432297109072326 0.681178275393849516451853224992 0.544644935607450164280974410965
0.129910323701143101786843202707 0.457618252755429449787664864335 0.386649251685436228439795686377
0.352737227864551147956586514931 0.302807594852583497528491762205 0.438561602832948431569328021836
0.855792566889475717214221267298 0.352056839775521998428841648336 0.524723894585045766723273740127
0.544778906219166395941131258400 0.771805123600172561868507214272 0.163174258716309905040566790576
0.682313937557503829024653201128 0.847590314318371805077929057225 0.112102598699644645353416143465
0.552115620846626433351804154328 0.263292671101047052110096721554 0.274802336200825542668083648134
0.485080744859054402991923958408 0.024430664585246934286658281399 0.185083993555320457347479646834
0.807762462253064149334504955329 0.263660333726889212320668966442 0.395562183506376638726440556999
0.634725802829444488010970611970 0.424231575826994599930612482877 0.752350208848370785578598666763
0.513319021601402578855972621152 0.714091418887479180190404693659 0.253244407770377022731034420587
0.858415473211948913754951116633 0.068027222872389032575370833604 0.927797694100470297745118598560
0.664158071799327413938351761682 0.823350365350957511237367654610 0.286055416144283859171299917109
0.173135501911077338121928099736 0.836321431244656777154130745465 0.615071028157871684969849542566
0.896642371578530003312423561720 0.615869314172613323401056969733 0.781114578246543766406374219986
0.689812903354528888012298084548 0.738729621664655662396419553487 0.534013161136386652320459734132
0.947225799834931176492167579974 0.703609620138558550499497502350 0.596971532305331383569876348834
0.246352553670171206972622576194 0.255300739112127156212295184549 0.654522369459173899391425222375
0.206493408456486892188210856327 0.048082926080828504606529885514 0.883513232000966969156257790532
0.908165505878575878346283151566 0.161707483562128593608568602523 0.362758408793468827546576011713
0.082749260731859264898146674033 0.425153593635478725790612462903 0.129760829235136849615910225218
0.201322711283191640732101593514 0.832082060982618466512551558583 0.534478748551740477701797390402
0.102792059489201096798455962986 0.700399661909378459487793323407 0.989318851131999054621233143356
0.130777094832461049232823924610 0.902063300046044911112814591509 0.081601842563528609941100877619
0.139380335345647413891099508078 0.123209419703159536461492226536 0.885296957210485061565701709591
0.048976077959966718863907105137 0.111936791671573641607585171768 0.548557121590961363536025782455
0.934099897469939096443329594910 0.110404341479687382594389092605 0.871955693615937349953025571879
0.556733700597500752576909943314 0.984802547498559719547708046056 0.187644092123578436851181332414
0.822914899860567368984837699486 0.863330379710347648648717748549 0.749521726631049790510896209213
0.046320669878741657585677775855 0.290023619502059677686901253644 0.922226471735101755485565496092
0.997248124560187023375484596905 0.208587865297702459887553026624 0.685718816302837205573279384840
0.825182346211081139868708417315 0.816972624593485651663861695679 0.591227444359621987309712482433
0.349663371515406577310743585150 0.815450262178422189693320618487 0.280839832243422092279850090895
0.510394409058457050047547830220 0.373283594476422562880853448435 0.981137413672565862292393267940
0.272447419898888314776850203783 0.860064267278946561181116468985 0.631640479090974756873526159679
0.789968152762672690941013594203 0.211731008585988507296143584538 0.435928476605567555711181583610
0.833000971409809290515074479102 0.605027430312702668658929481486 0.690836052076138074198992288115
0.075444729213514945767728341859 0.486410409776996660491270684084 0.565875776229462742986880000027
0.584898738117975940278749983166 0.654610449366208335828155156077 0.222958547870579137908502836015
0.325543606700401461394022611093 0.070313744946693926966857678917 0.401775117481091400629098720533
0.998107476490412944529730006861 0.211432507947556416816713184991 0.213859215293249910326866989549
0.296534973630494550177825912201 0.654721346569578607994821722489 0.268149735849382519631734749354
0.826670548808665894508877319402 0.503719016102896299130161006879 0.913450435227301168627260628632
0.542859040026575956696199468746 0.679678691117530402314574888423 0.676454777227432945956737568397
0.369285257702024450447608666513 0.327030632240114685011728022766 0.310080748737669456721483539581
0.713775370271604398505784706621 0.977487608808447964097849475334 0.224653002467909223330757094665
0.333693817436836902630681942132 0.884955074236151880873962387580 0.044992185764955238112761575709
0.611632034874782793198439462107 0.054236508485596096493844988340 0.720602042593184257919351484120
0.757327893928738321473691088305 0.460565383364479268170353321468 0.035090327761125252183808849026
0.219209159252768767342950978592 0.729131858877426697821372264636 0.981113459802587676212156296146
0.150697160412434470781391179287 0.790262125330525055580351005638 0.018706737304639705264541566830
0.176271369443135359844061636377 0.365777490374920159929679794780 0.458512141670083005790639858263
0.376941937102200825785321672217 0.209135503073315260102557789392 0.364209591675804746991239993823
0.398517267208774608971400722679 0.472459232959940495070257727054 0.200099213626679941375208601431
0.911585219582969975444126008016 0.753698532121424036564995993557 0.148860292424732378139666761301
0.873992773557759133507035808965 0.181584171972426562867397728346 0.042002483642289480245970646046
0.990751914358147142680379937459 0.093507409746521734705853673326 0.756042227600160580617778495573
0.026201962927078972185828736196 0.005454124173624128682989918324 0.216389778927783409098176554435
0.359499558826705754536643978879 0.584486067209299242957660095725 0.121469884884491718549121927961
0.642335089746947177573194358059 0.646445060223375350699241419929 0.825098266248015817734986201213
0.592100847954610458098516554235 0.241001562737659713703585787193 0.928245740879614542480060190286
0.085797285138513437889596693055 0.424401458160909515244552727341 0.492194552175137975502484230178
0.550241878003385753419138659805 0.196552705214036824244444804470 0.604896387860893667432983072142
0.076065994956118694762903734620 0.909393933874260515188786156146 0.071831651779061717212730032875
0.762024032277224389433681927539 0.009287930338767457450402326482 0.004126962491324281253820772105
0.514715112926580036713841089679 0.955626590004128828137992257026 0.106120329633033931355259939920
0.484840933038541078105665479018 0.563975844147151569393444845079 0.157171252228308873797702598380
0.106970259040226720009334362076 0.914867968569745410647629790423 0.584853400287765593915031077207
0.005282181631271081125900194604 0.206118149309696629847133337022 0.418429298329293442255147536563
0.705841830183210868856441329621 0.725705114426131400707279279426 0.659162585354762845931013909398
0.799170260959848355111767516084 0.823279942318429822747740221167 0.982120008726654987170934340108
0.419764847207547373697042026173 0.214554923356197003583953723270 0.880568772760196007662484907148
0.286689964798304941045205688451 0.336213458732991777830719830754 0.737833325435331575057195878598
0.430683732046962708921441232063 0.916425554253925188849153898413 0.166068891345333456571874319230
0.468639551471887594798206128248 0.003339943548619394426867715903 0.978218091351876855041874337555
0.042312854912217745406188824812 0.676461570869975984212413477642 0.371907186345218232808378436158
0.717663051391188161478523901628 0.662247936917361375056673533522 0.612229290460191618434175866077
0.655373142490086513695878241684 0.726404720087173524597533153862 0.647905699047591464584966639309
0.888749507108587219528480222530 0.754686616212374493892706091792 0.073698703821368196482584189018
0.983776405543820103409849506109 0.676731481157099882677363251724 0.871497998021586314006726444240
0.797146805718236881157375656725 0.480086041787853151036108395485 0.010175495158844846788819601323
0.305379505124239948098584457546 0.948121138786759286823505302733 0.022594474285948868851598971136
0.115697168385760342480814136783 0.521443563466503003479512061026 0.631155291074540111102741251382
0.040505965124297221901319402764 0.517392810984571530418836670239 0.773219245444686370694224243499
0.388551413562934998734694670180 0.167634710412029461490153861525 0.654616740727170087487251731975
0.456222707488721538519545429278 0.689360384160758821684938325604 0.812726780890812433202852618472
0.143453021202590222628000682478 0.987964563458816971642814825633 0.942865390876953002600142292566
0.975285252837958100316770433599 0.883212889860844899588264153743 0.000507494291949837865458930205
0.522487473576558902164569280013 0.853300405232372354790962790710 0.466892296511454964381401977943
0.205010293083993768633505793055 0.225684986007201298436655640046 0.616315768640643066879705775138
0.369897331692391460894650457064 0.402871223167871338492321969517 0.360906724612790851240221054193
0.360565743553985786828505941985 0.000187862931661198436062098027 0.011652243763156703141002845119
0.760612588463046163842140074443 0.074525788707289861106181690836 0.770896259391555352189155255289
0.206203740114084907365862557604 0.291578785030058973536607761047 0.170756340452571526802430834109
0.700149048744448848746980706404 0.161717326602944347126206073938 0.776336018884694650286946310278
0.848250491350723952950830386265 0.758386718467155449650832270975 0.502813748904217063206961506012
0.496557961222247624700202413722 0.875007592309442149389485146202 0.133463203876903717520406082306
0.112606814155208497196045152702 0.129881002911093202831579007949 0.756585865372045790671463005294
0.631604701619032043708368133835 0.149552605260002046827170265506 0.310927102530892978781118165319
0.232481398205179635419168739661 0.957577752806786794799625103882 0.471118411921413354030901686290
0.302329490968030973770054977660 0.635564692661667528908540263573 0.951418392251935917259185340310
0.001014853607731301375639511614 0.041878236818742104176806104981 0.801246938525288148337895743204
0.416742522609274976484305932611 0.869816181890018375832635551891 0.505496222203477769962838070365
0.374077475375417841282082097660 0.898656020700798644488117524845 0.957265569756716182802729617964
0.131649682658867555157145387386 0.388196556291114293194866812310 0.281720885090018024760994961001
0.575944487461471403381289112095 0.055963061893567420036817220963 0.362212264723426499388334666828
0.091302901113948216819625700117 0.561318457881984212500065871498 0.801637772242622575081829817842
0.484147787088481844480826634425 0.202329628243922560558011983603 0.385270382719407594406401012208
0.552576335667122525870444721345 0.090640552018918785787303365686 0.814573604478305329187475468869
0.120500046064038961860524669139 0.890517346169136962600038943861 0.393235030295235426350679076844
0.102234720440314042679121029525 0.682776761596443924428660747047 0.074110142062107472921945688526
0.657397193815057500244525042018 0.551473266267358305554504636314 0.567654119099252539866436239921
0.459795231443714983633941415257 0.765779997942900366088533160573 0.519248308659456415963612246497
0.720647941776614785916884728211 0.125973121836543540317006121766 0.800413425045411130800230478926
0.204744458790119193704747153356 0.597619267735659641974646230096 0.559331812018259110537845716394
0.645145742661829475830140877723 0.485885306642105844175747102696 0.694757606512625530181785492024
0.133840302221911847243643801576 0.969004493531819071983274440083 0.112229309162678478841504473754
0.766941290706410729526511370866 0.247511107161807590742228834070 0.705760582566553175570104380895
0.677097145016040583295698704713 0.265067288414825714692144047149 0.607539110413578203598998525747
0.169804146944747543966897616546 0.534556222653300944584640491463 0.291823036449332881308088231137
0.266746474465512132140037976373 0.325702585569871052005362942248 0.251401627043137916963053866541
0.455541781481520998988172206702 0.363092969670061988237278325308 0.682342704860014571329431108110
0.164678427816414192046697117888 0.858492966214727434322548751747 0.924240471927919349502990699234
0.002674121662961733042202175366 0.372909621404228078858770566329 0.489477840991226163615723214691
0.292118299856611297146417082145 0.768702063735505682850732375733 0.102699583551061239937853123555
0.160208539357671555286846843936 0.669199396149112357192658238858 0.456449401827329845464837646356
0.314054253172009407839061927440 0.654251340307146067948475446579 0.812501148714514645963432860805
0.944176018464716102104282807610 0.182944667188794304796453074592 0.336207416515854367250479584161
0.006481562297675277494286757079 0.728713816148082402906911411135 0.747577424695550824673188439958
0.061065781013169148294701514129 0.403152885348567719233930425295 0.936802549539229871061190236484
0.762487936081923996776519636512 0.223309883629135214556445488906 0.014114407184753926794898810176
0.409913604846779428568571526975 0.235242978132193207096319285112 0.549275036085906592835378133660
0.858914472625605393384143936352 0.816928590905994640741714083292 0.265540430003757148632246185545
0.453074685288024251334201636381 0.287469553852481993239641058847 0.061565469302322521819680767013
0.655241760244784333221813309946 0.875903903054613630280345911730 0.693066086581130708567718092959
0.151238140495992783210605794983 0.033734601583769326127192714036 0.672114288215481654569215293622
0.225493207234212975361755460301 0.043441763890603101909630162481 0.256929626727442575710381555903
0.386740720366365790128870788643 0.693425561715275934063368572615 0.245240632703623950912500367894
0.186033605682683121423095173618 0.243477939070751843470180212671 0.740702380615056198359202032235
0.381682573244428163128365760400 0.996719612747724528426878944657 0.783774277077030979237979199731
0.882252236931337970786921074594 0.969487832267158346877716129268 0.118965345866160494759891553259
0.857414841293644839778388239761 0.894446806540220324098521044620 0.707156249287046386071258184169
0.840642669647651132605097816310 0.897873871145999219688244008932 0.493754517057306420224009796198
0.341128621730758261454447509522 0.599067018812632164789193056046 0.483998708961308936459706365894
0.550378384679405667344790968266 0.416806052448106892145115052620 0.661813575252054928842605354623
0.532987345092449882198002051478 0.683295657402458789226016673535 0.480197697022687985195064132804
0.147857450264402119151702737002 0.849761585577123524731827513154 0.838761849418190264994533756818
0.897900508021711849637842794710 0.675350644729905040792251256471 0.600612356027963634313778310651
0.020866387407847629296744268553 0.245414320670193008254612111118 0.121744743717891743626959381072
0.005407442010833649703658466877 0.412327464847108786132443948279 0.378511518578193751486819774842
0.224754847643810307265702560642 0.821498325607551774740847603244 0.826357992647865901215807953073
0.630978944973888895645569359422 0.588808348725565890530879612238 0.721083762944072697052494998064
0.220483992769484353765504709477 0.874992693766780198557743605977 0.174507372507298547302931161472
0.650810978508985512168272033555 0.419765642020167253344142152028 0.315347880425672362126651804475
0.098422144168703519499071422695 0.424495450435878762769643138346 0.463006732789008287666480522428
0.688592534691270994324650193111 0.710152736046837160785224129505 0.709258728680016431330950910157
0.483389072217610991106335991330 0.797504945580212693620668629376 0.546910153890511633157671391315
0.404050812652110754269646235907 0.841272898188036315318552979319 0.282508729864757415392662862098
0.899383051578003093274543688597 0.820341285381266098005735219965 0.259980167619359613919780393355
0.657586321022652626631553993623 0.977390883865581953429519850475 0.775058344138134518658179372852
0.774563395165541930428395022581 0.041114968675732629158875803944 0.160045871158059368900440007153
0.726497970463180417827499359877 0.062405527296423736871715360411 0.745081231688197505442281187460
0.143191016833116819648287270053 0.692727786492949988206908507412 0.155673358742206686950615172453
0.215099064394363301295739287035 0.850241307210527531013770204185 0.534824065266770168635945901836
0.156761359483609420424306141792 0.399144854349484220533592847562 0.020164267779938548344191064276
0.750826583165666274482909761644 0.918900825661630355698185443113 0.541062466948943814106058503883
0.579347849687419834213360891593 0.090153484090955901953388497371 0.885984144471208152918689960910
0.967021380135869561020091452672 0.477102167764884569868416526370 0.251675927508323658163035846439
0.634311507689408584503965086289 0.110102146523650450454484325245 0.563378488179771848185951620009
0.612981621397342697064533602194 0.225783761908098236944135221540 0.769974802798537873578271806178
0.460775245289709347437065032558 0.986675499236989153044411742888 0.913867006124592827063792228223
0.811410990251595223948184356768 0.736782070923626035189202591134 0.931685788947261372279375730149
0.702802155887923747546438162621 0.682102260601019530805927319009 0.468135168273598454396396142422
0.333319980840038700942918319392 0.781460299431840900063624250293 0.093247975688976673518538425886
0.483205489496876272165369020284 0.387671050549815280051431639034 0.254833672333872102516370614984
0.108372326264100808296820225486 0.319089104850909628895161040261 0.337051874316707271052744155866
0.635510446657056527596181710461 0.434442542213071642764544286232 0.245662434242938858808464467953
0.749084979505344558177546338361 0.298097074350811868843084060785 0.673057719885289290167960210500
0.693277573062293731994332317367 0.941516137312690065651232837414 0.495419987250007510801729893557
0.459170786397924142633059719688 0.853239938324714457793844233404 0.737117254621828743154071179120
0.832317007774812638603556778739 0.328363373422999119010962371606 0.692818559262543806002051165584
0.521593702392735428471676568051 0.353784219068264471918789322638 0.620358862654241836552649472020
0.564758672996668233189401912252 0.905216162035208291174812818864 0.589361596948885494403318440791
0.641497017027977758442362879999 0.328750604763835055136733962102 0.946485696639084670787418754525
0.313032573251158070162385677453 0.819658093788602045465336371118 0.634895807137160373841140746943
0.681618031815586861880053081576 0.181821062996526560809048922000 0.540290526504596806046403397315
0.340461900660470992078005914881 0.417502859960611058406154206072 0.175503249457158356630989845722
0.540150200505896929424518319447 0.410982955796579547278217223603 0.032389915121614148829148349867
0.853202486328525405982667835535 0.452598474356471690106357620647 0.272522606281876217049633500724
0.050686318682569522179469418677 0.097948796553512395977875739443 0.834922339301018035439993226683
0.920995413780109130746737773726 0.360570444840536797680080067529 0.689057356707093743000193354410
0.852739091290498553935716610068 0.180241829103490758202617368714 0.498546843495601323685102343619
0.430324610024483370886202410095 0.552994448748380102809822022476 0.211305220457173381808998349038
0.492258184016393466087329254505 0.503216566167309004934134723934 0.399083827983323092801520560396
0.314745004840545866683925093783 0.614632043468133946882330923314 0.240192206539849804415654225627
0.114888164935234381552228526259 0.363838279785342594711449905958 0.328513086797121305639210142184
0.780364379100842496468843061776 0.917560312140907633283181552350 0.059866342388740880386502110461
0.167809894319262873901788875884 0.751892795219355593960690634393 0.245455404749455266348746428607
0.235069195577948344982421619092 0.597531590007138250835080334259 0.230475217052076810127701232695
0.260229167743165847677124290342 0.411214538560103353741480466251 0.695070219805461538808751423582
0.858007286953720545401971886743 0.465026847315479324848937951768 0.991111856546129042378960702738
0.541619713673849632058177571077 0.367990768665188737271676449892 0.804263008102466797050055103182
0.199815531752876316123732212747 0.941744845855179162905952457252 0.149146768730633976905875748269
0.240181566558247024744157047707 0.407480124692430380533223246825 0.329859718866423094503075745075
0.379039891780707471605309433865 0.477192679028119812233206836680 0.743704191724476214757415427116
0.562636772230844912531802954832 0.526005226738145414073603890875 0.983383790536676934322236986450
0.664046733343925904220487121725 0.033035365894481010534831092301 0.491520888692383023683979334512
0.488705188594328769521187642559 0.619107250507766858551075719138 0.043484364062693833057481564762
0.089098034734711540104766151462 0.145661957913206581476805865183 0.406193981525222160720410665850
0.382455395094902440487171582864 0.778075743849361885041837343200 0.938385099669087094165410556877
0.094497833723922351402269914566 0.953760522369397527068335773934 0.120291532916914680009492028662
0.939009405551014982391933493877 0.968196878839955712722094645596 0.874479101562029362597560381779
0.234137169952276128739358561799 0.061975032576179475251208108657 0.332905882264655709183351262957
0.854115062923229377584246050576 0.965347435731292988474830493469 0.233373529638794961513574329210
0.055006920658243752157708932950 0.512262518336886606530669459565 0.458297798859275006993996811733
0.270066686831127563845176900717 0.269064929637889603057944890729 0.040936195435841383243757127949
0.737667197681172641379973895764 0.497573952154858105456477626984 0.144119591601856602821653268431
0.343074442952050643463451316519 0.961083392755754121876186623469 0.634246491843744699102006817099
0.347193777996046678208978477524 0.663116796183540489266817359468 0.815755210219398924773906133352
0.221642484138614419292152715454 0.384345257586502314325717993644 0.577074154666784391204053928146
0.350227717554174667440797445480 0.105069136739801822325527661306 0.950954117612876022062194526753
0.714925562785245355616734876919 0.156122230228608545682224003059 0.863523238127131505896912405109
0.480320311388980765812958272447 0.899624559718956252222748681599 0.623312126449840851722920917751
0.500806226425197225367837563571 0.680602218044190975670923472631 0.076823007599577343793964532673
0.498113108230996805746091702332 0.750919041675549095759257869621 0.590433683442696681297208999005
0.515583126957879926219533836651 0.357178967688925107964534063023 0.792900547106264761555559368044
0.182368060605811950033680736896 0.440276871186426293922719513867 0.833078481715917190501051207820
0.270038682533916057895349138776 0.866041182141149778858974673428 0.190614982905607051833880084874
0.753960108668912010889693710462 0.400754178914946088687421245767 0.359965428035464342563347260837
0.199305460405532463087605434122 0.019261814925010498010505006469 0.218606363402610881452852905468
0.339107740858124845316409760060 0.312660455312020754372111296574 0.747946053545334155628063864098
0.173298999018852529262089252976 0.343798105609223104959767991793 0.423583694892899302477746729271
0.385819104951552990526759335152 0.664125247341894313419454284985 0.250835317308493634916357999036
0.823805339391115712330778538494 0.776394750262379273461682693982 0.195650571745578108394865483971
0.378262334624649946058069397870 0.223275142235866648969960281516 0.850887521117164024048460427087
0.714247863214010443286168338573 0.055990716691546125470225753925 0.571722235497973146419258041348
0.929510030900405550232414275031 0.088093185575031231511221352114 0.723382026724804046921612703685
0.681787344025906474879298735013 0.678341018278104739450972521069 0.936707384372942910014032213852
0.181828576871959663894659971726 0.984318698617644783175436971052 0.075443732570396770858818826518
0.987432734610803844916994705118 0.798961667107363336431261964006 0.549991520343313746346842528040
0.657911209570701618855352072674 0.646200353926007408730550470734 0.278330857050981227031992522103
0.042921076654569365993005034248 0.818132532111018973310062925951 0.863738515384706838105659510344
0.159215022779314893668337976999 0.154751816127344386215277571209 0.816657929399172776824149727840
0.944334291348126328516969567260 0.618952806032290449480922436445 0.499672398466185457882801009605
0.650534439270594516091159249896 0.638799539036014137655482619838 0.267047240802644890306422030056
0.234921099730715149432122001339 0.283015209232314392692961694549 0.956931817325925370058196876596
0.538610315701664367661845472895 0.875041749227429267196579885174 0.671983334797547561385396132038
0.868067612788716809389854980943 0.432291140687168302198369442213 0.993885226244571499149650842054
0.391211955843393639866834777687 0.206080792102061791006566420825 0.492373080840791953621740929816
0.635022306138936156550118550045 0.102979363803274732710433668971 0.302540940680311393831620612064
0.319395102859799370191968718469 0.300653562375743341969909999570 0.950976710124041878667235252036
0.689018056355442757217222030611 0.924635082311042907440294388090 0.741211399102729369878360197658
0.553320008681844367901999708302 0.794460568157828896790170721703 0.474880955842352523540544123171
0.476630565731559718476042124971 0.426894689176093631897376124645 0.837397475722037364767218813524
0.235892275202637786808373553266 0.170221692557993345988635598190 0.777044111157948064943005385744
0.704772049454467103666357873311 0.831525794778951044992337680266 0.978693293708760006959630193134
0.083893815247910042823131802557 0.466658250267493490856832430122 0.741635129347124463048604601270
0.274341649074026054178977565782 0.381108619864619513150470302292 0.918706438580683607855457949876
0.397516758658541439631656990405 0.654498321476836781800998781217 0.319402891790009949387709593095
0.139620905913969718083982776459 0.076871409373690896026729695491 0.240100732910093092066842582151
0.664128005659937799602224669469 0.682719216098291255665468234829 0.691300427010094802690693329964
0.963600033755454107774187850786 0.678208879141114316594290430317 0.091149940247363524632863633339
0.046689430367967662549555783245 0.533051634839194835539639853583 0.353840429268559654347874783854
0.564289107814274544388699574232 0.582112209277150001778583832686 0.902576400130525958738553540520
0.368368583465264813986941806636 0.256491339440307705018402465954 0.349262628815689752486047141180
0.352519581586007177022214591369 0.581646127329671108978452251138 0.794680750110591555212723731475
0.170477957264221857687717637027 0.386074417046727626347127785111 0.910916912376670192799288403813
0.814833124977398815546862224811 0.521428834895740504583673013025 0.215019698142244610498194896489
0.721962901165721121840066499292 0.399953783057911575943187973922 0.598339961796252872093919158502
0.672161198790296433368733188606 0.970820760942074432693181896395 0.286735977500481419246561308239
0.301560193766860341062901389380 0.942037300983001713524333607167 0.939893778810992083144076715594
0.946066791184918174064111471596 0.606190365980590131689802468541 0.487274682137527897343925022685
0.275812889731400897162269586122 0.216461901158006821870251805830 0.596292572778427768804571130159
0.425506203453388513704597234289 0.137559881260248396621891983285 0.402282652434598899431182076859
0.567802034926571394835119061781 0.508714832110228480607763706201 0.103351041810924015868100319364
0.343467093673376600473613859343 0.765657589237172578774427823076 0.884259519174115023214556379484
0.979801010932086887608500628027 0.348857353829252963596685814597 0.433456192243204073446201039535
0.600183421482004927443539820213 0.835484868685013716192338432210 0.354277296268223845399679307980
0.449912222693600106452726790389 0.894692000284613793477303950883 0.094168484814293697270000226481
0.442601953477951281080619894435 0.301424809230827452931498963475 0.127163061507867191123719263901
0.642522038824479248018034479809 0.808241531418214811853654996062 0.880296560092864582458578191477
0.950752653826292967069222137043 0.930672304698570672852386077471 0.394814257731105281107963490780
0.032511476719470072837671755108 0.634224836110137779469129368284 0.446386932845202624825861702319
0.356041876969013858122516186145 0.532610519192833907641329005624 0.832684393051941886098191423660
0.924272960404810046682377938565 0.770100370034454064589750509573 0.712117462564681034729036342006
0.949908866277850896567132339538 0.476860112618204850256762710719 0.418175553172157867279423465207
0.265467445107686712772853432046 0.602005181357672870154679644997 0.022428104640682085017278649999
0.596027888218765260923847575384 0.820443330512853071621730586889 0.198076632244513124793212748202
0.344018705722291566996781549029 0.970378075644954956822569782217 0.327470274244809267450821375859
0.545823232827560860138919892056 0.281814732791981171777261452288 0.031898057206913368877479765102
0.416536952506822868952910697418 0.921139398600199318710617661001 0.002772448287485363779853328779
0.149080638933352721698287128071 0.077391606770031312192699108862 0.325844976623974008442075049642
0.102899238623401688436309389148 0.172488092985755926461414209677 0.810437947354876291548732895914
0.216351602299576210486039741097 0.664507066090327380966507113244 0.180097252964095868037904532425
0.147538130898150068007402383149 0.789522828863491877417374722516 0.122992797020044537715617369184
0.067436941030103685622866773075 0.225310302895093570906019791600 0.034510587382723243662736549622
0.837150747001757177474467174210 0.018386682858593802418838908697 0.940693433207566595157253963129
0.622613489499331085529935399492 0.159913842480991342287880603500 0.025747604252464853361326893670
0.005968436992974574480121298171 0.617709315130209826353213207171 0.241412111450812321977238475706
0.500834640208947840675202196095 0.554706840159723171498679016757 0.688050138651802414212357465665
0.754849944214665844542543750097 0.923288223858611877530256631376 0.939060469022754023555364423049
0.065259113389278696951272585504 0.057707515824289778959751734369 0.835112737287858410590664273841
0.126514065849350960359014381049 0.417451680266440081432440492188 0.888850846464117698160667220272
0.230205169695712810624349189334 0.273501143841423246465981354043 0.113543784160214733334059654994
0.031132010827993647313283858571 0.495262278866590042980052329528 0.936543382735830025558702452942
0.194296008686973529738090445092 0.475373708082100227990365085200 0.494886701613551682312134288235
0.143652743069441505797118968581 0.770170663499238992424508849606 0.399159968314718489570754765684
0.467187961618506666379488371726 0.737428252774289278376389281457 0.853219568094058898714773174219
0.706668203057673923172690918134 0.331579508065736129330235682151 0.117439485331685624233319030394
0.778764848833725305054086951348 0.408359395329105887894595512525 0.404233001141660886683962166124
0.883607992572579389956791716558 0.519385210183099954717383803439 0.398037895201022547795444347880
0.803360110279961592904204119530 0.185720391162389475813193398736 0.386519448972321572750117139797
0.745513207299906140818011031781 0.048501822968253246654840821754 0.074777316481537564219147738562
0.096551271021780585338833213317 0.587558121710725375730407410342 0.618406659000187160125311118161
0.375147426546150238173387434357 0.681071291959386355845402134242 0.426303702165862359774960903390
0.648279203692028279551966254468 0.771290117176182604615271853158 0.213625737291707729423142755804
0.932245691731399644048364834210 0.693462499909080434561854727111 0.357661791665156642123902445140
0.123222722647858225657125045456 0.313552171807519245316183056359 0.909962604416865282332790900020
0.419638837275319298978821985144 0.139855261762406801582641518837 0.374021538588483438314647275622
0.207372020620473052780360460931 0.140079999449651690620549038437 0.334730818415588298134176624208
0.418804607835352840629885214655 0.892400935072917179666459087618 0.158104637443035193936608425975
0.687123560384602983310779442439 0.883831118439351498100803630803 0.124970651389620538765784388518