0.434975926123501888120870262355 0.047076758132694122849226658900 0.539995610307433260288689780282
0.675977174441360850742910315603 0.038503173100542194273732121701 0.141525019007325975062272505056
0.055385614906414214198004941636 0.593135769744990937191175817134 0.835273783834513339208172055805
0.896606708027633869662054166838 0.376837742897563332533650282130 0.473214458244603508596526353358
0.425484946642342320988205983667 0.815754233783769544530173334351 0.304567872525799088201381437102
0.999114902663995163578647407121 0.670000054015180146471664102137 0.335844559226141758934147674154
0.653525885243805393365335021372 0.345669547147938516218346194364 0.058830326597699905688543253746
0.626893298867962855958069212647 0.738364531749813091110468121769 0.208674481265150174591482823416
0.530625286776862492565953743906 0.288343502958657127432928746202 0.406469625969847814239699346217
0.130228122085079112135730383670 0.303521901934577509329926670034 0.155957389517962757841118559554
0.245165162949986942253488564347 0.483536795364731708524175246566 0.163954715546758056365916900177
0.540927184133251692799149168422 0.014039169752244198136059694093 0.379810844016214843588130634089
0.700272200029394831233275908744 0.000000572544941846104063487566 0.382741464720994573056600529526
0.752065681549678677342285482155 0.128247724774366023137162073908 0.457723586310588070880100985960
0.572024752987955187322199890332 0.633891158678985822128026939026 0.001554752191731534468818742845
0.402579252939168075187126305536 0.543912600560702230723109096289 0.424139226849165773547412072730
0.890546898251511787059087055241 0.235601522129413404327280545658 0.118424433591683989086540407243
0.053984426896649340132938732495 0.182839695607405289257130220903 0.625554935709997317339059463848
0.846168179782554208401279538521 0.563498931091448107544294998661 0.221317608768683227182805239863
0.602744300248873710046382257133 0.498777492191457505477103495650 0.447248664500270565191897276236
0.298682193773566972971877930831 0.643295138534760391202382834308 0.042899234872911251592597636773
0.542696094274266904733394767391 0.264388088206540305957759073863 0.074061179160146081712490229165
0.417598921857418314829146765987 0.472727782299634968765644771338 0.540176541493016970640894669486
0.791883378110885605138946630177 0.868464470507229191476028518082 0.611079843911996989369583843654
0.660778377818890150230402014131 0.535808383633643026122683750145 0.936373301696416526773703026265
0.197676645424586544530498599670 0.671265180532642280475386087346 0.507638520620317446052638388210
0.967993994726800255357090918551 0.474865437209602780921358089472 0.558177137077198293191315769946
0.438648868922600632114239260773 0.314674186488019091978429742085 0.773515133529071308160496300843
0.675607752641992020947725450242 0.923241061269448493042943937326 0.263286003361123899235707312982
0.362213391039161447526595338786 0.165968701096970983055456372313 0.860081384237030066586271459528
0.383689371655797695215284193182 0.497652396518311501694142862107 0.982887143774104687921067124989
0.869484163384466102186820535280 0.941333122880408268429164309055 0.944478831011427044650474726950
0.632111057409828758224534794863 0.082871667148845556960523595080 0.483244870957822425516781095212
0.346651151181629757491720056350 0.425072784004514980793487666233 0.592219985136181903406793480826
0.901851701583714637777688949427 0.506023438135716263630570210807 0.054440579943126093942495913325
0.711483549376389134977216599509 0.365503102029484661095182218560 0.480852362269490685164896603965
0.098799251452284672647685681568 0.110193764091198492804934971900 0.306586311857430571237159711018
0.084801716340747165800983964346 0.764447449755385477487834577914 0.416532286136786555896804884469
0.361537553534682809530664826525 0.703871024286011670589857658342 0.989938007000520814315791540139
0.053059960094390595797264609246 0.629665677475734097967574598442 0.021428050770700566435289502465
0.369922035700047502349008254896 0.087452304565700023086805003913 0.008685166770685761108983236056
0.727537023860476250725071167835 0.086197603778862152967832344075 0.062183431035175144863114127247
0.888271533075866814854748554353 0.510076821385049616885964951507 0.417077500155465907827334604008
0.151181908422708982664417476371 0.082469687988614329143821635171 0.724474913167176270967217988073
0.618817805660833775149853863695 0.444842186149022544849884752693 0.674607060360005506005620645738
0.845857619019620865508102269814 0.164696913221290403006591418489 0.265835652538798317134904891645
0.228816776490915613218035673526 0.721031018874398466067532353918 0.533579359516035967025970876421
0.682100258136590364976825640042 0.870212259211924687996031479997 0.517339113090623969881676202931
0.762484609489565978712732885469 0.528725094049655730543690879131 0.395974438267889194964510579666
0.591158062405252926474474861607 0.797373053773943074595820235118 0.767297940208287787555718750809
0.208447333573037046905440661249 0.533807331861909539760802090314 0.202638972504726400103436390054
0.047434050197483493271910504063 0.401097684484261973736352047126 0.537578734878946140618438676029
0.462241109159289842445161866635 0.993576919039154682344872071553 0.126229635443967591612590695149
0.290543917689170649865104678611 0.360487681264491210963996081773 0.586729377793683393171875195549
0.200228149497272911450096444241 0.466090663968925955629174495698 0.295571767122890627366160742895
0.685830008534401458497598014219 0.824396673599708473823000076663 0.106715476624923005788403429506
0.005966614027786452251200799424 0.746887583105759755852659509401 0.485233982485490766833891029819
0.190157384411030833115674454348 0.917055979233772911030087016115 0.814560849488754179503757768543
0.232027914509662924746891121686 0.283795057671824391132275877681 0.023226242565901594055999268562
0.554018487411236382200740990811 0.995465760158441570482068527781 0.385488667559016395802728993658
0.374046940379402947929321499032 0.803774004744616021866931987461 0.818533805933787217412600512034
0.425356569128841621729719690848 0.264475184970965837560896716241 0.235692026044873853551919751226
0.285041237476557796082232698609 0.729045626304224203551029859227 0.781797051412102983469765149493
0.003724189245158637459609529685 0.812119304129845231976503328042 0.731764473831917228174859246792
0.780163886485149893346147109696 0.971341236957756426484422718204 0.527749517316777105868652597565
0.271454432927890398907777580462 0.577693295302358023057820446411 0.905947923690358702941693991306
0.827499408067175479253307912586 0.778024951909358719603915233165 0.986034753801899532810182336107
0.430151158187809523614220097443 0.421518387243465186831059554606 0.012849118273548874175071787818
0.767987378787262531254498298949 0.297759967295811334153654570400 0.130020058008094019363909410458
0.274612578344143321018577807990 0.075177454436883561772475559337 0.755087792978665683918393369822
0.606204119602202662342449457356 0.830351129668885801216049458162 0.215119668804886143842480805688
0.882000867424973855612790885061 0.009762733800764034075569952620 0.976575415086075260262532538036
0.258240966247377357056791424839 0.643555780855272985263582086191 0.215648937273867496999812942704
0.324197619202966802465226692220 0.673211565408605050464529995224 0.785536360638176778259378352232
0.743464456419281272125942905404 0.591803353987346292264248859283 0.429920869845144437704220763408
0.893876003038230559916144102317 0.010182518720570530104674311644 0.563166342416034693130200139422
0.580513851578926654006806984398 0.859253657162751371956233015226 0.059017267334242090592866247789
0.277854554008293286315733894298 0.959268760911123785639631478261 0.934579742574375926800200886646
0.400146611983027311598704045537 0.235523118704989820049178206318 0.996890313950601902881487603736
0.221220692042259831078254705972 0.481523226011740967944518843069 0.705734795940935910607549885754
0.190406074581931816780411281798 0.314458530823812587584598077228 0.578825589077803459581161860115
0.319098566779492387457395352612 0.718593513912892389861042374832 0.600583705603105477699443781603
0.641193689607451711154340046050 0.740608357455402543934042114415 0.040867212606369725247379420807
0.385499814511018890073046350153 0.950976202729882813535766672430 0.640831843957506253062206269533
0.181661085783405007454405222234 0.569083718265424476356884042616 0.504591864638413101218361589417
0.135169536958992003716772956068 0.581523585835599043925014939305 0.617163799557437386944513946219
0.448997969938041585624688423195 0.117121713049256601091308027662 0.034064919190214690281059972676
0.772060866158603253950332145905 0.542981478385915261597460812482 0.806892698758439053108304506168
0.454116161123039874247808711516 0.552027469842600759797335285839 0.281666163298939620229788260986
0.114292614336732267776852722818 0.599027833845075297070081887796 0.450157379943438906710895253127
0.386200139527663022231962486330 0.103657904691509233918722543422 0.811330238504373246755108084471
0.671326682687616527189788939722 0.244479429554683796999015044094 0.529250600817526284380676315777
0.899563134615389281556474543322 0.360131956983117340609368284277 0.673501276591869313392635376658
0.719294196246535899597063234978 0.131490536434906990503890256150 0.348639754813748092843184167577
0.206950326402623646648848421137 0.806587780896192763080421173072 0.428201890104953297733203498865
0.014770207714876578547480434622 0.445124893342983440902571601328 0.671714165550347019895127687050
0.496640541126724954779092513490 0.523105468205332435616128350375 0.483300640618875398946130417244
0.728101249596608046665835445310 0.768861136817867274473314864736 0.982710134560607517784092124202
0.342410063876801229465485221226 0.707248881697555509262542727811 0.120501205578493211789670169765
0.096938511486274456241396535461 0.378703691275817655448321374934 0.639974270387049792851996699028
0.143951363639992530041311624700 0.569442815954713688064714460779 0.848657757602540363528476063948
0.331901370375432436254925505636 0.353617710110619543062426828328 0.125856721610444255432526006189
0.678495620310735292335380108852 0.806642882232810665144029371731 0.728065840531985086769850568089
0.839826983159798312605914816231 0.307875367256743415200759272921 0.978630890250351881398671594070
0.658291340136800795512783679442 0.488106490197252551599405023808 0.390686781782420222697282952140
0.590586369972720626186912795674 0.156643279982697336549790634308 0.371193289405444049045001975173
0.078205750686970582075119295951 0.344148322514360172075242871870 0.290760765804995546801592354313
0.062430256641319153976255051930 0.441582610824150623152206662780 0.147615839281260124993266913407
0.627164400478590899901121247240 0.235725923290167449497545248960 0.792761250441291309698499389924
0.737570074385555551899074089306 0.178017956837117435897610562279 0.433441931689127757376667204881
0.832260700541484488290677745681 0.995732228824084408813632762758 0.933412073005707276784903569933
0.455046367410885832516242999191 0.443648832543909299452877803560 0.863633791711116094447220348229
0.122579796538500082614397967973 0.129053354578018780740578108635 0.363686911113109023752087978210
0.489198794599136399519068163499 0.848704993258860840299462324765 0.463393565297765042121369560846
0.645800612469566104323348554317 0.884780749506236086077137770189 0.527296479041833965339947098983
0.878040023931454860495193770475 0.113503366930818833102634357601 0.146547281738657997340880001502
0.909061317064777774099582074996 0.647429408028267650010434408614 0.265187457663641379390639940539
0.074975523676228630898243920910 0.610024429969787673755376999907 0.062456199968224899998769927834
0.146131614972372619876139765438 0.861264417228231771161972574191 0.300816758902573977429995011335
0.979025864449728278060547381756 0.718773006845908390971544577042 0.727329603094956200770582199766
0.702063041159877943009348655323 0.934742004145139970816558161459 0.357308238340641626251681373105
0.570825929299512480064038300043 0.009340585474988494923964665873 0.501304077923845348152553924592
0.805992230105768259207366099872 0.551887913412762554088430988486 0.837193720249525097365506098868
0.766424299953705201460252283141 0.891614222672115652734703417082 0.167957034926217885217880620985
0.259244695055316554110902416141 0.953206806424852115533496998978 0.276277689278595695032691992310
0.728605554582881786984671634855 0.743781018334803922797959785385 0.969520452587595005233822575974
0.577448156708845972140409230633 0.176958338760503153253011987545 0.709571280805292192717104171606
0.746670202698352047931962260918 0.174345940918726627355539449127 0.841560971912070243661219137721
0.262670230963676254454242098291 0.194197324427914597144706476683 0.628802619957955388763082282821
0.785459273883733821719488332747 0.034580736253951339931322905841 0.219575529970860300332802239609
0.801294193440787894111565492494 0.309315959467907963809096827390 0.553779741278097148438064323273
0.705717105617104545345341648499 0.266582524338944359953984530875 0.425546901201510507917191716842
0.572007939791263853024361196731 0.196188972488946122840758334860 0.531059257082775681979569526447
0.123213093319117519830463436392 0.748766125148449979143094878964 0.488089363545030685553882676686
0.351379681882475480847460858058 0.380476551665791751233314244018 0.148762023433141210571051260558
0.217539377936448174999384264083 0.762893116738535215226590935345 0.709747934286120929492369668878
0.526704416954029919217816768651 0.183988087096197572289923982680 0.091555391638060312775593274637
0.718488917322683495747526194464 0.280666245910739853286486322759 0.867706120269845060377633672033
0.990588810426050070390147084254 0.080679037816797027904414107979 0.144456750326638877490736945219
0.473034076018436167032632511109 0.903640951289193194995164049033 0.481979589646307216010967522379
0.533164426492151455327928033512 0.676728602317848926261945052829 0.988497731117408018342018749536
0.776749969788555594263357306772 0.533491597989318555583793113328 0.029973801701080257653408978058
0.264976695875704715277265677287 0.352332329648757991424901092614 0.652522719969664155570399088901
0.079077066162052067621601736391 0.709865780157813541784150856984 0.914096064406669350788092742732
0.867320299857899157380813903728 0.063292941469777486140912969859 0.420576463513428255858173088200
0.140254144777331613003212851254 0.129966623985122903262023896787 0.766826179886157532905599509832
0.315237527995323840723784769580 0.606443817961230702273667247937 0.863652499423231412301049658709
0.576991791985010049614857052802 0.579657788177015964592442287540 0.799308567884374432388483455725
0.575779077405241812570579895691 0.975517651323785206507466227777 0.301315939179836123074096576602
0.793010910345903208273909967829 0.489703030214028833810857577191 0.261938323478023982193718666167
0.115709380274630638241184499293 0.654479782541879995250155843678 0.079613626067712550682387018242
0.146742187468052315280075958981 0.680714049832025436259641537617 0.027640399467187888593588951380
0.402803602948577421649645202706 0.438693345832408765350152179963 0.566047786204964986644938562677
0.635311088639612941975087778701 0.840991458771554678541804150882 0.759665158677852669910635086126
0.728754067311515929539211811061 0.503616634595760892523230722873 0.588700373281728084329245120898
0.080021643935813915882171443172 0.403853073037998833161310585638 0.420572144339726949890945206789
0.937300777337472634798132276046 0.559707766553334873371738922287 0.024855445964011010223648767692
0.375389113732928214606232586448 0.567799115533486942197782809671 0.296173024366730430756433634087
0.363329897100082510608132224661 0.884640449531762906865139939327 0.773680591845833265374210441223
0.794375659353056540190607393015 0.636088118681220726635672235716 0.108989262802054814871510757257
0.882362101462790815453729464934 0.071461631777215955940718572492 0.661552035851564412816117055627
0.024855215030309376483819150394 0.655655695723240117267494042608 0.569373345916985851289382480900
0.530655092360917790550445261033 0.719048526634382789701760430034 0.919726828236306470643057764391
0.525147307628761050857235659350 0.928843164254315345473855813907 0.383280547526410553249576196322
0.901109282052874216439874999196 0.731018024715012870728969573975 0.466953247990339603834542003824
0.613439634483231910344613879715 0.263223120552278755379660424296 0.827098464027360313899350785505
0.228999518905604659835262282286 0.500503634976005251644437521463 0.621423686651689677340471007483
0.358190336378583440435363627330 0.809885525941532735672012677242 0.882273096375779330990951621061
0.516493456479436674477767610369 0.108664751733801231980969248525 0.843003498622442171139823585690
0.984038490630456230690015217988 0.144244250037767779426545189381 0.747638002134955681476924382878
0.883042414243624285141720520187 0.812682353304805094040830226731 0.963710236826857191694273296889
0.007577495986981183477559920192 0.986349851800441213001136020466 0.919248895824220313421903938433
0.757700452623450315670083909936 0.297572064264703839420178610453 0.901571547302509324062214091100
0.954124969121574406649699540139 0.529830850313038226317985390779 0.467513019550588604378305035425
0.982358737676397919535986602568 0.597231665660337474044183636579 0.709514119522562047848168731434
0.394462730294543317821620576069 0.738461439633234850710152841202 0.022652998891853282775743494426
0.684348456067504162803061262821 0.552917362685114710529887815937 0.964397557858546194964333153621
0.941279368960302842417320334789 0.665459673768920234593338136619 0.661036410272779706431833801616
0.614862162256894939638129926607 0.496815570872999656693025372078 0.995639155687224386426237288106
0.930141314904121219164778722188 0.785036130815589539011511988065 0.768391010331866297633496287744
0.193037042088311544540957243044 0.380586206708080521110559857334 0.460498124264629382640379162694
0.611568881608939740601726953173 0.759509529888689693954972881329 0.715394219989841539941721748619
0.682016872165212451051274911151 0.981616081774126625347776098351 0.117812969677647677579912510737
0.204476618673363613742921529592 0.401569579566980972007428363213 0.472815898884993535133958175720
0.426172586850125767465868875661 0.168904612831050765509033340095 0.606607319425452984340552120557
0.104480066141189403827738146902 0.603957784025000332661647917121 0.366559739500044612370288632519
0.030607504026476620162533492930 0.989329430605737192294668602699 0.817676064687521853002749594452
0.830782178341398891419089522969 0.369834140495973906492821470238 0.475820083598611387465382449591
0.676126333925146205672263022279 0.701258590945106563552258194250 0.308986018903322889883611424011
0.778342400005107237781487583561 0.810970185074384009027426145622 0.026703445217997792693331859937
0.727007841992552750198797184567 0.928200936574806623191591370414 0.514037180618882261207147621462
0.066074612467000901072644580836 0.535997092325850132965570082888 0.325538605339721842657496608808
0.544541214443032495218233179912 0.524105899218332837996570106043 0.713712395859410597687144672818
0.635972753056083250911001414352 0.349471920813988201626187901638 0.568106481445788125128615320136
0.893871408223238406165478409093 0.811922514624925151238699072564 0.037974899350916024864943665307
0.386255830987545956123341284183 0.051787206011962759466538130937 0.969904894253015070759715854365
0.806818191195744494059738372016 0.364071833511659226356727003804 0.743663672092708671890193272702
0.194088748777869940509432922227 0.407105130706685136576794548091 0.272244026142232975473689293722
0.957410525208619800352494166873 0.019277890984473518981578976650 0.252853372446958712949083292187
0.362579697840575254641493074814 0.785423682499860387196122246678 0.924450663345687817518125939387
0.946208574184580708532621429185 0.908949396363417982946941720002 0.331092772391135381493398881503
0.428066889281317974891294397821 0.392532167082767335930526542143 0.723186310430499634804846209590
0.521112625936980267127296428953 0.895900186079941818206862080842 0.386983174210667968395682692062
0.341916238772030867121287656119 0.110673117164166986969853212486 0.501442075977963419575189618627
0.857524892598335863880265605985 0.223603100071693788875037967046 0.591903757853597722871086261875
0.307492541734460334001965975403 0.058602722014621688728652770806 0.291875632613610935806036650320
0.741264288171727625531559624505 0.514961791884967379218096539262 0.781779929125648975762885584118
0.955329715659544276284975694580 0.465390890897749043286779624395 0.956224870258784998000578525534
0.097932095727172152610506827841 0.524015339060452611796847577352 0.564803021742101396540647328948
0.912597971497818627462095264491 0.867617798561022057768354898144 0.376602689358589870494142815005
0.717490033294207352199123306491 0.605021455882754910504672807292 0.193217799313047833287271259906
0.116802449818924264368646959156 0.799735356380456452463079131121 0.220699611844311111008565262637
0.553774521693107923958621086058 0.807677627803636388748032004514 0.390828978502107404757737185719
0.604600395587633010485717477422 0.270064616500855669833924821432 0.780389177313805415536762666306
0.474990598752805026627754614310 0.709274580499734574878800685838 0.814302317254218310793589807872
0.446968428378335114192765331609 0.553188895430021809751508499176 0.766970276973039544188281979586
0.728023726102557722228425518551 0.556902116291837057104885388981 0.945413774457991795685529723414
0.790064734375634736274207625684 0.913658742518156707923537851457 0.951133506048846055769274698832
0.257221470613716030051421057578 0.008270881653416297524250566653 0.220569733374650189805521449671
0.652913565785504967919905539020 0.751391265761746640627904980647 0.444339963506950708094223045919
0.996222057344754552410392989259 0.749289660714611227554371453152 0.184694096104216526343932969212
0.668604507600505160169745977328 0.679419517025363628448531017057 0.812119013722379379238702767907
0.592130824186488768923197767435 0.215446030976483959840095394611 0.189570932029695882192754652351
0.767499058655325638866884219169 0.060461122979479454964124585103 0.512882019737085581567725967034
0.881554960719393210233363333828 0.043260001139829119820578995359 0.064610786799548347580923746136
0.905717181444881558327608672698 0.246239977117203884260376867132 0.931239742500968414873341316707
0.405835825515695858278775176586 0.266668131560204524355128796742 0.863329012817072416474672991171
0.260610209869807207816450045357 0.899450550724520403456097028538 0.258949424622016088903819763800
0.514447090152357788817027994810 0.982017889164665258583397644543 0.591019346636468934086394710903
0.344140655860266209131737014104 0.699097072415694409386333063594 0.580527646166323130216824210947
0.987422959161329605315415847144 0.598895010691742224473443911847 0.964430485308882978756628290284
0.649376962158892512277930109121 0.122795829295198458130933261145 0.424304767999904630659813165039
0.414370562688132937356755292058 0.461255747020510475930876737038 0.225301395733479181693326154345
0.833855672276838877365889857174 0.756272735782649196956128889724 0.111511961012232194145887831382
0.918032250063373300719149483484 0.688923636407986816898585402669 0.687891696089012238957138833939
0.494267077410287969385649375909 0.882803285446266516878210950381 0.875807311677718858256014300423
0.464005456851200426271475407702 0.689994750495418252000945358304 0.587478484114541732452607902815
0.788466291207333691559711041918 0.731972827198911879520437651081 0.372547004067326048559749551714
0.162623038445769946269692241003 0.598529695552959983828600343259 0.922723058923377248419228635612
0.811052955379898299348440104950 0.523850485651071506865150695376 0.319968119808163309336634938518
0.153657630320365556908512871814 0.336553757059254110561852257888 0.544271046371631372906563228753
0.700345934600283381854524122900 0.143982719441862111464658369187 0.793037236893320285346931086679
0.713917013863495930614533335756 0.110607127738375332626219460508 0.945295535200994629931869894790
0.210964535981332773628693644241 0.615997220616184004704507515271 0.296279618455101756424596715078
0.556661393089451839166770241718 0.545831336057155502849980166502 0.925094029515650007056137837935
0.590235451944402633728259388590 0.166615878617104362646728077380 0.650775698377003108952010279609
0.675293407000533640882622421486 0.311016241834824347378685160947 0.799893706557123773670525679336
0.736474331376150037620220700774 0.664044536753564340614275351982 0.101413981633078506550127428909
0.015202326413620298115048079524 0.286368465858316212369061304344 0.322893383293440083825487363356
0.253653107406850542027143546875 0.748211304063963300592376981513 0.185588723547981615524804510642
0.399013089427177169987714933086 0.787967219909968763502661204257 0.769074032066767609983060083323
0.091432527487360498730240010445 0.367838461102530156487944168475 0.939263155430299034875929464761
0.591605834309666289705376129859 0.200859616484326569674223605944 0.569680855468238989125495663757
0.797952687007431049615036044997 0.379402139695815598940953350393 0.329538751471892987776612926609
0.730057939151243395770052302396 0.164753949065468002777024025818 0.461997510873458583358086571025
0.691232658625450691047831242031 0.811770970384639856121111733955 0.293833753221661830856703545578
0.018651277675443597714455279402 0.573653514484759874392238998553 0.518391999374452350224373731180
0.422858491877168118922014627969 0.996364694050323351781628389290 0.728803034936893134876356725727
0.300179193045462755495833562236 0.218791654967091631078801583499 0.454898580627049631264213758186
0.204460964985844650954049939173 0.620599683848409799935552655370 0.591972716060294890105808462977
0.301401532850615994085785587231 0.556565642592700360324897701503 0.714863895657559922369728155900
0.465895899412919312077008271444 0.062165448103971759907793170896 0.336661496915826197184884449598
0.906487342328368139732219788129 0.068347108861411431934840265967 0.290469687050564029373589391980
0.310886955175286638919374126999 0.201752640321133491774219237413 0.364753132602480989454818427475
0.649893702308927734279109245108 0.615377967945613835176743577904 0.244531874460915399360771971260
0.510858135495391607605597528163 0.785759789186782797720809412567 0.436024525305403420905037137345
0.566516749108106454357880465977 0.814264227947994245759844034183 0.134517837962329384060566894732
0.616828292551204970806111305137 0.503737474892162140349682886153 0.396994818098293344998950260560
0.461357922831842959254800007329 0.908624782526795793380358645663 0.615540647861001599672192696744
0.060083678637475393391476075067 0.430901757357919912294619280146 0.676773649913706032421600866655
0.440621451284182563679081567898 0.666459260320099722285647203535 0.927567049949779565132246261783
0.889909925805444590451998010394 0.562142622536675351518908883008 0.220633369061635303820523290597
0.365632167982096134561942335495 0.558932519288075968511009250506 0.557599354253666024128222034051
0.896745505235936213317415877100 0.469391589189121549718919368388 0.566746151908254391926789139688
0.677550770897625609379133493348 0.148159319641797709854458275913 0.502434836855457311877160009317
0.312488947008582096387385718117 0.017352745833353003940269232430 0.918126031649629359421282970288
0.147192478337066251503628677710 0.736350598075131701492068714288 0.876336041277914978842034088302
0.701896984731526063505668844300 0.723677644957764099054031703417 0.353230640239456772366821724063
0.329083350505278759978722291635 0.439988783730775767644161078351 0.033103358094369213227015080747
0.867580350842323322346771874436 0.152318134636779733970257666442 0.705308899261910648981199756236
0.155166478023776560624114040365 0.232869334879641620705825744153 0.653819961952319506082176303607
0.557595202532353506619244853937 0.759193199563248932726367002033 0.146161437150303608056844950625
0.992954667277334390718124268460 0.177468856824113674353071701262 0.381485917030844390307464664147
0.767339353011290081774120608316 0.776230935733913773866277097113 0.237609026671085299398100687540
0.356575923213011514167902760164 0.735429571424461303585928817483 0.846747957510146420645469333977
0.327029091056293630401796690421 0.782823104984792239591229190410 0.173439236375125732658730726143
0.124438016660516889699827913773 0.617347488322731563492595796561 0.135140482139003981210123583878
0.971644264814434222010675057390 0.054813636815252649026053433090 0.117633500968539000952617357143
0.904735615680675842043001466664 0.585601378181636378350560789841 0.151941264512175655543302354999
0.104360767893234798742163604857 0.144137995135076690811359867439 0.799018049957845422071045504708
0.583279101462060967087097651529 0.069020960275896992008881625225 0.713433933631530958763278249535
0.044942977752278276404318546611 0.249846338496018421926336827710 0.421224295759716260700855627874
0.717639646533778652326418523444 0.217299076773823374164607002967 0.563450571892841312049426960584
0.671414492283953889817382787442 0.061504360233845332961433172159 0.234484406770262415742323014456
0.167232864545021786550904607793 0.767757405878373822005755755526 0.257246868241215675965349873877
0.618094372850052198309356299433 0.914798920389282343990089430008 0.902510606853975660968103511550
0.174335594543515548515699720156 0.851089877427236185525316614076 0.999713180970817183457199917029
0.599823381544901668149805118446 0.319759773055045826151143728566 0.681743707713354130106608863571
0.185892864565939286425333420993 0.493775475647709072291036136448 0.603580426052256591162858967436
0.578807274040564201378344932891 0.109164704146861982203553509407 0.308804431813439639320506557851
0.726901765401540722599804666970 0.894205821420924418241327202850 0.225379580732034567880361919379
0.742240350864207920622561687196 0.449172093684410800307205136050 0.415822883160300416083288155278
0.969659030170176405860615886922 0.029055207002501547142170323923 0.341808257544547244854982182005
0.619972456578222308465342393902 0.075425927654772628727641858859 0.933395765166994073602779735666
0.330980947058842345231965964558 0.104824507874792083317316837565 0.574379475302822073423669735348
0.213256732420644773418061390657 0.329855966431600144961322484960 0.754308177417942538056649937062
0.296445528663070778652155468080 0.109189536450185184501826540782 0.177651531593425171529077033483
0.320969741521483220569876948502 0.718849736887250845285279865493 0.263344876515842485353857682640
0.526335875155203414266225081519 0.477952049158456293564967154452 0.117541759743238688473709885329
0.180862184327343689105305202247 0.935641485986454690682023738191 0.003496434174326525090581441191
0.937680831243761780946499584388 0.099870333964605900733957355442 0.750399599645732884312110400060
0.516149550404300438977145404351 0.619140891480005395308694460255 0.397838150357326114647804615743
0.270803235613724935237911495278 0.136578056596309505010822249460 0.939611304672595792908396106213
0.515552613764420408770661197195 0.667855373296638687996562566696 0.862436669798441690737433873437
0.997960980462852087491398833663 0.974579120484943883795381225355 0.200287953824175246619887502675
0.326269938781924007109580543329 0.282204429892875974239530023624 0.639002240297987245121191790531
0.880015513899721990576097141457 0.811465036572892706168147469725 0.449496694127765661352924553285
0.660297769951133761701100866048 0.626065448843939331702301842597 0.709794623062700136273406315013
0.120937694647856752716563732974 0.230337754777623970880995329935 0.287075148122184986565486042309
0.290721688890395679738531953262 0.547597994711041535786932854535 0.157431813453795255153266907655
0.793172848760296367309763354569 0.206935191713584903938638603904 0.005003679554140946263152134321
0.847380751009408461627003816830 0.236145065180020874429089872137 0.279457883833516662619445014570
0.064214858088225260090986523664 0.609752563121649715505157018924 0.255552287703454894529642160705
0.573753681389831071690821318043 0.024547961422682153254104520101 0.468233526069548489090266230050
0.812363366459408653419416168617 0.307967853278077907663856649378 0.522522974164304598865271600516
0.894289481178654033222130692593 0.256390987063302322468416605261 0.350721091242639004814662939680
0.125802595744259559928934777417 0.643458154799264936407610093738 0.663843917406358285937528762588
0.379180075738671851226513354050 0.087553441426122577406765401520 0.603601495341417604301170740655
0.822363493399309031239852174622 0.270715614932254600155658863514 0.269986573485138880990064080834
0.844356422148785701331519248924 0.684956478287603531818206192838 0.833197251234985003520705504343
0.127859874555310615296122023210 0.973644379712585994468554417836 0.853544871592566867235518657253
0.150227647577997613925759878839 0.100451606581602792545027114102 0.659750968987466324122692640231
0.320190004936754091247053111147 0.075061105906918515473513764391 0.662795934743195203076027155475
0.681210493356675717002701730962 0.050664737050962332931547393855 0.984084234249870903887824624690
0.556677511002294678199575628241 0.533901983519824763213534879469 0.934539064814506104106328621128
0.479012927104683183809896718230 0.747049077581400711167702866078 0.155785734559275523825050413507
0.938475990025593898025135786156 0.017721088795646565416941342619 0.248258009716702560121248666292
0.390407334674596262491519382820 0.045425138557529193272799261649 0.385299263149352422264115602957
0.856118019821785813938674891688 0.054077858818193443035671208463 0.749680326271812802474414638709
0.242337622754448367423663057707 0.995761042941698537589445550111 0.137003072078934029498498148314
0.415377645051887622873465488738 0.699971314936011168583718244918 0.871023503397429177397270905203
0.415281322775658767731954412739 0.294250580037014319856325528235 0.029362567822952816143367016366
0.927491445575546746837858336221 0.719752896279732379269944431144 0.201837292538525309160135634556
0.375081124568108992267667645137 0.823471849566728808511584247753 0.806407950163431253010060117958
0.766789713574948295082833737979 0.887602594738976180543943428347 0.025479745223020149047510329865
0.378444662845332790990227067596 0.821828171441840282795965322293 0.796736410770269465331239189254
0.018165599907724080952498013630 0.631204233787339585859399448964 0.534111051406561787580073996651
0.474161801164411089715144953516 0.819188993115633423691690495616 0.094542111074227164202454787301
0.327791297300490391819494107040 0.291365029034339473312797963445 0.218202694649047845842915194225
0.666307272722050369928581403656 0.019474784157206239537662995076 0.718306943487131865921924145368
0.611361868556001941676925071079 0.715704258711393315195437025977 0.307024544700882084935500415668
0.262865542915286742875480285875 0.208102830159810597843161872333 0.704522917767372414132864832936
0.781812168800697038228975088714 0.580075958149385617623750022176 0.983018987052248771618678802042
0.365575715618172258913887162635 0.231039398725867206607631487714 0.953767483067752497305491488078
0.024781434343456722885212784036 0.911288179508080276036707800813 0.013969802534285386680368290513
0.151270192460069924367260796316 0.152722933083987877367349028646 0.889693908026166102587239947752
0.665824874546055434088032143336 0.593293010296718548168826146139 0.760025402096620283920458405191
0.684787924770019484910221763130 0.697584092015238299566703972232 0.241449895459182384271912269469
0.654490899183691854368305484968 0.792155742834930398643678017834 0.573381276449588361820985937811
0.467380568642151716929333815642 0.491443540591661398586609266204 0.146401574943028162101299471942
0.996251832832752648450025390048 0.019097357814115954038891587174 0.497750917155899974542165864477
0.537097215501495917067131813383 0.919295684070077667726650361146 0.065530703921279034873670354955
0.281013901760723494582805415121 0.664557415742155210836017431575 0.032693835067275280048537666744
0.240101359382101392503372494502 0.091366142129839927887857697897 0.765768781336039761065137554397
0.657331313590670984758901340683 0.353680213401173559883972075113 0.141398626913931207971231174270
0.106462390161205025518320610445 0.843243578897264645100051438931 0.245511859744955179829517533108
0.743321778490292128793726078584 0.596818652823761675030311835144 0.731286320312983018077090946463
0.494386390171771661350419435621 0.944690887931940226351912315295 0.844845667658034371605424439622
0.729069845825366269487233239488 0.568240512589441415514102118323 0.308993407493636074168108507365
0.728161061298905787353419327701 0.604415845194558043473875841300 0.639746792073278225387866768870
0.267437030290104127416839219222 0.957883264960414870792249075748 0.250078412046884301922489157732
0.504419261580606126393888644088 0.469529647799286187215273002948 0.336255300090629927201035798134
0.874857643177399113554315590591 0.623574197354121118053171812790 0.439092208482714740913621653817
0.919409885797074943880602404533 0.908786150534060865879837365355 0.925550597891344528633794652706
0.491798883605022996157174475229 0.160859484334873986677294510628 0.735612584705364835890861741063
0.898103138856551463931054968270 0.292322633911310691967599950658 0.922016740783756505450696749904
0.882568392203544216378929831990 0.039307862988214266330988522213 0.361799514072534911246492583814
0.045827509551080038152637285975 0.555951528867490107899129725411 0.034167430038369993317015627099
0.713324697806826835133620079432 0.956582967356268576430977645941 0.219520647943443114602501964328
0.544521477020239785815647337586 0.013056855127732256219297291011 0.577956070405967081704545762477
0.544608663270463755345929257601 0.857032496066128857137300656177 0.074097215558344253771849707846
0.630370162978674541953694188123 0.133915685357880537287300626303 0.825108970674996111682730770553
0.536274626220416883448649514321 0.634661002992117251331194438535 0.198168921030305644759295091717
0.392053837096141610807364941138 0.863090678656209253638564860012 0.791174253472512911677938518551
0.998063413003186350458406650432 0.327004274017342222435900112032 0.672808624776339181394746447040
0.907749230347934865648085178691 0.560866731218116698620690385724 0.656043600950727223697356293997
0.816619976250801515860189283558 0.269360549865210741060650434520 0.732758711897641301646899592015
0.076470812960879541719805274624 0.000138135745361268207943850062 0.107748138249980210390255308539
0.789015214395446196071759459301 0.824484297278336719649871611182 0.027647777235924660133026264930
0.960792064537612899854934767063 0.567550713798869121973211804288 0.223266428025718888239481429991
0.187394822295066043604805372524 0.432816370409029316235205442354 0.675714913616313750388542302971
0.071495994326474160418527503680 0.466503825274613037610293986290 0.681339480257781571204134252184
0.679903262053446311163895643404 0.555119349664319305936999171536 0.186074498108337371693465911449
0.697840232058536513726210159803 0.906373519165399987862485886581 0.782184716304206495429696133215
0.295316474679110541057269756493 0.920580543434309728212383561186 0.051400625104376172769260477935
0.891308234174518432268996548373 0.559190573632384224644908954360 0.067492084892586387545598825000
0.149320584333382744279816733979 0.372605235065865347809932472956 0.045609451611335873055796952258
0.728173703840129360465027730243 0.698451269122802420596940464748 0.986838837034996418928756156674
0.138302875091657867523409208843 0.619063019704136019427664905379 0.284452517700312046411426081249
0.323440553367469352252783210133 0.746002644272972137429178474122 0.426333754056072433691326750704
0.122331990459279338345766063867 0.932603705843431440847268731886 0.412139190172954417157313855569
0.000060896728652467960532512770 0.531964351574449434423286220408 0.016092467117251298136526571625
0.042438641788725410541882610005 0.011716752319513233995817991229 0.789236087991425416809931903117
0.931610751857713581536302172026 0.228120262666310524846124963005 0.037922386127449879411610567104
0.149880779764659188835196346190 0.411250617007776153588594070243 0.086604045556852957132853987332
0.620518014443281473724312036211 0.345287593514741752986907386003 0.290021776596517233404171065558
0.622395463288290651249212714902 0.122126456015486939410408240292 0.972031957292885051558073428168
0.349592162822722152260013217528 0.074294013087155788555016044938 0.111014328720645497061703110830
0.444096688919701443332144208398 0.957989855135730317137188194465 0.030681568759979217786426630710
0.985834460901318321290887070063 0.408161229535029534964962749655 0.998924613452049636741492122383
0.917388001813429831976520745229 0.006920557320555280160501165909 0.831238191524756864225764729781
0.604198639957410632561618513137 0.160166471465284787623062356943 0.589071891578924922150406473520
0.506568553374212471318571715528 0.222425723451530471530546151371 0.731825315421521405134797078063
0.335772078651477068333974784764 0.697497622000725736590709402662 0.970731846537378095796100296866
0.449815368968387641057660175647 0.385386441328627538105422445369 0.095931724670116805264719062052
0.611720460114698605380567641987 0.371080190022807399063964339803 0.332783380617370894150042204274
0.386902617528705861094096007946 0.703442604217204059402490656794 0.054027697385288141196379996245
0.316091697181424213791700594811 0.370437623026544315951724684055 0.596594745192634445807300380693
0.881002181770371595170843193046 0.450638183285970717051327483205 0.401422655243321158113900537501
0.308857240896333817836705293303 0.348265533378254055207889905432 0.522364013334266519272830464615
0.555080639730620606364652758202 0.847374342981087935733341964806 0.317888106749020848962317131736
0.337660617468923285322546234966 0.093352976130095660645125121846 0.380697868912760306603360049849
0.090880516873196273697210756382 0.392506430051735022423997634178 0.376759681872015528281139040701
0.555849243772499335136672016233 0.728069548425805845859315468260 0.352630481191047284728057320535
0.713294701482434012618227825442 0.955196534713282252582189357781 0.610205407837673408089074200689
0.066774752907980239324814419888 0.230305884958642015369889577414 0.271614286220618561529249745945
0.244371656744367088398561804752 0.768623141179237356901410294086 0.739004065118394559696923806769
0.192366382973539945533403283662 0.850615986678789570696324062737 0.077681764184625759495084196260
0.690795575137294171064183956332 0.703905036470776845902719287551 0.444325651003974142483343712229
0.128129112094004848909634119991 0.720378224826549451442758709163 0.875246546370178846174781028822
0.443306327100680908070984287406 0.752040260319856268544924660091 0.694487155681836609844026497740
0.202218452509134227756959489852 0.117758612040530036280117087699 0.163985729666351803812673892935
0.278113608929073607978210702640 0.261776616204846990232368852958 0.668287099708557263966213213280
0.570895700391652161087563399633 0.206836651932976040013656415795 0.392285888525991721653696231442
0.081829116588406330956573242474 0.746550165906944340754591848963 0.755350862025600422455795524002
0.200324633383821310017580685781 0.108781313256821443591348952395 0.766344645083536279983604799781
0.997500413652683604048831966793 0.886693849728027561063470329827 0.402206136089811094880275277319
0.855326777400033044784777302993 0.186428022797821529854545019589 0.268817897906983627187571528339
0.187759357647693164716784508528 0.012788238741359840219824484109 0.209678174087859631180563724229
0.894317583905361868090722055058 0.257948376665415424202620897631 0.352674433246700502753157024927
0.874503741728301808855405852228 0.030345847066084407489539032099 0.845546883093678092180311978154
0.573970545704112655727158198715 0.561676039834639428960372242727 0.498446745197398011217870816836
0.050739545273045701112568650615 0.912933108353302213977542578505 0.773034061574380593206967660080
0.789011378406565322407573148666 0.874456336496602704144720519253 0.856528303420736158990678177361
0.649592868409190948852938163327 0.298440908907994073562264247812 0.398528189618791550685727997916
0.558979149145170772783330903621 0.525619216917293630153551475814 0.856396894028716659796884869138
0.384089766252854181161069391237 0.956939235813739075275918821717 0.516673361851782919629272328166
0.302493105756931557337452431966 0.070226991456736664876103759525 0.315048532025146932333825589012
0.954829172460793018650804242498 0.267205898123508978070361763457 0.395831801510836411850391414191
0.605139203999349395424189879122 0.549787244708912159474323289032 0.825933490465267872160382012225
0.027277743195528374869907040079 0.351522569580410448875085194231 0.834105417479835686833666841267
0.917768375618667420212659635581 0.913897211664498887451202335797 0.502555035932726767988754090766
0.771643955145875581891345973418 0.873850204378579187292075403093 0.683072588754966236734844642342
0.634167907906199035394934071519 0.493381209161236955473839316255 0.794910718882996802925333668099
0.825752813242515704139634635794 0.039042317275318809410844522745 0.269431653690884176377551284531
0.061271086289411115510805672102 0.769759652643406955263571944670 0.537020795874691536653244838817
0.632848670922710132558108853118 0.690939031078105170280423408258 0.798188425786899524716488940612
0.965159071919968414299262349232 0.376213950532939933601994653145 0.937802698513073629271730169421
0.412545178853670535534803320843 0.724049359716825602362177960458 0.039342333210955079958459634781
0.097763337636293093368955453570 0.443692348937221703319977450519 0.961839900174141448907505491661
0.180862634642639324988877547185 0.179650223004632819678860755630 0.817679005589037055656831398665
0.144954186395655992836140057989 0.214822988046472429513045199201 0.784316980823413278933742276422
0.850183366315497845988602421130 0.289489881894274547757817117599 0.039775578572056116688493432321
0.291530293932668937983976320538 0.471598210179922427975895971031 0.690336051171188902486619554111
0.153582537605135821534574347424 0.928691029793515587797969601525 0.133830722376911154247736135403
0.280218498283952566207943846166 0.596205562619324447304336445086 0.015871323955282748419115534944
0.991764478030828677823649286438 0.242492736670751690697400704266 0.595169674611953025689103924378
0.617489441912763004083330997673 0.748308253120891775367340414959 0.153827680338083555566797144820
0.836604656169184335290367471316 0.929443334631153916802759340499 0.419146411730289603081445193311
0.480725285825634229830427557317 0.091714279740909981919472215850 0.211914921403099948404857855166
0.658245065727049660786462936812 0.385835019607237816874345526230 0.002073702187244869966920024495
0.746819214759983474039017892210 0.931227512728396100705197113712 0.538841797195285354682425804640
0.135413809560547437893518463170 0.505296879904278184447719013406 0.350016946641270365603304526303
0.713872085829596936257246397872 0.789967518830691939335508777731 0.784443051182693307232796087192
0.479309839410821503236093121814 0.343723823171614206728463614127 0.462474773749457890303915519326
0.983284945825873557545548919734 0.194785410438619271955573708510 0.931804159050688363130632296816
0.223214410001794816285070055528 0.580513582991490806328727103391 0.955237835707197335821660999500
0.385392275599793221463329473409 0.959821790664464824516244334518 0.036089620108683030663687674178
0.068918872345517898092559505585 0.151174252208144233033948466982 0.670896112028923963244153583219
0.325940421176035333150622363974 0.938427045507383761346886785759 0.241042606006883403102492025027
0.341807553819395981697937259014 0.201730227078329410472790073072 0.710206121543321744482568647072
0.492526399964485273041958635076 0.165353233067816435264418828410 0.906338752852711371232885539939
0.694371293874938122492324055202 0.825057437728611176019910544710 0.151953238551796127042692319264
0.762479236100589097269164540194 0.326216536730372597130411804756 0.114275826356939391725831001168
0.673839158421065786974679667765 0.450947626623506681031727794107 0.700340696605096346694097064756
0.246552681256942601839554640719 0.742155416800636347218755872746 0.906696209551840492935070869862
0.440512437436978321336766839522 0.502795730418427400110203961958 0.285944284695814121555201836600
0.192825930932612910062573519099 0.328325037946715803105490749658 0.997085851817489765558377712296
0.780071604545961139187681965268 0.212481240436156043616122701678 0.684500057058441302437756803556
0.019290621789945582020830983083 0.649830226653688169946576635994 0.146570567695640890937269773531
0.457488121146410853246067063083 0.774588689126551765973260899045 0.609891606464653679431364707852
0.985009844180021576498518243170 0.456146840737198078219449826065 0.528904130072008760166113461310
0.001105173546890529483188725379 0.862374425616602602318039316742 0.908910312458593216966562522430
0.932180223480329916974085335823 0.815479089436323967277076008031 0.252195486695926673892387270826
0.715778945222937390546746883047 0.692732649427826197019442133751 0.182996390376391010468282161128
0.814981244774485746873438074545 0.186348393961600217183516292607 0.858928878595453415556448817370
0.824236996204761762641055611311 0.921702635566661654387132784905 0.801252945397992411002974222356
0.648610523535828376040512921463 0.378485092518330290545236493926 0.984160431349085484953320701607
0.443406359492287238666108351026 0.507630446082415698327849895577 0.561981694687121891007564045140
0.390381639468404040282933920025 0.811063908579368941786924551707 0.228147007438802562617752300866
0.905155481710776643744509328826 0.777417555031991169833816002210 0.862573034335948674034000305255
0.798150116832294420632365472557 0.033918698389646971536048880580 0.764797575600295376219150966790
0.711467055607540199702043537400 0.784685911410301972779279822134 0.986623944339739988862447717111
0.389021481601552143736455491307 0.514110862632414677975134509325 0.823321771503983113049685016449
0.194433566731448209674582017215 0.514562881545677419659057250101 0.454376891192454390733246327727
0.294262084963936521031513393609 0.482641665147165777050020096794 0.624829498120005322192582752905
0.970918601665899716479657399759 0.255716667242228357093125623578 0.944430604787160787871869160881
0.366884223364602746197959959318 0.005564157898337858225434882087 0.116011829454080270251914441815
0.850546538930845308357220346807 0.260018871818584407229479893431 0.714044053161802527718293731596
0.826441788555630996171430524555 0.840059075673955546470494937239 0.757823657369093295343986937951
0.779965689532436279307603399502 0.114932080105502057443267460712 0.423310093927832142846057195129
0.118584461062862855929012084744 0.117436956657899355116470019311 0.622382834966664022502413899929