   0.288396
    0.20596
   0.836279
   0.198846
   0.819823
   0.810902
   0.826075
   0.616242
  0.0349057
   0.318837
   0.509514
   0.625225
   0.663341
   0.579396
   0.916853
   0.871007
   0.542613
   0.416558
   0.564759
   0.142477
   0.120547
   0.968386
   0.492031
   0.703277
   0.893111
    0.79321
   0.953916
   0.895919
   0.491337
   0.938112
   0.395475
    0.80554
   0.494839
   0.631733
   0.171416
   0.901176
   0.839483
   0.124053
    0.14963
  0.0299755
   0.679638
   0.303867
   0.178916
   0.492546
   0.869777
   0.440441
   0.523225
   0.588382
   0.335966
   0.822649
   0.338922
   0.464344
   0.718849
   0.911187
   0.549808
   0.223762
  0.0101194
   0.747229
   0.491665
   0.601313
   0.827366
   0.286833
   0.432821
    0.97363
   0.282973
   0.532073
   0.560478
   0.965586
   0.405618
   0.566044
   0.965292
   0.326404
   0.779902
   0.588498
   0.545949
   0.839367
   0.536393
   0.386508
   0.851508
   0.914211
    0.58308
   0.945046
  0.0439476
   0.881276
   0.289928
   0.164317
     0.6339
   0.287497
   0.655172
   0.139928
    0.82859
  0.0775332
   0.581413
    0.89755
   0.500968
   0.327942
   0.182906
   0.154026
  0.0961577
   0.586828
   0.856211
    0.99251
    0.25496
   0.249753
   0.692544
   0.662118
   0.352773
   0.829172
   0.767558
   0.224718
   0.947359
  0.0267899
   0.224775
   0.530708
   0.981092
   0.608795
   0.078973
   0.838739
   0.845162
  0.0744413
  0.0780609
   0.632881
   0.695169
    0.73346
   0.989393
    0.54539
   0.515165
   0.604953
    0.11137
   0.889903
   0.393286
   0.217083
    0.74013
   0.288091
   0.201981
   0.713443
   0.439646
  0.0895443
   0.290557
   0.660389
   0.523618
   0.664033
   0.896116
   0.650882
     0.9593
   0.300027
   0.320984
   0.860316
   0.143402
   0.677893
  0.0713262
   0.307741
   0.975934
   0.808411
   0.200485
   0.520277
   0.641846
   0.539593
  0.0541825
   0.125735
   0.422251
   0.242139
     0.2361
   0.829999
   0.927076
    0.28853
   0.276791
   0.815746
   0.931363
   0.317304
   0.235234
   0.687327
  0.0960702
   0.414808
   0.600012
   0.822248
   0.286549
   0.119989
   0.317225
   0.274233
   0.824163
   0.958796
   0.441575
   0.939656
   0.792253
   0.919621
   0.341452
   0.153992
   0.843528
   0.853377
   0.345219
     0.1544
  0.0332831
   0.124359
   0.791598
   0.546943
   0.547278
   0.606545
     0.9082
    0.45188
   0.958164
   0.977612
   0.876134
   0.784771
     0.4174
   0.916009
  0.0285689
     0.3067
   0.636277
  0.0251948
   0.181275
  0.0365174
  0.0779653
   0.758804
 0.00563872
   0.630489
   0.895389
   0.559573
  0.0487533
  0.0913358
   0.128668
   0.344464
   0.362677
   0.518255
   0.939337
   0.171943
   0.929049
   0.312205
   0.721542
   0.255024
   0.609544
   0.675959
   0.721538
   0.236451
0.000605415
   0.670575
   0.456866
   0.796867
   0.319306
   0.530277
    0.83078
   0.936314
   0.182958
   0.414249
   0.885417
   0.601806
   0.369425
   0.471528
   0.138351
   0.418209
   0.826511
 0.00332281
   0.725826
   0.139046
   0.311004
   0.450332
  0.0275171
   0.753548
  0.0508925
   0.246387
   0.265811
   0.120655
    0.24731
    0.14361
   0.509684
   0.743818
  0.0145702
  0.0391153
   0.722625
   0.567511
   0.865899
   0.510125
   0.421144
   0.321937
   0.112555
   0.616023
   0.281031
    0.85567
    0.55655
    0.78508
   0.405406
   0.928724
    0.93042
   0.869199
   0.520299
   0.900254
   0.434267
   0.179042
   0.228765
   0.304922
   0.292862
   0.350678
   0.899275
   0.706335
   0.688301
   0.295417
   0.396055
   0.263194
   0.738839
  0.0490597
   0.983329
   0.683808
   0.651107
   0.184339
   0.302418
   0.806656
  0.0720381
   0.795113
   0.865754
   0.141708
   0.335479
   0.633132
   0.998612
   0.322325
   0.803301
  0.0310014
  0.0751052
    0.89681
  0.0754211
   0.401493
   0.698446
   0.899255
  0.0428109
  0.0939695
  0.0737982
   0.289494
   0.466293
   0.222781
    0.40216
 0.00721239
   0.349453
   0.814888
   0.567324
   0.236088
   0.904125
    0.50457
   0.906783
   0.282868
   0.595926
   0.643623
   0.201412
   0.253236
   0.146103
   0.837549
   0.396715
    0.48029
   0.303368
   0.720149
  0.0172048
   0.555642
   0.376368
    0.49654
   0.574596
   0.310966
   0.751305
  0.0700525
   0.469651
    0.23106
   0.634664
   0.535343
   0.327461
   0.493666
   0.355533
   0.848653
   0.563337
   0.603447
   0.475455
   0.355856
   0.771314
   0.736501
  0.0113262
    0.16232
  0.0962296
   0.396821
   0.848335
   0.781976
   0.123839
   0.212624
    0.74461
    0.39252
  0.0321128
   0.962259
   0.413089
   0.392711
   0.649246
   0.507448
   0.295176
   0.250549
   0.249194
   0.929301
   0.043498
   0.417408
   0.410248
   0.244298
    0.54325
   0.529408
   0.539782
   0.435629
   0.578411
   0.350483
  0.0221475
   0.299918
   0.856998
   0.956011
   0.583888
    0.64314
    0.72463
    0.93263
   0.566635
   0.512584
  0.0614981
   0.783838
   0.627494
   0.336493
   0.969858
   0.324101
   0.491642
   0.553822
   0.330937
   0.223684
   0.604304
   0.118631
   0.890295
   0.824968
   0.667031
   0.746689
   0.557016
   0.925463
   0.238873
   0.274895
   0.082538
    0.89819
   0.742345
   0.295459
   0.444062
   0.293157
   0.523768
   0.845486
   0.177482
   0.662171
   0.845319
   0.445554
   0.577345
   0.623596
   0.340793
  0.0747088
   0.216178
   0.843487
   0.850035
   0.049368
    0.39097
   0.646297
   0.106875
   0.753191
   0.291099
   0.846827
    0.40554
   0.157397
   0.384202
   0.885806
   0.177839
   0.862502
   0.805236
   0.153906
   0.646982
    0.57471
   0.609885
   0.243877
   0.639808
  0.0883365
   0.446656
   0.341432
   0.482782
   0.874556
   0.837805
   0.909851
   0.965264
   0.391201
   0.552073
   0.422331
  0.0918999
   0.769688
    0.15177
   0.755299
   0.365584
   0.942525
   0.403334
 0.00928101
   0.433496
   0.764168
   0.679618
   0.755263
   0.811393
   0.695407
   0.344406
  0.0415665
   0.328979
   0.499785
   0.533498
   0.100511
   0.922156
   0.148446
   0.193119
   0.906304
   0.288806
   0.438194
   0.925371
   0.313038
   0.123417
   0.843749
   0.729173
   0.193011