  0.602973
  0.320837
  0.833196
  0.340226
  0.703346
  0.568942
  0.734945
  0.115797
   0.22931
  0.602355
  0.262224
  0.498697
  0.114496
  0.317093
  0.414733
  0.961121
  0.797985
  0.505363
  0.806507
  0.317753
  0.616335
  0.848016
  0.298585
  0.133207
  0.809923
  0.132328
  0.724783
 0.0992684
  0.863826
  0.846353
  0.935265
   0.24293
   0.87176
  0.652401
  0.877041
  0.288169
  0.372744
  0.583996
  0.396519
  0.849838
  0.259199
 0.0790777
  0.939959
  0.734204
  0.748201
  0.352049
  0.427821
   0.98116
  0.520272
  0.982612
  0.768158
 0.0582238
  0.181706
  0.524264
  0.726739
  0.516736
  0.771429
  0.274857
  0.282637
   0.73314
  0.282169
  0.435923
  0.635211
  0.625306
   0.93568
 0.0399295
  0.158491
  0.785542
  0.715422
0.00858762
  0.391626
  0.646136
  0.345581
  0.138935
  0.805667
  0.264184
  0.213535
  0.886721
  0.287471
  0.741351
  0.131827
  0.088863
  0.542594
  0.218563
  0.423391
  0.335974
    0.7398
  0.558738
  0.387032
 0.0991791
  0.111857
   0.15489
  0.412224
  0.382216
  0.565659
  0.768298
  0.280137
  0.968001
  0.894343
  0.801113
   0.53269
  0.739387
  0.854587
  0.805156
  0.303923
  0.986417
  0.712837
  0.517189
  0.962946
  0.425713
  0.480138
  0.978153
  0.132731
  0.167063
  0.535077
  0.997177
  0.770134
  0.747161
  0.230921
  0.545854
  0.433669
  0.154401
  0.757218
  0.922842
  0.830135
  0.515045
   0.34942
   0.63236
  0.634315
   0.22645
  0.247591
  0.364481
  0.510525
   0.83348
  0.326049
  0.401391
  0.473444
  0.553824
  0.262463
  0.785582
  0.418687
  0.241673
  0.417215
  0.283818
   0.16044
  0.756582
  0.320384
  0.619312
  0.604155
  0.187373
  0.122692
  0.217268
  0.317068
  0.657304
 0.0450899
  0.897311
   0.82114
  0.482896
  0.340008
  0.229497
  0.838299
 0.0759316
  0.888194
 0.0950757
  0.539617
  0.155646
  0.665768
 0.0289019
  0.752119
  0.662395
  0.442819
  0.533617
  0.449397
 0.0232739
  0.475844
  0.745572
  0.857673
 0.0886816
  0.636897
  0.108149
  0.843562
  0.731318
   0.13042
  0.901694
  0.836943
  0.202909
  0.129478
  0.376536
  0.359028
  0.260367
  0.934967
  0.675068
  0.157461
  0.283415
 0.0810209
  0.839809
  0.276081
  0.165058
  0.224848
  0.294832
  0.599029
  0.811859
  0.905462
   0.55129
  0.596488
  0.738173
  0.153534
  0.601091
   0.66662
  0.630101
  0.211836
  0.537641
  0.553934
  0.825049
  0.708062
  0.145059
  0.352755
  0.908275
 0.0694487
 0.0472913
  0.787142
  0.680898
  0.645365
  0.206103
   0.51659
 0.0404225
  0.553035
  0.543767
  0.242805
  0.982975
  0.883841
  0.815112
  0.698895
 0.0483854
  0.737866
  0.844161
  0.743675
  0.740589
  0.269731
  0.282412
  0.464406
  0.885962
 0.0204325
  0.371549
   0.51194
  0.510963
  0.948208
  0.218182
   0.59945
 0.0540191
  0.246371
  0.327111
  0.534767
  0.787429
  0.667041
  0.947115
  0.738491
  0.100182
  0.746498
  0.925591
  0.059653
 0.0746412
  0.802844
  0.679107
 0.0871178
  0.841971
  0.572135
  0.460541
  0.358244
  0.537996
  0.344871
  0.613091
  0.590227
   0.50836
  0.352915
   0.61953
  0.825663
  0.629199
 0.0637402
  0.218171
 0.0550291
  0.151202
  0.567147
  0.137172
  0.857101
 0.0497911
  0.407659
  0.957806
  0.286177
  0.486338
  0.469946
   0.88189
  0.669215
 0.0639912
  0.414776
  0.614779
   0.40748
  0.847758
 0.0227611
  0.850387
  0.237264
 0.0982913
  0.652162
  0.292315
  0.503827
  0.458968
  0.323469
  0.353268
   0.83383
  0.804936
  0.888672
  0.560494
  0.669236
   0.63737
  0.510052
  0.796465
  0.224197
  0.389656
  0.746038
  0.197652
  0.274283
  0.622843
  0.383993
  0.988172
  0.967563
  0.577147
 0.0723923
  0.939396
  0.785669
  0.763997
  0.384178
  0.649439
  0.616609
  0.925833
  0.259388
  0.956865
  0.279459
  0.344037
   0.74518
  0.448237
  0.387319
  0.932899
  0.101766
  0.168289
  0.551481
  0.314073
  0.133841
  0.574865
  0.178173
  0.191825
  0.834246
   0.53425
  0.579703
 0.0453628
  0.400349
  0.861774
  0.578474
  0.885711
  0.866265
  0.820658
  0.401581
  0.630954
  0.420654
   0.96373
    0.4712
   0.10329
 0.0941859
  0.618129
  0.749378
  0.840505
  0.104156
  0.994645
 0.0262267
  0.233392
  0.422123
  0.329583
  0.747635
  0.220729
  0.677982
  0.082105
  0.191954
  0.273648
  0.450542
  0.384277
  0.809084
 0.0509168
  0.759126
  0.491159
   0.89883
0.00827284
  0.309654
   0.44285
  0.612364
  0.674447
  0.766114
  0.999989
  0.398187
   0.35313
  0.816645
  0.495737
  0.110548
   0.69141
  0.885567
  0.930553
  0.620532
  0.103911
  0.892144
  0.616058
  0.825777
  0.709089
  0.477708
  0.199384
  0.697161
  0.310453
  0.107869
  0.313168
   0.41985
  0.522719
  0.782888
 0.0707843
  0.475697
  0.682029
  0.467675
  0.356384
  0.378911
    0.2809
   0.36943
  0.295466
 0.0894372
  0.851076
  0.103816
  0.323971
  0.867263
  0.223128
  0.893623
  0.303727
  0.472832
  0.435014
 0.0329362
 0.0203852
  0.925305
  0.685848
  0.408019
  0.131009
  0.753508
  0.789704
  0.320918
  0.754907
  0.886886
  0.973691
  0.752092
  0.852078
  0.125516
  0.909554
  0.439008
  0.175666
    0.7391
  0.788655
  0.684478
  0.245719
 0.0343998
  0.135974
  0.950582
  0.614438
   0.82532
  0.408365
 0.0474937
 0.0227857
  0.975747
  0.301663
  0.602557
  0.681208
  0.851287
  0.588765
  0.927298
  0.583917
   0.31554
  0.800159
  0.996786
  0.677698
  0.426072
  0.634911
  0.180075
  0.521467
 0.0806372
  0.335238
  0.986262
  0.901016
  0.660835
 0.0575561
  0.924712
  0.936559
  0.799624
  0.709605
  0.846341
  0.221111
  0.908431
  0.989949
  0.694494
  0.589657
  0.482224
  0.779771
  0.766933
  0.970473
   0.96854
  0.760703
  0.755702
  0.306897
  0.680104
  0.797645
  0.375878
  0.468644