0.068233845459232406493538235755 0.032368181439608389755477750294 0.574734560719984498497856888082
0.226249572026835937696436175442 0.884149233443504740891476831210 0.216098829323516883602856942001
0.299076535515216575113603265635 0.273988036913809879541739457427 0.487187961869571213183777180433
0.484583447687264063391498244537 0.993466757057690388460721707666 0.391052197384606830959683433945
0.993152224350969814725032429663 0.108010913838103196144502487066 0.801370494292692135417353702924
0.894118029081243175919563212623 0.790792071815243981993213484500 0.658199025572054580793125063046
0.214877956714441901267770762139 0.774448732369263175085295486680 0.830061792761834349365606796900
0.445078677511583050666948185569 0.087456662821895780303258598799 0.504553552446738797755850577904
0.702568662950017604339406874768 0.768877653176162527890077333432 0.717616741412192628866318439025
0.774138415023675004486915114143 0.011610077116947167263033542854 0.434466139295820479735949256892
0.604699605343547957287684022138 0.612402810048467353806377302375 0.582797174871718225514865325341
0.176532936804476434544584769701 0.132792809889538516428167113355 0.704732025419268816964947821588
0.434176580940814475491397036329 0.704581710903950677354857395163 0.934682556115980548556336880499
0.717231913530956998036866935791 0.577331672475936644956467463750 0.964200711117659501355768047945
0.529319198845840850772739328775 0.236684790107910721690823259332 0.559360158083500711585335145473
0.602375355723152672404965806618 0.275228892792535524250340119043 0.454896509385915106706392110985
0.159104721397178104819149936324 0.436816940888160160501530428216 0.891004144269713938714123240318
0.320333643009578500597548990434 0.138010096904672511567429355714 0.573322250896279845972113354186
0.667851339886676056630072560806 0.670869276716033968791124591779 0.989087971659839626229738054449
0.008444299819648557963507759846 0.699657912790136689358121673909 0.253900477862215673743989704089
0.312560659667139178017709131495 0.628113780428127853922894330075 0.766933891212049202220880843343
0.337355157963031388918956337704 0.578739035457533043907846641315 0.765430312052569515829708126058
0.660822620227918353443019533596 0.137013296159624813279668180237 0.725054223691564795017245819738
0.137518089675730296773856643475 0.463747359854615952182584635550 0.847639928781886536009018709914
0.280544045382146439027983135248 0.532397157797948899076143576795 0.233743080298856814349633804264
0.180993634996088678300929106432 0.706078393879081909981649711370 0.488729553809611830675725786975
0.321570238577287322603947343299 0.011500709423457406890179384594 0.831260087284552522038534402402
0.285317099634102935409414730599 0.039864067843329338922826168378 0.519306605966544240190112524569
0.163997264539602109097969883930 0.660729458212767657249293961029 0.711939588401591907619362707332
0.592377520718044718407196978787 0.037040814691284659180929494280 0.715876248553130372197729210280
0.980261532816473910854918676182 0.111486186491205942373810696890 0.682676513709247769010392531042
0.229159735318149958857750774785 0.539205764689223568932597043227 0.810246574978947202073589400536
0.040857157005858057432823650601 0.760196023831678426980918515744 0.698727347528123615356429062321
0.481403237608054375229921743009 0.497553055820388209892531672771 0.019343788236862477135142143579
0.551356680515330599518524391579 0.213350749692139087386928004037 0.995524940729947167968065728655
0.014009035290613676625899750638 0.145659139386416513609954027698 0.908195891775117283274477754253
0.846018297024590330684133274559 0.897626966541022892181724087159 0.230513455633454400393067160534
0.159430860937712239187950985692 0.788880070786632302794492299825 0.644103114996768408986553178792
0.691484333077097014498112606217 0.275343204275258135138509202331 0.240092831533967920521272395172
0.161454535706040603222188263316 0.128633560084222064756301572920 0.216858858203225296369278903697
0.810454506701269365138939345932 0.502480896794043877155666908017 0.568171273059667458854603390096
0.646274653716642326674210945983 0.700153534334208779867372193302 0.411078706311554134464318594244
0.931655322396109483689709382251 0.767282260005252899011532766419 0.315866800981224357262548509249
0.451318602317556514053677393993 0.637608998604662183918677682596 0.171236849097183891808960444359
0.418263430945855351175319016751 0.964520630502222028414283147864 0.175984716076197346724487187290
0.708727935842502801611163769595 0.081671660522841186717254685795 0.798590832202710056517425358523
0.879585161370067329767522411732 0.907722346489642174842288074645 0.018885840235726250347747449294
0.764598692639646189001521817547 0.523484103414289328049148356588 0.533851995493732393474527781656
0.923980966673397141419580753091 0.573239553882471661453330410030 0.280297820485575058256777067995
0.347883928284491544377204633401 0.429665952316795229219141217552 0.443691881509899552836359785096
0.943023030460881020843966014741 0.222687180029558924689119292112 0.185833190557667737245693194055
0.151361093966653899249074779349 0.415989362485179339542538572197 0.296357787293643446940807386372
0.351644050916357453822008019527 0.888997505685347732536435389336 0.063778787280492938496583027039
0.041733773939796054919284199899 0.844983924431029974646965922933 0.862525184197916404102659210742
0.492961206809105705290105146488 0.009933445739414755417153718792 0.087135838583515467209419110416
0.284386170525741503690907760714 0.296456625037443805916160136762 0.709194458805672702836045253672
0.326352942372667993683603995056 0.345496554110996662105121430482 0.604303618144135687421221251923
0.691932305210285188145328267174 0.656987701303103711361897221644 0.917472856791274716746188009292
0.461795443693874954828172509441 0.895120908379581832505853298051 0.830155170510224821295897942707
0.568633120772228871166886250342 0.710414422315114589305111813024 0.928642098627237989971356447782
0.881414551192111087780749490369 0.545686470580181579867613697962 0.001674431230962476410240522204
0.210607228283067412274435024789 0.498880622104127557593662780252 0.882311529847159397298553838930
0.309647571696210221484664239808 0.212901828683591726119894121033 0.483145213505548217014227016383
0.515571913219441932551076475805 0.409270451912621938012875312365 0.461944208944764184955986642842
0.508007105646683191419184464347 0.247161823594528969029838350826 0.610532545829431168760605171400
0.525756036286364173176816171295 0.216881234564343797100976698924 0.413570280360094240093065948870
0.869326062520933737491218358535 0.130633144426047404865974491445 0.491217122115024492649358845523
0.777479303824916759044121868166 0.211478766375817959872630386983 0.865601445753944916310856851815
0.976392175045753057110653720694 0.482929368550044761076908991358 0.088834144497351921149171015052
0.190961671345167188624432084094 0.354642791203959054291298832600 0.866949766165959731664453774679
0.459754214368812454154352651421 0.831232558913794545256773064013 0.092617813956791820335849727629
0.406254194726838007575574372749 0.463321152905159143238152198541 0.246850897419216795453644133186
0.648896109741009328457588993254 0.124171694509177927792867610792 0.068753039928625048054260434089
0.347498044321140160659914135990 0.566051893879131303405796682836 0.044544473596752047992989420492
0.109852945931845024174768475343 0.260456498070516234798190145980 0.322543470309541549981249050969
0.228084760763639728522499369415 0.411279521968866069511859719940 0.574884605356807835114378411765
0.153941891048459903146414525949 0.247249445084819233332759528628 0.066187607888918803597671696235
0.741330803082803784484789523884 0.302871125987059405984583118399 0.652492967703347706866287027595
0.879669442661918629796350247824 0.901599303311741536589763262116 0.030682051535186706404172085084
0.306046422176381742359046041912 0.964822794566168995893003854806 0.893943889544638871784436812904
0.489228607005815250483948887350 0.643045316019930263757857431199 0.439808740523015198020605422430
0.202324069476689600612305017166 0.223782070006820616663447149543 0.210564697668560944587068037851
0.879003143864645475355540575647 0.460948032477786345373356228121 0.100303427667826940105809212189
0.333598742336788330221134200152 0.134999583700974233235261388209 0.448291546560739523631415674750
0.664037909087017351672059560268 0.782024448382478287662902752136 0.291109813537270787702357549804
0.485079474106211053811458592887 0.789471607551152902477792260295 0.525708342342237325309337918589
0.775758436549391504411532270265 0.383901131510697596200008853704 0.138163560993626134514668701521
0.157205159497280361233163524043 0.258492322631133051003354156215 0.452791139177036045742493358492
0.556892725253048699722672339599 0.307868399723450358530945727622 0.038848262483245297657825590732
0.451150223347859196519087275683 0.239648867763512736115983110294 0.404303556545542230331680735520
0.523747213875217376728684611852 0.438370492463378041055144606666 0.311190947369527094017297398338
0.199190400859705388964988796103 0.489530389877605568040541813493 0.997390142574912246576651918819
0.834970726921951348184080974370 0.210548294023606523251380527501 0.706136982582922208458119452877
0.256521428892147680839602276096 0.540505035560793765784815301054 0.561449444171353623498362184774
0.898233720109802278777660732448 0.440933800347166497386207144206 0.133398546713032181488202057717
0.221796472014844869905472185354 0.057326438997385037007127175367 0.192434675730859293642719888561
0.651263481234608399506256281403 0.231927803427888818926288706986 0.902209021462513761026836372139
0.684664890939763510845161427784 0.086787491774516697934781196089 0.162530811026467068709914199549
0.887303347874653254594621225898 0.884999011162825977518886740400 0.244998904926590885352178585685
0.302128550176789291880001441852 0.729103987719665827833413681326 0.974324707478347918072876825325
0.320610601794897686371176200599 0.537573520944207773486939877847 0.777613199807383414115717996211
0.893230943675071999674405808573 0.214781252021082469858855977785 0.375211121178764764140020733484
0.869409635573168672512302528844 0.666933044039179304794859010679 0.545043217075709860776295470384
0.212696383251536287878139098852 0.196370840409312327436919576945 0.326429063225683754338268489277
0.706280088145137493296925886637 0.842550979288053292645221511904 0.695360361978428033314253992938
0.273042947055173436837006697184 0.655247256276470751230736739131 0.220460230035295280446890330917
0.292924910721394454011301586865 0.453465974085787989986443764405 0.159541364230377191215871675850
0.007252241745833096811886076028 0.439968766445136379892292652628 0.757725607025465963953693780627
0.038295839523183363639577558206 0.799857789095600077971469588928 0.520608029479470598274393365614
0.139963681619158533302460618911 0.458985940023208845773555606425 0.126060042362671032051381406929
0.665489766336528914555326073120 0.150974757204829226844701786250 0.961900613610207267717175200144
0.008641695016991384197489104276 0.022523592545202500589532529769 0.075811402205945848156010869132
0.371713912498214093959670893656 0.906131448566678469457457162985 0.310937533037999878931950402759
0.486380655831478959250928678064 0.009030773621635692935668088213 0.198890769403983905913030722750
0.482168938321722178604182743292 0.059951926355582787487228563917 0.704960945735794726626016308568
0.967149961360507989229291548303 0.687839400608202281331877652300 0.093805000390544552242975463252
0.863949471240248876400583056118 0.381299236860566376836136122299 0.588801870357896115091803652101
0.704657012451597368091926892245 0.187335206468337618134181663694 0.156179751038932062276546826409
0.018541952884909949733383287020 0.623776978983928879773745095087 0.783391554410299936095973978619
0.181578760362360346507722865298 0.882529579629303072490423375690 0.963443683108350477386181265377
0.274104982011984052689274372190 0.483828839459955226265540751086 0.056444978913900619801298219869
0.350561318568793430491334749559 0.568444165113168854672938743252 0.199806144876408667801094191138
0.029217508493872856053699352462 0.994815434453543682883056925796 0.527617403522540749908056704916
0.583318048303172319790668337711 0.827556790805966884022039891416 0.801252419201678348157012108153
0.643329778525840099204181297729 0.662944985611244970171221048872 0.296692583762575587852987596415
0.981775692862021177088746640160 0.909354886821310213551602318006 0.555146656035592279095909168857
0.201871777668353259822815662653 0.501064658504351713199076896467 0.909825028341422882165403459256
0.249008000329984111842842948015 0.774623688551074421244296170222 0.358374676918677913575330524330
0.357264033594851013029860852957 0.812159863471363850176148750810 0.385771898199587035892933083372
0.203410079836837058786703392755 0.245387427828103108324787724461 0.255972050993572032925106613061
0.511620389232454547701086552280 0.860106602516879180137843750317 0.639647270578852348530817473250
0.326925928744417006573568837803 0.891353497407648725489924286251 0.463936118573315553061409079816
0.440185431449353660599552579076 0.942237387710903809755556130705 0.778994693646061316137339135015
0.589169932558712407865307975127 0.466601707378847558229901636691 0.301309930138520198981381498263
0.559699353878769050112604674675 0.733902276211117249734776262238 0.273437972802254969715897153164
0.018911745300695900116764832515 0.441892436777500897064231276155 0.746018401536810562139079423973
0.243934104931219080575114804353 0.300303985726381736127059084813 0.649673910810234270151942313406
0.241026743844351365134583907647 0.164499112795631647367289224138 0.506388445912610901732666961549
0.428278007361604485144367029881 0.827260237110516489313939405043 0.773753448465651407521854728051
0.101407871777511613742785010396 0.010835226723389065894921344812 0.864395311573521751320289720255
0.844912441528747171873438722546 0.291879951472438733695234890163 0.130892415365314799992236579818
0.889755602472962638966020052920 0.511842976675819821295954153175 0.846580302396977303491593108804
0.380011037580574953467312636259 0.165749814958305383945267714580 0.009827089808782268364356658581
0.399114071489311145421558925571 0.040366728320737539374949846442 0.455980318474876494070150422717
0.924481678630386156178059091191 0.470621759076957816017257508833 0.495733018067633797821160844272
0.874717528228832993147061125847 0.372994016916558458165595160625 0.577746515681866500094149752391
0.574686971517697943014135318401 0.130342329365719023992258084154 0.017979923645765073292875000840
0.964880823091145840586451107288 0.842879317825225085300415975761 0.272122614116546427354097415848
0.421326165996042181474182570631 0.998345887082220550712828862918 0.373918936899655614259347700152
0.668764934474052152320050080453 0.071501426784240231973475960392 0.405082593640905579701229582619
0.467371605207275939382372364584 0.097040774733130622357891602453 0.134050870977846665342753573673
0.394325015455860088516324679794 0.075854921011403163031027193651 0.449119091199877457792145232582
0.445189424808116131058765291803 0.914396237705309637298364767309 0.052833508819735991725065053554
0.377313945288460389188273158980 0.319276453957993486838641346894 0.167883234700667060462000347304
0.894257828428552762450294467249 0.103364130089047938609884765915 0.562763125539023371936299527980
0.451224230915429496029030088941 0.734800354162315877097286994544 0.524630199775048421171653485767
0.989650664797130030078083548903 0.634934227302528828964970854140 0.764146224090206043094779086138
0.766206672389602327579717290637 0.456948503793544404804148304021 0.478660427157664142100675726076
0.361374218398634775678041936773 0.106262880601244490584345271853 0.893489191601419499341517042318
0.559000441691073384296658283211 0.340729523023694453184275262727 0.628927498387249321562814531063
0.399810740292408977219908656971 0.275484707478576145563110443808 0.621235697377227779980600393083
0.070883448857469784283311273712 0.123377402825799913251496432679 0.817591007905184498906064378766
0.990122075356422941329547855797 0.216060863913595335016406384178 0.791133177647599929361006971392
0.594010060266767727861676734679 0.724440592830312360660605178679 0.736384406909809219661220270653
0.746353862262104262503964362506 0.112845094602706925937393675304 0.801928737169842289834285895625
0.529877827839739312470345591723 0.964135444525348995934580548156 0.647575600474863168481785988973
0.184332818309687379615049893094 0.501844602824801807053754423889 0.966545955320913485378232012777
0.332458004565053716862668080275 0.800427057215970917234335003564 0.824453126855668768295184410636
0.887489986885365823136123880782 0.085516891800628294795202433385 0.566094361287015867706607462123
0.359051973468624402106665015456 0.490653688200227508616526182483 0.097766994465711417712260389572
0.386378305419594881878153382410 0.565271262252210460931555194201 0.458432286275155157438084164378
0.194826318496356681860815243948 0.002806482657472729077153923908 0.695367953288168210910974330272
0.255338896616040916884144599128 0.332618997430940131419409613936 0.874962551938921054208629439126
0.544611248276713994322922003121 0.057290651561171811688224702833 0.640303305395735080588152863065
0.441954437191787378864804006448 0.567660797293838220330733514384 0.537137064928450833811659918154
0.495348806834722069039835146160 0.086935757339380232543089221077 0.374371829963852299677061739609
0.927850898220653663277395206586 0.690790978230709703215827762183 0.852771233888338593031518594670
0.322904920941684131009551226862 0.477276010772241639147671504520 0.848346620556725812054737200057
0.258978233528969801422926140284 0.414618729313480533636329193652 0.396128813590764734354312747731
0.114606225483120807656103715939 0.172078787660440849741632686199 0.925321932202432246315124954606
0.704840540018460067273212633525 0.537962222024808501406059771205 0.720497645551701375184320440320
0.003484214019828998272716925783 0.680372359118701073437235280520 0.194116639564210174206117163229
0.802134695352105885502083126148 0.749174978050468527773581037950 0.261204166928474359506413703656
0.628638358755528807480273029863 0.810416163707487801504727479649 0.208951418026354232788734792000
0.981895307232466970762097883953 0.366583773523044607618988132260 0.020911130301283734404065595884
0.944858920579830549298637239487 0.373937518744842986471484191829 0.532033419430431590695121727342
0.043943307958273497773360963436 0.450353121508231630835295794346 0.204938520247213522747993900121
0.052974257731072938172000358911 0.593218223815798997374458867923 0.707037783044156542472979409810
0.222880271914752860948813094360 0.135635422415246203652970440657 0.053615260491298165273435355155
0.541586437328542253375173047957 0.061459406733727799110507636788 0.353103972240830371982536668458
0.158813007274952594402627737439 0.538852671872116284642765989767 0.079542787291925888601175270752
0.397045110139937335197939579535 0.418300271160531981539400568875 0.642188338064321362075441043323
0.476283605462349881619096941311 0.262604259797424400625423162633 0.454534379442095604941955391981
0.945993882204151436835880930488 0.918703231820149711917687072523 0.032630671612190461170741868388
0.590794789705666059291155252512 0.269623789614984827642971607861 0.054187300040888101156809686642
0.024472644273167336980865461388 0.404696860666330761769721979660 0.295555716750257640767422318854
0.440270725044889984479685595948 0.415920844682341158408386799395 0.781947159238519774540853552702
0.736491850732213028384671672486 0.156542943735036403012958543336 0.551516010569559280525848167326
0.902845177293882476054934546809 0.477236584181367398358183452618 0.478865041649529059157898371907
0.230339457081307928083848076357 0.255957203463675952981244798545 0.207635566888237301480098758144
0.958698494926300071803331298564 0.036742148310358648016810227272 0.269730687988286191467847193146
0.138780424996928160507402621094 0.082200880004228036877269911554 0.597774182186918751229807749962
0.322912722038102454703528176417 0.041038713468284378007962867140 0.516482460970256463637151006071
0.038554262221746979416563898683 0.847726037078789615637092853061 0.395374830332926339962984779473
0.701309889654913181962006103596 0.668586683041663497376507439891 0.234986916034968090600852910734
0.127921822931584600848518164169 0.912085005474651479359773310509 0.217540082486358099655495784974
0.090730342651579443002357747737 0.883336329109473457418246236903 0.715757020927598779120219979778
0.984904308069886105373100125099 0.985814763112861884266731152377 0.081247842197417273544165042576
0.574713651895663273214156840149 0.592005206632917756103027928649 0.422159765010262588927973553378
0.551397947954604603644928321014 0.035938426623449562294951774398 0.678487435325942054859219447594
0.823607825255595583783027785861 0.020935198364436652664079720000 0.919715502545145099229973368473
0.684520192518765828693945995780 0.175828460049930961095965978104 0.503235464988857859215368302460
0.793213113119583117624450234259 0.272525296229072730260311896695 0.031706176258256026455738931502
0.473133115635054524141700734935 0.911770231665527132045413437278 0.319533980591085590043620398715
0.647201575470974040961049049923 0.256925379499099639815437526707 0.102206879643536267082992984282
0.039540684811261639650848429376 0.320771735950898524337891698198 0.506954168195227045168529205048
0.852663777529719220512911224645 0.238834282852622483685362805077 0.939001144575652761922855654652
0.626962507509668906631072527347 0.269405917645912327859483091412 0.016264517193637961649958716007
0.129370986235771161460196784897 0.188234371535840676448624476288 0.410543144205263000399559534106
0.123759015222186203594134384523 0.107634808019804615425471019238 0.243256403810353442832858813417
0.029443665409672086615850713739 0.698711841786975032063510425617 0.013202418107510877214052441623
0.089839252905553610947522447226 0.365646270253217199603362273188 0.384167525098981503141259993539
0.538066446334669042265290737233 0.719706113410966803191221435002 0.446272472189904081696227394859
0.118648593641096219941414853042 0.811997213524966262899165187058 0.215605902827329725567332737999
0.742772115789912642222931428935 0.934837383878954957972603735534 0.121908059687809416705026033029
0.490228176433867833110014963756 0.417716287035933709626633166027 0.195183176341071411776495449078
0.720480113204267726534719961251 0.924203236526535493823002346475 0.810641997112095702502282912423
0.529458823690546429509699232061 0.022210980845360878439580497721 0.018360067680772683657649722351
0.419519752766819741704662161418 0.719156022587629616317410453162 0.760939245506487572989649441907
0.353689034273973922028691589633 0.190993617191357421028962254449 0.626088479286620473621377778152
0.449724238652371194918543035950 0.654710238576659674351223379347 0.020484220341317071331528142516
0.248175616185223739013407266605 0.668483839360407000629432045295 0.515086447039977520740319416141
0.078985554733358519568729147733 0.785447788674565647441304959986 0.476316883696549761173243491222
0.306080119876767604243030039661 0.136117627848920175513842590936 0.575820231569241248796176305274
0.120202600760884948415446651144 0.597443684296769713360374956180 0.166162014674037484938425389531
0.428470940310651569362859330869 0.458022346278366890306769967942 0.601525359408183620758839993659
0.820629625404563368381437206141 0.400469829507929192430236216200 0.070404669214505049389805499420
0.498315442221973564791847052661 0.846367218215407761910585149854 0.612834419670937711172785754455
0.779329502107773972689850056667 0.674834989368028444980491301703 0.631411321769718090889548920718
0.601802930069835136967595545863 0.489580786304304228282233689785 0.920295509160021082462266023920
0.772533672393494085763599276867 0.142689443334409579929140609340 0.086335031593242751440121499327
0.648108711168669942063036694168 0.241310336673477564342539263759 0.703437567662652491534331593687
0.135558896302598653607025829234 0.301039547131785373689213226599 0.805082117103730653282152543648
0.484935619851703917646592610093 0.246617269911926402583623506044 0.277352621202972435118819952465
0.196118711470067054420589554496 0.440465498132315420498189244546 0.472983906742012011162694271872
0.135628144344281668425231540535 0.113226803247886937285341678460 0.419332721698607121113327692815
0.492347991974890188466980011963 0.639468877518489742536895649207 0.762137147686626330272766644777
0.646481358242669890223350677629 0.424706853189559040699577190369 0.974523442793501936998043586651
0.768496577643996865025144979624 0.737981503711562560525528555273 0.216065421560123560159349221726
0.256243089705076383618356632567 0.032279061073872585807094401464 0.712311093923502216452129297531
0.391984025348217346594984179329 0.647161905196553330984589596768 0.848954169978613023021819693770
0.905389504190148305997639390848 0.989540390882336715653474927884 0.862101173108864906467297741166
0.822359111323964614542772280252 0.284652853916310062902477674274 0.818660818958750752256203496651
0.048219726871735187288480709696 0.119502819361947733724731097592 0.349207560752690978927856472572
0.292920200392547041139083045177 0.682822117610623467700146361286 0.067030156624269862045537767180
0.628768155362867469958588353544 0.268078150011812382389810657040 0.145984710277865040105262920752
0.674463419562961352721031845321 0.826708714009393031941390903385 0.197153229850729896705427745663
0.571217777581714020512545468105 0.584349301080142834387353387712 0.393767350238906005537286467782
0.626327831945324673443291560850 0.105237805633683316390126876702 0.265875439670285158258384711369
0.018275226375285011487960000061 0.605138196370878445493759236198 0.245936649934681568712236899467
0.924282340032845642200179765682 0.713809313295693717264106982781 0.359802235013662174924973338658
0.188973810436005555589001006768 0.970607860926682658042734850551 0.497771963497469090440689600956
0.451589163560702971554618204797 0.087360661924731420400682443941 0.978026875395478587409996965751
0.102816943858949932589508240343 0.070000054842747845410859872814 0.052742888878328229762769531519
0.035905598463683213136470562414 0.448539375678809679106250535604 0.717185009116485380797359547604
0.448500028086558201418958220272 0.781475450245307176925300507780 0.564277506101356319284689582502
0.371585460579515358731450653014 0.782090121843326871302116621395 0.361288225217740531734415862846
0.660027090284411071613334878540 0.679784374675164638211032565746 0.528016410458023235852306551910
0.798431705446792131927007497052 0.828427250230093712051529982108 0.103355952339280774021428024506
0.502334567765405643863774849247 0.171279101824304564932782355214 0.667178428525960876389419247289
0.133124625848143698660915204932 0.153844102296353739548924570617 0.472726813842427336992736223211
0.670812652382272667319090941082 0.246712295354321817797699549973 0.330286116037152308083428934436
0.885073969013732408826759387544 0.438110728097317696816233249134 0.099702530966683056996847065684
0.015120419429291212730817686939 0.584417050117695258443696644306 0.327786759345440722926693639699
0.123950977289589486083485925837 0.673018826437680174635629957857 0.940529788320689979531821999204
0.318152986830611161089538696827 0.865110575268642069488545595004 0.638673825020228185456333283614
0.850092450079339799504678817435 0.535358429699290630156383200676 0.047100158474826491994793794917
0.804335241789546039166944666845 0.360479197997747670291978471551 0.628913886208609222568800210180
0.533480217421140659430735416352 0.542753397147044869474428715073 0.499092546925516153286090312060
0.360344892016655918814388547742 0.610774657373695516503470316331 0.360386550236450124288176127362
0.290703169069026321479954103653 0.415649299468049699806822911874 0.023284855403945984728505259412
0.792057482935132064908042579262 0.375265305121140434100421376178 0.623432678680415890089429333041
0.996465178036270152157141875054 0.281289036863527827379539765934 0.049331182537603567615580898592
0.902869061453732061094972375563 0.121118424177950915716199955240 0.732901996052784658529279926593
0.406015040100286356387589903066 0.986286761275004346724150711272 0.925596530017458441175382456853
0.803632180464843830537742357964 0.707975140023985903279439708551 0.792888928659763514770077346744
0.032232796212530536090494594180 0.659750423232213482759631411974 0.884137211712095146437496153296
0.998683092079514926254489805500 0.459510773410440767260824371376 0.183418893407739607195655382093
0.165826253843218146789769092177 0.177623941483021667522740248259 0.072018728132968529831648585622
0.497794659476766796389324016461 0.407972478141119336671791789282 0.189347691141390675869211525074
0.105086568970759153171792580265 0.151339088770393794666087213401 0.074655005886533244908947637847
0.520492218672596396585684709122 0.163744699724033437394230871908 0.783193330850238882084361557056
0.608269665474568699691472298898 0.243686610184142091122646602985 0.162665147956227265354384848122
0.052088385281187026615176523184 0.541247497193464511155774503385 0.009575641276135319684571984251
0.571773521555078280055501935246 0.476659803816661063322137724718 0.182746767774325539182084837797
0.430321221751685611939896627086 0.838594986778538977767270616584 0.498194957812876893962718251649
0.669941784829808383895916002147 0.321116076943155258523274107522 0.831042308304942877730128478599
0.681171309550157626906157481174 0.476693468789482555290294648273 0.110923721747129520730939682871
0.623100021267090121364193232412 0.501810606039408557527786060896 0.121117816773348597385195916250
0.912869167444893034776800427113 0.902519064981000967307940452731 0.660108612434970592505906636355
0.846592546234708121598016774786 0.726883793066241942874270723483 0.368227676271455046406084752529
0.192124002663486911046316333432 0.260269587491843990750680887751 0.225562676734217959745446425285
0.435962918296517610570061676750 0.876369244531836674588481924857 0.172373630619815402950271539452
0.129401022676088654107130557163 0.839019233432372670452617341167 0.808374020954197659150361711245
0.940286206697803848747221032008 0.106083712687417515999796296241 0.743192516553847931887284801094
0.785789474904329602932516525071 0.215709880982847862473934847233 0.266642951937313295556047381462
0.518802870517222182011018336046 0.858673565901163789297429834282 0.893149471386235177598317546314
0.293942836062062752657803970515 0.938113130584591853444132000785 0.000975500602883305644810871934
0.284803381326279852138531288147 0.047701491723063330511684388529 0.914045970511915554123273148317
0.708881143454448615329114715761 0.377526129474911019015866724828 0.258523625850658054383340511601
0.808162046336606370649422728023 0.857704776479147833838899709206 0.999383081916886018034426253856
0.191529510205099022142249451627 0.654004918629816549767921689062 0.327783083388432125390389597924
0.572189001896304583796397383357 0.563452030367250488490633302212 0.976227814871916898555992277258
0.475940718858488609320793309902 0.123836361049882368079260951079 0.704696350644962487799237362736
0.490369796497401730303024151408 0.541732568003144099142740183739 0.306778380910128049069921272633
0.788965509282397851003476279496 0.628131701987232916144678481108 0.663267962286534381016558647460
0.674570960791061350205712396432 0.236731576397058601043828136437 0.633701075151856106285398465550
0.676093367462030662943142486128 0.148598323604726523272903661749 0.488744236298248987374225719830
0.772731527374184599800084557514 0.299137377875580511370032040027 0.962774899449348723576578457011
0.780346811131119965187255938962 0.906340997151256441108864367814 0.703868056268165733295011113796
0.211229951929531793443113780090 0.973678759509981025760593583439 0.620111881425673948132858217730
0.247177019386870433528190811103 0.874358378991308878533385702380 0.590410229571827950465334045966
0.361506385007042612634137214514 0.833689898633067825553575014585 0.904403604600286358326962615777
0.738352982262281993849837280452 0.668206431738588345343410461236 0.627575124556331154953231885964
0.258286451700159699781942962559 0.705652471925419946115154049548 0.578908037314064378858647607426
0.559842004772000882593633584138 0.722111493961756078823783718811 0.789704824310247064456491139978
0.940370149917856089757790605481 0.186311449209530039064579276904 0.679379853733285925582261077781
0.499077372447095329721603223583 0.855432603914791109055283383072 0.972039937555395616578883662023
0.312450383202920247631150298954 0.265008723065362580221652506599 0.287868707857722019028020606001
0.927650882839099735453861053772 0.990751367931131202053259425477 0.348028623998209867228454134819
0.709646314613200930520380094873 0.161772084930623249962339227005 0.166827564699327650047457543455
0.604348149249871358336744926880 0.433775642766468662092533758210 0.985446514122126773198939515363
0.680722103637760738492067372316 0.770553858736180269459214899188 0.824183016234128073774785265200
0.861269812360595006250743948564 0.317671381134372741168619478422 0.951538368776913655954214553115
0.984639203342024319272360337412 0.403345827882676601495546712421 0.924318484159621085826051176824
0.156356430668642316481175525512 0.725389148473969220686875920536 0.456211990165302398865829719712
0.684469960221123635681154199143 0.922306163658898634659047136936 0.940055182430105086792111906368
0.473406491039161833470115735683 0.032567183627982848953047392017 0.136638733755386459635825661177
0.902573261139333453503546288173 0.795663751553335513042777612242 0.158176255414626035757997752651
0.884920823931899673764326031210 0.522517894389057352867488229227 0.626869665086249279861976314052
0.847235101363414767729321689339 0.285252404417368353734178568435 0.538896376339550305910069012827
0.920112283520769518610122282041 0.067651433750456714382021624454 0.525282986515998768122904075129
0.281060919560607722568800357875 0.968384837445798147457656039706 0.015469066750802765228189241076
0.364053725451854777339195083686 0.133468456091003779962312657344 0.335253982632763520665331478691
0.744753041112634393302317524174 0.082551304056485614913294401016 0.835875590545457074947728024018
0.402821522661914869559319430259 0.265321530399774642889144645859 0.303609265083822534581981327531
0.785039418788328652307660494670 0.416479683437771827903363087219 0.061849754350470877295615531259
0.436104148530171494822114750624 0.939044579146381888782419656288 0.550272870946910227600927475214
0.626379112713490252373813967306 0.758218707062349188654767048935 0.027353492147710357374483369892
0.660469245577025060777925300442 0.242672426246655648982946632979 0.066242049842851736177819828731
0.010664142331406350928842601807 0.395769030081724470621336779134 0.306388720021195693848123409557
0.439875737157077880468658670360 0.890847840128044414908399764853 0.349098923928506523437620784132
0.643651821844960647885466609649 0.574614177654471745666157264540 0.348409695107412657683702994613
0.869909393744109800224895245005 0.879128184811657380889165088772 0.424416107056303173888131703160
0.717983801278247383858473689943 0.707261887305815321416022365282 0.550575496586331605034023597031
0.181161850656656957208314167547 0.724685732840763735868651702013 0.335166471807026015940644299131
0.303176478639931623328966747500 0.105180899278278833452793759137 0.731836912854275715994260370709
0.298479446196782903316980722456 0.863996057804909773680875190782 0.825495224418920834357518687682
0.350420586631798901065153833276 0.745599786076574334713951190698 0.602637564601056156719055601512
0.515853534882745268251555278743 0.432929979763020553705089463043 0.855828296914422158797161109237
0.435866782023092574121879302339 0.651732065890317463480968251816 0.988875139637282989453693882061
0.368980709705211895437863998402 0.138217091847688452534757074086 0.132345283133012200259617299625
0.593400574592388346508225664933 0.319585079194056692635485913953 0.519405849376736987770872981196
0.945480779211677363715952970196 0.902434557895635585432878796746 0.240393192082425989204555929503
0.168788289304667865545076379125 0.272951885041562294003019320354 0.778762820999257734440089237942
0.488001189523564625627976770819 0.548307174595682290722029943696 0.224448750412821279880620539398
0.667513444456432793030124538745 0.523882307160769286189552223209 0.132556187415413837299533564132
0.561430393903071569186834614991 0.069800958451519459902662290535 0.700245549124121988699554856696
0.675118254904915925122528761398 0.105546155314537762011237973992 0.215714344548978990239896158041
0.301100469116931083781970348566 0.416059980440714131878361374343 0.141300895386880274183158960049
0.602521300971845719174648664685 0.345959182226673968051389987239 0.983078849501896863445003033686
0.261950282288988364278702101700 0.541088927641924202717602110379 0.623546163458170816472812180094
0.084879971361870241598589807824 0.088229315336744121960509107148 0.043386400016767001540071499446
0.853807329011872337123722284418 0.472455466468115330741872671249 0.388391381855356120316282918274
0.364148785223653792735632929370 0.862129692754881363643311209231 0.324806850889328551460878971869
0.312439036529973102551578360372 0.171465001532846765138747554863 0.594690934100590109206296937576
0.658192866238167684173378196791 0.487642127573897055622973482343 0.651954466283420137378197680439
0.518324706290168753729729840892 0.761364738018029217647823047936 0.250057041554964906266298598261
0.039460654432796122747672837418 0.097523787376797738277759980125 0.171821048760034560504556769711
0.122946436240957607917252530193 0.228312278258226334440336265170 0.552471041472219525253592643843
0.077237493763204659497958473945 0.190127665611298467874095931052 0.602205617571698188844544797723
0.644119393446346858283917189758 0.110773800520027615437680618215 0.113904057318099795389497091408
0.752310054260518538272180774107 0.211207972033904421718667031920 0.798657875404526499969987239627
0.978182605524213608868170532513 0.811024325211455171268555728943 0.213921323137092811861143721835
0.066904744141226606255844493008 0.171579753062559671045203172289 0.659301851579732824213708325422
0.681643889605168408744448771746 0.983934702314050492410520076161 0.974569447811196788928510879983
0.172780408098835068608236831622 0.679071574077100251851389814687 0.528646653223334606321506651274
0.170520887719344020401808653172 0.713946166145775054721869669387 0.862247901019684563723485354729
0.718905152407815203260517201035 0.611832960411333820074815609094 0.213842502629383024459814511020
0.325657817249883431879635872518 0.676143599957982388464527301521 0.480653569725071739098101693905
0.013977746503045411817099834318 0.082334079520907413488902786507 0.973698093858276411674342376945
0.029470981906951688329813707976 0.616189745284080031282118635832 0.177737247562414165890382321258
0.446271243544439880460603365101 0.652128928724888684069003415648 0.547215575702102173522689147158
0.983335771707690732820721909407 0.171845539889437527813208245710 0.921605083509686800189385064147
0.352324065149410595067549490591 0.530820925732842996922494473085 0.027725862772919915057622288328
0.253294312506855538491936352926 0.223790355071335349375768312912 0.004538411807082979676757686864
0.319878011834379163723262099017 0.691591906172616948971539853598 0.415869186951501151695820472917
0.953521956195719391381744118712 0.325189357276637198481842769700 0.971465404192718894405463937488
0.616451160682866286511488447608 0.420810943127332257995110288272 0.033916902458098709273549264424
0.160048930708474724859056604708 0.505335375263649662985441843990 0.971617114977763978819516526449
0.683765883720071521206963017435 0.129812937238415899900997675619 0.878390014224139826576243714017
0.603813333393629284156709126294 0.994772890034524911340300493240 0.989899794777482056750932813542
0.995286783618876831473561885851 0.950041234165573933458283487250 0.544857148335876826568894921092
0.303474749206860677790919600645 0.507716394328668887088921115276 0.440299648428376733153166708866
0.424670609853006756341632590798 0.864956874165810565942795246671 0.574938468514567546692005367783
0.377221064516646635890486951148 0.536927098783370149634462467139 0.798780671165531725573572263753
0.085341670931817588343860787614 0.519347309650649350211378399444 0.888109013508449299253139855075
0.820404933458127215684660876622 0.121140112382232606979772198810 0.749436125056494010401602375931
0.075503974791931608543149685892 0.183308868285926958391893816260 0.461799505732939526481362013034
0.429747740683665737138249023785 0.941067650136156151903116680043 0.016906060386343248768286637406
0.854067453944522062000101450476 0.495688738733933532550999642464 0.208157467468321219010563134030
0.218508025132479202237680764283 0.038992814795274877194319808567 0.994169499434663839879704043875
0.950751936885182233863599055681 0.576885433097154430382405367075 0.679320639581196019011786034942
0.986974541851870319553487403532 0.321951205163420043541086134842 0.466493770172456631512289512890
0.202489185769921973077072348073 0.448521711019357486972839323772 0.827724579593834356925562590771
0.086038006685459436015910094975 0.264253641404376096364345223298 0.031470353309603413504052674566
0.502685742776457973291757848101 0.669505428653133245307452036088 0.234119676077446826687679028075
0.666026520959049395287004746028 0.037086690045602727290356262295 0.986686086085154365362270131557
0.019603116391257080578869285615 0.910816964876209428152192479205 0.223481184123086671404437978619
0.062531812904229735425243632391 0.816639579175305389826225701832 0.913444555645772911274292455058
0.020796736530718209229431270072 0.765242503556079095750450546797 0.688746126486395274914375635020
0.784051927560447812586445390360 0.580955429316232482342983785843 0.098335834195748688060207442155
0.707780561952694053057119574725 0.782990397430638088038025324319 0.112755680210129080982222693059
0.897331791956500640762227816698 0.128831505161709435031826049003 0.481639274485691386559709323026
0.068971917685467731989419634876 0.832519111889027209917394133735 0.878279755567649474003005107994
0.445932582490328587919032654708 0.629958309769745755138071635930 0.348113912315447330746511689623
0.536467215604257256533723647199 0.544241318832625852187745453739 0.107322812631455550226126102687
0.526997555107301772628714702847 0.626655127638582126644965725170 0.549559755719316094712414115137
0.905064317260672124109536173604 0.189462222835986920592996067702 0.272287557571619022281201813653
0.259181307676392252213968877714 0.851322643375647381883091070647 0.879704370664681441770176697873
0.595715412780776852589300756884 0.510506222413507752759661434106 0.153245053148136683054003049155
0.330448816826070912082547047062 0.739109977939713685898458735179 0.744110714607125220215532559464
0.800425950480427724099326725560 0.261648849919583263716851325162 0.977166718480798057488421159652
0.692868808323130306175250401343 0.621462168814737647745722104499 0.311401655025314279222731563720
0.383041244780362823965408751428 0.073152255143750300417491529236 0.186143677600426450797114988247
0.582976181284351560170155693879 0.771820966030486391282917364614 0.394065517581092023433286882289
0.917028268120934409074568822156 0.643698192994459481740805649577 0.912191067717375614218193820603
0.362126552985214163119421575737 0.149300621085916574194270753027 0.447969088816333160737402716875
0.395172373475595010359946699741 0.383406347642612283965738648221 0.965446730866831132721197755281
0.751515417790096642673212107766 0.777607480571726037989255574891 0.670132998920869807580643760410
0.586584670603321045349412549631 0.401615798330547643150186259806 0.529225786041851481439311187041
0.621720734991180608280304290191 0.991369029635386393511523114440 0.122554643628741795201940388128
0.779418863580503378769844187007 0.541522506507791480824816167389 0.422394986879051615743540318264
0.547005848659579394293627283657 0.285360864018003426299701569269 0.013864904822108798475838642511
0.058243250775503338311217108234 0.084735198411067938741539133987 0.506369169234387896887315655352
0.684694269821958959989904073058 0.265793487293757575328839449667 0.923794859840546523948608682007
0.221762368929802903996229303418 0.851054077256006113994675586955 0.001207750335580545389803743386
0.472692921362770782279092448805 0.098292361400468891199581785631 0.125997273784668712318003644774
0.672676998415816202935136519690 0.469949592442638909659205532235 0.662104242613555518305339149810
0.997459182366204323138881452094 0.778568353124700159739113270019 0.572071074459601680630755001837
0.020071306471073822736390701019 0.327636851244959933983238556632 0.636176797378377122308905095551
0.464172493979823642099275575011 0.032666498477417968120098391507 0.835047796225270118346533632738
0.106389785368060058776599053237 0.321184098675818616458852935594 0.267004305651864201349314335077
0.336277116220395009556295360288 0.920322843840866931040849456980 0.858513048198542300911056164744
0.418464743279668964921444854123 0.224003406911245220312559789870 0.830841303676620298074443503055
0.835272581132244401736570496414 0.324730599864156402826214242614 0.175804103503643637193883923365
0.645737625441901212179051925016 0.778707517816941287781563051136 0.103144153517525687366791890605
0.499505371579539249947466382796 0.541986244177768160913979739229 0.787007412734749269018382209279
0.841511425646077137517257965237 0.352007688847308915020230723888 0.333905725323966339302768714739
0.410698411275996932771776048824 0.589844975201332729975731245547 0.701558649214215706989951554018
0.887992353994571023118847405999 0.172507625579376395297208749049 0.495337076624356006678569053145
0.658762297767671520751854335478 0.652941783085409563689988114883 0.512053666585635237640187262375
0.008520252619571773707464720880 0.711913393901157282601834491378 0.787783777434306523082345166137
0.698176752400359962815528404482 0.899563756031519310648459941395 0.032017225880626685317432591274
0.232916352746772988917038370519 0.641212812703341843345960132929 0.365719533906763492994330279254
0.573492149124513955428758480612 0.574941182678592632599818873473 0.729581740035669612987174298984
0.995674768507050000038548544252 0.383121782293020078726665160972 0.802920691365121970619103379918
0.417360671121032672831485136533 0.623508639727482154296295983800 0.697361103429744052995402797413
0.238064520040918188253509323028 0.379195659169551996488473691178 0.556389361981785626903131723004
0.632459361519162587134629752968 0.891890046579701742541363671318 0.354771159692962703027653063787
0.403699234745581125521365233375 0.624452856975357123412268554791 0.711675156702424612023689965069
0.773691555700389044051069060293 0.457790839883198869415868461399 0.495090205803139539388805551134
0.645011381516142081823660622397 0.549088872645133161387804478620 0.742621431777992965779567356989
0.626454698002952140139943934597 0.742878369493177293172525262238 0.050105772590646154112145075171
0.507209991895008828693106507848 0.517198317435204663893164970185 0.466427132100226143539353689051
0.806225296858058708839719428842 0.365904712003560697504774931612 0.673656676905699518582366315436
0.442180876944471497294750955982 0.444522679023200576948991534060 0.221952022741981464993191439710
0.478282304423147395491766808237 0.987866662102701234123059419498 0.840686301210907513429935600442
0.264974261155835481461955808857 0.269823785591867730567047272337 0.340741452183491336553218158304
0.839552429573531112540280712116 0.341125413334629145090625182984 0.811699342881631189947206193385
0.003605319731766261076339555040 0.447036703848962490022154671467 0.199942696894776815298881528049
0.905806424676014733866963331865 0.435821491795796114116880297589 0.791455336384506536540729714750
0.751690014957810888302166021209 0.825299986314745253128166356388 0.863584693244332607146915595852
0.496627078420921079296625382111 0.767961403201379250380394939737 0.433755688394287460326542522608
0.994373413753542887762008397079 0.852467223217224689551692079592 0.077424658644486950872444251953
0.069858336775037907361071032555 0.183537695755316499809322500122 0.733594432712841860743875434471
0.826411925547204503529970801659 0.136895503961032238555964003306 0.797140311995844856213301535716
0.907179845833982927809432118315 0.888319529230107249685991238739 0.946575270056756893180370352991
0.118881276567093096240435635083 0.325402942309838023296237899905 0.295673659595186399166219474081
0.063497068330769803859524889304 0.973187133365386114181046280274 0.039520562881921378526268037144
0.943139296621956825790628521456 0.459346564086460237783877060940 0.344090664923536837914148839022
0.085396015236173366382692145813 0.235266482003068653937065623811 0.256097307379729752170008026933
0.072131971386064701419647699517 0.841139459778279900348030287843 0.910563404448869788718665745061
0.263444937388036683199896159413 0.022022000749830873709674361759 0.439749752351611677612527543785
0.330406904519537277814199226426 0.919372824375707814024868338653 0.173847043156772306161115439262
0.727402662296265335456926011549 0.257139947216836254853879964984 0.844816537380410728599231728904
0.637861647966379717662702280850 0.170071959299954467087372287556 0.521559878507323849122476500400
0.824764835653268705518525663588 0.735158448526236457564303640215 0.614861779571193352841098269833
0.785674651964784424723641567004 0.163130732404023166462258124971 0.304222770002436493294872190980
0.594412327494676454136076338637 0.478429460779617116714102046149 0.448451395768192598135624054587
0.215446828708029595057186520273 0.435282531061424932667373650441 0.018868751892808113493085871932
0.119586256119310525285840271612 0.384037403342380360294290475875 0.409420396885852435482597803054
0.776886455027251294300432010056 0.637859169981046775562071699696 0.355766450620829787763308410734
0.816391458603378542673961738061 0.248072687146364800548445116890 0.049793048060957535014050670011
0.218421316896058464067867881097 0.445641320589012521592676305617 0.372565998682209755079724583242
0.720018069759859227941852276438 0.658611474774340205667375612412 0.833901047105610077865484610309
0.958304955327917884674506157811 0.240578711529257971020324673800 0.878151091351391291964434655237
0.418874337918172854547217870887 0.318705770731515839623680989403 0.552351620221332500838295971379
0.135516322682136354551889421202 0.040707019630567531011058035666 0.945574288124115617697157820986
0.425553385662161922674517207338 0.502804440880130269118012692959 0.841622895483636611172675703048
0.503169843880919201114220829185 0.051119982149678962040009670785 0.667837566876873235408720905748
0.172875245490172791999084623954 0.603183126912406612352341453992 0.411311950389125809368220327568