0.588701924121338260320612789656 0.609568445943435732736759291583 0.181373800875594071158047881909
0.435035421002302080673018735979 0.836562196307765071345841079165 0.761011696858804986831614769471
0.150835636299426006923241061486 0.388716849521573981629529725979 0.042381177417387179418017950638
0.519570349056224012329607830907 0.253809176206907682882274457370 0.178924536387030069795045505998
0.736606067675479647682834638545 0.456130676264650924967014589129 0.472243027226559308751063781529
0.774602528362309361575910315878 0.926410132193908442133079006453 0.704150818514966858607806443615
0.061589065453232040570075156438 0.390344248350462275087835450904 0.455808010580733669048214551367
0.257345011056348771383284201875 0.201137683553929025315198941826 0.692331297374700893598742368340
0.510888704010686756085135584726 0.445849812977570147953798596063 0.166134935979253911542130595080
0.211826197362452617323214099088 0.433256211384637435202193955774 0.903712180696385258826808239974
0.551460468836035389017524721567 0.149095739352608280814393992841 0.216521710231257352718969855232
0.197113437087282267201615582053 0.085267697590453606082405713096 0.191852607895777432789330418927
0.042251841544419820040356938762 0.963878268744174371285282632016 0.308321357962829889487466061837
0.021924689202883894389994878793 0.918420008331211623620049522287 0.199639714303000564976642294823
0.711985607309077894733206903766 0.963312174725486802806528885412 0.410273018857861215824556211373
0.610084179569445828050788804831 0.249431222315648459808556935968 0.097059957120782289208271720327
0.812109195525038130014650050725 0.268662094444212740107502668252 0.311140679505462258713777146113
0.626710716539259471424827552255 0.033276892159633565670961985461 0.258701388817552058174698004223
0.768297381199156803610605948052 0.358042309985431295160651643528 0.744230954178884296368323703064
0.838635978023622219446053804859 0.155571861267398414696572217508 0.947823897396418257876860025135
0.830577894638446334596437736764 0.789248336334272049263915960182 0.920709803622311695470159520482
0.884638976327204784588786878885 0.604550479695172060523589152581 0.378223477814524700058029793581
0.994178258325874697476365327020 0.462067552791023794522828893605 0.421897252699192093494673372334
0.209495773200956719728438315542 0.477387445463386350663625989910 0.680731139445049260316977779439
0.782041276068735524695796357264 0.658649046809283711390037296951 0.149356077519080837623377533419
0.655747303194704644901946721802 0.013344821271370660084598647188 0.644590060563546396465994803293
0.249441414104952630115263900734 0.136570923523402304455842681818 0.710037707229012382548205550847
0.662062288906469786908814967319 0.977230286695622063497523868136 0.408462144278550431941710030515
0.394155911083805765571241863654 0.562883774242524226316675139969 0.625076872442793751716294536891
0.885199729423847503362310362718 0.949087691424119528349478969176 0.418871289711920113951748589898
0.125975728295784961119352374226 0.831659141358062958815366982890 0.248084116760485778874212314804
0.110620628251031610789212322743 0.871302472423243656862723582890 0.102304331027025824374376838932
0.137400754315611439704269969297 0.997231293595607581892181769945 0.993787421369997536757523448614
0.202176601046911097459002348842 0.431825398770603163800529955552 0.098971885908205992077313339905
0.985128981767116940204687125515 0.451188280525168627921317465734 0.439058106154698979395334390574
0.381977865711977448981429006380 0.479004287961451613586660869260 0.206428724597925494776973209810
0.080322244685408522579805890018 0.445222742083999589723930512264 0.626567613663931988199351508229
0.196512981812367953926568020506 0.481147690835305286150003212242 0.063196403731093087063896973632
0.929635182673342441717068140861 0.958723394834408715325935190776 0.961941400021855796964587170805
0.594713590813158221592971131031 0.930804448666865402728376466257 0.271865995439734331462489080877
0.597904368368590621862779244111 0.523906307004684990147325152066 0.154479604579254692353629252466
0.737259028450119147102270744654 0.404703492960625244023731283960 0.903665631614780640035178294056
0.835471255445350613477728529688 0.184567890584611371540546542747 0.207361345517391437720533531319
0.577417123948769428487537425099 0.405491266012010520558561665894 0.720392822119674702818770128943
0.048074383857789532159543455236 0.768626823631717526197348888672 0.305020148065084428790072479387
0.619666634086713408180457918206 0.190907712905774434863914734706 0.392980426338729649238246111054
0.755408612325075168314469920006 0.121758842348526991061774538139 0.189402704389409926033494002695
0.668720631243454044501106636744 0.274862866152257745433473701269 0.742876421961506827607024661120
0.974293550732356461452354778885 0.635323782632270739334501286066 0.159273046336319223925670485187
0.778957941602356762622605401702 0.067869458996960091434758055584 0.175113432166413895973988701371
0.233716901602933180281951308643 0.287186124189292957264996175581 0.631674724783578889208968121238
0.583030951952883569333607738372 0.200524172794511429396280277615 0.550700229092905169103744356107
0.120661618781375351572293652680 0.110037857413700396191913455368 0.568197652578412482071712474863
0.974010468311116373030245085829 0.454316751317283828992543703862 0.702648885565307690370673299185
0.648974160419727996718108897767 0.123987727774528488922101132630 0.036753473551229230709136430733
0.157386467172536737013643914906 0.051096055642389545670134509692 0.746718767100197022834606741526
0.074543313957804988034716586753 0.597568917398149324071709997952 0.906577927638365976825696179731
0.672375202953469197630909093277 0.317692244102676935035844962840 0.498127344190587517669399630904
0.732329358804346131073259584809 0.698125677970258817772730708384 0.657809936258815453058446109935
0.615039419786462926431624964607 0.669594055992185910319847153005 0.119956764977890817380767884970
0.233188781153708446503003415273 0.697179887844841750244029299211 0.139751578183318708736848634544
0.960969966263616748314291271527 0.378167794456035655237258197303 0.087843996712688721117956447415
0.117861627501043411681003192371 0.099679874809458252071792117022 0.992835669037143819792845533811
0.089823869378176504629784915323 0.328586066423906142386357487339 0.221007335755367240182067689602
0.530930555641597079485904941976 0.179521255348382147154495669383 0.541423334213646079149384604534
0.421127435645907488570571786113 0.722864465940073586125436122529 0.675591695215798537788032263052
0.359465996325515624310042994694 0.143337037135457340264466097324 0.875839629232518013246533428173
0.426470107386748564781697723447 0.172030184810447850374259814998 0.250392881033751402153342269230
0.450512232548883062577260716353 0.933124702425296992380765459529 0.358431930211256355445215149302
0.817675055855960453143893573724 0.628140094923190783759991973056 0.195087237046232236936660342508
0.921480941145419896187718222791 0.879863435787886838390647881170 0.002009420815523966542814893188
0.756215341384510741917779341748 0.681366026047696693446198423771 0.852281700174650325152470031753
0.683845971559309595555475880246 0.160741229435238108802508349982 0.144980528445335460352438872178
0.090541217191628220462007448077 0.499380313747525617085187832345 0.488593434175052854229193144420
0.070858847542354191917368666509 0.839009435048862162176419587922 0.509754085038779725103097462124
0.705827326340724647835145333374 0.126338507501883523520547214503 0.476176264724025355423719929604
0.863713081383866265738902256999 0.398797510731883519952134520281 0.196143375710214229457051260397
0.418107262411592073281241255245 0.990726003667137034014444907370 0.652299248461613023764016361383
0.741451430258366350756205065409 0.925125329590295253368026351382 0.627697701886986370034549054253
0.584210904063434677269128769694 0.781785518799315126692306421319 0.922413902917436856476740558719
0.589521571724956561233454976900 0.060597974552669783832037353477 0.083442821466416558506828948794
0.408215151659058139710367640873 0.911973817065189318320506117743 0.474858426710066283682465382299
0.161328384141413344599058632411 0.942831585603562949415845650947 0.879798048903602469827944787539
0.349590297039793107547467343466 0.445303935865489830536745330392 0.684930172426024830301116708142
0.980190409880320245861184957903 0.866385123022916703305895680387 0.930699128701310329780937991018
0.411768105177618748413692628674 0.218016435103095235215064917611 0.395367204188109055973399108552
0.302297059935054845958291025454 0.911585329293649326842796654091 0.072922052751111868240663227425
0.456926440171215919594516208235 0.786435158105403653294729338086 0.667117914401735734308829250949
0.610144258929363303423087927513 0.233023450145860705484679442634 0.517175543808150783853250231914
0.992437664791814722065055320854 0.397457420852487253171148040565 0.293043311149028373741032282851
0.424487417041886139212891748684 0.250936899942231617099963614237 0.638225013775392202575176270329
0.803855120448911719677198561840 0.648422223621252680203497220646 0.784741155608320917203002409224
0.126767797298315443299543403555 0.464550302170640250221111955398 0.922683987443641329129206951620
0.781079609290251664077686655219 0.312779097601050382060350329994 0.695765241171723669566517855856
0.441785687641757851551460589690 0.076295122156991065920372818709 0.198456129636889466727467379314
0.370045808515980068076345332884 0.650118390935332080005082389107 0.858144868666374516230632707448
0.971834140311023775282706083090 0.536915780921606078379682003288 0.571821679347015554562005945627
0.382316313585173261913041642401 0.374852153024954060089868335126 0.771305107399149370017710225511
0.337029664205493684203673865341 0.241317346588329956214025173722 0.811013079850196216824542716495
0.752302490646942656482565325859 0.468246322055502262049486716933 0.955620238993485027201302273170
0.738887809603024914295588132518 0.491342651005274910769315965808 0.785733240627298878955286909331
0.742538628481412610327083712036 0.592266678646462541024675374501 0.036401385762132892898179648000
0.299318725193258972083754088089 0.244151945172803502837055589225 0.729880644835591785302142397995
0.116665541265505934287460831911 0.257411456093842805348259616949 0.595684650928838044237068061193
0.002075376212504300918459954062 0.398070478725545517928452454726 0.059093154262008354415947053440
0.242424672751577252594046285594 0.465143553100073270378800316394 0.897793005529212928550464312139
0.564259501546671704552693427104 0.224904042949389898486955985391 0.464100463842900212707576201865
0.178008764354381621153322612372 0.211523555460471412992262685293 0.769545334659349711259324067214
0.218878083230187453489534732398 0.574258391502434184516800996789 0.159825784981617480262627850607
0.786350690162180065989616650768 0.813051166365319599727001786960 0.549434400787593313353340818139
0.624870746964904966169740418991 0.590296789295683632659006434551 0.280092852041323725487131923728
0.737058340621001173431636743771 0.733288790374837184948830781650 0.390406958686250804557715810006
0.114602102866954644322383671806 0.919837258894872555892163745739 0.475792977449829013192328375226
0.843584464810464007555879106803 0.974794009272897832296678188868 0.922889411160388806187881982623
0.229072014826960795863541875406 0.912957934837738016575769961491 0.928440534150244523026174192637
0.287902209749451354348082077195 0.739062245495546887852356121584 0.398242225867930177418685389057
0.295557435205810570266748982249 0.522811863629445983114862883667 0.517663021886934804349778005417
0.359854833399418538864011907208 0.346217371495159076388858920836 0.620163184746062245977782367845
0.872585662529310024382311894442 0.924801353096049383317733827425 0.785242031531788176046404714725
0.659204723035962003585552793083 0.762333302116154243321943795308 0.648115117195779411041201001353
0.898727072087194822636035951291 0.954241644650705156394110417750 0.732486407010525142347034943668
0.005090677566432443533483986897 0.669315765360301573316803569469 0.674591579541164554356669214030
0.031141435154390249145928137864 0.311335164163548172577833383912 0.834978096212372178364091723779
0.705997580440315131156125971756 0.147232025952832801252156968985 0.596617065849093797247348902602
0.190194213670399486781903419796 0.418563986959024747491753259965 0.764908564383360634053588000825
0.837217684687785013153416002751 0.265405500249910997201396867240 0.394863967990043751576934027980
0.213754832378370507317555393456 0.750404097355381827227915891854 0.923988021915369994729871905292
0.923474897230321167818090088986 0.967220183585759563094086388446 0.247442791914462612012926001626
0.134269517200876126183928249702 0.799285526208174501583414439665 0.783434438202082250590763123910
0.026452341968147784906362218749 0.896324867840966543752756479080 0.031143054763241233978687816375
0.193816133861269779270486424139 0.008724813265788132488065542702 0.480791024518664567022341316260
0.864421141682812144146907940012 0.663842251036679042996979660529 0.096825059763791299083379726653
0.270719278181068334632186633826 0.888244827664161129554543094855 0.604610388145830568440430852206
0.211315002635437149125507971803 0.475775989597513104811810080719 0.096176041364105652187177497581
0.826059794734405494764928334916 0.409669427209724434923998614977 0.676248468512078093617390095460
0.332794960704200948331532572411 0.370734530824750829758329473407 0.878856315138808241727019776590
0.874875813722947759387693622557 0.470066116730659677713788369147 0.751969852257060811240307884873
0.949044528116691932240200912929 0.303599349794717698891588497645 0.706425335501366213897256329801
0.368867553310793183651838944570 0.211938029536271027586380455432 0.908049005672518672049875476660
0.120272802461132893858675174670 0.330651400579144105762452454655 0.446440000417070381732997930158
0.362988776631566090191682860677 0.807957672506408042245595879649 0.713693470252895867389497652766
0.562877094798117982854535057413 0.271966952366195613421950838529 0.593145029026656112058901726414
0.976960018659123186068882205291 0.554873690413540732180308623356 0.174131722133363114890514111721
0.205529094976868192956587222398 0.192514266310602755183367662539 0.621823285656608271132483878318
0.348203856843575687562974962930 0.869355381240027980105367078068 0.917308150176301850819982064422
0.382579679250719062455488028718 0.615666944990802766923820854572 0.890301507347558307436941049673
0.025236278063122938308815434993 0.737565317835826128600729134632 0.941422336149223548673603545467
0.513962164246778208109844854334 0.782177852678962559629383122228 0.364333593965958157934181826931
0.431514985904448422626700221372 0.041630186060075319298690033065 0.738178975324749298003723652073
0.107979242619171078576556510598 0.924488561668315944608309564501 0.872790409860472071734704968549
0.438802096021495446898086356669 0.541381707655504973430993231887 0.124142094361253091383545665849
0.653598568322698914023760607961 0.461833307200435250194914260646 0.050097305794892618702185416169
0.147180404847150808622657791602 0.945113345903229262745526284561 0.476458634009568449130256340140
0.148983642521461401297955262635 0.774697824360203735061247698468 0.777725339454420017126778930106
0.430355210510901864395805205277 0.480364311158207435425993026001 0.126644151296220447422413712957
0.476174419386305225465605417412 0.263083715818188401680544075134 0.790844728576674538267354819254
0.934325266852488733881898497202 0.020213833422258794397796677345 0.610914647737264115967548150365
0.527702873513591352860885308473 0.625090765680630044975885084568 0.140864706238374520763656505551
0.125431352672264712078131765338 0.112298967988566436582154040025 0.123671074732082955649481448290
0.808202382276697939289533678675 0.219899895996352012783603413482 0.802920516861882482828605134273
0.097052752638251554850867819368 0.071271453608370796684035042290 0.025301259223651857005465970474
0.128033588627512462387869618397 0.329952022088470187100028852001 0.768741304386040713580996452947
0.086003863070397909562636584724 0.003870253371807660762449199154 0.296563104973017188648043429566
0.129011598033829194553945285406 0.127415744229284449984263005717 0.504243786863142862131326182862
0.170532577660970019461927904558 0.434227079793114090211503253158 0.887961380068746586324834879633
0.732290850554830674568052018003 0.324885448367385198942258739407 0.621692711181449531032683353260
0.996086183207173458953320732689 0.418023195303735828343150160435 0.350089628557020193788673623203
0.766756244174384260503529731068 0.447631657616922917775070800417 0.085446806194899152520072505013
0.563792038659610139639255521615 0.642941810621018960958394927729 0.959678353719720655945479848015
0.725178643904113129359245704109 0.391437880887865907730827075284 0.522137529029689240189782140078
0.573752109546081690005792097509 0.378359823822777052715338186317 0.987930055381425975546960671636
0.171492935946024660509579007339 0.921598015458243491337952946196 0.782704996405928943303820233268
0.090757482924852070360621780765 0.133269566145278184343681004975 0.863928764835339757510723757150
0.611892858752555612866785850201 0.183444552309352082453131060902 0.142932613915992351438788432461
0.528307940874662596009159187815 0.595251046772901304393599275500 0.361967480034217192752521441435
0.524828221990536802898930091033 0.405778116702886382238801843414 0.586515887966649551721332045418
0.845072418845612571836056758912 0.149504389038748963791647383914 0.176039257214161248832340334047
0.971430284048156789111772013712 0.174414310128374022701436274474 0.882417240597230145837670534092
0.999592054812506458638665662875 0.794890235791259391895380304049 0.756593853091772960972605233110
0.882512884419962562176920073398 0.105507948986557728576762826833 0.706155148352509254294773199945
0.935359763657945042503172317083 0.587152092522953639175398166117 0.120773482268288684382540054685
0.716860560532253110466172074666 0.609354058646977669866373616969 0.613620216233589199639197886427
0.271359094021870694835030235481 0.319377873979930226866486009385 0.494155481707760246834482131817
0.319716916144805129995631887141 0.312424844994829475908204585721 0.729146340923660152277818724542
0.161805419542171757818493915693 0.847558253394471661223974479071 0.162572642854913906873548512522
0.025750601303927433266549584800 0.936377140386656647841334688565 0.469533508957058198785006197795
0.951256897701462378336145775393 0.776085364003378908037689143384 0.187640760282627799826471459710
0.925105675619917189322904960136 0.522256501194683586675182596082 0.206259277356670794878468200295
0.470428956875645065682789436323 0.698551218104089821636648593994 0.412597201985528794221380621821
0.004244813617553347927235929404 0.426993084828912017325563965642 0.458573763982638715752671032533
0.629772739275924919866156415083 0.650146834250182825698516353441 0.775799094305935632576165517094
0.512828790693763969521512535721 0.959092800478680618248006339854 0.518507375379644197543882455648
0.575013059416960015113318149815 0.667932917088639332980903873249 0.985969384978922169793236207624
0.535836399504822868955500325683 0.570466622003762635628731914039 0.861472561298970762599935824255
0.915164138336964416708951830515 0.689828138891703357415963182575 0.343257632366460674333552560711
0.563328767695060905751347490877 0.573910664443376683507835878117 0.995815111006613573607637590612
0.641164813052541915361359770031 0.819460181684747435149063221616 0.931271903414315871394535406580
0.936061636054845713772465387592 0.170408272042870817530868521317 0.394105253541939926087422918499
0.216121670071697691284384745813 0.894325209873809034988312305359 0.135885265213151779084554959809
0.071485418509342826820507355023 0.559247782983847030457980054052 0.897685651390282890460525777598
0.860674391009832007171098666731 0.443032100300091546962732991233 0.611923114626568342977463998977
0.165591463952377865309628646173 0.586972446879243880957233159279 0.097701361416044726904139849921
0.318497267529977978739452737500 0.904715409458043851032016391400 0.045547638541554108515541088309
0.189321529938991373054335554116 0.441129790969426172075884551305 0.371126393085600081445107889522
0.475986611498736889025451546331 0.966790096881302241094147120748 0.849095995446308315912631314859
0.627084832519413493123749958613 0.768996334372085255104423140438 0.696915296379829962702956436260
0.037123611416814562835586599476 0.267795057073355435850459116409 0.964140249662671755537246554013
0.816315568348546238830465426872 0.793021477632229299103983066743 0.561401192410932337040208039980
0.078022974984907608742012996572 0.694454052946810063140503643808 0.001674274325175348788335982775
0.561692166380327484453971464973 0.125949779828745472842754793419 0.188611457739413096446057238609
0.652175212508287138746254640864 0.480683272324270716158167715548 0.919880798127002075048608276120
0.012441107474781777988970254967 0.145248018881504292743045425595 0.000914397732459848043735928247
0.577924764659392575794072399731 0.524797787979353169696139502776 0.752363309954876102736420762085
0.055350658042175898687631274697 0.341290311156139725135005846823 0.401855520830131207610236288019
0.319731969657640002768772546915 0.791505179723507756861522466352 0.353895820806799321633917543295
0.708714098553591242968252572609 0.152150239548243720877351847776 0.328248287022308737892473118336
0.624617785118398938237760376069 0.771663222208328059004145416111 0.266710769450882234643529500318
0.557047395897060648728427167953 0.549058418019379601560103765223 0.211532570927504964819476640514
0.185748781289773706726364821407 0.529983875118317793173616792046 0.012039504356613158625455284323
0.034188404983997340569334966176 0.127506307945861013797284044813 0.112405317867118104135926159870
0.247669095135096162252352769428 0.086177936293648643717446589108 0.090482383081039272076928625665
0.761517048574535171390209598030 0.712782352801581975398903523455 0.500765839027894510415706008644
0.807575028681731477142591302254 0.751159546963482527281996681268 0.685761842256998987998883876571
0.113297898160033314041150731555 0.702875455192484621669279931666 0.282862088712123316280866447414
0.216938390416989118625323840206 0.195948870966884181044065371680 0.945878895568215138922596452176
0.144453292831763169257186518735 0.536634890871364844677771088755 0.021033976061989038269794960456
0.890264899720953573059034624748 0.567626059176779884651864449552 0.166186834847770636969244151260
0.488174500093121355170922015532 0.860604477521904609460534629761 0.212762606485392830046876611050
0.949539661419693370447703273385 0.823085076436130269605939702160 0.283753665511140673594070449326
0.777066224772445357515948671789 0.345386294986437136778079093347 0.885312110295859655550998468243
0.116204808323211158938015330477 0.565011314236038564295938613213 0.504742141831140522789667102188
0.938406840787362250821956877189 0.908263943298415976634885282692 0.434706635403170726927868372513
0.881136242156615234755179244530 0.533217662871073971864177565294 0.766280892461741025556420936482
0.335556254365494410762948973570 0.614407518841985633706315184099 0.255850764562805865764971713361
0.176579965681701200885811431363 0.578888705704117989547796696570 0.984455527819005138390195952525
0.998037800354500514998790094978 0.751146121631914853722378211387 0.304382825647224297682669202914
0.988124313931705078317691004486 0.303218836725502760565120752290 0.756414164413103828898954361648
0.873342642511444999797731725266 0.285102607155094223134739195302 0.328111091735057758267402050478
0.590975930312500952190646330564 0.477938037140857530093995819698 0.519453657925135425799112454115
0.796821557463678886712443727447 0.652649638423960620770003515645 0.647204011466756989889859141840
0.331690654849981558793814429009 0.938007685273415492410720162297 0.038322563158672356964373761912
0.494385964926200738300821058147 0.040024565077085939857060026270 0.762809662072824301581874806288
0.156262506371447701392085605221 0.802012166150908534234531543916 0.890636979269911366330347846088
0.830727958077447370399681858544 0.401421234791121128715474242199 0.880073635713623847465214566910
0.493267546116618105234152835692 0.874684389084428359772971361963 0.196642442137635070631418443554
0.581138494773595470910265703424 0.498885473435573767453377058700 0.965246966031556907772426256997
0.764127492182286816024827658111 0.791693788512705109994271879259 0.369444024135072213166353094493
0.527370562093643080459060001886 0.731231831232875273407501026668 0.188253309605524749015259544649
0.362135869217530104169355809063 0.743077326243157809670947244740 0.257185242247670919901736397151
0.219524457943222450762021935589 0.951065550891271538347382374923 0.925731435291105575480230527319
0.641309986257499353712319134502 0.954084662566945018724595684034 0.231485612771345161675640156318
0.036205675261369092698959804011 0.659932289067880373245600367227 0.766578024869402963048514720867
0.704846866635165270054130814970 0.672422896701751038328609411110 0.930709829916415598560774924408
0.015049484940157736509447339301 0.988694376641936600869087214960 0.974895346888078773162078505266
0.297757692796114192823608846084 0.808989806107840547788612184377 0.883058409248779874189949623542
0.762595044652888631731002533343 0.323101238219980102517325804001 0.369333612587632753587740808143
0.731806764361045414268858166906 0.087310931275197511958197083004 0.696242876081023309708939450502
0.413230352534355527271969776848 0.875903376367419994608098932076 0.056655372776378762345039774573
0.494920790993816417380202210552 0.355455504581876635672443853764 0.255843824697114308186485232000
0.829943834360285737083984258788 0.211847726420780840816959766926 0.536929976661167041029898427951
0.167372042580909791142929066154 0.989421882578994216217438406602 0.290045068306523046164357992893
0.578314304433032444485718315264 0.593562211864563926688731498871 0.278697489576778145714541778943
0.672840559803850934983415754687 0.921785555289645452958779969777 0.080311370323786379632480247892
0.215101897788718243731409529573 0.698550942784613604352728088998 0.957194781434284713839133473812
0.787087527190469260496286096895 0.330229593665372356259268826761 0.828090308544543574065244229132
0.670921680962062283448688049248 0.301910599096346432546056348656 0.778684607184909061139421737607
0.807405688600275950328466478823 0.373753467843374598267303099419 0.274608868816571427551309625414
0.280193524537154681208761530797 0.562141728640435878183723161783 0.219099730426901950774976057801
0.462895219862381523956429418831 0.716489777127748861396128177148 0.025909396051576386726944534189
0.720338778243558408576063811779 0.034703960333424904716181913500 0.028824276368323704239360338875
0.128123235269674534686501488068 0.743374207175555579141246198560 0.190235268382623751159954395007
0.966992737650443690000656715711 0.086716065814661805188912069298 0.136649315492490319723373204397
0.413804516164251068310875325551 0.707848330249788659784826450050 0.713704919235347623462928368099
0.525795359797740391449849539640 0.136426032201511865382670407598 0.639015868427601274603944148112
0.157479134700103967636763968585 0.731497622023890570197579563683 0.149339859399067659273541153198
0.299568314154309955910093776765 0.884683704782487367879184603225 0.637902234905037612833211824181
0.052840977604488206798016847188 0.460882342417418544577856209798 0.149113321135820459106824387163
0.550110292650095589195302636654 0.644740411336242491557868561358 0.207565589532272193329376364090
0.471334206589664184150478831725 0.288528788854724105306104320334 0.997220786865709474255936584086
0.601177222264055344247424272908 0.741345467350634224068528510543 0.745619889485975129161943186773
0.689998532303204292759346571984 0.084647007809417737500545797502 0.100219345080933067149153714581
0.903060086154371277622487923509 0.315388371033901326878634563400 0.322971958766911815263966900602
0.340651858501483661978426198402 0.064074573282878619084890203794 0.147379305397469295701995406489
0.305692704847623064612349708113 0.708169930664307667456114359084 0.706321217787837629664693395171
0.905317307297646922670253388787 0.355674869294796913710143826393 0.735981987185975849996566466871
0.855598468739572348695787695760 0.367711971240584245546045849551 0.002272998731590681730646563707
0.052566089309579649979653481751 0.951906184424266332833042270067 0.502455861421799099275631306227
0.865623590587549673891487600486 0.569108992325339402285067080811 0.154842482236915185422887475397
0.121780995113915727068309990955 0.927749300055262460240612654161 0.553243592262553041116746044281
0.448110739676800595709948993317 0.110172488851940350573777038790 0.504882989621083910769527847151
0.141913771875125632737635328340 0.915641581857388975329570257600 0.049499746360384927479358907476
0.453544374951737661039175009137 0.701020909850698092924403681536 0.459525722132905212191644750419
0.551073257340512712154634300532 0.849789465216019279658610230399 0.239387803306526536495368873148
0.409671745197675463145969843026 0.033269253206558026259020977022 0.631631570615720061567799348268
0.245030079743487810839397411655 0.242061340227348625875336551871 0.979513198566326126481840219640
0.783132311044990481185834596545 0.832081776417494589637158242112 0.106881424109800934885150525133
0.656425024111764621181919210358 0.318366169454461223065067088100 0.540790877707879036329075006506
0.224932784429049625884999841219 0.552600246579484366549195328844 0.592094296224371263726027336816
0.892196461813089203296556206624 0.056169980523923718207512933986 0.198464236063535637288879343032
0.179885154124220736360229011552 0.867463794039911806343923217355 0.128691807692997317591476758025
0.660654963490362900913055455021 0.366617081627908958374462145002 0.127665693164009524940283313299
0.337907344219068483948120729110 0.931902357627129140915656080324 0.202988158565774928776548335918
0.075220753959812092226400181971 0.147484976450850263640646176100 0.346018490641118281470056672333
0.832220314656953785714676996577 0.980407191453281590121093813650 0.450873866135176937230966132120
0.774700195169293781560782008455 0.728736166864774936868798249634 0.370600260833986061559386371300
0.794230840859316389312994033389 0.135879383354717053755678080051 0.186064270131965719956568250382
0.614917739015486741749327848083 0.820376476187488767877198370115 0.038475372270913951733284363854
0.608334233428494686179988093500 0.468972924767194931927605239252 0.823868202115105585647825137130
0.210036248037165501623135810405 0.961115523347035538570537482883 0.600709071787207560255694716034
0.573443084756371290744425550656 0.054920132020897467761688659493 0.414185345337062915671566543097
0.859009818483006171163651742972 0.182472463940193174725123981261 0.804863120931322839624044718221
0.025829227196467980515182105705 0.072334277482321004959509025412 0.816849012365334803398297935928
0.482086944942984652051620741986 0.264998211493383317716165947786 0.468706699000994708725897908153
0.409361635056357087147915763126 0.204865341837247999512428009439 0.137925141505452542034504404000
0.880263364124993175074962437066 0.699718341120906139884993990563 0.827036459862189543557065007917
0.314805157700779048024486428403 0.938975330060562218825737090810 0.540954215324804255082824511192
0.460138730517639260586548743959 0.150651699905233915632862817802 0.930194305352642913931049406528
0.481275715341913823408503958490 0.951804089532957586783368242322 0.384832086580574161960299761631
0.476727851284071413306975273372 0.908306456564126563080208143219 0.268990662913924261090414802311
0.021987791611481503906144752136 0.586910090708342213616788285435 0.638698023777478640639060358808
0.290296399112778158446701581852 0.944634816780963171289897672978 0.336796281060505631188561892486
0.284505285131802010401003144580 0.157200775145595050830138461606 0.715990660208486784377157619019
0.077006461873241269233680839079 0.858699097086721985228052744787 0.110808561264740396135053401849
0.303733278609944146175791956921 0.827806978451173569588661393936 0.937428776941291452828863839386
0.089133515727454731836232326714 0.100280450517315058989176179693 0.721259833336736488895724050963
0.931636469676821898922014497657 0.705870942199307460640511635575 0.984625376557635711982641169016
0.283474481263322364288370636132 0.805395586380554306948909015773 0.276773965812769084937627894760
0.559533599754103772028202001820 0.654211178655317748820152701228 0.738468835692973835094221612962
0.678519416000572084257669303042 0.879160758623282578838598055881 0.852169404083884529654824291356
0.965697062983122522794587894168 0.351586978232071412087123007950 0.199732586031815650962073505070
0.272946296321099901582840629999 0.004406438366508627635376171838 0.840071915796934742814983110293
0.901227283025310743624913811800 0.632102336479348325681826281652 0.736374684685374480963560017699
0.183330996747119723266905566561 0.498930430948107406230462856911 0.341636621768975745627727746978
0.534933145867071857537666801363 0.958030892821359558730875960464 0.539018085141122815784342492407
0.818140859951704713104447819205 0.030923577325220569927965996726 0.864776557388183930719094405504
0.533013991540577825034574743768 0.753694343984944170600215329614 0.895838305673963941622162110434
0.659815826877238942316239445063 0.698094883556201306618049784447 0.010700537712530164627389162035
0.588735121392994553701782933786 0.237227122450440891521239450412 0.319793700962866245252058661208
0.751893582869746501806673677493 0.945616628267029635246387897496 0.387640217852603663484245544169
0.364720572554840472001558282500 0.487426835739639130462563798574 0.343619270875407334386864022235
0.917607421973347880950200305961 0.323625085976253556996340421392 0.090714546344366570052031306659
0.035179267597551105994924114384 0.793688364613653996038067361951 0.922901188014620843524937754410
0.833141633148721694190896869259 0.851725641251270593201638803293 0.220803632669969246427044140546
0.697849121108348069419946568814 0.629186826528056686314016587858 0.177633411413947450707695452365
0.194075488591142403249634185158 0.628976755224389560972042545473 0.965770695535187462255066748185
0.891245610419411637970199535630 0.066653544822844926209803873007 0.970172540083656942400125444692
0.485211082301487794943284370675 0.716588071840846718707496165734 0.906122692017715447576620135806
0.297637839204108911594914843590 0.631884290041302421059299376793 0.676104504774631243080307285709
0.042393819998867307563550355098 0.072119702108534355922131453553 0.725945913586974689302167007554
0.825331569334126879944335541950 0.851993706594400879161810280493 0.903953118082170381519802049297
0.261853991665836560720492798282 0.995766429931845276080082385306 0.797594412632784188765810995392
0.073919751374456374448662643317 0.303984111080005114935431720369 0.142074006577796729811069553762
0.453470137799005468259849749302 0.009940224092780681683367838275 0.882933551295326690677711667377
0.985716006055163851407030506380 0.390260530623595669474923397502 0.641526971084844910286903996166
0.031376810867609246369358544371 0.272646000049147185784192970459 0.360945869867366486705151373826
0.118701064769773101392758007933 0.173314713731184649736505321016 0.622276353306103757745404436719
0.383636505062643629049290439070 0.040865030364701876441912986593 0.302417399604081926778320621452
0.769170156463642951116810309031 0.693630994280413304409194097389 0.526500733435432133333620186022
0.624180677836045916251350718085 0.611690578942034601794830450672 0.801832508834521950902285425400
0.846370307421673295777964085573 0.939543295990929117067480547121 0.812328934081154918622758032143
0.528043015871199949984315935581 0.609459725934429985549911634735 0.426773168241451616999881935044
0.928364216882608062064718978945 0.706668044871775147264258976065 0.585185877382346175679117550317
0.920915411883349022126310501335 0.151559334608879187067387306342 0.194385548550151027180632468117
0.252636936916071142000816962536 0.745400934566788464508135803044 0.743446495930241812999383910210
0.952836856884023197800104298949 0.236355899423051518670746418138 0.532270649863985090277651579527
0.500061444764708151744514452730 0.881283217591258383194485759304 0.410449759508910105854084804378
0.049525952358529731767156079059 0.384738825898331804342689110854 0.856965829513509969039830593829
0.375857079423760898073680891684 0.259220771676594574639551638029 0.729137619561047722882562993618
0.659299275190631473009261753759 0.051399562831977461951904473381 0.147387235379276698710171444873
0.279143016128743426396141558143 0.029236944368739584826366595394 0.257784816315806353248518689725
0.282604162897750921246142752352 0.768543958920877567919660577900 0.825814107920678441843165273895
0.612757668487261097922669250693 0.069616863815595064757246746012 0.500025485276616832308604898572
0.373572005090121950221515589874 0.125037873864382059752031750577 0.908628522405214966717323932244
0.221845654869840563927496646102 0.059611142950102162518799531199 0.420127338268645067476114718374
0.925933501497477551289705388626 0.828629692024142383566243097448 0.435619495900198216986609622836
0.697005859235946267915551288752 0.568054346967587386885156774952 0.626623606925110876453288710763
0.234753319610638278014391744364 0.790037324932956308565223935148 0.252161175205036836022287616288
0.502204633216523199656933229562 0.013272279707800118536686895254 0.732699302342469493964927096386
0.101154516136199926212846378348 0.652172807963159795185958955699 0.943339458020900800683250508882
0.956540803960642449510487494990 0.395058880817482915848160018868 0.670062111465733245552200969541
0.866871448435342362159872209304 0.668100317860117032253697288979 0.006564369928996229355822045193
0.978095406133433820095035571285 0.690139962058834877112190042681 0.684670646063935572911418603326
0.764829259883795797847483299847 0.861074562914256769197152152628 0.037421131651931560657686759441
0.983320012091825734756866950192 0.712623293730106355248210547870 0.146884318808313429904899294343
0.416651740217607813310252140582 0.231350004232553391192439562474 0.875834362849985947896414018032
0.056257480614139786234684237343 0.681621946046694238141583355173 0.565746852135569633368561426323
0.898212347350300088777430573828 0.510566889611561935957695368415 0.505467649957832332319185297820
0.603345203899508075728874700872 0.919338177799237210585658885975 0.017035044041164168482360707912
0.282666573107371421613720485766 0.803599359253667988589597825921 0.170601944570867108952327839688
0.983667641898887223916858602024 0.163014875889746529979973388436 0.444836008432149321301096733805
0.970179353834298652259349182714 0.138842869835730686745023376716 0.257268155977813384183150446916
0.459581354250107321224305678697 0.360617280189399258549798332751 0.576780288399569740498407099949
0.867201795482841819584507447871 0.009887417318924734618845739931 0.101093858899928570882487122162
0.618477516722233500168215414305 0.548985210583633032044303945440 0.445942747861471422421431043404
0.873852837153364148115031184716 0.825384788348222042664303899073 0.974409056866576639421850813960
0.302510653726188460943546942872 0.475108280874759092426984352642 0.380869271533768205539871587462
0.363239298573965418981401853671 0.498571535515327457499523688966 0.277720228020360004883571036771
0.825353986914529436091925163055 0.282090645092085701151063403813 0.193065690287071073383273756008
0.952993596861968494948769148323 0.352222411918677036357649967613 0.707703435581631734585528192838
0.754477870158385965915215365385 0.253077607801536264009456544954 0.435824975420696758554583993828
0.562493501672664542034851820063 0.047716065721076512951004389151 0.979858297726220239809435952338
0.063177821939175426990686901263 0.956623093278064162703344663896 0.675133113756553271400662197266
0.116051359029766668062855217158 0.743242849145336670346750906901 0.024138671963711954421283323313
0.196490121445256044063754075069 0.237146874586569300635829904422 0.371356468749218349145735373895
0.093361655482053509946815950116 0.575339425731294706878315992071 0.385060815273337408992659902651
0.706763859467107291578713557101 0.232323691911921509367644489430 0.467973240294903003455573298197
0.682488882886945869010730802984 0.434222984561633884581510756107 0.132085381956675379511167989222
0.022011684155428212078531302609 0.644440893790378943606356187956 0.448768406674275366352588889640
0.894397347833246536552564975864 0.435084271934745636656316492008 0.470138757870109835756977645360
0.885283345598414816990384679229 0.014952918824863697250249217063 0.846410806050353348162218480866
0.836163247130582654165209532948 0.565162992403915098726940868801 0.274629074872478895485983230174
0.458728644792480655389965704671 0.990548913826343691013676107104 0.872800575394164779297057066287
0.373465345040865481784919666097 0.820249254172552122454931122775 0.330875579018619303539594511676
0.281499382843692746991592912309 0.383108155259853255802937610497 0.202853766117147144010246506696
0.347932770508339650472606763287 0.038718140772009204675363491788 0.479272347416417332510718551930
0.721286018138802553778532455908 0.625778211946735996029644866212 0.436328573309804401691991415646
0.600062786932106018156218851800 0.176974609362925333622129642208 0.523343102519934544325508340989
0.704926459854261833193334041425 0.407164010629998684986929902152 0.231011321763060134548695145895
0.719702233714234251849006795965 0.991484089610861762942306540936 0.218619887201097207185540582941
0.800929453708348337848121900606 0.351396864647834539230331074577 0.209698403219285345322475677676
0.759406464563746719242942617711 0.738018136273254077295291608607 0.746002573930346857267181803763
0.790320604642995916400138867175 0.042203309777058307938890635569 0.042529496265531291365746824340
0.488938074791709975652764796905 0.898355039227837548487798358110 0.835832476176385008592717440479
0.707464027597402567160145281377 0.941401265142234322524927847553 0.766700361694784726651619166660
0.517830620601826718818472272687 0.074777025217822049030225173283 0.234261007407408211600241543238
0.709511042014405735045556866680 0.574524836263634819388812502439 0.976461979939266866423963620036
0.242430458826493722135353436897 0.099556209228681621925538536289 0.121710786433778514470382958734
0.242391985845311297431692310056 0.730062208353681296735260275454 0.659294519864830563804503071879
0.358129516508578771283310970830 0.837401074443866799690283642121 0.305196193532188631003521095408
0.768058723881906990627044251596 0.546572335856778446228076973057 0.475606766791737523014660382614
0.106388004573558833665281042613 0.698298474431969684594889713480 0.227771141434864432540052803233
0.676693104679341961293914664566 0.279108595229622891142895468874 0.794614999324704918137740605744
0.443767280122611407211508094406 0.461523505093055785852840244843 0.169195895078945418577021087003
0.377531649501747001984597318369 0.659012452084097755111713468068 0.962063518773362713609742513654
0.633627116781033006276402375079 0.840057439069206379755883062899 0.581739658437109841138124011195
0.172579742889801712735220462491 0.853777563797565863801253271959 0.431966785634464389698194963785
0.997818412709054691767107669875 0.110817272162415880742969420680 0.425064599739377768639059240741
0.801801652034059397777809863328 0.190968358329759640978906531927 0.246292437723532153803773780965
0.968409974036178233802729664603 0.585810094438862338783735594916 0.889910416234100942745044449111
0.386445031787825743485598195548 0.962914063966267441685431549558 0.668187587792766213290462928853
0.772082537549633296514173252945 0.829223553668545276806867150299 0.715734571946776032547177237575
0.283356756720285485329213770456 0.244715585578054312110296564242 0.813032282566192532335946907551
0.683468423011681203149692009902 0.223310671616302636177664453498 0.266108819704042653953024455404
0.397415185972050555296419815932 0.629137510401966193462897081190 0.016782425729836771000069717275
0.161070982895518577393545456289 0.152344264059303791114530213235 0.568755317384922798318314107746
0.855652925229233307646836692584 0.834699162305921671389796756557 0.346803371141703842273074087643
0.441236429446936528897538210003 0.090504457098881524457212321977 0.892179646112306046212836463383
0.945357005790872895190091185214 0.611609804050768701699780649506 0.753899435877959378515811295074
0.933252473738867327490709158155 0.535653501552910804583973458648 0.693260648138999124867609680223
0.322858167759920933193029668473 0.105630920594282709523703545074 0.385958401580720478207808810112
0.785123875286004690998709065752 0.208330994541220893001565173108 0.954867071123275179544975799217
0.987545651685278080833541025640 0.689748295791558052592051808460 0.812061049815127389273072822107
0.005658267601429648081812207039 0.847383892914664649254063988337 0.319076596260109313085706617130
0.645785753414952035100782268273 0.862691720766147085441843955778 0.161446254087610263638907781569
0.696043713195591218223512441909 0.429264238710061751813640285036 0.941435281735593765262137821992
0.167164643830953474346046050414 0.688471213024849704176233444741 0.347952215850350576875626984474
0.190824584773562094808241340615 0.539489195675924571027337606210 0.644578174673786974402389660099
0.089228506925681724815113682325 0.598761125219771983552163874265 0.729954228710579022809668003902
0.952652147267681992381938016479 0.770814689619189863378778682090 0.038385251580808008031731048959
0.429047121814845944243188569089 0.828749887401762697081153419276 0.589349186234146671381495252717
0.507990506120083562535683086026 0.818892264649530021713985661336 0.439305909374012593104907864472
0.123492815264619790194267068273 0.102995468921844884890859361803 0.742344803484048298969355528243
0.678283417916128117397533969779 0.933993295097513609448469651397 0.585161076923478629119301785977
0.538201311445310470737979358091 0.751568499035108583683495453442 0.754557292938593748843345565547
0.611919907823672670765802195092 0.055850427447508572964540718431 0.468436578687275950727553208708
0.595263273717147045616115974553 0.052117386428503234552245260147 0.739404404655711999794220901094
0.298044302729422505571221790888 0.884570178788858352270096929715 0.175509136608807458923564581710
0.198220531346188860721824198663 0.697843549267527896162732758967 0.913639396618713406361678153189
0.380489866907372353832528233397 0.863817325764421606315579538204 0.182431849523018524417139474281
0.211031736560016169867992630316 0.615195209048695956788321836939 0.678211055501751536311871859652
0.504394755188118271149733118364 0.218020503827717010425502053295 0.795859470399092661097029122175
0.693252585187333014715704848641 0.833777166426307503321879721625 0.986403443114121314394537876069
0.300196619206511139399395915461 0.853516112885606470506161258527 0.007819163808017269914896196781
0.463042582543906899861241299732 0.016474504272946770278007733168 0.906585787138848853139450056915
0.749552067554905554480626506120 0.381626544261852163053561071138 0.853759517447331250927788914851
0.276947913173819115773000021363 0.022321901649911799619951935369 0.921073042255680873857670576399
0.575507402210835072864369976742 0.572803020874298796094592489681 0.394170451417081624256866234646
0.031570453464628105144651470937 0.759219816945342129699270117271 0.130022514250111381750585337613
0.872690976818741082077224291424 0.643884860192568519998701503937 0.031405563299236508023604130813
0.170770435087512911787044345147 0.102955536637952080325497661306 0.993030965755700267827421612310
0.143448646941992663528253615368 0.727232721081402466722920507891 0.818966079899451471213467357302
0.012910450568551657540838917271 0.803585236299360072820263667381 0.159865673764328170003423679191
0.610721687942844759788840747206 0.628596493897387031957180170139 0.413320193626558640698220870036
0.591067119906592663980404722679 0.676189742690421424775593095546 0.786899094201940818571472391341
0.535394380925821256056451602490 0.500209705041735230857113947422 0.250388652418673640642765576558
0.174221453481373467209181171711 0.060244824091622052597561065568 0.596810094941029212201044629182
0.370069163871452277980722556094 0.067793490014027263379503551732 0.993501270539491776467855288502
0.432595247415407280211496754418 0.370440139661220135813834986038 0.904602338735389088775207255821
0.276337941075129323031944750255 0.319396316866336682505078670147 0.963042013482304670723976869340
0.326903780315816350210411656008 0.156135104029295868066640196048 0.449723331027447714713929372010
0.676455768404235491253473355755 0.439241132111289400707931918078 0.659215106842888642901812090713
0.451179811048301959708339836652 0.159627419794862362989462667429 0.037224074994337483235362640244
0.973367315343025896190454204771 0.625591210391584828798272610584 0.971765145318964296272667979792
0.513903945427426678271842774848 0.675858075946239922338065753138 0.730550269974498678315910638048
0.255475933132067234421214152462 0.229500081616092005409868193055 0.019073852636608885913194200157
0.631158928987574641134017383592 0.029566353582544280254040813816 0.913347212907901773171204240498
0.419261659448962153984297174247 0.416543016905125240700868971544 0.528300585595536054128729119839
0.804612091746216395726776227093 0.492239713566767156383008341436 0.884009346298561093924206488737
0.130787033440941780071398170548 0.920782327082409701723975103960 0.226959117436915797094698632463
0.670630375911818954470788867184 0.412856619896738774588840215074 0.460496706561589530526390490195
0.059334411705504082334972082435 0.488112550411770873548533700159 0.379711705258634457660349426078
0.923302878005668792305016268074 0.427860204101338792437303482075 0.980344348825088252041837222350
0.509139094069641195972053537844 0.782729566167978285662343296281 0.587609779158379863517325247813
0.866439411889531663213404044654 0.983428101110807584284145832498 0.086917310212367634991714737680
0.344389292476930675146462590419 0.228166734559335504517463277807 0.715876034713700870604213832848
0.253925375645265072321876687056 0.319792334504051312116246208461 0.607113205154736990110109218222
0.261626778598929576880038894160 0.170866110409206850562213730882 0.400183221126328592109899773277
0.447836069704401484870004424010 0.663444947948056973352493059792 0.986554117370183947244299815793
0.654150746728770493554350196064 0.049222625638832298577973745068 0.575501359625061215119501412119
0.297649815965156661068391485969 0.542827703626386659507829790527 0.759051300872996548285698281688
0.339642433923584508015380833967 0.055289117453843163174642683089 0.150869482229252754867943053796
0.168800030578322518559630793789 0.770478948145425168725353159971 0.835374167282877611029334730119