0.726385095548245929286679256620 0.222744135092516643004145748819 0.564412794648783466833208422031
0.291917033196846698039905732003 0.287919526277599535646345429996 0.415801337803360704370447820111
0.098529161069881923684654623230 0.985759179871884660961711688287 0.420080174287882746053668370223
0.988451355905076156638244810893 0.705778434339358495819283234596 0.342093997699512430976653831749
0.663543472192167582690558447212 0.375607795085587115035963279297 0.263725857714305289558609501910
0.338780980731992586996170757629 0.560286753991739661096005420404 0.087671812591687311999599785395
0.474603108481376545491059459891 0.901130158612752252267341646075 0.959840665506745516211140056839
0.371158487347804932898753804693 0.575182799119712817592642295494 0.993738801328628573727996808884
0.222249616077447392781252233362 0.349368565752825654957547385493 0.967676248436002195418836890894
0.918314906559756449766496189113 0.452074945982575027159100500285 0.736583460551429425322567112744
0.310521976272637834082246399703 0.788610347886437246245350252138 0.343657751022819202280089712076
0.034133370082977489146092153760 0.235002196244366468036446349288 0.594166691495800036726393500430
0.088927188825108416381226561498 0.748750727648194391861125041032 0.772132629888850119392884607805
0.915150960166469018552959369117 0.435802711665932096529729733447 0.817212480829783483038397662312
0.308184289577639491941596361357 0.828860128805745222102530078701 0.758366968459642798450204281835
0.753363357174171022201392133866 0.368055655950057403202890782268 0.850443219166400643516112722864
0.130522710888342247104176863104 0.797948416705232310697226694174 0.924712570063986105672881876671
0.949776983008221553639316425688 0.993626592637613326175483052793 0.411795160702935370000687953507
0.278073730385104578299859667823 0.487450130679825288648743253361 0.676144915099272547642783592892
0.682159865689237143726586509729 0.019129657852514577592861755306 0.429373586220839098537283007317
0.168019383261401922258215790862 0.696519700551600728921641803026 0.212332749696389572191534966805
0.948704544403644489669602535287 0.345913860151273178100694849491 0.852286140014230864103694784717
0.701214145456224291486080346658 0.265507058296668985164501464169 0.480228512582158539867549507107
0.400959938245398161971166928197 0.223492126277095387587579011779 0.661937117956802878460109695880
0.029520051240195455816150982287 0.857235738712528783089794615080 0.014275104523906618006479085636
0.110820001587734126569095849391 0.435936431910998178906879729766 0.813490044450155269650792888569
0.952689528924468009840609283856 0.293674377720023693782991358603 0.060757382752280097992780838467
0.335744762118905304415505952420 0.702459596228319993471700399823 0.628190559640991796896969390218
0.170916211335408879667951964620 0.524250280279695668461670265970 0.807217984792574894115091410640
0.430522162648413642127565026385 0.354968925916595845482248705594 0.499785139145075885114266611708
0.644665600553837370156884389871 0.201586292182297732722418004414 0.407220183509654054532234113140
0.437229340435555557942137738792 0.233653165238974530604210144702 0.204301531445315598389811384550
0.652044597872452280640231947473 0.690646725114096970976618194982 0.853337622147183672005610333144
0.828628887113567746958153747983 0.082453254744121656782951390596 0.534878658469128853703011827747
0.460689147226387651912205001281 0.601121986602257574183738597640 0.162556923667839442471105826371
0.971546970887714356202025101084 0.308188788215647491153248438422 0.502115872614749325641980703949
0.584929884828431778664992179984 0.065803519506392668669825241068 0.019764610799570880156350582979
0.574696633848643667619171537808 0.210004056082359863433239866026 0.251309580700879664494351573012
0.491544152788590260616530258631 0.294360716022387780554936398403 0.849314814875701928897910875094
0.649581620089461075906456244411 0.294940773614611129183060711512 0.099879756517159565265551179891
0.512372010305355063408683236048 0.938604410754319995469074910943 0.020066211009694349953758063521
0.522518486385537883620600041468 0.808703698616114130537368964724 0.084908029959653394391771996652
0.972334763191052164899019771838 0.030691471982108080307494191175 0.169971993729582909748998531541
0.950637848151139164265543968213 0.587314443820125209327898119227 0.288864832954680572640882019186
0.257011664525635175060358506016 0.263838215682403620654383757937 0.575097409207928511598595378018
0.877414073238106717589346317254 0.125118853938081420196226645203 0.416859687500514941582707706402
0.579835508161981705299581335566 0.674428047733451552225858449674 0.167237350221801250871322963576
0.968708808173595614654516339215 0.527907552091542942029889218247 0.475029204459628928702841221821
0.048410116852583215396599314317 0.682621036674619818818143812678 0.125080952332950467997818577714
0.131137381794234925136422020842 0.790158395062134810693521558278 0.776516513769830662994309022906
0.006628646243713926834717486969 0.129559509582793136450717952357 0.076689748711254251967162076653
0.701325661725635263188394219469 0.121671162156532675080455874195 0.562749676664143994031519468990
0.546163566350926998893555719405 0.973635224878488414468336031860 0.562651138097071790156178394682
0.839687084517640514036429522093 0.479271627720458170962558597239 0.783464719166373613212783766357
0.193877600596427446255631821259 0.426271425501092315890616646357 0.715213889261096635863168557989
0.882567372775582281718698141049 0.710924621908456400021236731845 0.897266385464010718386873577401
0.980674777439386358146578004380 0.352314387070416401570582820568 0.616601930809937526234421056870
0.580219678384785053637529017578 0.894645583300941349413903935783 0.269755195254466395571313341861
0.477270443094562735186769941720 0.990560589732217167124872503337 0.018955454217227302171622227434
0.964698110135559616651335090864 0.489134365792671332862084909721 0.280794241172131975314840701685
0.125567273026173237271407856497 0.226543963310781554243433788542 0.907065375340558199823703944276
0.350093992977840273717049512925 0.681880739965372129063325701281 0.327751466328187690546513977097
0.972112419993893084324554365594 0.137632212050244451262415168458 0.957045369741942986152594130544
0.115992225493935022240243881697 0.291242842589469475012009525017 0.674904921448965411379106171808
0.419951338912209537479469645405 0.525650900389562081294059225911 0.005717744026491022348024362287
0.492721083944058502179785818953 0.980907995624892725672339111043 0.822011303344433397199964019819
0.625898089043821048704785425798 0.108292621338415981369074359009 0.139203031466187954201529919374
0.283785611137126081437997981993 0.443396844406110490766081966285 0.139866100895705364193233322112
0.070487293360212935344755180722 0.904468536215229379493507622101 0.439481143974711885302752989446
0.042779791953887223721064714255 0.088495624589739182996872557396 0.688213876203341623494225132163
0.179092721188460757275606738403 0.627580960876052196262264715187 0.485130771515492109635658835032
0.898423612957132688983108437242 0.858494009427162363401464517665 0.262213545081635024391886190642
0.010944949028286988026992254674 0.331953026184286292821212782655 0.142952388544365732725438533635
0.137847569710290801525687243156 0.578378667786830891195393178350 0.124542258461229252142210555121
0.020403887969098147975310908464 0.750508110362670732840228993155 0.609918582624894956012440161430
0.347512306359119338416974187567 0.307506794438690889137433259748 0.347609463266973728323705472576
0.011870759775852609413382410253 0.364254541059254866031125175141 0.295102774348349972122207418579
0.959402778449129578497434067685 0.015437863927163975388823224932 0.710848104601040642336329256068
0.131011036340582892600892250812 0.161852415014437756024534564858 0.591634150434820593744689176674
0.728415110592609993389601186209 0.945381312165212150944171298761 0.321902528353606665056929614366
0.996216230492963705778208804986 0.686000143510191007223397718917 0.767225659438450224847372282966
0.864676182844811846983645864384 0.050645126841692887642576437202 0.783213121774537279762284924800
0.769624269279458705916852068185 0.761653141044036918749782216764 0.546069995241400318874980257533
0.454707447232079453591779838462 0.318062241006432711021290060671 0.025527164715886525164778575459
0.448117337869399223748700933356 0.494977605631963468724165977619 0.911595351995515668086511595902
0.731200958782849519401736415602 0.200119197631877437926206653174 0.678582487899947683906987094815
0.688199171861434533248313982767 0.125887898639644030263085028309 0.789473147217409576548163840926
0.214234002757220570734020270720 0.855434041213444906759377772687 0.267829957762218795469522092390
0.393019858759054874219884823106 0.419768098237546960493915548795 0.938961267170952962324292911944
0.530981198106784235690724926826 0.089270861230027545585308246245 0.695164795809420699157499257126
0.933347426926900425314670428634 0.218735653195612833599170699017 0.600430090718998887844293221860
0.265378780986244622308589669046 0.333458101584677313322657710160 0.927343492778902711570765404758
0.144839682273966929848540985404 0.983029909697787585010075872560 0.930807973297014923375058970123
0.614044466908521324732816992764 0.792959864975562811473253077565 0.038193291203757216700775956042
0.877321209548618030638067466498 0.751090074133048735127715644921 0.676607109138761209088386294752
0.414015365388772038635067929135 0.072966249133626412404218797292 0.371521678740930672013575986057
0.437506193047166147547244463567 0.399077084366202872178774896383 0.979150285481421356337250472279
0.088456790066384516357800293918 0.426838173074527704731195854038 0.892581655307815080568900611979
0.620660903511914940899885095860 0.936412727914533116191364570113 0.483000329505031800181313883513
0.880801559796568600546606830903 0.171292209277967510949736151815 0.491667517154879274432488500679
0.750618483162692529120363360562 0.171531781094397123288430861976 0.834202869242925193482562917779
0.840501925455800935615968683123 0.651025531997084794255670203711 0.102654562260543827378889147894
0.040731541735097145928712336627 0.049281207149373888742882598990 0.897487437558557199501763079752
0.837155462059484101189354987582 0.697984949949778443745174172363 0.043629932838695761887493063114
0.661597347198626284381361983833 0.153008938310493919354726699567 0.224575267060979244515550590222
0.230692252350714582798119067775 0.090982879387629958523042716934 0.201812741341395873728714605022
0.282871333724538098763900961785 0.176612895242648060278867205852 0.591658524820508735508894915256
0.271617470179492226378670238773 0.064938656009374456923310958700 0.436307148636797370588880085052
0.700128245891055267513536364277 0.781475568483428029153969873732 0.007545322934423078116428218465
0.620332003799968334512016099325 0.484314810599104250687929607011 0.547245560814856646381088012276
0.584935255039481738492668227991 0.521277351496376328832127455826 0.245946878195292234492441707516
0.269214067676368684622900673276 0.260796836986700086846724389034 0.129832678921836308649773172874
0.108574240306239327980009079511 0.316212964208418489953089647315 0.799352656057331523165032649558
0.782122320318939689975934470567 0.718319180198645490520448220195 0.023398024501673851671679216224
0.327954429803193170389619126581 0.138803300592068162844228140784 0.801150727174523735740763186186
0.268345383299674444810278828299 0.702988674021033155270288261818 0.486747428985719265970288915923
0.265964199905532328038759715128 0.242588202103050182278920487988 0.829443824981518695871329782676
0.286095913786454048022278584540 0.938516026269060610331962379860 0.555448194188359667400334274134
0.985817402739355586049896373879 0.316149983662061651035202203275 0.313221132799629209397807017012
0.475267405954381882970949391165 0.482659221664613724556147644762 0.036723412113467863993054862704
0.359413034378605722451993642608 0.929804815195662159865719331719 0.654686340407187650214382301783
0.733263116414838655998664762592 0.993522882319597733236093972664 0.248268774331173391889393542442
0.128568215473840813389827530955 0.532748024512618045811507272447 0.537750135302901943745723656320
0.470311517516209143252581270644 0.538017548339275619717625431804 0.812508843759485621660587639781
0.870953366696218922449190813495 0.994154675632854978317709537805 0.450582882359669700811366510607
0.518550304706754561223647215229 0.376888575711770923426513490995 0.483156214041707832151928414532
0.564289893598249547856937624601 0.381153831566375611572539128247 0.200429609753329102117547222406
0.669446858789050858185021297686 0.463814727681980731865962752636 0.141811456549490483292075282407
0.669701865672826968101105649112 0.130062373106372919373541208188 0.412503324803708548706993042288
0.427924927529825860350598532023 0.820367034202965306199928363640 0.807060922170680150600219349144
0.205324983252053727689201423345 0.487648761747697778723420469760 0.588931420251679771382669059676
0.992298988956438088315792356298 0.227009009574193537650543817108 0.515950939221375137755387640937
0.701429635673093243575237920595 0.586252521989000685564974446606 0.201151004408016614855014836394
0.590431050267520740604254569917 0.589230179616604732295570556744 0.043666147845372968450128325912
0.072189953371771684031976690221 0.604247013964777646144455047761 0.162563793888504032336683735593
0.595777853797804457514075693325 0.147673471997458144455706019471 0.785881351367667679852502260474
0.031319320608876155542787955710 0.972648159323147742938431292714 0.650553073205829224257001897058
0.937569729983110389248679439334 0.620661634899632108641753802658 0.384120859425205185555540765563
0.944174792877468194163270709396 0.817620072904326478102632336231 0.239756259059392601296067937255
0.536138199449490815418073452747 0.552816350055075234060097955080 0.646096038556696949939350815839
0.389651504848714191897585124025 0.359017673349233457091855825638 0.958588558119817912839266682568
0.167743399997404341039697328597 0.985694399684347244416926514532 0.711894390410397259749686327268
0.559197183586046420167292581027 0.497035701195329138180056816054 0.651204621063518951373794152460
0.589567082328324776341332835727 0.813540437346713440902590264159 0.733305821057970041998430588137
0.458858703829555292230679697241 0.839524597654970672344632021122 0.683415883870135187905248130846
0.702555207369881640211417561659 0.216667980650659230956733836138 0.670028622873561907624662126182
0.603222268736307132286356136319 0.079551775751688716398213330194 0.603859939777074750111296452815
0.096346516052130681817544655132 0.817870731144556994962613316602 0.850236926630799638715529908950
0.210377922795190602789361378200 0.588140977227253003434270794969 0.949284008414618574178689414111
0.856122622308003733415660008177 0.206262500351990230029741724138 0.275490575337004550693364990366
0.111449098937363502703767892399 0.501665904382305072317649319302 0.159734255686641735128006303057
0.256105538626168860449894282283 0.115579139986594775502126708489 0.706743555663487010853884839889
0.451175167822628231384385344427 0.529465723250136188759995548025 0.281853743310537030453133411356
0.436513203648552949864836136840 0.371886334050731459655025901156 0.404666060325119369966984095299
0.840434523114234388607712844532 0.617721156589106534795519110048 0.137791470292321832635806799772
0.776838330712589120174982326716 0.768497701050768200481400072022 0.383846543855222321894871129189
0.890134230754771049731743914890 0.730825053354935194604991011147 0.311900545251561078785584868456
0.554217228673513195857935897948 0.573438822156986938161082889565 0.774717083041610243832053583901
0.283067991712815714144824141840 0.055741209720524834136945457885 0.841483280154275981033151765587
0.764705462382183731584461838793 0.771186899733337316575898512383 0.057862621939002170656785040137
0.041950757178741977793112738482 0.893121487423279014628008098953 0.754388997279668571671606969176
0.071398053968061120366783711688 0.701779993177255811964698750671 0.512831388649927610856593673816
0.831503040948868621384804100671 0.362039578435354225671716221768 0.270045506740653806776464307404
0.122274887847303420640443505363 0.535899660643452402375430665415 0.406299826295034860468291526558
0.459566772024487424364025400791 0.522735481126920920047496110783 0.252848213726648674004593431164
0.117094177227455617518181441028 0.366284119482560621694489100264 0.925757313407942761251945285039
0.523957454328703775559006317053 0.248649499441049970371864219487 0.562249544737188577947506473720
0.384902103285890528905355267852 0.872065467336026078903898905992 0.403770753857922826135506966239
0.969744975035882528224817633600 0.173270579897311732819886742618 0.885776394994460258835999866278
0.332643808709609245521932052725 0.990092944107634265193951250694 0.184937020221387943275104248642
0.721360137625128516880579354620 0.323007188523879829045171163671 0.036569731561166093913861629972
0.409394195266501725871677308533 0.691970981714007837837243641843 0.117379419994415395978037963687
0.007731442784586530989066055497 0.310646910370990403382762679030 0.987533120006890752229367080872
0.049118782751795153629359447223 0.348038179316463969215078577690 0.117760070712975006834710711701
0.063731148625859657119718804097 0.423427168615907456583613566181 0.666126119715843234558860785910
0.195831840400092910270402057904 0.985950122133436468452316603361 0.338958229405712463400135447955
0.573316019746670790802056671964 0.949056224682283899873880272935 0.489556860929030057683064569574
0.768089784004734821287740942353 0.478089680937656580361760916276 0.559475699907671875088510660134
0.499302393410104072835054012103 0.170058326212367355578791716653 0.609001159772847966422659737873
0.730130420082328202013854934194 0.568153856265487311461015451641 0.216500795824362157748765866927
0.707954076273837551447343230393 0.862795413894582696734403270966 0.734733828059521032471934631758
0.666851755148193614530782724614 0.686921606220416425259145398741 0.264471215263360870384445888703
0.686131438533965742898601547495 0.368814793152489606153920931320 0.134166019400471347999825866282
0.066345023121631874207793089226 0.576791785187516725663670058566 0.903641752809961729120402651461
0.923448759858568446468041202024 0.706857247303667168836227574502 0.875372916825813529584365824121
0.986810947564489282513022772036 0.285349741929530609230170057344 0.620575832656429349221127722558
0.852725538008706762660438016610 0.475559916198622589789124504023 0.231581980470644183123241077737
0.257744492529529189983605874659 0.548492104736091001804254574381 0.548194526141125182405744453717
0.186591697950339252543017209973 0.230361587891255548132818375962 0.404216900889328933921262887452
0.142076431572739220188239528397 0.922827057454070787123612262803 0.418361801424522561365648698484
0.811823636210798782464337364217 0.366558160086141227029798983494 0.722637165927014546440432241070
0.647217475204758030393747958442 0.173535398316159439335848446717 0.606861867925571396575890048553
0.802851479078055874083474918734 0.542379312017841952453522935684 0.441599367903060202600329375855
0.732706703489245159133247398131 0.045782055627397462427286001230 0.579951379605783912118965872651
0.994493482442921683528425091936 0.754186576922479923190678618994 0.750138844912957125643515610136
0.582070254173889689575105421682 0.450989663277055030654594247608 0.383988586347041360724574587948
0.056688331961339454012627214752 0.866632808055698533600263999688 0.023717863152115950531317878358
0.539886234040969359426753726439 0.571698527027718617077312046604 0.652181570613143191117444530391
0.597805651688521066944304038770 0.163088921151571475398611710261 0.780861891124821183574056249199
0.682241812465326891157246791408 0.649394098355952631429488519643 0.135007656186138136344965232638
0.919067897486966378650663500594 0.855995583044150132323579782678 0.858660946544897218934977445315
0.043709113669337301688599950467 0.797184861857036186627567531104 0.534796046703591154702905896556
0.792216907353505472855204061489 0.746630603076712029420036742522 0.559461326594093755204539775150
0.111955027931453343637002717514 0.735373678006833508824513501168 0.105585331406262319942079841439
0.665173744948719836145301087527 0.110953218062375513763839762760 0.702389493404864895254036127881
0.113193727631720295057071723477 0.387159371872500213118684087021 0.444460817223268078723918961259
0.682987618839207000220881127461 0.736049313762097145996676772484 0.200371325909588532399041582721
0.604428880745488505965568037936 0.486870396382662551371112158449 0.524742440563703338440859624825
0.813293284157627804908941016038 0.780299965898337610781254625181 0.668316221557808676223544352979
0.474946822113284372601782479251 0.968802982374716181723783847701 0.162693739772599293980093193568
0.777708298627075134135111511569 0.988071991625540602122157451959 0.935016265361291565305634776450
0.091276858687987988405510009216 0.398586725997533308785136796359 0.420396213948551422667776478193
0.817492543519528935824780546682 0.097921533111155811823778094549 0.254743751354476077874977590909
0.376103778677027600352289482544 0.282317859879697485858685013227 0.014865830471181661412427565949
0.191877110134358597193227069511 0.621656356213510230546148704889 0.558412390676780168163872986042
0.059466258439460871476622827458 0.264009091289017672199435082803 0.055879842990339205488492524410
0.837789321595333480452438834618 0.578612814932477625973206158960 0.400667274662529604434269003832
0.525149942887668585989047187468 0.732083697335164429453868706332 0.048922263905687428386936943525
0.913504018417167218402141770639 0.479826392069043705657094278649 0.319176643799949200097643142726
0.255026070359108014695692645546 0.335371556164110962150459727127 0.708119384273081631242519051739
0.408461567501282429848430410857 0.034317512219725912481216312244 0.028799883492859799927199304648
0.894739612237807624417484930746 0.019102109374378305195474325728 0.531556677173306790784579334286
0.271752616962546544865375608424 0.997641914740009516648910903314 0.111707734456109569753934351866
0.553057786739916901197489096376 0.717000239548810425205260798975 0.397117851433850421738469549382
0.734799883468159165111899255862 0.297092654269337286265795228246 0.351635665617659742832046276817
0.787468422568970538577559636906 0.450925519222873438796028722209 0.941870342577974972719800916821
0.017638344674384694166224818446 0.063090404677224820595426990621 0.490250927316945694922623033563
0.999059731724088795346006008913 0.682967051039977124382573947514 0.162709454532182218322589051240
0.831486253899812566281468662055 0.385698490947171401810322777237 0.511009950847392202533114868857
0.728053993413727673633673020959 0.358774006701329806201528072052 0.176437078450814299745985636036
0.862023743906808248560480478773 0.968668246084713913113262151455 0.566540942240338463165016946732
0.844234900634912466266257524694 0.553499114054003316098828690883 0.427622754465912024990359441290
0.207754100672330438426271825847 0.232300636845273078545659473093 0.207587800092065066781543691832
0.965217851412632277252612311713 0.548561170730499036984895155911 0.120191863701406262410209535574
0.865100313671437692875088032451 0.684661468779312887278365451493 0.346689260062139792406554761328
0.921600117647778827034699133947 0.014718529358731234982227142893 0.866301228264538258905247403163
0.766661535010318750948954402702 0.819326692248324550682525568845 0.578779684870213029235230806080
0.180171258994017924326414004099 0.694858180236479494595869255136 0.500504945259362066245500955119
0.032106097439918053482177384694 0.124417970242739442388035797649 0.085399774443316506244983088436
0.818144696371773338938737651915 0.563783870791740526762225726998 0.379049289014225576632810543742
0.051080578367192326638690502705 0.198474075239012087701340192325 0.434651812689330119265918028759
0.237902611997573426583230116194 0.912156759572027686644446475839 0.660867691571140669637429709837
0.897619984617145649785641126073 0.150411453969464231628094808002 0.254088972166677695696535010939
0.352674334010031620412206621040 0.991835835486238770464240133151 0.110198676564082595485949411795
0.524078021763117796183450991521 0.567467681606839691177412987599 0.567706041205508826763548313465
0.636095734301500237428683703911 0.840338687930850647411773479689 0.160976381197839524261894439405
0.732780098524065226506252201943 0.771390100712839976715429202159 0.512382251012144740442977308703
0.266853639486939742120341634291 0.659347097740807353005720869987 0.846705699314435511482201945910
0.408009568437862346623745679608 0.870974943035968007798430789990 0.658604293074022018039670456346
0.829843815430084785766950972175 0.449430353418173278434721851227 0.063450668097452048166395854878
0.925884479597756770985483854020 0.711364786790587455556078566588 0.577861986230897461958022631734
0.313019970218849530319005225465 0.433780717255362768813853335814 0.938675256601950946944157294638
0.980093718846129613453399542777 0.330203931408857065399331531808 0.825651146497359489373479846108
0.965176189415723695397275605501 0.702198249609788049951930588577 0.491999747845431378845404424283
0.161784004170774292630241575353 0.427305964076059641154614610059 0.470122296283885521273049334923
0.856459948148095007169899872679 0.269515758059149734826576150226 0.919944557181525457423276748159
0.843264415833804736877254981664 0.467311918684850446936707157874 0.415589182518649069564276032906
0.110842302966885547510500487078 0.570488061479659358532501300942 0.177234286560867204673996866404
0.757693192815963811881374567747 0.542829327246547088670070024818 0.280053864949526942762503267659
0.017130390299853904406690574547 0.203515421624308578962825322378 0.765248174319704488333115932619
0.807180045482775443410616844631 0.195155114473692048449038338731 0.353870109242733377197254185376
0.004423638821172601841291704972 0.770781229441785065148451394634 0.341098702136789777572545290241
0.704680373597125098150684152642 0.125754999898432001659287493567 0.446220669761588417667752537454
0.880698035669495338240153614606 0.176415534327775597178700195400 0.262951538654504435310599319564
0.377766733313243840974848808401 0.942959594036410497785993811704 0.141131073294248093885627781674
0.237317073736101030734246819520 0.888032596899375081811456311698 0.399491478573134384255638451577
0.851359473661985832748655411706 0.399135800121389272554495164513 0.666514821647435029561279407062
0.376690823043591249685846378270 0.077603681882118427659555948139 0.850205482165642290048879203823
0.234706813324438323675735773577 0.727371408779617034667808184167 0.629525275624986058176091319183
0.895918360132634483683489179384 0.528386650061711149461984859954 0.999662934217122156610457750503
0.636593563516969829230163213651 0.038229852142405089387988681437 0.190810079306705127066834393190
0.045750664083847439322916272886 0.365535141703157595571838101023 0.763872826607735699866452705464
0.228270917291633262946604077115 0.490303946678236401979233960446 0.424011871365952586199199458861
0.514963682830987146132883935934 0.347945874012480560466542556242 0.957563834706387062567500834120
0.306096951280623585933682306859 0.830988668531272622885808232240 0.557083181945610239615973569016
0.949990429093237276347849729063 0.022108454273503223147523399916 0.191618089012693421091526602140
0.610614718436804926326999520825 0.920689891979142749356412878114 0.944675140899382648207449619804
0.304127826732527029029995446763 0.164285436708412724282624139960 0.437014039398879949871457029076
0.787181842559421363070271127071 0.353324494369398445225982641205 0.022024648127306468287089913360
0.198771197038729835471215778853 0.245547251030631769053158564020 0.551036449024588703693439128983
0.107247865203883338547363734961 0.553520643978235304949464534729 0.202142686188657771939602980638
0.074464112889655056926052623112 0.049107696048706156455310178899 0.135338766363453016916551518989
0.755178654137448890359962661023 0.388690516698681598484199639643 0.967223627098916405309125821077
0.980036051126201068761645274208 0.229457192163653928007605031780 0.461849994359067039795263553970
0.701429238990630921080082771368 0.055584571970665172524483921279 0.590892984522532027646946062305
0.237710505716082459715110530851 0.509102663071791528004439442157 0.090109102998296372599718040419
0.931148059865463895157233764621 0.153405969029925676183623295401 0.102802719498151562405041659076
0.588303897355636817856350262446 0.335858018502829258622455199657 0.207892419918759313590683746042
0.824164434668574474862623446825 0.275357367333292302191694034263 0.610136860679858950007314888353
0.252256439294691769958944860264 0.282487296641670659891332206826 0.874231885643054762446979566448
0.700802410288278831984598582494 0.931035940400969486141491415765 0.282582929163876617195683138561
0.620442084218939426953909332951 0.452144864855432593309103594947 0.148122003385319722656987551090
0.005802729286121173155055252835 0.912476106576097678590997475112 0.358993883133373048455183607075
0.261602792901657665858294876671 0.630612938774168685363008535205 0.469783944077661053118077916224
0.511909742777806542335383710451 0.083710661296082580773436632171 0.707304898984976615494701945863
0.107008671411877226420372721805 0.029432741203467636947888053101 0.244848166294452135316461749426
0.893591063183370781786152292625 0.736484105021722901263103722158 0.810194582440590393979107375344
0.101078814771134201100366567516 0.281262151986413244664220201230 0.272497174943159392590530387679
0.855203145691999289113027771236 0.205512997689690835034781457580 0.049202831938945694456588597632
0.401154442494588980849812287488 0.349222448813937547118513293753 0.853817684427022438597987274989
0.670504931885878119324218005204 0.979867591867750409306836445467 0.615247427462683127430409513181
0.208336806512006866842767749404 0.925795447078587296907414838643 0.095458867150536405588034938319
0.468636477690866304346428705685 0.315423902332458261366099350198 0.562190192653007514422824897338
0.667979458555358229787657364795 0.352145187072938070649286146363 0.577442693085649549900040256034
0.909145383261077966174923403742 0.070182534262272958103245912298 0.634718523601748851881154678267
0.757816437086837990655396879447 0.707494734694953053555366295768 0.149067603489911104652776430157
0.673263791086795460039127192431 0.289302915229400492425071433900 0.808692564484483566999983850110
0.693819877090770531502528228884 0.834054110205783683085201118956 0.057028771444350909169962449141
0.808344632766541448809505254758 0.711848763703193943008784572157 0.528214840850538491778820571199
0.336083012691922200509964113735 0.784578328458549245638664615399 0.413889325683511222209176594333
0.128004771114361953765481416667 0.478845682607569822497595168898 0.125019252850633005857972079866
0.211159197978663670802745855326 0.471639989760536171292670815092 0.508427858345924410521377012628
0.408783637842620173330487887142 0.570447347017796313473070313194 0.688324568358644195420481537440
0.206493114087392432010048537450 0.796050670052002362631071719079 0.128306704017520339933255968390
0.991914859654208558303878362494 0.900086064994397472283083061484 0.050731606979845723925937051035
0.869560970467328275823604144534 0.414427335383583450578726115054 0.347672574248464760771071269119
0.121442708625755138585056158718 0.981716511661167912095038445841 0.173934929639077723306783695989
0.450554810142498540770361614705 0.863971685310684689440563488461 0.213130561999488293833948659994
0.104452197484277004013719647446 0.469024190581277089506784250261 0.512367716550288343491104114946
0.551769343786864929768398724264 0.249678159441794056405683477351 0.921169973535829078592485075205
0.123613229574789637577048040384 0.954894928927548347630249736540 0.154481767180319029542090447649
0.956330028622731975751491972915 0.650920818825260205642280197935 0.097862662334091354843224053184
0.339156589541941333454388995960 0.448321383190515621031124737783 0.279372147371063028753468415744
0.749350770647917108213675874140 0.749705434110120583213188183436 0.153085555395041678083956071532
0.827900014132764372476458447636 0.706995930273538242261111008702 0.841526811950314201915546163946
0.532888276336703992086540893069 0.963830020862964764738478606887 0.497359716537377205547443281830
0.616076837555209144703383117303 0.387559413770184602032742304800 0.334910205091445478675638014465
0.814892801492735463497751879913 0.371134665530806318045620173507 0.701179532831030516426551457698
0.226375935272229017458656130657 0.918759371970095384263288451621 0.039847186386511468381144140949
0.520683858828688950204366392427 0.847048814076202694067774245923 0.377163720162671856073188791925
0.986086575356241779033439343038 0.611209744716547986875809783669 0.528504193848964298751980095403
0.853710905579294410117086044920 0.449931484696782568732942308998 0.779260015385726312331371445907
0.183162773569158304765025491179 0.314267128053519417818506553886 0.922431997416313542714760842500
0.651375601832083317432875446684 0.628057406009470020613605356630 0.501237067940348279826423549821
0.666207267334873121100713433407 0.073024396690302140200401481707 0.661112177664285982636727112549
0.954900035943754388334525629034 0.291063637902535532475667423569 0.111408865675494531122247110488
0.032736345325924433302677840629 0.420553768107303993506462802543 0.116052245038849297098515478410
0.932915838753920034776001557475 0.169762286027524939013844118563 0.798271926032169454323650370497
0.044688439021518713833991398587 0.799586993455114525275462256104 0.130586486679423963153112708824
0.904639781892225047776889823581 0.587966373735673730749340393231 0.863955081492306375956502506597
0.749072083073452410495463027473 0.705175271589136176686452017748 0.004588762243126200297826944308
0.681968683783772178230719873682 0.490644348428872889567031734259 0.745130777872275995576956120203
0.656362142981672169739226774254 0.211234150179945401326619958127 0.028056719877939104157427152586
0.803757238093450676608142657642 0.136916686488441852187492031589 0.665249655485520174913460778043
0.839010724879963754041511947435 0.757677505288922747972435445263 0.091611913960628510444905714394
0.152498610687642588423784673068 0.479598636400281330693928794062 0.838609247878086550009868460620
0.120497910561744220325763876644 0.863492997971940012824632049160 0.423929559301047198527356840714
0.833097557169637181750943000225 0.633497616452439515910555201117 0.949608368452384166147339783492
0.772773254364334638566447210906 0.541814549174760462513233960635 0.926005222517516601854481450573
0.589437140853705132670370403503 0.181943032708011986908758217396 0.216154146337927316467997229665
0.154903479977653524279901375849 0.245449918216916557200946158446 0.804554338179497952054930465238
0.287639937827275371517998792115 0.675416912023275584076031918812 0.708002101761440183480544874328
0.030479838102553058476473779592 0.831397131067907468882083321660 0.489047416188948702586714034624
0.645183193499001883530752365914 0.364678377692183919300816796749 0.863910285028682833896596093837
0.045234951330221477572290922353 0.016702294697768411968485935404 0.242001991691356554969871694993
0.514132362456797609162606477184 0.549468110287392841328824033553 0.955268877109267000591330543102
0.465489115043183188102915437412 0.463034153979051954497236920361 0.046349335212815132023500552805
0.935928395587074857253639947885 0.251482765478033498673937629064 0.831843870735137103089584797999
0.672905398798296361384529973293 0.650347355923894365758997082594 0.402262388126333081395102908573
0.376257847096502895389846798935 0.823120967692537064408497826662 0.571694976263301013474915635015
0.786707863305880716886520076514 0.337739096208818201372281464501 0.146615333826942889627886756898
0.870569237052095434847842625459 0.172839077513452704648599933535 0.858315529440695224039359345625
0.259820030410872204740257984668 0.754747584959664652437538734375 0.812922747594265415749248404609
0.271329061052973441459101877626 0.545827501821381622093554142339 0.881510595384460415857574844267
0.245220047539956215176815135237 0.309722642972005468564589136804 0.749769763718464044011113855959
0.151303888720890067354218899709 0.217177454736606018181888089202 0.001014176276481093975229130777
0.327018790891330624059918363855 0.685457194093792576694568197127 0.681962649832583034381627840048
0.300146363541487659620798922333 0.037295042580019754918652097331 0.456247165983895364149702800205
0.856835113724772057253176171798 0.799793052356021938464891718468 0.308856117247405026482454104553
0.187685309770701413967231019342 0.068231914594063025614190109991 0.641701589524600879421711852046
0.945441498379386180417327523173 0.286537928568977751098145745345 0.036417008630962761916993741806
0.339623441682040505540385311178 0.967517387044523169414844687708 0.402983659518966419454955030233
0.842430960427533293000124103855 0.306513844437536209230898975875 0.175278651421582054581449483521
0.334582722552484501665759353273 0.808440406262325050867900699814 0.274084696894758395036006959344
0.467587383132134770669097179052 0.126638064682715795195022678854 0.128881349369634939927564687423
0.884212978828884610393856746668 0.777659447597567776711002807133 0.330735199485307884703644276669
0.862459603458213819315858472692 0.148714790626792991989901793204 0.703683072123226449612332089600
0.848458932054114378651377137430 0.420859729870506016347064814909 0.747398895086381576113865321531
0.422872296888851473273263081865 0.057040880644093315543496913733 0.609915093359419624441386531544
0.183648973271312548893874350142 0.526161680212317905969143794209 0.946957410967409929369864585169
0.266833408627705215288017370767 0.236767294540224798593541777336 0.963824246848616783545082853379
0.163311915267755819458628252505 0.007935144954036459086221810821 0.022547078557933468434537616076
0.098917969492903851103093870734 0.705489291915913585562236676196 0.656629133281463772675579093629
0.797528197292142082552857118571 0.101468897395292745322592509183 0.848445159898329581693587897462
0.120944854609616556095907924373 0.587638334259388606106710994936 0.955465356357257267205795869813
0.361098826028796837661616336845 0.015146103917596966462189023161 0.380959154211440775839037087280
0.140276477509756497541459907552 0.055943680450294366868213558064 0.743424614390370441796562772652
0.912493993209541831568287761911 0.192606771872162990666410564700 0.710618652068642719932256568427
0.651550665132007100766031726380 0.494567034625540191683512603049 0.906682795552330889066183772229
0.338689553547337984795717602537 0.555635635655281290290474771609 0.310020358987149191598575725948
0.386095616362898297335704000943 0.301322853495753106845000957037 0.049140871091426958916503764385
0.330036465155889802147726186377 0.176699492670126218074599933061 0.633321019204852619921553014137
0.710210559127344764895894968504 0.763366317250508630287697542371 0.006699819519411061990998845772
0.547369955712200706443582021166 0.114218627745747591806235732292 0.408968057198613010871923734157
0.974286420978449640983853896614 0.311948932686086199961295051253 0.420947029066891187376597827097
0.932026414768957534029425460176 0.740895136486458216751316285809 0.014332431016768036255437657189
0.992791716279644020914929569699 0.542660142029841252586663813418 0.704538870904965253139096148516
0.109644748846036144129811873427 0.819549262072138517964958737139 0.352109253244542952376860966979
0.148145455995775332524999612360 0.569336800543754573133981011779 0.452559664061211508467863495753
0.583274460233432434641542840836 0.412708988063936799139952427140 0.522640875453562303576404701744
0.797142914068272756544786261657 0.898022250639859520582319873938 0.189395072147900245251861406359
0.496608551724543823002733233807 0.070234991660712994820947585595 0.872037442046201483059064685222
0.017698692066690981106180657889 0.017736381313417672739296548912 0.051073829290061198427075339623
0.464879741745404639896577236868 0.977746856632380367813084376394 0.352074565807033001973991304112
0.996999612160976766972453333437 0.586336470873365378508879075525 0.756550300337368364367307549401
0.570275553277360458537259546574 0.254281161934541533042875016690 0.195145807690112638166368697057
0.088993154867568327603954969618 0.122622885164649489397881154673 0.878778315707911206189351105422
0.733470118879315124971185468894 0.040294082960489384370728060958 0.524590059025921373603296160582
0.367472431586908732104035379962 0.602474749083575678021418298158 0.535423260368674491793683500873
0.016894507581881500896114900456 0.130471719409032405057047299124 0.829765545734087783813492933405
0.699347344553331806693563521549 0.127907453151826000503632485561 0.330905974773689381951413679417
0.241063918576929825388077688331 0.068797431273953532637754904044 0.667918844577582992982911491708
0.718923597701334404774797803839 0.835441597474786967758575428888 0.356807374537711829987074452220
0.508008893435999420162829665060 0.913806362273479333424575088429 0.168155556356829632980165456502
0.894752827967695507638268281880 0.520484346153746058050160172570 0.624609573839184029075966009259
0.771586873919766547125220768066 0.210969242166659770587600064573 0.647961731842566113215298173600
0.906744501845691108776748023956 0.422226522810069726521220445647 0.455750980486069989794373213954
0.408062513539943716445179688890 0.099440973972573329375812534181 0.945021850566994947584475994518
0.395306254426558589809559407513 0.177000225224745677543580768543 0.575174618741420951018028517865
0.910125593645697006373040949256 0.853578624031471666633308359451 0.353364750099432189944792526148
0.466943427776055908218211243366 0.178709166390190909989854617379 0.097475616025787553686754449700
0.293699074195938436560027184896 0.125400437684143939431891112690 0.371384692758028878145637463604
0.552896364261258099759288597852 0.618735490378549579659761548101 0.192945402401033305750388535671
0.616675864476011414971878821234 0.741372721192010031288077698264 0.312519396279377748015804172610
0.178986945255533963505811811956 0.300710375801970630771364767497 0.622302411981979664012953890051
0.017475215277311023642781151466 0.199628179956492152191671607397 0.514470341633259775626640930568
0.638172172817716321091552345024 0.216458005768528305434728054024 0.577330582310903617226927053707
0.528698389658051493000812115497 0.511343897528216850822957439959 0.610976626802074429534172850254
0.834145028806253852060592635098 0.905711259895701559230474231299 0.819745749859665862047108930710
0.769152928755923670500749267376 0.566229153299046883418554898526 0.011543987960848611090680648772
0.480926297368884536620470271373 0.578310251806390507312016779906 0.115660843777534785847826981353
0.732631095923075514875222324918 0.031702556930176900573670195627 0.282392072671067917433163074747
0.204037665486053398922194901388 0.304688592268724522948986077608 0.405507427955543453546027876655
0.867325900300917718155346847198 0.605653362306139864124077121232 0.546050589682978926298062560818
0.673172621702619156103253317269 0.094052901441452146924504518211 0.827294909612653728281372877973
0.138040273760377640854812852922 0.367276019105608808601459713827 0.365057948482447713889342821858
0.595704862245235666762255277717 0.270994135083215847981108481690 0.645478191627634423355175385950
0.008730360989878687208443075463 0.076238769097120406836864958677 0.317278512701511417049005103763
0.958636235279934578734639671893 0.879334900027652577314540849329 0.594799877797929088529826913145
0.884003863431687020302263135818 0.718987012678238168739142111008 0.987731263082689991961160558276
0.765384134965653384341521814349 0.227863597647535831569598485657 0.706866819877900676161175397283
0.794661205588628405394047149457 0.076393788262495987417821652343 0.131503992040467615476373453021
0.839794063192530804151658685441 0.842207015584126361673611427250 0.658694571125395866850738002540
0.011305283126500947910031413812 0.243935034373800901930096074466 0.931345664876110146401799738669
0.363559619872314887523145898740 0.927887956763959409478559337003 0.481622639257629270304050805862
0.953407228039720888723707048484 0.205817781281921963199010860990 0.434299166482557508217610120482
0.088901517028492207939116553916 0.614143871260916074383828799910 0.758240763793802674541666419827
0.442589070504720460963454797820 0.532526192639953377394590461336 0.013987427937091997942609111760
0.659148879339856108572348603047 0.896051829505364438865910869936 0.093216847190650237164888380903
0.619030828339859673370426662586 0.509270222107635728292507337756 0.291630167458747036057786772290
0.016741933465258009711140729792 0.085403574799628720337629772530 0.956882872726871780422186475334
0.188650581423655677726358703694 0.016894969355393130855391703449 0.698741914562770127794522068143
0.240378656750193125946069017118 0.264879290901620267906224626131 0.359803172166355045291652459127
0.323718666031900970114776328046 0.569889711898040718374147672876 0.312493560370333989251179218627
0.212281581824055792795391539585 0.929576667653554067349830347666 0.320519786738451772922786631170
0.527656093608626086677304556360 0.384181653131611899887332128856 0.506601216347679739193665682251
0.748181409239856320958494961815 0.512871949611081734410333865526 0.316360811075331926911502478106
0.895806682479623805903656830196 0.811861706232659074977675572882 0.043243154171502339033761330711
0.028186998651601406079558742590 0.214213774759031333472236724447 0.878154862808247393957117310492
0.326292873963799912040428807813 0.477285018139558980809766808306 0.023654248587996213465389772068
0.629405793539652869128531165188 0.052280463444030048081323513998 0.189021310221474087009951858818
0.100707296522003802996536592218 0.079509548096686852303172088341 0.232933005654568786590985496332
0.559887510504375018882683434640 0.584650267272027512888143974124 0.428489737294420636182223915966
0.935236982593427468302138549916 0.415768034999246027805241965325 0.001818267486175273797699425415
0.332923709556539215714821011716 0.073319912714373214335239481443 0.558304371588808412418813986733
0.462269408742688792113284534935 0.773072270075809475642358847836 0.418493381197749703126476106263
0.225341567525366187618729441056 0.342837820481875943379179716430 0.061934257413495612254461519797
0.517174011521464693785787858360 0.931436285199279678792549930222 0.145595878977717835267569057578
0.704588813735914754055045250425 0.202240042652681084600629901615 0.325968591307470079154740005833
0.132261762873906091320108657783 0.145535762829893250414059480136 0.871379218494691465402013363928
0.344778753610271382346041946221 0.702575266196456937883851878723 0.774435416878102911297787613876
0.558044374558703037969564775267 0.481288190124372405875874392223 0.341539009578865071503628314531
0.176321742199536030115680773633 0.602710495592873596315541817603 0.086497486435683682004516015240
0.771140030685637523077957666828 0.608190444746333103154256605194 0.360654875232128913076223852840
0.958623873967008321983485075179 0.275433372597883530108475724774 0.087711746852540115049201574493
0.152734626262382905403924837628 0.096429859334884016064393108536 0.407554246242159690094553070594
0.935200730883080644240124001954 0.462735259386692743266422667148 0.242377789908655050243879713889
0.874046803700943675252688080946 0.497804869383431602969380946888 0.055000985942952523854998503339
0.399447876325085493576239059621 0.599405041505790991962498992507 0.788001987585010721382161591464
0.647211393267833279274725555297 0.281303925083475292456824945475 0.005778621794505263940811001788
0.930154936589415837211447524169 0.236477734948638607104243192225 0.082114215658083869464611836975
0.200612833746456969974403250490 0.119875066031320823278782938814 0.567634506852706222090887422382
0.938422256647354680048067621101 0.942155526454464875563132864045 0.169929230932337915760399482679
0.102126384531246505726898021749 0.115609801365320938315583987333 0.823696208935248530558226320863
0.884231480562370220077639260126 0.206732493300477715436613834754 0.776499537974142617358097595570
0.199182851455566301002164664169 0.711353611953158493363957859401 0.141011225058983086233510562124
0.390392522045711731770722963120 0.883581320290100613590311695589 0.580872777639807047478370805038
0.972507169325750986388356977841 0.393391533538668070058008652268 0.312449245051891866253868101921
0.240864664539123640718543128969 0.718889897991361825901890370005 0.289241120028217446602525342314
0.703703193642187585510328062810 0.920558738854970193266069600213 0.348940193899062001126054610722
0.603463889611685844194255423645 0.671447457792264112974578438298 0.099003405606006886219283558148
0.204112727100771995658590185485 0.900272314123695793774970752565 0.657411596640408046887671389413
0.262870093070635413301516791762 0.965297485154597678658205950342 0.316370874313700978230912141953
0.323141562490056155620976596765 0.267141552257892433974717505407 0.977982284654655531497269294050
0.755476506436633443719586011866 0.318007116203460726833185390205 0.984073467513493005398572677223
0.777321215443008139978076087573 0.897117262811726323690209028427 0.106482029405448944126000299093
0.643649124792830318320113747177 0.267119079974610373895416159939 0.819111588447213323505025073246
0.040171953848178794388434909024 0.750722219947348889945715200156 0.366958848027970241378881155470
0.560574870259973323527447064407 0.421529674932909048656881623174 0.008640290075449823595232778928
0.536649714507138386743179125915 0.945354701280975096011616187752 0.563902877854688844294628324860
0.230942989488851030399629848944 0.385649108877806734430038204664 0.948772919814742765609594243870
0.630549974706522742273762105469 0.380755876526760628220102944397 0.128112506202458703574720288998
0.029269230340411088453489441008 0.697299596633643603560415158427 0.801666052744525181594781315653
0.221829891837187070935399901828 0.763141576786413367017303244211 0.787159511302119141440414296085
0.402171360010789291639099474196 0.737061663348814288809762729215 0.206524098977174191960060056772
0.364061734293915084670345549966 0.597249055624490265969939173374 0.596599523726382918731303561799
0.105115323738032992451074676410 0.369055174749895242847230747429 0.960955721121962813668915259768
0.449046291544485554059207288446 0.232949223941844585361593544803 0.487662306749945151373992757726
0.801564811517611497393431818637 0.958762652699486683793850261281 0.940961963981901572395827315631
0.171947199398489930510791623419 0.736615664376729761819717623439 0.199885111657164438181411014739
0.515991706281499928898881535133 0.339488587648489548165287033044 0.940121880880148808046214981005
0.031620036569065479437057319956 0.231365808162589670082809334417 0.088711367796925566509003147075