  0.997568
  0.118992
  0.110295
  0.656549
  0.706394
  0.971012
  0.371972
  0.351082
  0.690009
  0.315302
  0.131759
  0.407026
  0.925343
  0.945337
  0.529537
  0.489961
  0.567101
  0.219443
  0.992981
  0.502513
  0.143938
  0.447313
  0.657202
  0.492769
  0.870983
  0.474184
  0.253172
   0.64828
0.00283889
  0.301331
  0.594646
  0.074729
   0.25658
0.00889013
  0.666738
  0.713051
  0.727535
  0.235242
  0.383542
  0.901413
  0.525073
  0.286276
  0.512004
  0.981368
  0.531588
   0.15638
  0.501804
  0.528388
  0.340907
0.00602352
   0.30382
 0.0946204
  0.409778
  0.138601
  0.880375
  0.295753
  0.230698
  0.561231
   0.56966
   0.13644
  0.848897
   0.71782
  0.386393
  0.167503
  0.268703
  0.123592
  0.238561
  0.570753
  0.802266
  0.181723
  0.342982
  0.370918
  0.270933
  0.213398
  0.828942
  0.767955
  0.461891
  0.967066
  0.341563
  0.681276
  0.951288
  0.663903
  0.268019
  0.285203
  0.821935
  0.967987
  0.741206
  0.530473
  0.526723
  0.911209
  0.867169
  0.375232
  0.492918
  0.287432
   0.71504
  0.332859
  0.439631
  0.154276
  0.318021
  0.886848
  0.319317
 0.0185061
  0.394438
  0.521203
  0.338306
  0.364651
  0.101941
  0.340647
  0.640278
   0.78341
   0.99765
  0.802601
 0.0392567
  0.949515
  0.151451
  0.393213
  0.610014
  0.973557
  0.656087
  0.452063
  0.911345
  0.714386
  0.269611
  0.917886
  0.519863
  0.103213
  0.841846
  0.688715