   0.21472
  0.221936
  0.948949
  0.948039
  0.203691
  0.387738
  0.830342
  0.618616
  0.523021
  0.854269
 0.0475225
  0.539821
  0.347013
  0.983869
  0.680137
  0.347527
  0.580246
  0.954594
  0.490709
  0.979701
  0.634349
  0.401588
   0.95267
  0.794002
  0.753082
  0.408751
  0.839099
  0.333055
  0.145638
 0.0495319
  0.933395
   0.14673
  0.997459
 0.0428204
  0.194678
  0.638286
 0.0608252
  0.685342
 0.0802388
  0.907217
 0.0287691
  0.557027
  0.980156
  0.845863
 0.0775324
  0.931624
  0.510902
  0.514276
  0.461846
  0.688235
  0.599267
  0.940947
  0.478377
  0.763365
   0.19397
  0.782277
 0.0528349
  0.332956
  0.692491
  0.847989
 0.0383728
  0.513378
  0.361869
  0.656263
 0.0851861
  0.442601
  0.273222
  0.834907
  0.333728
 0.0705116
  0.236569
 0.0220277
  0.572413
  0.744816
  0.756144
  0.225026
 0.0118581
  0.432751
  0.954156
  0.592112
  0.251082
  0.957071
0.00194795
  0.862513
  0.138941
  0.550385
  0.129562
  0.909646
  0.437182
   0.47056
  0.536424
  0.729915
   0.93183
  0.270667
  0.931959
   0.45381
  0.661038
  0.406213
  0.107175
  0.205842
  0.145985
   0.51682
  0.849079
  0.856405
  0.521322
  0.269213
  0.786236
  0.415448
  0.209651
  0.154542
   0.67238
  0.570283
   0.58922
  0.179477
  0.505807
  0.323496
  0.556157
  0.855326
   0.10961
  0.337995
  0.648419
  0.755236
  0.950044
  0.914996
  0.796981
  0.825112
  0.618719
  0.100076