0.043414399349681755124752413622 0.022401021783507862883411121402 0.216209416869503068259206202129
0.322912274533375787122224664927 0.493712606894647076938298368987 0.991053099537675286079263514694
0.022998295963096396232749896171 0.644549677253447694802446221729 0.706097884393101393740721505310
0.098646229125233061973965220659 0.523264343353041838646788619371 0.507381559522489755664764743415
0.412588159515653252196187850132 0.771185023718575890505633196881 0.467203147786104611149937682057
0.035089113010274793069687149227 0.946095544288132694887849538645 0.334699589844491385282054807249
0.059870043527667712868201022047 0.264486130779680916891294373272 0.158712951891603448739687109992
0.692460159412496722985963515384 0.937012324369854932015755366592 0.926249173032126948967857060779
0.063449472180164764867349447286 0.682441810063373344164006084611 0.569040596253487129807524524949
0.156628442126615197160788284236 0.997223475500583211861282961763 0.252157692577653247401059388721
0.460996558492042185495307649035 0.658012638830695051339603196539 0.105570309160838357587230973422
0.449615950844728107238523762135 0.194536151023535469617442572599 0.852213319321635576208961992961
0.840111041807728553543199723208 0.553711475319867418853903018316 0.841708911442378915346296253119
0.950292181032211802360620822583 0.918328622477486256059364677640 0.205078556754341972956368067571
0.912309606352445179311416723067 0.359004089686127569880369492239 0.488250656726861742562562085368
0.274555339744052440131838466186 0.235651171223996702686065418675 0.147155328905652721394048398906
0.099933361559528088857717875726 0.835869785998775927104986749328 0.234392723701821986681537168806
0.137571378365060115189777434352 0.321594830811224641209378205531 0.757035122050073061572561528010
0.680651206879296699625569999625 0.240995654559280375606178381531 0.013071637347080278246380657947
0.408671728968581338126142554756 0.649095090724360446188256901223 0.504234700927051804342227114830
0.913662634714531574076090691960 0.441484972877216164111047191909 0.221543601890199920445567727256
0.224456510765437655674503503178 0.138073278307783819940368630341 0.010595668709934074128153902450
0.884693444961305086593483792967 0.574320823476669239937564270804 0.378756508980004069631064567147
0.525480540582007660255214887002 0.626332627220779092347413552488 0.043199890364618090399240202260
0.632756494003699598849266294565 0.095751179059996166520463134475 0.601135391431278920393310727377
0.052788223151823521206438272202 0.036692710807791663329968656626 0.900260214086815668821373037645
0.092525826518532749975776141582 0.614306790651559131433145921619 0.660453421265073226109620918578
0.279483090691295565921592469749 0.766263645532368364854391984409 0.343831574732489431145410208046
0.988013753463794386355800725141 0.926048255379729678971045814251 0.174472948182886694601378962943
0.506033072997475796839239592373 0.602730282063822286886534129735 0.221172716787502082746996734386
0.830904225918131178474368425668 0.217836294429839399944270894594 0.552746980009370170172644520790
0.642729953301593659453772033885 0.789765482461412871018069381535 0.979944108554632209440171664028
0.476202507125207674665290369376 0.902838037767516921050514611125 0.004563398635242185870375397627
0.277811111401003008047894127230 0.600543956166233683369171103550 0.426567704182667428725039826531
0.292493050057458903179252729387 0.197700050909566549250939715421 0.968413382943692724325046583544
0.280782572712113820401214070444 0.258290423472051777764590951847 0.523489116115747998847496091912
0.376893398621060082831490944955 0.259892032773465952999458750128 0.294858817549369767174738399262
0.239340485108138989467363444419 0.853717535512732217384268551541 0.644108144615984978820222295326
0.188653474783263080949424761457 0.161416261467988431110853753125 0.457478046043478137061555344189
0.477193608963841220393931052968 0.046492756243180936859271668027 0.396063903510090298265566843838
0.729254454535102514256550421123 0.302551467603756674140669247208 0.103750041209008256326562502636
0.077322687893259245406341051421 0.952994482936390441274454587983 0.950457978320421226214875787264
0.982338007190757034337025288551 0.830300797957622682687883752806 0.800814619923809756230070888705
0.714664675455875864074073433585 0.844975389179618896484669221536 0.521544396995653247728341739275
0.554334888727391783547204795468 0.156311439378712419001615785419 0.873739908794137098979604161286
0.195812535268220677675543583973 0.260343614231142883586045400079 0.201408527352372995755658280359
0.116314544649758086491964093057 0.744272028404797447720397940429 0.819920766212473117739989447728
0.689098935590099936909780353744 0.799026369253596269182082778570 0.502348688457165626353173593088
0.343510247171420091127913565288 0.024173098028889568322785663668 0.169657107670321799508528215483
0.099075114021011004283856493657 0.672687686493746883620303833595 0.630251517835337282669172509486
0.539580053105368717680789814040 0.889038244209461203659827788215 0.968036000010058850229199833848
0.732134048623805266942099478911 0.511770751501420040341372441617 0.879800829287394892119777978223
0.899958938294793342471677988215 0.923412126710838165877248684410 0.662806736586010858403028578323
0.712730586574416236089746234939 0.120588329463531249152730140395 0.982956800818487574922244220943
0.527360716744193380733918274927 0.971598698633621471465460217587 0.947130421856481219400336613035
0.187214112803440468901783333422 0.749280684557893317254695375595 0.334944530064480161524187451505
0.295789644664405826368636098778 0.312006061551312496860077771998 0.045437578971150534290490696776
0.044693474575871909582058805199 0.719329625556543894582262055337 0.357779745432571127938814470326
0.037113368349484851527186890507 0.648276218579122986973573006253 0.765969932273713016712690659915
0.575848173503775928594450306264 0.656975315041065210941440000170 0.123089963559409987237103223379
0.724968654327644457247004083911 0.675503298778108995925606450328 0.639429673598638115272763116081
0.776226355101893306098759239831 0.091017766606034847254314001930 0.628017618474264405215023998608
0.474172304537949951264153014563 0.071170360319021491735114182120 0.193995639490985943842460414999
0.914379351003921314600120240357 0.085760602259427914928480163326 0.529078899843951844239597903652
0.763538883995892425637919131987 0.271606980135605746706772833932 0.005662259111450608506377335516
0.064192127038193463883786193946 0.047143933559926451404287206515 0.502882889117401532530493568629
0.424795230291356462615226519119 0.244442023854764267642991626417 0.625365454085615168899892069021
0.369581625911701461273395352691 0.478877784293497643641757122168 0.930229164036016076266832897090
0.810037042652452243807204013137 0.933431258912875705391343217343 0.999646457755604345152278256137
0.955805189138117516911563598114 0.196933277938399403650393537646 0.320163548261310826337222579241
0.063703085467968961763673974019 0.623562173509760842016191872972 0.515096454005849802015859495441
0.406827867111837215841063652988 0.617738464069337189776831564814 0.481054499073862606994822499473
0.423643779764694417000470139101 0.494800292288864962397809676986 0.812346933525684544719069890562
0.076545911286660217598409872153 0.394431142710567561593393293151 0.165052579121293840902495730916
0.489288168293961933663638319558 0.864315144985593808435453411221 0.852397108566279482211314189044
0.114167677790462343545563328462 0.819961150601834165563275291788 0.713072286159991852727557670732
0.564537401287113715930843227397 0.413393822308534053533435326244 0.996456596743101719049207076750
0.499326731046326632856846572395 0.158865740075935207853419228741 0.839565475156288765212764246826
0.807968180614496267466506651544 0.365505532596495708030914784104 0.775588463602869815360918437364
0.158901577687268480421067806674 0.318184840044485550691888420261 0.666550252321301162083955205162
0.309735687312769125689726479322 0.105163263150770305842662821760 0.186333904923420418109358820402
0.142984554146092235349385646259 0.778520836930274517939665201993 0.984348250252255474457285799872
0.605624569032622961373135694885 0.851237174522921025143773476884 0.119996735274918081559647475842
0.030449262609890677400148462084 0.439269282212177980539991040132 0.135635682463742412995344466253
0.650991428454606224640599521081 0.437539163977030520769062604813 0.827545575548213285799192817649
0.874573674966763525695512271341 0.337922372672763482448488048249 0.416839165145210632790195859343
0.926417087384379223102826017566 0.909671831858546720006586383533 0.457664824000969860939846967085
0.836346903244062578330897395062 0.153682612251126948788026993498 0.452313839198377753980651050369
0.553723907065739040511687107937 0.585118778092284852476723244763 0.359698453807071882870616263972
0.812182834988789736918590733694 0.294824535817379218549660890858 0.807196949982683209512401845132
0.939830703927603150482639193797 0.722461754453133431219669091661 0.003050940598241205087282068575
0.725325756354425643657179989532 0.728993106759850628684205275931 0.548300802740360082587756096473
0.476966086161181579416989961828 0.859406040197058462837276238133 0.564986310075203057579074084060
0.947543882110696844556230189482 0.780236282938991720925514528062 0.825194467005326171005208379938
0.631139896973994862783285952901 0.482172297909586655695335366545 0.482110187978896265192929604382
0.892620201855333750273757686955 0.016683640110944350509747380329 0.300142968487326411430871075936
0.217848817303370356768255078350 0.540827187507777584762891365244 0.624853321284874030361322638782
0.837255878898195859960651432630 0.483150377475927761405927185479 0.930213636559677370385657013685
0.412878239579412997795060391582 0.052093143327705780654124367857 0.332723114878707926234113756436
0.285854902940245791942430741983 0.207326065798105668713802174352 0.370381595485459513827919408868
0.575397087771059578820143087796 0.329410008338866966415281467562 0.029853513949303554092518098173
0.179121232484666020878805170469 0.402766929902384052120112301054 0.654832397095949536591774631233
0.941253906058139966361864026112 0.685921061704789281066041439772 0.794004472257358262510251734057
0.925769055199940016365189876524 0.375251758288753678449722883670 0.524289498308753043609442556772
0.682881097594076447165889476310 0.291451815729919461173125228015 0.347812632664073084765021803832
0.636477126067656273633588170924 0.162984920094516982924659487253 0.809814268738886067211524277809
0.488923326155229043266103872156 0.050918422316455859422124063940 0.811972376224922465226541135053
0.921406295182707668622867913655 0.017254586840714652984374311018 0.492420615324712152016672916943
0.749580094439893929170182218513 0.539840355790913051237112085801 0.908417056868346617370946205483
0.834478276998133261521672920935 0.992946187299944105220106393972 0.013088910276724879597209927340
0.151326128006723376051567697687 0.652458095578527075275587776559 0.038257370232212151162087820921
0.355763246105006536446069276280 0.111427697299577757594768456784 0.207602195154849150648956879195
0.026923643267415618002269539488 0.394408931934445927680599197629 0.911032376989814984824533894425
0.269734515858740087068667889980 0.476211430395792945091670844704 0.816501396493925390984713885700
0.361866092941371619851054219907 0.162975461053093351182496917318 0.488859464595757797766850671906
0.939528328607736717970055906335 0.968996915472492337251253502473 0.139328140175916243004294869934
0.492785891505410467150483100340 0.362258912560339485509075529990 0.210293208456447000553879433937
0.484689851081771760910044122284 0.997490082448318715613311269408 0.686006133885302737951406015782
0.723825362630744373326763252408 0.589430184593509265411626074638 0.149885383320546489160918213202
0.343510378423083628796064203925 0.549259477826677722234194334305 0.986892292447343888461830374581
0.656929006987968522324194964312 0.459957035718247753131038280117 0.679032532726934978661859076965
0.557461922944380572353395564278 0.424998358145025678656026002500 0.709779067371261729313403066044
0.628380402770224333330872923398 0.094569782719733722076149717850 0.767156314700020325325624526158
0.541323246936929791672810097225 0.548974228256836283001973697537 0.650648431313103126072405757441
0.134865860886106914140469825725 0.611464343705189761202234421944 0.074783369139172009565363907768
0.676109292133932116009020774072 0.663021993150670563288429093518 0.096713186082068275384315825249
0.453720795860364400908792958944 0.566045675115841584457143653708 0.945441879697673459581608312874
0.666207388389921995042186608771 0.133739209425327076896650169147 0.920981741378214535664881168486