 0.968767
 0.377775
 0.966326
 0.293854
 0.575318
0.0507916
 0.444791
 0.100874
  0.78204
 0.529043
 0.432877
 0.639718
 0.752694
 0.481794
 0.147122
  0.55792
 0.127206
 0.585164
 0.408596
 0.604973
   0.7235
 0.116834
 0.765306
 0.108565
 0.292072
 0.874212
 0.715664
 0.855906
 0.591006
 0.220805
 0.322115
0.0701266
 0.247188
0.0671464
 0.529965
 0.632308
0.0957024
 0.479293
 0.119473
 0.763405
  0.40575
 0.827865
0.0936785
 0.994559
 0.120101
 0.448011
 0.149284
 0.976487
 0.582953
 0.880931
 0.766634
 0.221447
 0.209601
 0.568728
 0.704025
  0.18963
 0.777777
 0.879539
 0.048047
 0.375458
 0.329968
 0.540576
 0.494655
 0.857979
 0.194568
  0.55105
 0.720628
 0.248009
  0.96886
  0.45993
 0.207789
 0.890885
 0.431496
 0.646168
 0.980691
 0.959477
  0.47482
 0.588011
 0.227739
 0.723938
 0.965491
 0.924801
  0.74012
 0.782122
 0.981086
 0.259007
 0.889726
 0.325417
 0.163136
 0.795183
 0.481694
 0.778814
 0.505887
  0.97152
0.0422375
 0.770667
  0.41486
 0.335304
 0.212722
 0.921301
 0.108279
  0.32844
 0.075052
 0.832478
 0.390334
 0.682207
 0.447402
 0.382801
 0.556812
 0.464697
 0.413826
 0.677662
 0.683295
 0.483033
 0.234181
0.0917356
0.0636991
 0.475161
  0.46704
 0.370188
 0.148703
 0.559162
  0.74675
  0.18831
 0.479536
0.0976597
0.0853202
 0.255095