0.491859896886538227540533191450 0.722622992681593575333903187952 0.490417448292854957119593665122
0.396000116098415183793291092656 0.999667562555560406713875644306 0.114177089283525022646411925677
0.024939047971711664592524038740 0.101426159454782352327916011639 0.569517977804533494297533134424
0.864741747287266473450161643255 0.076976789132049674029780106881 0.727390992879693910696780983193
0.327919064204586120841127586056 0.064323808728755815522828999926 0.833905408332491183287257739286
0.176473104930083956571817992382 0.223836256343694027154421974041 0.101858850846494479473316329206
0.428618642916624379542021570742 0.407694800083870808409182693289 0.936442027919937370629355906597
0.930652489966312078330320949803 0.734823272783866301573118818876 0.443099551844713402801726999492
0.215092737892172461796144797409 0.671925313644433575661374262215 0.337946478579438728604877962625
0.797673673459155353041003508253 0.909444150284672890205925578130 0.585593418222508635317481314780
0.074705633577475605041764293870 0.294366300421271423728836712676 0.240436628549044930319958743915
0.923651501242329855518695165356 0.112213182711706965305194908788 0.495353155026005338078410368884
0.565621482747084064381401301915 0.822615023579809779996135199516 0.325392510985047729501153667816
0.603336718563209912146832009310 0.649913903087023515754408344800 0.684146676306064730398960550730
0.739041092094874964259670185751 0.966476587754942831630677884296 0.910707672667131477623809979718
0.795061332423329863809789346196 0.513946854366510422960543714647 0.439574000535689655851270819893
0.179910681464623699333037501991 0.526381787082806689697777741596 0.244420315395303628871365042348
0.914781268029776186703872348056 0.495594317917508924295972478464 0.478266276545445079478356465238
0.086338926583624748093482471294 0.314680633972791388559896839000 0.871681214015352896710501835832
0.943773048195630319613063548944 0.996017424193512678726776679097 0.887696642968245804314987211237
0.442095431972971908576603459735 0.921492876010498298075205623007 0.367337334795797920140631443842
0.900619936700111320542869565312 0.396172025080716272111887333581 0.998490322088705785612499620008
0.357088582872615362622281476238 0.526347338346012835344878334914 0.916410521192338860668713900658
0.866343718624376839988185250632 0.083104422650202988538538481204 0.166467414836926361914778042091
0.372890394325081963434347197070 0.349950913899985119346748107424 0.466529727141930962377169711928
0.041742573614216941231772115915 0.511063883013288564687774474468 0.339321840081763489536949264003
0.809713026635151028920433828199 0.402678736405938653154084171157 0.576897555418718919236714596184
0.026471261284022432664725941845 0.363582349037208226859368664256 0.395019156409334399338188303135
0.928522246556434198855566511050 0.865175745743226221254316749369 0.519685679667856683842025644318
0.930777940793619823270609561892 0.313814892233244366403647581984 0.666242109371268202918197964609
0.549991981132647967620539499470 0.422484307829408381982762623971 0.954203050523529788385163789302
0.421531215416168531605423766228 0.097151945180068003954549330523 0.716220957588253917250187400546
0.153439781527857864930118296201 0.439783910083256255958895264647 0.248439310232969815757851928964
0.461333535894023380969638215729 0.697582731580044753491070377199 0.578196198444403600857349518903
0.302771416119030353673168784988 0.784875096698052974498793039097 0.239083159005361795352701146888
0.054190484112387612851447117860 0.901497426897148369679427817121 0.364308241021532121595257638484
0.307245340635339838254331483733 0.878970234547712736427778680700 0.857563675719509921957153863853
0.960135798753610767097588939051 0.378926621411086938867981480298 0.451641294933984123540274632439
0.097670018284957190270813053675 0.672984837926382310886217552352 0.650887522420281147482737743969
0.154390170530309647035175836788 0.932569358371096164214667645868 0.323088362670449399288085875631
0.828394330299122476171114687987 0.840189416324602876833705753184 0.291895206741974640142271504238
0.781386218830665688050046889244 0.839770381257591572795586845778 0.861756071875809517090150122082
0.777907857655551804919121427072 0.453795984297422574707692723825 0.405289547884813928142709434685
0.891244086005863344749462404410 0.507261363115227606683251914775 0.444558238085878929803040535536
0.048407525718338149728611153407 0.217420241340583566803082791650 0.325803626513543238373354464511
0.906959391314599769880554439556 0.197155305513101452003304491787 0.641451200725664777007771448043
0.482865405411045949544944280765 0.427415629889413888149483857131 0.647119052670182929128978000945
0.116860933187243567754361751340 0.666555636070644236195469425056 0.563515383700623759011811540599
0.244521411524553004128691218020 0.094729987755186716399680097485 0.778431112671810721306868588765
0.532342904948634084148904648517 0.011801542258145353784935716366 0.880460038249474815052026823015
0.209877532510861611453692253045 0.568492367899422519642252847323 0.734365531160973107829938120022
0.572371841179382418130287816536 0.424194614107854279858829224048 0.379422629101320946590335966942
0.422199283124115247473067393878 0.288340223536588123287113546807 0.234238408950984430094968318894
0.424039583743094865062460036084 0.113810090906916146736869954120 0.848888491473431576088338465831
0.025002511095960669786495498800 0.281493175526255405346359905279 0.544459112442466000126521948475
0.111683556609309406836098583688 0.430572504874414919372124222908 0.572207925581151959009650395010
0.996393882472780545987605801060 0.040854491483181696607964956446 0.361496540840367291298465087365
0.346174851159885954763419972131 0.299230947446250129132616582437 0.219332631357326354646302851274
0.496908392538659140614497503094 0.335892216380723843201839737981 0.509475452252601108868861641806
0.471316940995217595216582726658 0.611553106281678730615374373929 0.815889352948032479488032638786
0.740885635581030095737340015048 0.618675040618306824280002339484 0.155893794031707851923977894065
0.234168994800540529399101176661 0.361621021456699540948245050171 0.464841586425317912790476398682
0.067053939763121470830438737750 0.543935322954330692457600543456 0.890611943251764488013405493596
0.839202790375661475181226427452 0.398474335684624916743576465307 0.168858453446073385165698857753
0.209743115269595310057155052343 0.409900990429917146120745624266 0.434962565586729242660759581163
0.406937405341979356581599487410 0.769779303008306336536186266227 0.450267228077370434107043541924
0.722294455909751451475783267345 0.342476786338371460358526405288 0.231240662756089232590985328158
0.340659313193095253401752490795 0.833585074322636350353091248964 0.955962289285024238629622019263
0.328445196524947062406781247868 0.685924949036922693746517321306 0.149253246082716588071068711983
0.229506837952536164300409295489 0.689749718070736093512476155725 0.492109343367197512730226388932
0.163363087276563216745960329248 0.252923280704986274183381857403 0.851638450395400313688723293643
0.583456685938068634851249733750 0.964517976800676934129576285103 0.370690039341625556410075472192
0.163498875675251165067203808325 0.068542333996014642255648291568 0.914668951456833181272935229601
0.936609557654490849634089426383 0.563071238775318047280003189892 0.155849496419543784021625823105
0.101951897974054261025441227593 0.747710236006254642871794233467 0.481329010822065378379403314290
0.539767846294949417256013951506 0.333746626159519331986600757724 0.088212378297414913238983618416
0.122431096894273848510771331479 0.899569296725848039930841739976 0.109419003946969228419591394050
0.394700481378228628158413871627 0.162419143480000986996593280674 0.429530617039253748907741377007
0.583209937731664428742490452620 0.459119193575333798471701015373 0.551984257703771401762660162307
0.577028211059962115666325764872 0.203958161147971394429511478311 0.669255711494891971209413330970
0.440861323363742301379694537981 0.626372401416242742483151335356 0.372041164880810497905825308922
0.220595147995391265310160156768 0.537081508265956969579170123679 0.830273850025812908862090492807
0.186447336014614830806276614107 0.869555203694979295531510809337 0.577620481085948833466110420506
0.061251719107252596529440112351 0.773689499535798142262888579107 0.392742422291412010669389882841
0.644773549236964729885141737622 0.269489017841695382863343585247 0.354100063936035559103786723828
0.147895379640556839224649706701 0.758241176899147641725083711093 0.263976571626670517275453212790
0.049712671287279000726727132919 0.990708372045018885562608801341 0.077530654865978281709089808164
0.830350636675436802573669235409 0.933552392693718211312843261285 0.301307695578360345531034920186
0.996534825920576225440707547336 0.858585550933682015418639346064 0.592447805125885455826551076279
0.825377249225536798898201715369 0.774569210267727453984480479842 0.712113374015818942520776348293
0.559897994324747920848965540862 0.474103526627303323508180283587 0.344067878786859029058118793835
0.332257366866049956399471202598 0.658797299796379902815337751362 0.153198488605471604525438759533
0.613724804802715008885401482599 0.399636354526888986769597931707 0.947278329746741394759983735158
0.391360720198626541782329608078 0.650244795657636460159111771760 0.896069579188083619432115938483
0.363020048103814928887924555026 0.108292447274229589604339583393 0.793072441127031529838195049353
0.931901486307687298278443525128 0.566101323259510992809636461415 0.467675970088693934325004893107
0.625499040105907538926950938875 0.715638288848129678957259175015 0.737449108996595153135724832743
0.049028755475122359340657286677 0.113254564456215210369090404421 0.680640504729954098826702952506
0.188598454675731788225665608089 0.729831792781272362012908517437 0.994024379035957669131269130148
0.798583794090625825572243456189 0.702287438104144373220209294104 0.912482205251942841134647555557
0.377702350069758607193135181707 0.677285790950311640524165473819 0.729727227272716304467794926139
0.987708545478690050139128145716 0.174694039373356116339048106041 0.271140439159631774849861189729
0.134859594252372291768569115235 0.310361590698797402202973274404 0.625922009762987830552221670806
0.745756690893956584687774195363 0.309044512433612705176656252086 0.032434761048451934425743784796
0.494130291558907424569051073493 0.929161603159394342107820084560 0.903447492963762199443686633236
0.538482529212696299165843439673 0.488531630310380315831110723919 0.642944881674087284882140529006
0.375705059418357113675707536880 0.155209804171700139377749204372 0.009991103996179412299365565625
0.380532497644949624277037725269 0.864277420087587795788508485423 0.897337513576676194185596300887
0.969493973393590284630443104662 0.687264305657180117311074207855 0.526869240883770178149421681708
0.158182301483365801374798579607 0.000704442051905282072368400673 0.607319663773861262908861172917
0.351677801327814288414544135467 0.905174881044715595440517391329 0.895334132625550301234925829813
0.619296885644529564025180527057 0.652124595335707757986832485440 0.977548318399961631244849379187
0.269186462521261806036319852942 0.837674437976277389147534742927 0.625704619916744878506465889633
0.149611552350951014497556307597 0.623486100338720621917380533338 0.086327403285106659449031392857
0.143993715093039355518990488543 0.944936867076847416898333541557 0.829214757877651301732489799041
0.630552703000176755012111983914 0.775971864511715323034290741015 0.808671046727926564597785633294
0.863189728307492611178984440766 0.495505374119689842842067494716 0.097904736689301464453831973916
0.608448969027361949959356179688 0.075443313509591852854247017102 0.276009749632715091924685327839
0.544344825081447144133495636869 0.905854288804837798150076369290 0.004694175251649046208927393136
0.937207157825237100841620217064 0.280443550677656344508935505163 0.898559354323411786263576804530
0.881760788182285238813644198157 0.687095096104137603425862358937 0.689666571266614820143325612078
0.860104115451537015106693197067 0.225214424034860130519245865177 0.657719386871087466567489577950
0.532216452037077714447855230805 0.869529537200781744235068394148 0.318742698451892299458934434167
0.787534044884621892926649231300 0.657631294089293352270956517307 0.493499854021590662392289122484
0.458522264177750007737775147868 0.364253011853419243566991798311 0.773329924274894157197012763500
0.038287700792243678340223449880 0.733591380344274424940899683198 0.098746946822649844680143454613
0.395598772473848592995319094816 0.718581092834550977452440273464 0.098507447908276616950516104702
0.141219925009448073569602561926 0.969628997819326814222616001031 0.777026082684896070626084713011