0.642217364847445470785284248009 0.115672060641822133188494621938 0.583810618745754762678858356332
0.525787983929034888016350248826 0.380294666665814703061233018588 0.827975325418498589278741201205
0.830810030586937216169213797868 0.308724517149033895256627988153 0.243626208507967361983109926304
0.926131743462524141772333624845 0.255891543927555609688777642617 0.133705049117556276245474484290
0.289645662743522570725377715154 0.679169049889118445346579530994 0.315483124875028934992920393336
0.730171252422595281098075198516 0.040938646167526385598670093996 0.259342619280063324331212712675
0.583203217214737624465099296769 0.654075949478678001528403179611 0.075309663681331962279700522891
0.409517787395326856649089671858 0.640799007168673322517770765771 0.638419843082751557616044490716
0.024561090311467927397253846098 0.089810920779289313074732308345 0.579682127082628484467731926651
0.028672655449385368908990675606 0.497615480245547596065830122957 0.967490436255578945119461566258
0.132425071218715042119064287934 0.859749826141762873967921271077 0.282150573876753122105639685592
0.941164071790210482713598882497 0.747591796717161716947097838698 0.492284445906155988755496841412
0.298668566851596646381477172716 0.984997247759069707048130202347 0.754803616576436493117758656996
0.380253095893811165534622448939 0.781286361777709148793049313976 0.610604870372690926907412209052
0.283685684467084583697543203761 0.122559776720387946922889800296 0.613089907078094477705657421425
0.096854498951195518476588899171 0.562276156949442249603307766300 0.418894192223926555724391515582
0.392805852585126612792046879098 0.341366596768777718549188681409 0.052000979970953228593018413390
0.727369539032482747544536003063 0.384989962880969678739540896317 0.492988304935203699857872667663
0.038601647410323914225616937354 0.410257275502391116294184071129 0.461512651769919536314617593302
0.080128448190335158788185945557 0.408754556743204443004864660162 0.422425549145391099169165085580
0.165089543702634112439291109610 0.017479496542139856396979597125 0.940405287344883641941992267395
0.592589011002256704797194398206 0.173537206059925457435498429659 0.867140328486969824547743063777
0.321642492821412845012874310878 0.215066568710909105834809623716 0.566644557796277935417396065421
0.920116202166791277832111597131 0.223913817620016557896968161283 0.923097786650025661957786015816
0.996955113514485068729804687985 0.046061617261769165953180676227 0.529451585766037550889649581008
0.933059656485765887972351401681 0.975237599381151527353455143497 0.170029467123565929785703107196
0.713637103603116096396459990619 0.428798641445022383809053183863 0.531728873614686151854297944718
0.206250267182741737692863298905 0.603809550582551316340861053871 0.414430780353597886366487053882
0.738702699520143063975406201154 0.275523940058074667386572949358 0.310731469756845972100984983938
0.687445106581122848664768270431 0.838952214994482439633583584461 0.186031049617934437840056788096
0.866570707863140558026818840430 0.876890960255725979930024874647 0.647986700520723283966726798219
0.999504056311037151164280899813 0.643611491107555054894783030004 0.484222579304195753062990723052
0.496877895432048923839686702901 0.280021017713978553035816098482 0.111639576943371971850996080379
0.671253980220108430304300940196 0.057691923412192575820685518816 0.181603074686214156086884903321
0.438372945878810213233337859331 0.167942818658748975266207021583 0.243196911503906742104803262117
0.711007393754680772621855132972 0.815934052410997297822051389683 0.561622679592628034643704502239
0.929370670116582328799055344733 0.927195769773946586663343238164 0.251612575680346453770261563357
0.566574547999299639245087557406 0.358657494139525038031450751781 0.646396875703982381909538068682
0.259450096311617131165082725634 0.514829907263581903786943363330 0.734323604461710456115219553818
0.622718039267314935073987296537 0.517271787354953751904018081951 0.219618066330777180088173477731
0.772402211384298161325693442826 0.555749648280479525988213261115 0.492817636620151713432556525862
0.403972448073090529051274817407 0.694322320933630028372970374358 0.701037482326617601869477619922
0.605142493547948959658815468205 0.169105899700929771857473057262 0.844459431874200746548042376975
0.826252552791772703086474640577 0.571165031848969434854469835226 0.831518432360831498128539842686
0.827590712302418237445132246146 0.530817331068740732885595670747 0.798493704735243772050930898211
0.141593488679815972411558387642 0.435475218771971034524355198637 0.008840147677121849655372489821
0.190108025085200229215228332487 0.687883144422430177477506857084 0.744660120871163949324869838665
0.068741477926253407868652125323 0.012253405552160563414365486012 0.604522702281492750464682416806
0.461137053804423928465329662657 0.236964293273504855420053592944 0.475275910149301620587026613403
0.216408159235446698310096151037 0.890532960685223868953184387737 0.635714919795543933906880048165
0.132370314222842356565538262536 0.999601346790354632294757436027 0.634967717391204714359006451640
0.053363952759150330918223903854 0.666806882529245811168625137123 0.739816162867585436904446344863
0.424006570367339244025979257186 0.848425937029453243278193576701 0.268035739117731568018847001696
0.725014320563342407677470583002 0.813859544630172182500521402075 0.968437540589837612346391408755
0.164801569396084829520830667461 0.608404268513160051200088909009 0.006410979544238176182241617310
0.817569897102494426468573669367 0.708221139004427421140546371613 0.579429050310244238243729456681
0.840986857136691121980584346403 0.850526617271265862027586170464 0.061644914400947191108895312092
0.482439680673674862648420146393 0.283493619590882603300884482828 0.092643562162581468090144699308
0.564669886750825600654464080352 0.103432744517923190736896315365 0.030992962723013347563252687575
0.681123926934222218798691684546 0.385256358988831958736739571937 0.689136797823200989070412287756
0.308778970375197395761733396191 0.996917563369179502030924988871 0.452498844867960421613834944261
0.302088748094320045032489984722 0.984806875527339557946694739889 0.357135332426512162304684094334
0.581970749292237259390371541124 0.735655001885166897479687680946 0.780970597059448474851361076394
0.831193643977572234134348616401 0.338542120325812142966965966919 0.092396694244004328611781923449
0.434770024259625105941397635247 0.678612957737044448836435866610 0.677622835885937474860210310212
0.633692378145190872789603938597 0.393930578258501240933794695653 0.840747645719456622413633555777
0.513246072126346570203470702914 0.542334621674220719203825404915 0.147551418715692705544556447034
0.583048438987262815459649815661 0.999078214204448899124533764878 0.404833135694640677734890948312
0.016867687820316685237017790578 0.732831609733704108591024855232 0.190013562064059990429313918301
0.408834296012127070371290914878 0.891852394623092986260909376578 0.069818758602435538973766208757
0.582626442984572657570198200012 0.172397108949869884840102197872 0.950578867103870937531877136414
0.308549334251635237564932030910 0.929135842086053757652987666531 0.754041779357411216863290128619
0.816534532364487400552943111313 0.349107635113574784277297565468 0.194746849313916355155717045954
0.969814909046608975739051368935 0.577792797375967047242586376927 0.206743842592651663026737916055
0.883269060258044711969017349971 0.980612631714091097591476523836 0.993519370679680627842730760717
0.783390944260771787320823078679 0.850013191588299074153005212008 0.640002096591130427127049434474
0.657042521888542439941304672479 0.154775330159647559184502284451 0.287694943476868238410125561758
0.171475506064346887097586619590 0.876881291118881241471299650015 0.502180210274415876476779223968
0.241436408939114421816417862257 0.716832821262878386960173744234 0.806689198767434701368069176950
0.209368013644716495994182255414 0.959953711619583830445430131204 0.823276219020004262819529304874
0.265031803304367604865244563900 0.178184629194116926668850724112 0.529762707671573309805297972911
0.753182546044780998267962968571 0.256352776821364660752804988019 0.400371599751497907413695588064
0.964864449843796478947681158212 0.797011787766740237011402724097 0.269949702933663043914144792463
0.142777999867015589685754717373 0.441565995819683439693353759457 0.192507861993935424286064768951
0.650011947687737288618508002287 0.043586365846123895122301074297 0.185924351552770857379873148292
0.354187788791746318218326728742 0.785268262541145184601005991821 0.948348685672609674833408802708
0.759246705933953511278513304040 0.979654864824775151157480446227 0.677118410757315621014453056834
0.396405994245271772024144576647 0.037915664980912688329369510367 0.318438611486210128643981682392
0.457205494108522758913080421142 0.511779198398961567367752655476 0.522602551493451046901727977102
0.581854794733566863038264066043 0.389274969668882352500773877777 0.721693830082206501789651531036
0.759460288830307054546396780433 0.106486263564222070265494387884 0.838957517265508948421767669566
0.624588543359552224512538643567 0.443696339090362012927584070654 0.297272512790057196773503700233
0.964998548800030754975403581338 0.378626562353202622560649569457 0.324994679219146041935857277207
0.596706901732291806079393511153 0.817468547506094837814109633070 0.862595259163527575344461173103
0.820915976055169982948339851795 0.695856901582066494102055932406 0.677964802869452642793668789524
0.929779704975570293568070306542 0.427081359988972528513029675095 0.728597137513042340486500652839
0.147024972340367982929497514549 0.506064132689553391321816327430 0.657833367775560379804346122320
0.486242609746676567606272424166 0.162177215393260514402173785423 0.381084674200204235371347902078
0.321013116591174516890088798056 0.288283852953943988919315288054 0.032448034447330675881757945281
0.442361343428433407943764075500 0.237826614628463817827594871901 0.290582114592883700038609753486
0.321192698618255865293258585452 0.108404797967497552915991300600 0.980917999127600141715139058711
0.386660271555252832223375910177 0.313622480069567393351641008959 0.153964498313417631434683483560
0.588632924797766142769688426491 0.263739236709378814564116414744 0.299011785063949849721287638754
0.806501144438864036262137391294 0.190389465232577335541312632461 0.573644229622806736693911950529
0.887345056318733284809324442613 0.142681265996508074139421043328 0.572984639118413751584645390382
0.758979829738566413769749416264 0.225192136063205110513571816469 0.513266747791573661958583641474
0.689163181252511765259766438028 0.641454652159460062749362520686 0.089323461545304022139784816101
0.543126862853093962191598275551 0.037069927076863970313989394201 0.648437424313211075729836923714
0.508231076887257174554446462452 0.928702306252800343741801899207 0.638085810453179850520687686804
0.109264773737661687505551400974 0.090929552951455103966687900485 0.504342350731019833816092440518
0.578262914429844528950248453117 0.894750126513194833941260199449 0.876418045494099650043825897945
0.441448408776592583011215348897 0.094436314111249917994107152046 0.662992295178655958690045153949
0.831805823774863390138399496130 0.578438331331823901617463397667 0.863323825335217045076450673637
0.757930497695394963794933699311 0.269638933042461318121317476896 0.127417954216593661004350625180
0.883892125685724267453511550773 0.528229389313912080112728729688 0.553451381030815345639139755640
0.186706403670078713103566652221 0.625786691499239932120595759992 0.187409012557679411428738795755
0.366110233699425880971232746943 0.582988798595124002546645828888 0.341954626233900880446742271974
0.964651043630350379455378208574 0.347522215750012439027549741746 0.406683977958860957555855067516
0.387175237609607869977279919288 0.096547062758833650293091244401 0.932129870567401044336902116906
0.968642383294415486088378533715 0.573404458536056923871968669756 0.935014333810586759804460752960
0.392006441648983053639616620895 0.913355189145018927315521890701 0.477922429079989219119264238402
0.627223195938875680887208177189 0.236865915070043268237113280464 0.893251334918300521234082506851
0.296530144794047336335043734898 0.341541648060615347782936900104 0.204677695172443298954980639420
0.244203716590798443052268395510 0.869466399533169097024657998308 0.767837064389401734112142699916
0.975242992151087902623310288497 0.966206560047859113162965762434 0.374701798498493457961603178172
0.908212493583841543455199492923 0.434993205598336242678975710831 0.371020803328075759094120969960
0.276490489837332255154177722661 0.771009685134558241996317587886 0.030935894041856592102038757447
0.623914080251503481823943993677 0.321776369925120265383220299396 0.389798504298961885118587353673