   0.48765
  0.240932
  0.870329
 0.0859931
  0.698947
  0.642396
  0.749271
  0.960587
  0.536776
  0.220003
  0.591532
  0.776771
  0.113182
  0.550405
  0.540257
  0.437609
  0.616288
  0.939296
  0.975087
  0.148617
  0.128813
 0.0713689
  0.319724
  0.352485
  0.410014
  0.425188
  0.487316
  0.355847
  0.804322
  0.457139
  0.206539
  0.355194
  0.859033
  0.995002
 0.0366205
  0.427739
  0.590082
 0.0940054
  0.351699
  0.436023
  0.437317
  0.139565
   0.24206
  0.792973
  0.462148
  0.152043
 0.0138845
  0.364539
  0.667435
  0.445395
0.00367465
  0.186675
  0.352476
  0.419569
  0.764879
  0.475754
 0.0187391
  0.590624
  0.796399
   0.25405
  0.428296
  0.103007
  0.222786
  0.170071
  0.729554
  0.142419
  0.551136
  0.448579
  0.314786
  0.656319
  0.620542
  0.677967
   0.87493
  0.654318
  0.180397
  0.984293
   0.50017
  0.338934
  0.881619
  0.409819
  0.313104
  0.562556
  0.450742
  0.253492
  0.142074
  0.601282
 0.0154097
  0.771949
  0.251874
  0.820943
  0.805782
  0.277877
  0.562168
  0.516552
   0.70193
  0.113011
  0.850601
  0.341346
  0.184714
  0.402624
  0.345709
  0.119212
  0.765525
  0.265079
  0.126294
  0.624501
  0.277608
   0.92721
  0.892287
  0.516395
  0.263813
  0.557822
  0.763077
  0.151878
   0.77717
  0.686927
  0.581293
   0.90724
  0.718344
  0.646477
 0.0476264
  0.368298
  0.764722
  0.290114
  0.225899
  0.908709
  0.849789
  0.850311