0.162401495052254111147925076991 0.627892158055364550410320490170 0.271126506238734886991660914610
0.272362867118981273260578797706 0.369743818784538213613294779225 0.731295068799033653821662769909
0.638375850599849974649847663053 0.168751548157303514916272822074 0.456382363765336980550120371915
0.207009186174206011846692167019 0.268170809598753190825677128012 0.943561057418559631628313613951
0.015219392176499353146484224393 0.876064069678097590296841405665 0.952750519932092551036829904711
0.296997110301268449792813569145 0.994012447582676124891859829040 0.497799506187821673958307988441
0.048863646706689013851997782703 0.031735112763672860249262398203 0.286544158829610780222187395729
0.201772828450502528178121331182 0.308359285148805265557218486463 0.730535479517799768890708392808
0.084689292908744191678569984253 0.190605273241281194728513302550 0.136483549428313464682571361204
0.331306686996897233428204883728 0.115308580169763682512411608400 0.067517696013158593728772704120
0.513050148788060663791905273812 0.383775104481066850989897747879 0.657747010839902945895846925803
0.370153567544597063664857741017 0.319340422029408434583094399497 0.716946341309460972966202679818
0.651172985371212533215749350778 0.396649595211515892000102469853 0.778080169980301144713862838634
0.682615067400900949856930237297 0.008456824345923603577249542708 0.584818642955692431442853979608
0.133362312647875247978842857067 0.400973017136306633650283930181 0.868254519475930576013185866901
0.382476584399762742599281076845 0.762300077929651094984507140610 0.167242615431009666460437668038
0.286200335487204765470039185793 0.845108696228436103846435961580 0.978708094219508796076684455924
0.491782799863430603128185196926 0.028536275598845128170989464223 0.740718253280280216007823320388
0.316971581726704132968479946135 0.032357159333781806450694303721 0.383951090237588689594411817809
0.684723224127697670269390839857 0.385911189683119788852561198876 0.909091789572810146392972431414
0.600264626583342276929006065757 0.584220633023091692510638930706 0.541025293947346626736402153262
0.216756085081544358082829825234 0.697801034270318728560437270051 0.206908932626848090291698341477
0.486659470507661163137454356886 0.412280442427264394721753379637 0.333599639722478304036904318836
0.591106069602484288495272926015 0.077323485850295825140107447991 0.831202654360664519201248047008
0.722929394392732871078440109255 0.439740419584956591737395381781 0.776676691826740693990452688396
0.291645265249875805306337981803 0.988294480943000542324314828827 0.110906332499263721920961735981
0.643275853874982190265465092955 0.669102270878353768049698976286 0.980220250340314316441120054360
0.368627038069085719456585640352 0.922307648672942879693659219058 0.912231244030601715844707658081
0.505112422378691453997432336762 0.512800580437290938293889278600 0.932613401338272023787683641174
0.455461855290384714105248864915 0.688131328397058465419101794402 0.144522520664634428817211447035
0.105026814455673848971420711625 0.208889952540254695730689288657 0.810432249885303043763530841777
0.923437840143110814838927830646 0.484841316969815708957435487884 0.245989964579813852412725829888
0.652161630122814479108306542670 0.730493331144164625350930228097 0.064434312702013987286218065493
0.941514702934480355436349981352 0.323233296930693953316472594311 0.401457265534310422931701905076
0.630307867008021893915009495169 0.424565884558496241291391669904 0.427731204533854718570181359719
0.114842238296647567880636000795 0.021624950469120063014515301504 0.712915911577260657162332172629
0.038788912405017519627130607791 0.069893428889750474925347857777 0.923568325127952001363402943307
0.269097240933092613995550085550 0.124771927259377464182744883584 0.746930887729068671374322249173
0.357865151190552556991545528641 0.887077824766084165855888675810 0.901022912059600265241943534730
0.547061653998668085783015201773 0.508223114518245704169786692580 0.230898082047131730971045540582
0.738272651890351991801048599644 0.376300656697490209078605379427 0.907515180863770905126568977835
0.701300796420021170276225862264 0.789129421154471060904909613647 0.252322370076743600962368651745
0.583331359402361998192362460872 0.677569351599236199456592740143 0.377113322936393770925758734424
0.321047576507606976841602912114 0.387267252810028654548121449358 0.265872217481926371567362769351
0.413507697140378427981735257954 0.700988352949623955477143013867 0.347103870150489653495731402985
0.261575769944663596109037742685 0.781076408165887356132235876284 0.364268380873219917700286910568
0.493199659482211411802776544786 0.358546074384907051498089845000 0.485607737762005189073549194659
0.461068921690923664185782512399 0.560927647300659716455102026481 0.923029142012996708252951788114
0.668303345533846681399828652675 0.925416188854109330213990931484 0.345702293945065362870688394863
0.428637988051216225757918118277 0.874695123486231497942410594028 0.491996945370497383223529972765
0.984319190810233542895280173000 0.945940011645766841014152260172 0.515361833744780041607126651758
0.361895472072420023526324428376 0.490492587212536352518538025102 0.739692993117903455563648868674
0.038047934718006676383214151794 0.451138674394937586741002945578 0.422410189511654009578087979130
0.523511553789925062728755668070 0.809902376633560730216927594904 0.383263227244935941069862365355
0.577552769167369731734906120213 0.379270123817376855883649885195 0.620125544265878157287769408084
0.229700661214727931333334650820 0.715725298396290358898084416658 0.424139357131736413344522871962
0.775284940519562034896883828827 0.113183730314397407845196579954 0.250379752873047341265155719484
0.736393567114148622597531443093 0.423818472795717027165025999974 0.236714509985744200979884930701
0.393110357550754876735142636446 0.959991616064143764183023362635 0.950484894262167513918987638608
0.125725168744754795522792736561 0.365738592377491082454212408583 0.450962559566144035445474958103
0.323130921540027906514263948380 0.677948017427791750010595833980 0.032606533625914858241274167174
0.590668461041816312894825496337 0.819729171965057978480652428419 0.527109671868227851627168262708
0.915338283015729517574844954516 0.925350741457632604954757592560 0.676251128361464118685314744858
0.777518036057252137603695465948 0.438540862128667017847198774139 0.112899825075579850953772290421
0.261395061381736008810930930887 0.655179724329921585229229464987 0.686180940726382253424381851926
0.109789012221812880397104911665 0.837365647950560962973563570065 0.931398950238639655724034244647
0.552822771403679186048050236521 0.173058148551871296102961067217 0.431472541030039369279644835243
0.304910995819000403212313532105 0.538131311917245198531944873516 0.293625273561597556634918006934
0.804506288736566759495128718804 0.083045413043716860246650152718 0.300993228391641052354544907214
0.502405366736773800484429889520 0.352693808876934032919849898896 0.203400744049091895967302773188
0.702099903710837948038819856105 0.260983856084905894981680797942 0.400089604039547331145279193924
0.956665398690588732235893886872 0.946993219424122721282674029974 0.125764670295618244769639291190
0.433066329128113323498087273161 0.231264091246464472345312638282 0.588494052657970470555812493386
0.433563146985766646637858630326 0.286225046729338880126150959948 0.923045918239722170701133267753
0.784157966267825782176310631106 0.229173560613170935279948881303 0.270939170892470990004249796219
0.706668687724369402603995473071 0.209448883757594000393642608353 0.264587914033327346442802864026
0.161698145431581010805364303724 0.100259883506206615730180441944 0.689129189275839714726293841169
0.219036988790213861284893217397 0.062924481722062831121302444653 0.810069753148867058119413034318
0.747074219572377387340389457494 0.042865691588470694141426080087 0.986155361011804834047869031908
0.508485513154240744208215727743 0.930693583018967268191004257614 0.301607284163811431790531724463
0.557251021131678693513358095867 0.173542046391484361591810323199 0.001495801127702832694119244811
0.666966141234407711929292761214 0.412971428768129610529623800632 0.597219949576969474296606428783
0.921208940783560097661888803067 0.754520509599104965833781073110 0.526594320535642184141348268305
0.565900131108314601325785760454 0.041261979204774292482381597129 0.080260521128770021892418879109
0.390428784809689742389288334133 0.909174565144970690610807953283 0.068402438900231442454889590425
0.553839276376403879964581087222 0.644168008317783129653031698910 0.588222619275320475101031734421
0.478560677472367085435619118841 0.157466793064412824649091729198 0.435515786515960220123788625495
0.074412595608394094987466697649 0.178770293992523627574526178620 0.454389374081412042285214359542
0.200252523140244328933858615916 0.529647425044931279585667290531 0.818299284364248832179774011282
0.509556030706484791453191906571 0.441197214015637078851041561389 0.257461548172681734024343967436
0.586056183826804382794610611373 0.660202424617627362231752432190 0.941115256346036168388082396598
0.097635604954379544949512190856 0.330099460899242808171544749043 0.818271142850959665258904414443
0.150031839923206605067929429433 0.712039021412845719833352893165 0.179770935787736136274274069587
0.925944238154800706213542428727 0.747719485703422239119903723017 0.513558404281958453478859869111
0.918709702846487574377159353505 0.897025543146794104986506374196 0.059707080505798881242125410247
0.124151447283633285668597216357 0.620279088508412700287669893497 0.519900843145402331329668345669
0.270491135243690306738206686556 0.944808342649561787161522108099 0.821255871723068280787421331462
0.256064713737870603194173461117 0.752629411327303153521018178265 0.883801493019174347009955052367
0.788611136473719371380005090572 0.353658396596030953805666129046 0.820621561119238212008296628847
0.396459853479158088629144091815 0.047832628366051889997825737544 0.794461435782451688168825117710
0.481734099291043045110651087547 0.896139931408262490829117031949 0.394969726969010398944484522743
0.088942251449972593161337454529 0.815092823600967549218429368617 0.152478237601699900318763849018
0.291114094820147212617837358803 0.826378061757864866210273861591 0.646738421778219862697151320645
0.282774141571140923955340033372 0.120429118057126749716000045324 0.586304616461754284748461697360
0.767066702635946043165886515804 0.677746793159849711336337470903 0.841808810583328235745252740991
0.712050562526502944785113063712 0.113123412420535600027848620707 0.941957497679841911495159389185
0.543844261114671368938769290912 0.599400374445856484934061666566 0.205726629719669966823113628669
0.015375159211997915873422289297 0.134708802217609404202662741654 0.454793003498851550364754226714
0.819903374536761643251900333371 0.244800174669338553607538753593 0.875115477367735950674043370575
0.787499154065068218284451267878 0.476543986352256386253984757629 0.220637772475173684750718899275
0.485893772136440257683789595890 0.004450659286685999774910898011 0.029458671760577136159957533824
0.110158307766804140421359777179 0.357489101990717892871877826749 0.745604851159969491972182982423
0.318944742356813290885514616324 0.691586010808176842880685293737 0.119755115823792460666042838208
0.727482841142445360875867586257 0.489439788421256390214334623510 0.317741052682952456668147883997
0.531482498306300606817786901609 0.136304381870814052060164788747 0.152800908004316936435663418779
0.837802364207927293813737693237 0.927442854007227927607561444403 0.182349895303789414770594109807
0.008517981123906562541222649570 0.334954814292121925430395706090 0.112672647521708826664606351583
0.539464665758123003362011438259 0.492272077233119885453148373230 0.096135078359211731755557385301
0.860769498275398891196415439553 0.821778657229660814243110330704 0.709688978452767374085964257867
0.798415450881465906546331105427 0.565503090376858009211391574339 0.244839466811247005238576258788
0.224416621194598537790084964518 0.695454814544783390500066815849 0.352791024928098853635479875063
0.520475374122075624197477558425 0.860687992861456347650038544662 0.436140386370399229739411491918
0.989791709284628493691696332643 0.663334715566768663574611914016 0.918733975331128965234254616636
0.058206422582929100786326944803 0.479459805910782096818512985506 0.623100489188741953385503935488
0.266376852973314005685311028514 0.040156196432378615749278304315 0.819307572918754170278051980479
0.890006781674778380886891857104 0.991205288148718319248595005548 0.925599117900557061708030198026
0.124324022129639759222340855063 0.489990136714282500721994849974 0.201582662791020443005460141026
0.176455862829804031843699915274 0.960026365818805563371469734071 0.866594946174425847029017431384