0.772277130680857903932690078364 0.075720083686996453309347998584 0.966762496165477824838774267846
0.046957087604489619603320704755 0.819961152164694562216595841164 0.988186661826751855386419265415
0.212173219639163579408602799958 0.607056949265639245183479033585 0.481204575210661289474955992773
0.013431074924821199967350793258 0.360812857864768576909852981771 0.006925736677818723936728151358
0.587742245111894101583516203391 0.038902707091639621150847005993 0.218837273775299934186477912590
0.152355986354581723896117750883 0.630576299778123683381636510603 0.990737304546392083537398320914
0.140800017931587251318603648542 0.046558880341036182337610682680 0.317575471682687793251176344711
0.450267133396092977815072799785 0.496061195185334646851060824702 0.538880352131716477970257983543
0.337525437090088198388571072428 0.750491433882086833584423857246 0.923319478052543773927141046443
0.619018824667179501375358086079 0.058131702391610196034577029423 0.436320151169378778188701062390
0.090787023838424407706781948946 0.125051141221150574622811291192 0.984695178278445104602667470317
0.299502032422471753392301252461 0.657245626154611684022199824540 0.173256638965114367900710590220
0.191930209136253249191383929428 0.729258926562230014312149251055 0.375461682013661146584126981907
0.852150703977461509985857901484 0.284931858455518716155552283453 0.249523403923976816454199934014
0.083435193311660563186826777837 0.567698158552758402883853250387 0.806702327020209275509898816381
0.920333100197681219789558326738 0.761486697876482709901324597013 0.900541520905621006853891685751
0.340794587982322927377509813596 0.889470798754091851456848871749 0.700286014690363556312036052987
0.222164417034319994215252336289 0.280983449516522321154354813189 0.220741165088426755103157006488
0.916680056086341732424216388608 0.608058605817732522602625522268 0.996077695027071552402730958420
0.621872187218197369773520222225 0.886776746963692907854692748515 0.089090171295990880362403174786
0.141409383608127298126433402103 0.941899893051287295797635579220 0.369876431537354777301374042509
0.100229542524577552864428753310 0.462518299154934475758693679381 0.229676017667378579156789442095
0.553859381355266910951229419879 0.309436503989441946682603656882 0.919530349939065239084357017418
0.193957062510781375053170449974 0.984980694482389229627017357416 0.871683456925979927021330695425
0.506107384959593731288407525426 0.167187972164097836680340947169 0.241667003570074423457469947607
0.902896834827313754523459010670 0.968396155926778301470392307237 0.971073225701677311683113202889
0.784346484685412126403036836564 0.892121929816673819857442140346 0.277584699807997936638059854886
0.854501570164294288467488058814 0.019642137015802189903279639793 0.581615458464094459145599103067
0.327496770450708685196161695785 0.807320734394545991285951913596 0.175307062306299471510229182059
0.430792599363133410506065956724 0.644664411142147231181809274858 0.321945514771865448633292317027
0.544703863872156079928288363590 0.861737569543943759953208427760 0.866945602312643837095151866379
0.327298340912924534684691479924 0.000366009930421543235035120034 0.812334454668556693590630857216
0.041505462289578541612566908725 0.757518586233500546001096154214 0.430558759159158033202885462742
0.221336540757945954283059109002 0.992735268240875434742065408500 0.527898970046344895301615451899
0.625226981341914123113667756115 0.410022058402015110445404388884 0.958222417695534511850041781145
0.609206513824001039125732859247 0.306961390561369396046131896583 0.768673840403530705955859048117
0.858744529179148563535761695675 0.091333332232811953454998388224 0.210067192469355429329525009052
0.519131657883447950041500007501 0.197587444817177382283546194230 0.434930975887117710065865594515
0.704794041344869226506375525787 0.396977599378942780372625520613 0.727051718195960816615297517274
0.486451664655976168116779945194 0.224427713432352265998659390789 0.766278702215190787860876753257
0.582657753795859822965041985299 0.498320807668509113685928468840 0.347135938772057950352234456659
0.722071002627021285569242081692 0.536920991410153591871790013101 0.456692322439490816510243575976
0.290191240133094607855923641182 0.623928871101062987314378460724 0.506085957920282658584198998142
0.482823812978536992535083527400 0.415541777324841321572534980078 0.331998058995175482355222129627
0.167677734903223157880702842704 0.516973879216121257051952397887 0.361163765100775802086019439230
0.449674093536932495407398846510 0.300047865942656699633772632296 0.852228849611296856991771164758
0.603318771301898038039723815018 0.426552034555011727601225857143 0.600244871275293911949688663299
0.956413939209800445517828393349 0.709149405923791165129443925252 0.954879743168043804146805086930
0.513676498357271471562057740812 0.336898615253846400729997867529 0.489350106208856161504883175439
0.364197354085297797521292295642 0.393102562323710214009508945310 0.342826608357149398287333497137
0.867329293067332751654419098486 0.057153662765537210921351629622 0.962324440281250748085994928260
0.747813357734080197403159218084 0.482405846062630816462046823290 0.509248174566700684273712340655
0.847842201953523666446699280641 0.275709828848046845095609569398 0.417430782644475140141793190196
0.897615546848110512634377755603 0.098281470076818686076869369117 0.579766306935197373029211576068
0.476451977581948515894083584499 0.903569300250611218139340508060 0.241808064612884066058029475244
0.728197802816263006775443500374 0.324266324919994020081759344976 0.980813801006094831969051028864
0.465318151345564701149015718329 0.286232337860362562320659662873 0.948335637416928611820310379699
0.342198385415906025652788002844 0.628103455392699738801809417055 0.257269132283433288321816689859
0.764099923820018123166164514259 0.927909675659249977286435751012 0.475754589456995169438613402235
0.086807266436882218885173756462 0.386101316173550312971229914183 0.306220927306743606610694996562
0.769872491960958638124168373906 0.719900938458365002858840853150 0.305263264179754356675289272971
0.852456604890189595380434184335 0.476741408680844247491847909259 0.335348963506002850643028523336
0.064897223416363253312155734420 0.081810112037590351774518637740 0.672020337419898750042079882405
0.998148828363346396486122102942 0.923705462276066202598201471119 0.903436978921255962049485788157
0.222130389270901146270276171890 0.567135992185923254460533371457 0.298661278974415855813617781678
0.203258602993631437572119580182 0.755055836695072479791690511775 0.274860871019806496384774163744
0.274971229268857808580861501468 0.739081927877001554350044898456 0.888373849868674181351480001467
0.940024853155531858739379913459 0.732502358707391776349027168180 0.225051483347382424993199379060
0.192322508661427499232488003145 0.009364126028378813582087047962 0.675667936868595275790028154006
0.781450340368470830476610444748 0.402016817979018115103428954171 0.905742127870100000031072795537
0.246566875394324785952804290901 0.134910556757607824618361291868 0.067170344130115064440467165241
0.362322034630542078037507280897 0.046407057009673458036758120215 0.606261768284464208633721682418
0.219923310820159617628988257820 0.281830026680860101784276139369 0.634696028023724823086126889393
0.244698592806383147246762632676 0.607381058811543805830979181337 0.796365098783250680014589306666
0.036030210504611408228736735282 0.315366948415962911056453776837 0.351193944436524130292553991239
0.748780089934271919638320014201 0.942123899791983965279484891653 0.028519839894535194135816169592
0.326592687658474267742292340699 0.032577653201601747268156827886 0.801533790171846671768207670539
0.774419626508911718154593017971 0.577766809454082763686244561541 0.144204954115871614162003311321
0.391501389604634153496220960733 0.443286551159813912992291307091 0.013628664497871322697220008990
0.558999955093304023989730922040 0.951642319337869468931501160114 0.517867742577824974326006213232
0.154519121289929450835387569896 0.356457941676611156367471267004 0.669903516450124358883044806134
0.104452448894443467031223349295 0.576893477501632223614080885454 0.358053681422552172453066532398
0.428070377466166163138439060276 0.347802314101199439022593651316 0.073875078389823503610678301357
0.041790672393719821564594951724 0.767855542534870649795664121484 0.323149705945199594570027556983
0.043183321713153206833357700134 0.863465867897600602987040474545 0.318232010666094744522069959203
0.381315675952347887811555438020 0.612265367508677327279542623728 0.351131789706440544662768843409
0.355594616489664339109566526531 0.796422257487629625671843314194 0.794626902184931815931179244217
0.369822876717364024123924082232 0.479011837757443936780532567354 0.764381377671543460472491915425
0.107957443065943292648256601751 0.198108935074074454796289046499 0.318641894623938548569697104540
0.560723410888584572475679124182 0.515595796813515749867917747906 0.099620858513078086593495186207
0.967830753719385872280156490888 0.942883891475977398144436847360 0.229913059296857236191158335714
0.212433317441730301622371257508 0.281189350252391445650346213370 0.461481916497808897226207136555
0.409075249956836251019609562718 0.593985181411756379965538599208 0.282596597110761738047557400932
0.588721164123857332306499756669 0.739387149335696935992245926172 0.251128290323842706666113144820
0.098692425767415228876622279586 0.944458615423498959451364953566 0.528888272556562011317282667733
0.873218175320161105190663874964 0.056625550778545800933994058823 0.557653469581401939336728901253
0.893568656500308478030092373956 0.952338636319388864848178855027 0.388072166461659040503917594833
0.942994738086173067692641325266 0.214590888666591678157757883127 0.791221472100780309766321352072
0.406977857638225637426643288563 0.286156260287872277192633418963 0.399635972294040242580592803279
0.027135366596519785997720930482 0.769251896269479984447059450758 0.900853016506285020348343550722
0.767477880173255910811747071421 0.555733772200241227245953723468 0.859966804494487702115179672546
0.707809445927948255317119219399 0.926457589526517133471372744680 0.241773010743189353810578268167
0.223728306208157950996096019480 0.959168250824402046639249874715 0.352396638295463138224050680947
0.285088892923514469757151346130 0.251398187313692511590801359489 0.783986911175054035361142723559
0.262287901777932708213825208077 0.540818059408640694485370659095 0.317819354086284422411523564733
0.850784908209209600471467638272 0.549291304804625957203256803041 0.274796199723776057854962573401
0.238512846079874857307956403929 0.829232589509009576644871231110 0.613834313065800052378051532287
0.116435263013774520368670550852 0.776075328195017899446384035400 0.829295592358264443966220369475
0.357464648193624556782310719427 0.844723572341622541692629511090 0.102867384185558033427021484840
0.298798214323856781149402195297 0.076460144163558452223838912687 0.522668744893963310715889747371
0.167098706914431932579745421208 0.044889485323976449637761731992 0.519344169021882628989317254309
0.034671315869241277340950801999 0.148511288744264613459478141522 0.411415648834586922255596164177
0.122086047044312973053337145757 0.183386334049505106413846533542 0.319237429169713315957324084593
0.362780227943859445716157097195 0.126224688985738853208573573284 0.545706272208395182232720799220
0.414855690728424153501663340649 0.266475753248849422938349107426 0.460543604257267535917463874284
0.517673244729916492978816222603 0.638281029030474233998404542945 0.837341070194443370944270554901
0.946680194124456364512809614098 0.847165153833212114520279101271 0.568874341081791357055408298038
0.572997959670016654420976465190 0.396021420355573638971691252664 0.081534275545981679811369247091
0.179579598477928564781436193698 0.428612723045976196090123266913 0.358371015399016334956883156337
0.577420335280682595069379203778 0.193964677065223523033665742332 0.101452544062313743111758412851
0.429584106268031451492106498335 0.665930260586372280151579161611 0.563129518167513221094111486309
0.048172114606525602564790489168 0.606210026287356873453404659813 0.820189642129422802341309761687
0.170711304444764316867733100480 0.542888384035763671420227183262 0.082846918978685527013006151265
0.152088506084533864326502339281 0.864789789128760366665460423974 0.334320267351688571455525789133
0.166398534287981320067828505671 0.823447164076199444870951538178 0.977166307698883129795319746336
0.520983427862665382512830092310 0.896105473287397313875146664941 0.540307222962145838884850945760
0.028096896176915481940783436698 0.386933371142005433362953681353 0.842329901277252823810215431877
0.803694884183790314580164704239 0.502768168892796074587181465176 0.788544916906482207252793159569