0.180881682068083579375497379321 0.676210939834547633628586513605 0.352500911732543223477117789188
0.907694449744463160286777305300 0.456496135451768102489649696088 0.775009103449696636295637771255
0.672440807531833781992057988548 0.862687305719807986048255325237 0.929939254171334122310775670122
0.491255583326091330668167432422 0.334979599874549162474174545598 0.713728961377333312958029510023
0.136201896149398823900763111756 0.503699866528956370320143482046 0.563592578467290696826215551681
0.611652661682227312996297818075 0.012366026788791175725161546252 0.576046620586928128644541518101
0.353463854986485905862864034139 0.314335687772278669747527634081 0.577596267022745276666887999217
0.851829697472277517277536187592 0.070456390903850029260553071241 0.235668363275874547502818740494
0.658457232134216104894378186392 0.129949609606499817986133169896 0.646733101919344639882491426300
0.939607461959232137515154376866 0.226353571335221826577894418288 0.483714387053972358446066517581
0.959140710470774684944043986448 0.347927872470163246200811330769 0.261121264515968525156955918854
0.228768844950243123858564396410 0.335002646432044778965248104650 0.786218472760432521382739286086
0.633676189918264983526136260965 0.679140411484240543672775818402 0.810766831705476717796307186951
0.800481733921159166377119393205 0.041308396926698551372302752208 0.164843845011726485966737016989
0.514607799011323819089396183263 0.354116301326303818655974493453 0.839750876748738970500167557222
0.743669583270133300308186408215 0.808597498087319314291799807363 0.417515768384116802827788961426
0.469544030717471836912739971252 0.391428350458495272972032385661 0.837725493739684938279327335663
0.533022150506698378583803509049 0.984310048481448211104224008180 0.534749672477910154734974808972
0.842743440106538159298957234247 0.165077371734666133144530825183 0.807229149510837553934884415130
0.712474162081705580136078780602 0.236008098154456236046007120862 0.212078783034849047598402687192
0.682395938442997827176410211415 0.885807614954447150867137318396 0.364939921275493051840513580826
0.037908405063466518755186248029 0.632075582309381094597391328990 0.184014810929465611036197706568
0.329124153958531167603534303904 0.068590762754248064675586384207 0.048675920613097997621959104512
0.991608103162710140635388088358 0.641324481787545656252668020909 0.379523487243255515687040720007
0.715957777868995108390479698901 0.865242299231975247697353648333 0.230987247339372592004444876127
0.199954303352177517037719323288 0.837428088445924726290982466402 0.734745886632910065089015176107
0.979993210191780221107836559722 0.952668577723016873878340996560 0.543690184399693453388058554654
0.443185338207546519463338769103 0.400080130895963338159594965575 0.840549941214089031910075663631
0.711749559893745315716499583535 0.342125105921568696279224942438 0.707735301544831264722642793677
0.628285762513688491667717548012 0.713744162513506631699442357274 0.450636376477670484034586997842
0.398567675183704104760702345050 0.170205610969826291669630673684 0.745800644092026906202867231689
0.181883871883825258047450035058 0.416758134572993207424167950734 0.804800560320605733220524069326
0.034513518933221620561158416592 0.699607167610177145023321369570 0.122421778402738030185275020556
0.139109080856668560877147041263 0.043152448338821836554321450845 0.120650975013851886443281063453
0.984585988817612289930539102912 0.734332831559350252682234121897 0.313123787201350828627385567726
0.753617945196868253588940980951 0.529018826047004646514549275185 0.614170179046866836637865328809
0.890333036709516702642252405480 0.292306191148810441218165644671 0.750151250973201610243245645236
0.634837652625777463745700406839 0.042707958540149772229128830342 0.694089625750748475734351424169
0.385840802450234620881538148183 0.229405185699748892811965916088 0.563493116141556755012265783599
0.685952772113910532349163148504 0.720362759408841057028908537296 0.393675642498929107957323581948
0.845458454562455177193921895188 0.120704560259796696777771695117 0.395918536954941297967447735033
0.322236873332068192339542933460 0.287812877444261588387796713865 0.314165079801519070733403510704
0.858958352240083228248445369042 0.609152546700982933637199797006 0.247245071609367078290433924606
0.439683158153357945054493822055 0.042076204178896808139465015424 0.934806801305928190039801531081
0.736695960818566072028716346278 0.342716500071811016634944913819 0.760145999552647302927570248214
0.958033008454302667568024100106 0.099390544826002013633518997630 0.376496895029508315050252094379
0.047399102096158894008508020305 0.703301078557314934104259253533 0.176038957937752873765505875879
0.256584548960549875825733586507 0.388124021791337142700542746135 0.804945024554937295424168716097
0.440442411559911884877756508109 0.630848612791477486479968860701 0.774333618790280717304304993420
0.128538676880387139465528773292 0.757933899781312120233265881029 0.761332199170250223429613843945
0.173855874234844224909166783572 0.114344038315512864025068567424 0.840246556062302627160204568331
0.515621788343157297672486372759 0.281401294427680309347501226449 0.522585238512907648504663428661
0.795585175233965680537320210353 0.654213153379610428734221778943 0.847781409283182401717769588609
0.700268895040479287631808413571 0.713756605308682077802304126412 0.955707077765581273170839582694
0.997550580892768387732720273262 0.893584256712002984589312342793 0.270353520691951539391185037259
0.325979281459727569525439045693 0.373208148260922292920050007259 0.324842538770239073279702917061
0.967845645617534566805968382474 0.357591379708717926485683201793 0.201089134836838213895708566497
0.265743278458867083574964837109 0.314170746064112339623258827390 0.074796476844220965564282278715
0.449035165410551417598947337185 0.154936119179516926481089158715 0.533322692691388937218190248283
0.925654780843450215921183263937 0.570106778389118243904175498302 0.262353618723942317351660978600
0.265878938899204977686950128315 0.673855640129317815084305433244 0.733017933540649052664847073697
0.883980448633555290909949732933 0.245028578757212978418084018708 0.888242823634722699827239379743
0.556944061619166073460357677207 0.763283418967744894014250167475 0.481581914510914560753946856373
0.531152001890280101635310837486 0.122024097530691386124612352892 0.922115735559632076653327499921
0.384517701731754075800105009092 0.408719212136673117936798221923 0.821089725961603761029342040043
0.808630378208939572716730225730 0.480605505061083656898757441491 0.896399038853423738984452050346
0.530517754139404584567509801088 0.927641016428298392457511601236 0.241623319299818139850419250102
0.561767676094782512383388042468 0.945498874834707481032218695578 0.363404670584676667343404644054
0.110947955180192010667772617254 0.156980661933275614643315057555 0.166630679224233410938355221256
0.391718147982485753285030852385 0.373398381606937977937859544317 0.842912286180035316128483884008
0.223914530410540177013436335959 0.606134094566562528095379591837 0.236351547993131585380295816985
0.704053583648518895729723734798 0.122860384407423924850067177286 0.540074689316026988773587050467
0.953489263410380898784058648091 0.999547877792601442223098280679 0.697806668079032423990041770135
0.688863222452943355849445274499 0.437851741640561533450031282772 0.555017225684203741676124503421
0.614074922444157410744196021746 0.500540909443483219384101805110 0.738648635391105520002785882752
0.597620493659833403789327251774 0.651484595949355782920638361520 0.536712713344983567553187008723
0.975079598692278118963987746959 0.451449007237241975674613413914 0.702905661436189248897102229869
0.181484421742871652886211967770 0.045650188347449082013868744244 0.701000904863545244655382871662
0.298587450828131900119607533851 0.599735894428779748145822334981 0.026351539531525497909903863344
0.973997040034899926082791486821 0.871713481696368675127054390448 0.448849110025738717136510938871
0.153572478653626139047213465856 0.531691671349104720853173995940 0.321201156463750825149701031795
0.921631664937635626790326300969 0.139598427676384671501808866983 0.609134792957028650233252781049
0.433102222192291216289179201011 0.373958433300073703153253550461 0.542050972370143696734434966505
0.748616089386378708662050967083 0.685292415163881884184926491411 0.926161752781960557765522077098
0.752895994585877183481925630739 0.627770028780422955303408183530 0.145989721147133350820393648936
0.705115471725349335860618491729 0.978147814976140988828508717859 0.181399514559744536265558192558
0.030035348051642564421044120398 0.481607872596852190338018563201 0.717573340530627544935079416969
0.730433262292228699977219574785 0.473826912141075639420617311920 0.906224805213852560420065438555
0.278258036413653566522503165089 0.510898802171107012739610997911 0.741056370488674507724408606429
0.449974172248298988315243373510 0.966144720092537365947266812730 0.398013882090239964001320861845
0.196309744375014625609789195093 0.071136778042693797492874137445 0.179222658129033154949453392664
0.669952557187209741139294715776 0.418103916575492106609717161403 0.981398134315724129359802372161
0.148274278062912421289427449306 0.709829973430983277110360618603 0.678134287388066491989908053020
0.689101466777978333764372694496 0.070411212811964094492356038017 0.744030328941750377865811032610
0.001246999697952247729906923075 0.671684535002458336109395053470 0.382170560733728388712136277078
0.835398061151290365648201624016 0.316570954907818327026833151412 0.115127071228463241036705363195
0.570657918506759807828168403850 0.947329768899259897674614133523 0.993949274335005367356314516806
0.016399545395055619174942382824 0.316445393429857129638490649444 0.338431319040597358513213371875
0.977388750077174570751838820976 0.428409786129991173575050357087 0.551241897722352474396419721981
0.749572718489966118053824860647 0.379901643123708048363773506009 0.388683332580308386857697880263
0.658380783351748581525477497041 0.619613514266798141134741491236 0.093617060240213807985940948690
0.126417829482204592450569714267 0.460003348680153565040218636840 0.095665436721308159032221987143
0.503296759279476459826018661669 0.721771559004911436159182858486 0.232622113274126792977264678517
0.703981954129842789086130023046 0.113197476804749749942212767922 0.309396286082722706580369349139
0.481464489276551622850855268895 0.002002561180617723399131012404 0.047669617719978765315593492639
0.969430819901697395275957975401 0.058844109259547666753540436381 0.785101834582975824469016788148
0.833246868396444652396632081785 0.944143825249943296285996014552 0.377848783312233350560417283876
0.322639145752797937946451911264 0.096679372095682803275152399580 0.436567782496475264986461153943
0.033182607267636070658532612077 0.533126515509971324306278455412 0.266591448640479372401326491443
0.270415849928339653907068638825 0.436558039358786754240896407350 0.562390374554727030386089140128
0.219755273879299534217736056550 0.511895322938685216292756700731 0.595522329902686627833677000397
0.410101459262082477855792774276 0.124407588163438343188557509179 0.349442360818432353711113948483
0.766725664342837970469476812099 0.061311720823714765689074464895 0.749221029519235596261771053533
0.335635293299386398552515443981 0.868089772206550660424081437378 0.768417701957919174778790611769
0.366872807099289867646790995768 0.168267441244943679747360004103 0.624375429651173051006964780490
0.244975707047459559411079085513 0.297121048132480560495504455443 0.069961052422861035316986768093
0.112664036774763409190403199827 0.939364953055418591776589640959 0.145396555133452557310580066448
0.816714399093140969765293190279 0.593281724699821308962931220854 0.099758938949992512511418354524
0.415255053110093314542799749300 0.865514405818448112786175979680 0.438449127227599984576804677423
0.908304751840729561111264381330 0.694156153656290698259997359078 0.683238926658479010080396493559
0.937361306218328933990079193229 0.038904205212963555143773054222 0.211598474772361796849339928453
0.740269339645273765727717241702 0.123882721975066449077886369770 0.851992570593653615334426829597
0.806557872860023294057172485582 0.340539356374582861350870685223 0.705391497910109437534884625037
0.092705238577436990579965929082 0.685226191229325158423019618689 0.011615566964379865718483502019
0.523737034283491501571899489262 0.841195247181309692882959800254 0.804515720351365943032258510559
0.363034069950974802644283375506 0.498456564943096193581407178849 0.619600964546712772437967175780
0.564292704275821914724075365625 0.276672147665501815928301167846 0.603948862390373939332990381489
0.741963833098946551560256336095 0.226347710887716880776909572943 0.853740752928678337817046205369