 0.363212
  0.09381
0.0628531
0.0497848
 0.299889
 0.630501
 0.596826
 0.496326
  0.04659
 0.539848
 0.133438
0.0230527
 0.825997
 0.489283
  0.39504
 0.156085
   0.5266
 0.865286
 0.303789
 0.473703
 0.659898
 0.614902
 0.575327
0.0852538
 0.869519
 0.743868
0.0298476
 0.359596
  0.97651
 0.467087
0.0232495
 0.818283
 0.351783
 0.908612
 0.469931
0.0188839
 0.351228
0.0615966
 0.791916
0.0322012
 0.259701
 0.796046
 0.143709
 0.547453
 0.201352
 0.290221
 0.869897
 0.734429
 0.278961
0.0650802
 0.760183
  0.83319
 0.597037
  0.56361
  0.43074
0.0382775
 0.890481
 0.637077
 0.786759
 0.727061
 0.774118
 0.815133
 0.678068
 0.415495
 0.734726
 0.914685
 0.218352
 0.186059
 0.305807
 0.572162
 0.293595
 0.649076
 0.728423
 0.848567
 0.978607
 0.383069
  0.72026
 0.663057
 0.506986
 0.106868
 0.680445
  0.94992
 0.356745
 0.523202
 0.763197
  0.69217
 0.918278
 0.923267
 0.679193
 0.715716
0.0462225
 0.356345
 0.380902
 0.753585
 0.917277
 0.384719
 0.784861
 0.170432
 0.709155
  0.16755
 0.581999
 0.432693
  0.85535
 0.498135
 0.910614
   0.4198
0.0435902
 0.538329
 0.728253
 0.711288
 0.146421
 0.824047
 0.326446
 0.658682
 0.951084
  0.13502
 0.540216
  0.81667
 0.953401
 0.250858
  0.80406
 0.938498
 0.465992
 0.761507
 0.864375
 0.726773
 0.897926
  0.21579