0.0268037
0.0380919
 0.800536
 0.982372
 0.571411
  0.69572
  0.39256
 0.211708
 0.922332
  0.24263
 0.605349
 0.679252
 0.723066
 0.100451
 0.842592
 0.662382
 0.514387
0.0413462
 0.123739
 0.621057
 0.330322
 0.302641
  0.27935
 0.383912
 0.163545
 0.136278
 0.877127
 0.582194
 0.895728
 0.531361
 0.130478
 0.352728
 0.731125
 0.850545
 0.492595
  0.79994
0.0438089
 0.763637
 0.342537
 0.158079
 0.899697
 0.678333
 0.251224
 0.223451
 0.510691
 0.767813
 0.767798
 0.941593
 0.504132
 0.987696
 0.761009
 0.621272
 0.562074
  0.23153
  0.69244
0.0620638
 0.147366
 0.874655
 0.203085
 0.783376
 0.356589
 0.228042
 0.556562
 0.542826
  0.93648
0.0412966
 0.684217
 0.536432
  0.77697
 0.745204
 0.540183
 0.344511
 0.179675
 0.143509
 0.449949
 0.131632
 0.289634
 0.978106
  0.65933
 0.606761
 0.948636
 0.917036
  0.69531
0.0680685
 0.820163
 0.190007
 0.238743
 0.387168
 0.145115
 0.321095
 0.987185
 0.391474
0.0988436
 0.430163
 0.130035
 0.927208
 0.973584
 0.794907
 0.544484
 0.275444
 0.396836
 0.777424
 0.515111
 0.611618
 0.251257
 0.829523
 0.868196
 0.160163
 0.332032
  0.51494
 0.165739
 0.296687
0.0162179
  0.66724
 0.122456
 0.742521
 0.531635
 0.907633
 0.638569
 0.527512
 0.972401
 0.202889
 0.887161
 0.540022
0.0539198
0.0433113
 0.521873
 0.725606