  0.186644
  0.981184
  0.134107
  0.433494
   0.41516
  0.989615
  0.527594
  0.470762
  0.471787
  0.282683
  0.805718
  0.970187
  0.107847
  0.170591
  0.783521
  0.618555
  0.327159
  0.260958
  0.627389
  0.429857
   0.52805
  0.572092
  0.742276
   0.96986
  0.304096
  0.590073
  0.779646
  0.294564
  0.382856
  0.873205
  0.978298
  0.948097
  0.855376
  0.637645
  0.354916
  0.853363
  0.863688
  0.227559
  0.970782
  0.557161
   0.82233
  0.608576
  0.533742
  0.932005
  0.385989
  0.214744
  0.256946
 0.0883917
  0.872441
  0.669675
  0.181246
   0.69475
  0.873511
   0.97019
  0.310179
   0.34349
  0.230104
 0.0794325
  0.329159
  0.856706
  0.839572
0.00557948
  0.012035
  0.166373
  0.372397
  0.715999
  0.995611
  0.512143
  0.418464
  0.957939
   0.64138
  0.139269
  0.612081
  0.263347
  0.864941
  0.844933
  0.473017
 0.0566837
  0.118526
  0.355329
  0.455001
  0.907815
  0.404669
  0.391051
 0.0797846
   0.88067
    0.8457
  0.342124
  0.609498
  0.704201
  0.724775
  0.477834
  0.153726
  0.315277
  0.752066
  0.777528
  0.212206
  0.186671
  0.226962
  0.879428
  0.116551
  0.825937
  0.898074
  0.710786
  0.591283
  0.962939
  0.266545
  0.581482
  0.681686
  0.629976
  0.533001
  0.207964
  0.457922
  0.104556
  0.287118
  0.387765
 0.0414915
  0.694465
  0.633549
  0.320929
  0.947396
  0.721014
  0.572313
  0.332506
  0.623415
  0.361416
  0.116854
  0.522925