0.629259636105264585914653707732 0.119238446194733824223810358944 0.322561293578128238657143356249
0.027203927863505391465670513185 0.429045942482934816730733018630 0.797961049046796322414820679114
0.145108961164308131186473360685 0.214971918509898718419037777494 0.625291928404380858985689428664
0.594537090305392479372414982208 0.618742432556523058728714659082 0.003274907234711319468922763321
0.655019049620948923262631069520 0.373855466255498258831835300953 0.230179581802872679219262863626
0.822277491265885784876843445090 0.341414811612346213998137045564 0.019194688884226349806505496076
0.869480551569881021656271968823 0.364683652218485865326158545940 0.984434197712631409160621842602
0.149907148872347961710005392888 0.740897484620988255876739003725 0.553951976045573335483140908764
0.206257069794176295385312869257 0.081070263608506068497838725762 0.540702666862579728324078587320
0.239034585722206732727457278997 0.705766621911371627717812771152 0.304843634932509266466382769067
0.307207495720973888797544759655 0.276359177650871645770536133568 0.483124997484297935557151504327
0.405312216243001344206930980363 0.423750719088118621424854381985 0.500060129374349404685062836506
0.751753982100233031360403401777 0.766329599984687526159632398048 0.455574648008745031191324414976
0.452039423174911136893427965333 0.644700875801492601091524647927 0.147567999380537689946280011100
0.811296245902494606028199086722 0.558130336614580113696604257711 0.011864239222248860322617147744
0.440570374069603754030310938106 0.264635313358411394801805727184 0.785063636412214771453932371514
0.098077619303403154593645751902 0.689740808053320386683537890349 0.681283278488971855146871803299
0.507700795325848996952800007421 0.231946817188600218351268722472 0.770883922177306390999262930563
0.223677061163293888768066608463 0.448845344307332472233440512355 0.554857681684395198651316150062
0.698823150566396544824954162323 0.685471517614194003620298190071 0.308223361117132610420554783559
0.159769163511281953038434267000 0.979502433256375981684982434672 0.684037402865624200032357293821
0.394849680847168982289474570280 0.567865806186960808688013457868 0.070149889035127754866039140325
0.180029335089961384230861085598 0.779733312706617498477612571151 0.908063628029770919525276440254
0.138427328140654171129142468999 0.844553575720491722655935973307 0.054262298072615754163106061014
0.202999036118870018752247119664 0.809125135004927220627735096059 0.872351879612774716576950595481
0.528214637613838577934188833751 0.025925405064235511332082495528 0.954689412542907955838700218010
0.298895968936642275615156449931 0.952146868562016024384320189711 0.947556156685021466756779773277
0.513550819198062447057395729644 0.795741497354071514180873236910 0.729470212420232688721455360792
0.445790286674888736051514115388 0.889113084181669122152413820004 0.232813282685100375601905398071
0.101282953637610570463145620579 0.365658507282960898443491259968 0.317560713504402458706721290582
0.232409210733682480842787754227 0.207962009590841323536380969017 0.929511537265657383777295308391
0.651164350354909604590147864656 0.668632498287586307661456430651 0.727490639361605850865544198314
0.049270859150729345854458074427 0.626709195853130451858703509060 0.381817558146102575822311564480
0.704213923042950828978803201608 0.927349150666902155570880950108 0.305410610167879514875721724820
0.370597867381028123201502921802 0.572072202667162410527623706002 0.046005742472704815038131442861
0.730776564515918436448771444702 0.751194250249617945236479954474 0.586725289241403213935655003297
0.240828925081858852275118465514 0.008309645496905842046442280946 0.032967283261889974987912665938
0.415743898001556699828284990872 0.965569657152537730304686647287 0.554634146198713762210275035613
0.305309359510227917855473833697 0.580734581689703710516425871901 0.771633060498260747728238584386
0.063756471941759929045190347097 0.893004079152832974664022458455 0.705883026785277811754326648952
0.419198425106628413949749756284 0.462189397469876528390386738465 0.577738881557480099537826845335
0.561683160858408081494985708559 0.591367120906062249119372609130 0.919376960112520236201305579016
0.233703789559729396829723668816 0.161873151186437719273314428392 0.298363987983502443324113073686
0.119511871840084479834409592058 0.211031596168891749654150657989 0.932553609892647461521164586884
0.725251259274691251199840280606 0.922727178494038180467384790973 0.509462199447946129104991541681
0.756559813021974392199808789883 0.980253114676959302897785164532 0.036583744812344512475910107696
0.873504109539069872880645561963 0.865694387865909575907608086709 0.823616883441795510911731525994
0.126022690336207360273235167369 0.205141696775546972242310062029 0.302214299575031153377580039887
0.474577765691560182759189956414 0.204966194962192815864909789525 0.336973661442374727847948179260
0.466868173888574267138551476819 0.717407637017874466600630967150 0.446534972342501168540707112697
0.289644214685752188209733049007 0.608771684807353441470922916778 0.644256025396360176848986611731
0.843370549870632979505558068922 0.468229249596454843995729788730 0.886932179324638192419172355585
0.164024174010242634880185619295 0.453375664767790509390721354066 0.871205593475892325905363122729
0.484016027302507811924670022563 0.552310857524170972787658229208 0.519829745564213574482437252300
0.381648312062127736954408874226 0.342137583509904752432362329273 0.960727840313298497854077595548
0.824330546657511598063194924180 0.962636279021418128643006184575 0.620473398393680319884424534393
0.214300970919319960783511191948 0.773519015832449641223433900450 0.892912965788297596780864751054
0.913070593526465801303970692970 0.256558924584867509288699238823 0.864247128432584554857953662577
0.716710635868089140920744739560 0.423500476784272550379029098622 0.284207276102443340271008764830
0.963233232516589654714778134803 0.209621319032345626576230301907 0.021784514954332062641739753417
0.184615343101026674332842958393 0.527209174397588076210752205952 0.776021378960915386713281804987
0.700447217858259474354554185993 0.966253532310702545338187974266 0.597489293027654078116484015482
0.233268011048763157511132249056 0.384530729310869789916438321598 0.893482978709775998993336543208
0.091713760989269546564095492158 0.658906212161502025104198310146 0.847285387133948963978014035092
0.131877668687083282605954082101 0.713456055095237795526941226854 0.212746913646062435487849029414
0.245084158571771293377850042816 0.001456866637214216308668368605 0.593983416863024249465752291144
0.790183353135047394921741670260 0.472726455210306151233368154863 0.909564290044607592911063420615
0.195143379166666242063854497246 0.338531551975840838686337974650 0.870311056431017471268773988413
0.765434860082461088204297539050 0.380340206211076614639665649520 0.933596367396541171324031438417
0.981892218668829253047647398489 0.174936980395506425089990898414 0.066658902501321726230543163183
0.012034006260983052746804666810 0.837140081645389888542752032663 0.279937902760104384558559331708
0.199804500143845487070137778574 0.592827140701113308729475193104 0.787444867711701079748820575333
0.693647456288227881593400070415 0.783173711725285159879206275946 0.714365202967393808641816121963
0.714452565654472349088166538422 0.051638539902267785453027215681 0.764279709124364603489709679707
0.101854928183958567955436080865 0.047896070104105202547284392267 0.514889459097683355182084596890
0.610065162650571646274499926221 0.052899190147392478877907961987 0.726859522855032524901730539568
0.199915308662630408775839896407 0.115415509044062600252367190024 0.458819929594057429600439945716
0.939943186020898768795461819536 0.305744365915771421082780534562 0.413481604309112238393453253593
0.583204861628417559060721941933 0.885298985372932611959129189927 0.005533131118721765218104735595
0.173232028440256868861979455687 0.223900404565033295245513045302 0.820013309034513304673907896358
0.467688644096865835386722665135 0.674805447889783027726195996365 0.127400975384167780557476135073
0.111708286518005406318110317443 0.368348647363570091961548769177 0.230703774693823915331591933864
0.432162091544734783266079602981 0.452171340774079610902447257104 0.944068528907971105113006160536
0.118912500642067070488749891410 0.619643821667160810129360015708 0.473990269046065726410432716875
0.529612802638224189344384740252 0.487987976059016392849088106232 0.871466799067811548340500849008
0.940445128244664863004231847299 0.719408012747281055965231644223 0.387455603002084369990143386531
0.391413383535583803141122416491 0.738427168443616666060336228838 0.204621464718743817368107329457
0.900618270087814920543678454123 0.105856095167786032340551116704 0.846376425506676133281303009426
0.599800130399269826320107767970 0.065547021309344186135170673424 0.076403954291549960875506997127
0.849609964369614556467524835170 0.725638933220022264158899361064 0.737200283403801726045401210285
0.473799212972300654023172228335 0.694522416619932525527758571116 0.515028306404859970157872339769
0.103216099548004605623852114604 0.222785270342023722367486016083 0.099740702676389486613928170300
0.401672618540618753257831485826 0.067119431059482329016141477496 0.932390494740969244524819714570
0.825083970806758992821983156318 0.389164768940015393106079955032 0.621526018366263643954994222440
0.886290285534879540563224509242 0.811635424404132055364868847391 0.921901476219826654379119190708
0.705067868440204970070794843195 0.773364178168569615934302419191 0.870822814902476372012074534723
0.751885379376844853460681861179 0.163010484675740779936248259219 0.580443009633334838781593134627
0.774016765539812356955451377871 0.821316575806992910102621863189 0.021068464895743911624581556907
0.360117473490128903179652297695 0.879452581460220761400137234887 0.006419749886476396397161359175
0.021661332749453112572757262910 0.531590711922205749750958148070 0.092170853183685272358438567153
0.854738561410049113575837509416 0.021942973921769293871308903476 0.395035384317817206412115638159
0.911522120289285586736127697804 0.396819935718042915429037975628 0.414912604703143228501716066603
0.466084980554494709981128153231 0.432353454101903178496968394029 0.848229938269664640593248350342
0.334989242069432979764798119504 0.393854933140516949574561067493 0.653504627619178379838160708459
0.871359179433315644836000046780 0.184692173687327265696467293310 0.623700268712786831670769061020
0.895776778660164363365936424088 0.746231837821741406102660221222 0.395522435493105506409960980818
0.100812810739011840532874941800 0.015192765374853348450678858228 0.089748724553354683464156948958
0.450742479881160562626973842271 0.560540896413199707382091219188 0.114254114729347058809771908727
0.925587171637847205829530139454 0.578029042183365482365786647279 0.514168575404197913947257347900
0.916183131534474726187511350872 0.357671556986736638439339230899 0.300415577529497157538429519263
0.388236082011565619698245654945 0.497656339820366111492688787621 0.704424040781916116493732715753
0.331844760640966185416544931286 0.142151374197581448211025190176 0.178527690882155032348066470149
0.302940972327513602380122392788 0.036552694841877293729925924026 0.181108140709989456906825466831
0.192432364790427717915477501265 0.896576575027517419513856111735 0.750870762932059898631109717826
0.263429313466647774255591230030 0.586996126603004597654944518581 0.805083196223621566645078928559
0.880228049023456304844614805916 0.059014763229015596013304900680 0.037546742577275867003283593704
0.139760406960130284526044874838 0.971712159917872186909448828374 0.066055645719016231609543865488
0.733216649498207084789669352176 0.040585091831219735625246869404 0.445257599406887027981838400592
0.719385859595763066387519302225 0.129358973401553195570201637565 0.992159913843446039649620615819
0.158861225300834213447487286430 0.115114320972150990796123437576 0.495509954230953286735683605002
0.641632384292615154386396625341 0.540162719684918357643255149014 0.947430325692762531630819466955
0.805168192127907578203860339272 0.690298644845710684947448498860 0.208558214407795122768973783423
0.454163179137268613327904631660 0.842986688488547075692736143537 0.814498809406450918757514045865
0.329358311310878615341124486804 0.802961712071005639934639930289 0.162609725421401618561390023388
0.502129319830602938168340187985 0.805200575754788316906740419654 0.463851889014794294130439311630
0.982048842436272995115587036707 0.923754524673691346237092147931 0.979420180228375847342192628275
0.945547991739820514744963020348 0.661881666584078209858432728652 0.172176029393405982670373077781
0.918372557656902066547388585604 0.867322799427633017721461783367 0.584225947304372272839145807666