 0.740174
 0.249066
 0.294503
 0.330557
  0.45899
 0.369417
0.0484312
 0.207168
 0.722527
 0.978196
   0.5798
 0.523379
 0.474732
 0.154562
 0.752085
 0.253687
 0.982958
 0.848971
 0.785197
 0.470637
 0.237304
 0.253233
  0.47597
 0.890088
 0.790251
 0.899641
 0.222949
  0.34615
 0.972998
 0.963759
 0.526541
 0.802815
 0.266116
 0.453007
 0.731334
 0.992734
 0.960813
 0.164959
 0.890949
 0.955849
 0.172448
 0.858941
 0.893186
 0.606852
  0.97102
 0.179134
 0.672707
 0.670525
 0.993394
 0.374291
 0.552404
 0.640682
 0.987356
 0.640697
 0.303358
 0.982284
 0.508552
 0.955621
 0.906903
0.0551651
 0.953434
0.0794569
 0.922218
 0.621093
  0.52355
 0.665972
 0.223501
0.0477447
 0.542546
 0.204796
 0.105481
 0.258614
 0.867701
 0.882095
 0.342805
 0.373647
 0.855028
  0.54486
 0.345336
0.0534196
 0.552803
0.0933596
 0.339175
 0.399994
 0.897721
 0.439106
 0.538617
 0.806557
 0.656721
 0.334592
  0.98911
 0.744142
 0.491223
 0.834268
 0.643963
 0.269358
 0.555507
 0.804057
 0.369765
 0.157537
 0.525685
0.0124696
 0.298608
 0.991069
 0.366845
 0.684047
 0.356289
 0.443096
 0.410279
 0.558342
  0.63854
 0.472748
 0.277704
 0.945762
  0.83729
0.0738346
 0.916338
 0.619596
 0.340286
 0.191754
 0.163336
 0.350187
  0.89677
  0.66754
 0.824694
 0.173494
 0.563882
 0.613057