   0.757954
   0.343243
   0.436127
  0.0994103
   0.658029
   0.713415
  0.0296516
   0.682041
   0.557155
   0.824434
    0.17154
   0.469496
   0.852621
   0.245357
   0.949856
   0.669221
   0.397483
  0.0121002
   0.443898
   0.497678
   0.777386
    0.26543
   0.054142
   0.650465
   0.208383
   0.595631
   0.816964
    0.24913
   0.460476
   0.123433
   0.787644
   0.713826
   0.941749
   0.149528
   0.776084
   0.629979
   0.706792
  0.0552865
   0.932996
  0.0341234
   0.761576
   0.759228
   0.787565
   0.313811
  0.0978348
   0.918773
   0.426401
     0.9955
  0.0263937
   0.898821
   0.709633
   0.174247
   0.124016
   0.595724
   0.592323
   0.192638
   0.539988
   0.719566
  0.0863724
   0.194887
   0.263439
   0.265924
    0.74223
   0.402881
   0.542028
   0.469986
  0.0888798
   0.742071
   0.757002
   0.718933
   0.647279
   0.948187
  0.0349947
   0.881607
  0.0753906
  0.0968621
   0.644282
   0.406312
   0.576936
  0.0560035
   0.066699
    0.64304
   0.802546
   0.515939
   0.144302
   0.724749
   0.151019
0.000197357
   0.512173
   0.578366
   0.788193
    0.92348
 0.00743129
  0.0873179
   0.700493
   0.578923
   0.671353
   0.655376
   0.974146
    0.66301
   0.191719
   0.967246
     0.9094
   0.815406
  0.0590543
   0.142143
    0.07545
   0.265362
   0.162682
   0.923976
   0.937948
   0.969602
   0.669309
   0.655925
   0.628828
   0.638269
   0.880415
   0.422628
   0.634705
   0.527823
   0.135116
  0.0813525
   0.608951
     0.5629
   0.217895
   0.896124
   0.922924
   0.379449