0.642813314880646900861085015485 0.033380224672820387198892561896 0.950513514838505051663109072393
0.444840945370395300484345064373 0.494451369107724712288722531402 0.918998200510468684041686020077
0.609108197667875114405649772785 0.930317221507999570960457155378 0.354321999263546049322983776399
0.067763266910431112840912896066 0.195518376735200635060717479482 0.346422519630331524407059338177
0.884403631862174449953396204311 0.443372653076400101325184180938 0.574200504704021569834455300066
0.043052612927647454897756887028 0.604744367904018558795711526650 0.846578296491273572596847655101
0.490454601691551523340704262767 0.404912683235822375590751981301 0.501314945127909744617735671770
0.359245222730138416244660331929 0.928304844039001045872676725427 0.416042188112682667025631060018
0.851787931264871126756418784136 0.294027238491766367199846248645 0.691389711207334506666621390900
0.453225297066060824704370316368 0.074519702141763577809288117853 0.776818636435353410785456172214
0.303244106245466630104831958733 0.458844322616190138568765369536 0.901510137556949982612948421818
0.613855928173048255651805847582 0.536406163099889424304949317297 0.961393800118169095720404924836
0.434736912455731878412477385786 0.373831051517410668243934100737 0.603032797305055200051686080280
0.717572983885705501978246271748 0.615732227111590889664069856949 0.790624633869627548193250331730
0.193565454210536547249413669733 0.127611680216072792127315978795 0.505878669499871683267516297307
0.774072295459729702689917670579 0.058156423726450946754117590338 0.782948849565618022459366314753
0.974965428236232883882489178545 0.726897760233707436886640320056 0.705382158148445705313049528759
0.345017978622285520957386365068 0.953780065724412766710497104950 0.061731197505352232676205306710
0.225571766288573596598175423603 0.411906089768084988988195715057 0.142227444590225112055613220024
0.707026602075201223170680844694 0.979672421076654604895976743902 0.836691253887452029353931804032
0.710706084582975490541402721038 0.461625985416721860494871216810 0.653379414320603851631035031358
0.123056714984669565344336030141 0.628813255460892575412814400398 0.976638886543049213985536930772
0.227769789831283978929469192291 0.992401726337241442682060872763 0.962728393061644021652983728882
0.051310963159792230627185359767 0.480722129864279323700870332079 0.711108878288483218052716498430
0.697325105410635176188603859650 0.325824934928161280477982680201 0.474578439145087503178747901110
0.215201168028300651581505571287 0.253742803797617721251212485974 0.625804927190452005309441891732
0.990519488036915638797725238200 0.255970850216495358460010918546 0.171159707109596081524139130298
0.294525632663273690026312253033 0.963712104674497243731151666069 0.415040685685083161999883590087
0.723021120668146738316912119579 0.957176184349092935170944885994 0.246171157314448429534593755378
0.504530090105572805584636751748 0.726898311635805639264546274667 0.576753385151940819719275201441
0.715789632235559597707111505451 0.132453160436111754467642494648 0.053817782915992671115355246579
0.885847845119647130402769921230 0.310220830500773284561902927180 0.676216920250233569092739453924
0.245269179437969849882181004771 0.107416032920590258077266208942 0.761181141048767655147958333351
0.481904379922752927062368013760 0.075434548343698081360673753392 0.744556699504692312022114825732
0.111768526303651591007608455115 0.560204503887728688164816701921 0.540430200812840561462690679921
0.361317201778641134534119009427 0.669135146623686959246702790211 0.653519381615330254894144346044
0.230411759979583847082360585917 0.095500779880183463389042108104 0.952440768169176622021624074997
0.115994203569483745585568513770 0.024721790105588154503494298589 0.285938657556775219526736780827
0.231096487250555882736791546561 0.668106220780436231576529224585 0.785012754372299236973415498950
0.102839529839154189301207478349 0.884198656210276887877708664114 0.357320933716484529899462269806
0.744908443464046738320179307326 0.173216691583972451006880158526 0.173425933598252769294463356361
0.251136929242623074823433450783 0.928179586113052111525953603166 0.034421186217900112335804096448
0.390057214416397118577527400790 0.399051295312170863116563356162 0.252809622781624306367799382234
0.378103491469398522922435956077 0.535840524580924521517019600180 0.261162213306660169697608182712
0.915158480627761852794586326398 0.459335714156758849179257572136 0.435712667093478517623026580857
0.182592803244454305844990201196 0.296363475153714588957432841059 0.965264844299080080187697520101
0.144368042724410907485896841944 0.159467311895172962867898358512 0.186338736806306291381817900102
0.711728703188665405882691478672 0.592740690821874449489338208167 0.454814848899491359584404649058
0.926172905917247264928940507455 0.572507951965386705968935835334 0.127138215541629337741876441818
0.201809475060229457556630851310 0.868048130912136980306365082071 0.722814267708145632580738372055
0.058635488879582819196889644679 0.244295272093276944670700680117 0.463939718833057152546496052952
0.365416114396570662831170272490 0.075280332362177287167009818044 0.372523799957718311472656763572
0.591246070226041294450843372384 0.933551685724063912837680964620 0.768890310432410968426211729696
0.468330872463353555829832757627 0.625056489588044445005758398261 0.652122124857709537036175297909
0.769258437785305499050079104936 0.152524431368715365201875995436 0.453265752788088524614633132363
0.009706993455110937905773374254 0.953402329040359752113787346767 0.595989965082726376780454360439
0.075840587308054172313060440070 0.987412212559247929732341754715 0.500205264863156906018757386385
0.806124988898291161304963805771 0.030674024686959762889417473762 0.205575085616252328018574518647
0.095465914976413536867854309246 0.851154930281417885715788790125 0.471303548122303998386805869933
0.510814551377344254711274586752 0.895144405231566560676699324341 0.139072550846657954261614744972
0.977560768683147774245721670085 0.973518927911540414200438014564 0.738981105259417673354618137479
0.759971916566552499248471947049 0.410867820134904449964322032006 0.756261569279600789657256984043
0.752473721749250269399294316222 0.855082561752008962017042007008 0.373588994051797374055079506873
0.506997143306027196305061732163 0.279235893795656448582914635655 0.341524681716784706941230594252
0.415864255216379881929146554130 0.352489718373933520234236434041 0.700121630229653420815463538531
0.825427034522333628044846099043 0.415519383136903151840233735024 0.619362006227675677456982700614
0.238550768062344498164967098437 0.241882953499082933474757729744 0.934174968607832649736521932415
0.443153036358334395910332808332 0.351828698225486537549840548202 0.782938939201829704525647643134
0.750026821021493703934065511889 0.142438271557943496205347202529 0.648036501208173424691017533473
0.382915684419925971134455873775 0.744896686780502156413504196868 0.670285137769883408730967885650
0.954801562785320213843616024947 0.574559851449791733559829274257 0.248576168051764203993921153263
0.227680415910293729079446708846 0.109724474580169604525070652301 0.882266997924628651962151931086
0.081707236799491803863885833775 0.498912095305196410873617707259 0.521590451127246267935695521799
0.956149553880741829912173188034 0.082433002181314177800050654042 0.472143980054876100575371952996
0.546407106394847587654164558426 0.990915712196073433221132536089 0.045559756857815269660938683090
0.800576504599275495194868507420 0.703943699939864640914598120135 0.966346910629153614628726408616
0.388771612024984977620707559132 0.102672834794286173698111729933 0.991667186619884702381839040112
0.905973114235964967508977301940 0.311103261315953121493877632746 0.823128445415782277612749565833
0.227484227816673198038862363931 0.970630274475427208024795281023 0.759447738661526884661282186116
0.924815097486895600965504138496 0.200862587200562914777047783625 0.254723899704144347011042885106
0.975802376562131547723010407028 0.181873020101473157410082203058 0.281600659622389973848945506893
0.566783582112018902756208259237 0.030299174129760275236300802812 0.151107728524428517434785813273
0.640153773697207132470095884488 0.960021875853943900234048847911 0.858464845814353386299862012760
0.749375939060221585562686056226 0.366090157231592870867268369914 0.746023724857014344765132481916
0.212891857588588497907005677133 0.556549122658964239952552043620 0.126973042039083609029615298709
0.056269252574643301544823050124 0.123982619979655064703788112202 0.013593492229262114117310913388
0.152822973134288846777077190801 0.173812202022576089441266489204 0.387072935898632702632918282333
0.442644025005189471348598849495 0.555075874728223433151441646570 0.338388973643795860839377635494
0.802876498815136803377072593646 0.877032976110608521360050400722 0.228125964796977682945553134693
0.645732700774437374816418958964 0.385116950001992933559247010458 0.363886301214839736026521993609
0.742112874107994002763738251364 0.957537934330177365104565009667 0.769450691445626578321886144700
0.291707930492334854926322060849 0.073443186587042021764230860389 0.496895857708312359978554348990
0.732959781722141304015548337632 0.972713261229275128021619783614 0.181955469108973604384118462319
0.932057200023382168918098828337 0.014588581284182779895985483525 0.314506725998082832805600254817
0.603035782937077840029182556243 0.704077914709659592581390146991 0.586385713472236106901871639993
0.731091027971582204248512842529 0.517709475289736977165729970341 0.514750830655687812980634559807
0.996259155914859868937160735093 0.367507899131832199718571564805 0.250307843141101479292233394394
0.053925326658425914046578092390 0.888303944424298445509203008746 0.648503089671374630635395723032
0.414401588836614469178172461264 0.918029335373123755677713853343 0.773316776387163840284918259628
0.443127309209213633396099917346 0.883110700972433044844694729452 0.551738006721450863757931847201
0.317935214876300293324070684350 0.565484402259686573713066594056 0.057168124022329470468958479809
0.164025779793910915785231898266 0.322477630405346321659639339310 0.860895941991426962982350036447
0.159049384420145033520942965450 0.398226709953940069726723488334 0.775489032787231254373456251491
0.957251297155031608125187755708 0.939380498014573981132578614643 0.183726318299310480931726205318
0.682773039525330398649094021047 0.860073999717970173302768159234 0.582848104189718642109018288211
0.493143201644129923974197482550 0.505174479285149933914506490617 0.756349156904714273408533871185
0.423314556713490369052141419423 0.326756965057542364080450153713 0.765741254599171396800649930352
0.265441985320773134842926726119 0.080664866515291629281022287520 0.663146796580758774226594138496
0.243018061483845490050337342590 0.634393301730513691637730731956 0.785171483908754307090119663995
0.220655871719589742768586973877 0.662371602396014628242059786663 0.858849300227061400925741718503
0.420210024211109542670538054267 0.435833321770787297575780993164 0.464995058654789004090574608767
0.914044466633766862039043284440 0.279835385652418212074437958208 0.332628881018484567727179468614
0.752492140889138517143809401771 0.350726487290969764134175925398 0.854169869991040356790255108714
0.804405978724691796989522748386 0.482050994380484953450397519552 0.142289280516554493214012206733
0.535322244740799957571251426294 0.144506737131046890328233942028 0.667182869512304346186420348445
0.959179972316378144366030866193 0.916621145603445741206415076470 0.288818769905789094539212448904
0.757786080543778720124670843417 0.372732254349859777521639557968 0.834192273439528072672330414739
0.402995091347917629710416039053 0.788410762929940738859245732781 0.158104391559310794121370028532
0.959517284781032818457638112996 0.966217379273308440438530689316 0.399149702511490010614176891723
0.475011153843524930874455227535 0.120669298799638565791375948672 0.497097405170016161175011043976
0.978041552257879006977691098647 0.952968160164688545116039312883 0.615286373117775814274544761040
0.915252657438383510901168219555 0.794517655073892653140056763393 0.940749124628673449716702621559
0.465557389152510002092132823781 0.700524872098352393346423352944 0.763179249955246870257742173937
0.622520194430672004694380179547 0.808720444336978393867890581649 0.991236738598570388506816138090
0.837342576751946715140229291104 0.083348923647945938330825931786 0.020090193961158337160712674161
0.410558950800086222294015073528 0.338106739448080356619456833856 0.634629535005892844347928450107
0.320392578360022833245818156803 0.825724910977666306419298378883 0.124796953512728094609031486641
0.619116032418716929090992202487 0.872248645156475016038374103314 0.672928026189401449110230969321