0.513129435344673440673847826411 0.535023233333144879091539726394 0.809220327416361802793434250163
0.926634498110839995368886838947 0.675211645082534407540807578963 0.418682994296231973486102910120
0.126984938412264828822460825705 0.673730036073449003865393082516 0.670366929822779132480035898579
0.567527920945917347827020333670 0.537120557879430416591884488343 0.796746215402492900983558839916
0.308601423576834403335053728261 0.535777788864151694169235919056 0.477084571185581923025713501820
0.807231955927692002691424533485 0.582771722372235621644202002913 0.492192896134373023645456393083
0.343863453904588928561730731525 0.195425234440700179561282005697 0.278232868710983815952080789629
0.352157117754592125612134143533 0.520955572306904459263340914850 0.632194155423793895399141478933
0.475165873087629362647509171718 0.727926934075910567840703124028 0.111767159710462209217265100556
0.158870396321512830848861012077 0.850821197006895269229921630241 0.996244091894021793789504390203
0.878573868416414692451938102402 0.990436008395048570270395446422 0.950046613437087964601768218779
0.411538484772957330816711851509 0.730456636213562176839328072171 0.374387259988450781279913212341
0.316793725576834902356571952505 0.395359957924244908502464669307 0.716575686889572149486162030759
0.713368066586636685381618550078 0.403602979513445029541838841723 0.799364543231509985245540298682
0.189378632506099747606714808586 0.446384473349856483602777807842 0.671282936296288391503580964593
0.855701983639489282478253740862 0.192125986512177368822592037624 0.028403734294255480317739064550
0.718538853665805767493577859078 0.772073486459769290291710800548 0.535776497773387077760883352671
0.296110469836361931549366771489 0.772762640737341577054580468827 0.418196950326321280495644814807
0.815675930796193996152975058481 0.674934627946468177384778413923 0.551795332207962638779739300338
0.794738353729299015475549492472 0.111216234822076123745531467596 0.733157826666159407801891593159
0.033674700977251483671713887687 0.235694585507211592328079059322 0.715607479541411145157931563854
0.632369773534279487640235388741 0.863243976447511115164350662418 0.748180009583746861107471481930
0.312799472255208143097596481570 0.107139419548084668558504653996 0.215658933898044850930191691528
0.063643692301976607583653454353 0.473382086411485781273348336579 0.148417849514499737566738286752
0.040240280299629946376642771311 0.073966210748637071829173802381 0.404095891047445546298987228486
0.669881604560225161854231870187 0.986473209056662491679274109782 0.009531433599401077747755706101
0.140267261363761220136432385427 0.583293671107220853418026207292 0.353542522176744202375201442475
0.431053208317613889864179411208 0.553330041608238630379469678091 0.685105174131257628660609442387
0.475303795459628563549250511798 0.627638426676365258926255807959 0.038925240550855226667571326107
0.826761208532176719680621103745 0.297999517625056629720070613213 0.615590391521553731553522226839
0.487701655578092861188061431065 0.612773449567944498370142807120 0.275953614467731730167165785068
0.351307607010090506333837993467 0.899773867860509259164200534946 0.299584484971600543561855450883
0.502832058331017432792368019570 0.760807621970083493133516858253 0.439060936797987730115515110882
0.102898138709276183254296410882 0.141343986394018906123580232416 0.997516776821890241545594714635
0.310975202475366853331865478848 0.333446509231867228271269967998 0.147498951180239598962284352301
0.740981820211313897031314883430 0.181648749093836861534820262101 0.952192748498911615017760576997
0.490739292776894311620354308192 0.060025789070371798721581979600 0.377509644314440613964128775294
0.376411066582360736648502648353 0.381926883605858603382322803413 0.969678851285865085442230898310
0.366475526138438782834614555986 0.001323904534285379293476032910 0.809579283854338524926153195859
0.077865798043577069471902010014 0.201876411402406133605843365153 0.274957129729224667588166848074
0.476327093407035028979287746329 0.801915808526036050381518079861 0.216022184178453035705015199303
0.970691217373199168875018825850 0.776220113752080023126311121228 0.590482662303805161135473918707
0.644398714119794698167343743654 0.607079239842912756118513563912 0.237628753961146238448324841349
0.481401008656915971129337121189 0.012693977210324213354107936768 0.292251820707450246079495581212
0.334967776876544829871794566524 0.586972338787560492145167923713 0.137015716967419430119033467718
0.879667162784561216070857125694 0.054998170468477353384456632666 0.707853456892346453026664047846
0.415421960026354024974492651629 0.907550158247870456569643740128 0.586191758489934877922511928919
0.243177533189992829616153916238 0.747391292252727329156385260903 0.947419176651565998802544878300
0.646189643852608434243257422183 0.453872297871913280644522292877 0.191521148296089912131796671940
0.691191436447532149109565280346 0.479176040702401610220392646946 0.690754566751787218619889426206
0.935485099544046338878810371868 0.861694171039549426486591206483 0.656814079953103650451844992625
0.189865117770658036245812246501 0.074574486050196974349076521881 0.859650648167225497732334167588
0.415099214746250045310893947337 0.051401768023760159047221647437 0.290460037560559070576335745274
0.459938173592751143603714726227 0.892061589785135226833478804767 0.958975974456978175455767327333
0.792593622941707202981166448855 0.300232052959471704507383893844 0.698727607313819876333704567505
0.517265803304416310697719079143 0.596108386558132629382246571092 0.615847263465799924783006162645
0.818625980145919910069030363438 0.965024372496777594501029617981 0.728556534067785318051018686705
0.112524851513473344712474829593 0.050071738847112364973869690761 0.407519603027928043698895670226
0.916909965422526916757659689013 0.167307729319756594877276973558 0.216314532719912944106909574745
0.365772320194747119351472609524 0.081684087506757958308691424984 0.779227927740193528622528032130
0.308313805649339905705121762465 0.138816038902050079504235556704 0.516416898511937585315224963098
0.008260214094457558182760817263 0.973645990354004772830540493351 0.295496130106790530669515513369
0.702325258697642279560791720176 0.002337942770620704691601491007 0.146601339921883702438867200229
0.866076018428687312455142638365 0.520812866716927094265632249417 0.709942439193030379449437771351
0.976868721695591938235085154099 0.223276548602104988887409939354 0.925315680376546466331820875331
0.363513391417071826174986263732 0.491655641068420629391806364004 0.585240254296710419890654147091
0.449818884116623764720627778526 0.114544190012315376539735663550 0.187838486148174346385209909412
0.599272234972115083050987555497 0.880285300056986801999825798201 0.219028298434254922633832304936
0.347931596177070941709898055947 0.882948451366686176764344784427 0.542466946404606259872789288597
0.039703305293545146484468961839 0.519699187672962711288385042248 0.626036530180044918577357752982
0.053054859740082322272618413218 0.677332000733722468499597164252 0.903559557311708515373600258748
0.272480741127116140725526715632 0.104235617897336785695535962275 0.369914204621171123749198510021
0.918533457160919413635481758847 0.032820956336789082115768501658 0.346301250265063517006664294957
0.919815748002091831210779335994 0.855013036641100869892025437916 0.894965631620331076450885015452
0.241299318026473066294218822670 0.593601779138008279636918774977 0.053631113586308254160206548196
0.331030115657144417374229895871 0.134016918181198939946836187091 0.445944301473698457653135979129
0.502502995641752280181286527785 0.412008146765762445229237137447 0.332570345821895103651024364160
0.635586220796664833918584975837 0.197408711064571325461615813167 0.735048597137940432212225742253
0.604374489096056350734791036819 0.322406263926708048151302713334 0.630568050858248258386488257171
0.693001851094685890222046165237 0.839361792521846785079262111960 0.367524665025624484385076642154
0.987957077197133459634538085513 0.661058450048221379601695646516 0.387072483709936346566302291756
0.348080147253896681578126587450 0.688513609816197352860851117543 0.266230914586118833550070140254
0.558341307243721350759380753334 0.166858037568363621819896142530 0.768295310439990023078919436458
0.972162274592113307156860104911 0.403604325341178329700788574551 0.579552010951582196312108542101
0.766732466531166015917632314562 0.984730914351780685940369178455 0.641971911679650136286787257587
0.106133019453236410182943463780 0.368432509255766440759913505533 0.861281231928839909100896574062
0.086295251543975542562184501343 0.959902465910281634738151420165 0.259573768215155165041420260968
0.791253084827643370830510938164 0.637266297927912294217878692687 0.266968169528441146645735506757
0.328983381932210073920199995840 0.286780114801632541328210706626 0.076010240990304555751204475951
0.723810745175073514166937021741 0.365308060824382802225654001948 0.398714788857009305085118026433
0.496741239193372729824589385976 0.777448053002379779499368472416 0.472378669223052290234915693312
0.845863042633955707447396569458 0.127819730625292482316758212935 0.734225511438523342873393939738
0.019005594256174997303690140964 0.729519114248384563613214033564 0.423815955487284408712086629776
0.999648561182874936710916683798 0.909523539322441461657376329276 0.394333010823567530092440619370
0.125426801058369597963513811388 0.353046250025874454138593709691 0.263950720293206096476176730768
0.085323070145159027863164963362 0.161297637614330426685701328869 0.865251763177129357660932979707
0.567779016739312499763091405684 0.861375069445684955541497653769 0.862357412695286438701879431154
0.080470819488646644914896793562 0.149851957897934999466187347880 0.941630272757514281278682532102
0.301662735154936500180626215351 0.378126722056300417155288847821 0.271387628218019696964643302020
0.442946220824743319686865363053 0.647813812153414202692293252280 0.761502912451297276309046714896
0.652087271968693783649844077523 0.229033960094975927460313903092 0.899838754167255804254696353000
0.261863210827211331431798174204 0.046498928371358847661000555467 0.335517919498654701026288099890
0.802033042306941679171325126743 0.748469252857114819793790359082 0.262000479693918633991684818276
0.411147089586060629298835570494 0.086789852533963975173351416340 0.997007108738271985555280841243
0.726812958549406895654217974349 0.216712565483268117636330756977 0.018028554490957978151231245626
0.895964559733073914205014914490 0.408539028348202342118893247705 0.848015318410046255435072165957
0.411493950545021155172588263316 0.726662483069949802409234430461 0.610669377880213901445437821953
0.484622963574181265478236172216 0.341336335206314206034051290208 0.206081888790766480714448087644
0.106572756547702730085501011770 0.981707217115746748942267394603 0.442665078508098784833598755412
0.155052601946320388038025928583 0.796280387266734749666728381468 0.005840634496169464413832059355
0.779834321800123568507326224366 0.905808184947721081283006607307 0.483038899132266393269683372023
0.609944049353889229010075058846 0.987364464206849027251467308325 0.169353053913175442600488964852
0.803387296513409923146399529930 0.836596169111673912614429907173 0.566635497768061841172584598615
0.071894001030270906789386841240 0.575850881057778456513763526702 0.120781193001653481929892329782
0.488030664278732365554313416765 0.368475000150873386098537880885 0.946392852788985783346924508082
0.172189046488881082118997097205 0.340677045796624782466503270524 0.303850077062353209184731345703
0.407866391252879053037159671140 0.096231449877778880654138371209 0.606326160654554123627785257485
0.438569030548911088502663823799 0.942636555634281725901137443234 0.247821002214597175697752940590
0.817393301389957276772348168435 0.399433534585255556903177676488 0.623431918410121209521592229985
0.726765220927921714079063641197 0.891832582824742635748290085515 0.024129967429791648944782605750
0.533082594501955788089465368587 0.191268467595026465421754049944 0.187745180266087980136615530736
0.097876973343519659843141104606 0.706557411439733176394294699317 0.448722728805689571561126709087
0.047759941146618595157814853797 0.624258094013865062472125282517 0.570252081562758927423514992771
0.072894809785076159973009995997 0.933588112906189952682630422597 0.549188697588750808792627744170
0.269988979098386001435169174871 0.317737862647030349405128591919 0.122466754491564825387137207593
0.556534813556160434767650311263 0.905795903027382969567614489055 0.706429425653688213375970565016
0.419685871782551546522194542941 0.377632422816672738806210342348 0.752414067027817093784027434354
0.242895590606763994023707762675 0.071595934658464668938961187662 0.576858752069800065579651467354