0.528730940071221233722553733969 0.602334304589735469726008432190 0.105013261539480276529623381521
0.682728846031939728966619895800 0.070850360287203303921721442293 0.643973804387778070434933397337
0.240442226562463751138309930866 0.095909190320605297586098458851 0.188610610334841083401968830913
0.420586799107957598486962069728 0.814018336657687524571258563810 0.891120732920444913460755742562
0.369635048764300255808024076032 0.976143414904775963414351735992 0.014652427728176891166822493062
0.817448224547635327041916752933 0.365086101696426468254941255509 0.020491396624969151346595808150
0.127172968756059906469957354602 0.039497788415227379210659108821 0.053585200520943745972068938954
0.587373125943095431011897744611 0.416072505193735286965761588363 0.376265550965486694767747621881
0.624430937016318798882252849580 0.161598686037561556361197290244 0.729649009528602454643930741440
0.252356148908932598207144337721 0.590767387602220805931096947461 0.255380779778232203103272013323
0.845937579744916567925372419268 0.866850153976723269977355812443 0.460559907538863000375783940399
0.799353907426016641046828681283 0.025873683362694289283867377094 0.755744796086951775571094458428
0.845467223090335062707367796975 0.543392513680523325803051193361 0.191630955535522728983011120363
0.657949513767236204841992730508 0.398060843373651218612963020860 0.307001278094323204470583732473
0.885510992517273054502879858774 0.068475488877864226777703038351 0.693965209648173320111652628839
0.923949810548436833990137984074 0.982987058102658406433249638212 0.947665825671898054416431023128
0.750085806063130910992242661450 0.934448111243119217128594300448 0.035993438769075181138390462365
0.691613929100673874295068799256 0.644621297961746275717587195686 0.265033647922974402444395991552
0.709833768203178006039877345756 0.836274265420458018382987575023 0.511539121297484022932167135878
0.668365856558385429408986055932 0.397377694965448668984464575260 0.630882765085274632710365949606
0.588560011801140259279918609536 0.262788266049368279819731242242 0.127250336693690485612151519490
0.309202680574098720533982032066 0.707057716869912145085663723876 0.525497843629951777444375693449
0.851574280614277756562557897269 0.781446552750045042579074561218 0.403562729717769019810447161944
0.960023282189748194959122429282 0.180036359634709985932943254738 0.828009946133042240568045144755
0.683392332584227046865521515429 0.416470369554170716241969785187 0.407842743157116160990227626826
0.609908287863083042878997730440 0.668756394002029574963330560422 0.612635140065387107100036701013
0.509787492410384346364082830405 0.961453954780403963198409655888 0.855142696767379528743902028509
0.587488326155813922468951204792 0.122638839777393635066538024603 0.265822370653144790519917251004
0.903640335717606935084234009992 0.644823494597777546744055143790 0.690645458163175907095876482344
0.306509298674256858152631366465 0.445778027297926204841616026897 0.728853651079995223938112758333
0.979635515757651065271716106508 0.768666020541786010333851208998 0.263466281786394695973996249450
0.989647405473306873702199482068 0.455251561066596976967701948524 0.148754128973655558310085211815
0.012978054316497867129442944645 0.555742019400230824466291323915 0.325573216015460964456451620208
0.857506692763972733217769928160 0.080300085267430418300982353230 0.869650861222462379096498352737
0.447129966972450720863463402566 0.093752182318391108495347907592 0.537333604933497022138055854157
0.050709038530774443176429855384 0.400127237670953650461314055065 0.662880239469135212893036168680
0.719210171060573610901656138594 0.329085843502112673775172879687 0.759491886705222607467646867008
0.009741657917209132350189193517 0.452063147100662254818104202059 0.849837345085928896892824013776
0.024850967980667847123665836762 0.802979071368272179221037276875 0.395824479194946954319078713525
0.597072265418689074323310705950 0.259692160532392746219443324662 0.449315055232089033410147749237
0.276991465737431330484952241022 0.485508012814639733356614215154 0.018509872654943863162779749132
0.539943710491742057122621645249 0.235767113564487318377871361008 0.435125317785058696173905445903
0.189558208958367474528117213595 0.152807727932821907357308077735 0.451782676208001499063016126456
0.014449301242324583474663235449 0.986295394958530802220764144295 0.335842853953778774922511729528
0.090164307597442330810544319775 0.333139989915814560550444412002 0.808039566442771972631931021169
0.847151286426940375307026442897 0.380240552286024768857686240153 0.387131661586403996722083320492
0.760515241415375853328839639289 0.575728720840359642352268565446 0.401015749811424460080644394111
0.230902899290778340635199583630 0.336783385399262946702236831698 0.418509928411607279308270790352
0.700411980070899664596595357580 0.842410113187843423432354938996 0.904568920244213536818733700784
0.967487824264595230872032516345 0.353942623198151673502565017770 0.179188177342877064113224605535
0.729560909614921815347088340786 0.491187343168491219458360319550 0.208656271994983377737753471592
0.723293246797017008731245368836 0.375430303969091050397821618390 0.999323978297983805951787417143
0.030864246190703405886557320059 0.755220583858335792193372526526 0.678120701701727668364583223592
0.820007162892856245051120822609 0.960577064850385298200308170635 0.299612729855463000294690800729
0.968977222747605559938222086203 0.511971357481670219513603115047 0.804747712372764989474660524138
0.558199925517459116797169826896 0.653431147195918882175647013355 0.884616511075948075415453786263
0.132684514969508782211704556175 0.494066030068070816128056321759 0.902414934897583842499102502188
0.034692452664198285272600941198 0.465121320197607546198526051739 0.576409251490606400203375869751
0.567005475407732495440882303228 0.087968183051014239848264253396 0.090697973313466045963693318299
0.764396233934572566504073165561 0.595501086028529691418498259736 0.417978851726318212378430416720
0.997838195177512710110079297010 0.647055953535593642023115990014 0.412796199998819002274785816553
0.672360353156731038737348171708 0.218709359071349584979770952486 0.402312120515176951940361504967
0.615753632274409157254524416203 0.070497587574605169447039543229 0.141598685866646617492747850520
0.214049177585801914114327360039 0.941099566900987505313480596669 0.632820233651544605812944155332
0.921115429644114858120929056895 0.248489781365002243562756234496 0.195849543892415267620776830881
0.505540174291223332048161864805 0.723324694089376163397275831812 0.402826490741247156268656226530
0.169662495907152433005649072584 0.433447790351697836985778167218 0.945159671806850232300689640397
0.158652823663765707440376218074 0.974447583922258386834869270388 0.781017178471264172934240832546
0.882093087961257849016760701488 0.663725001147613347107778736245 0.371919180148101324867582206934
0.081999084243340375488529048198 0.731552563279436185439408291131 0.647873297763461142295682293479
0.872075601300235647705960673193 0.050968969502860200782023980537 0.917611881140490082131577764812
0.269502415288993324438138188270 0.207597245165598270899565136460 0.573459740983986221429802299099
0.849306908273666283371028384863 0.055397251727183384473196525732 0.702686647587620782928752305452
0.855567896637775437973516545753 0.009063476604893636046078597701 0.836922599217212015432210137078
0.243645333719688411688863993732 0.758342689242136658300807994237 0.189745662321335051281323558214
0.697549613291609027498907380505 0.077438843613541169519365325868 0.658153098867010788453058012237
0.703584268730755857390590790601 0.976887659815887543501844447746 0.868880191144247637780040349753
0.275439566869264573778508520263 0.982170109943278690778356576629 0.546827175346682792245189830282
0.782160252076399054033117863582 0.672351364926971006852340906335 0.124440607331814154234983504921
0.554131188017822573499415739207 0.196572820451073909664430061639 0.435092061443025535094619726806
0.957374999332326725998143501783 0.372527189162624006169011181555 0.051361752774090822792896204874
0.529108463314898136431452257966 0.795682307734481342187393693166 0.221873668710949462079540239756
0.437464358739829139999244489445 0.902605257906656133215506088163 0.907092443604466835971322780097
0.337698659132985523623204926480 0.002097342586101962839256751536 0.884464665492389334744416373724
0.353227145297229372378211564865 0.622405321322971882835872747819 0.423576497836850307532330361937
0.371828438757495827182708580949 0.083461945194289358096462194680 0.129221374153967644149432203449
0.371674658261490542532357039818 0.720925318547842586269780440489 0.854238239943388655284195465356
0.922584824277758674959670770477 0.358940904563430862594941572752 0.106739697615980871914231897790
0.250849740009704280652158558951 0.499951253585100618970216146408 0.535460110357279139847719306999
0.873499988442373642705263137032 0.569909340495934779724507279752 0.500579814188348626302627053519
0.782793048883212327915259720612 0.026083724633844684176464667758 0.619522619876013203032982801233
0.675600658707256940260776900686 0.319294836415281668706711570849 0.741372526177675905678654544317
0.097782003739791012453252960768 0.027626369309239163368774327978 0.764151577429584727418898637552
0.044255714773113630222667325143 0.820178759878409935346610382112 0.191811689685723041343123895786
0.487764706512726520237777094735 0.725690573850634290664629588719 0.402974848627378479104521602494
0.478166799229498618029055023726 0.256194690894926135893427954215 0.928580882243444927226505569706
0.772294206123686377551962323196 0.224789807580160427846749371383 0.662820694403818522211224717466
0.096186863798181601592496292596 0.452959777032231336590939463349 0.006909237342995106639920166458
0.314864955693737014197353119016 0.337828809925008410885993725969 0.155692894887509009071990817574
0.859730499154603422518050592771 0.329920525833367062062961849733 0.761015641662896147323635887005
0.181557879891547091499859334363 0.576351305597422980397936953523 0.410125102242886008241384843132
0.209413141324374940666075417539 0.414455511490637196203579151188 0.430534555146292852167988485235
0.687537561617468928609753220371 0.006246417451305889129153925410 0.021210666414972174226294399091
0.836604847253718864052984827140 0.152338608649285611740253898461 0.771474363762918446951744044782
0.174023397154420833565779958008 0.149269661269955222770988712000 0.277327215279764005551044192543
0.502890088299773663216285513045 0.244688109588978019992566714791 0.002001888098980218397282548892
0.147409122560900079923484895517 0.214336492155854846375362399158 0.150787920187228557944436602156
0.468498246493882608554315538640 0.415581498674383154057210276733 0.866259378411413094589477168483
0.801578398724006158104771202488 0.747931845194302447055179072777 0.228073741552224457107556077062
0.960173169764743539289497675782 0.089236002643156231428633873293 0.135534966512801835492041391262
0.225041710953411910889343516828 0.637695641643343136273358595645 0.714357892175549791247135544836
0.363760466037597429700412021703 0.489830283824290058092287836189 0.509949217667665211095595623192
0.444943581632649798329737222957 0.031694412420058437618308744277 0.691986269152704780438511988905
0.383945228192318632753909923849 0.809206281187479836702891589084 0.368680274216174497237119567217
0.929693062210493303965108680131 0.086858238725705305682822654489 0.067138297799276602795259805134
0.832804998520921824223250951036 0.410459786144020399856202629962 0.063494829909966563064038780340
0.400438719139329601937049574190 0.010951021118401880333204090334 0.132267721087479112052065488569
0.903248361971422109029106195521 0.441922352370721860381763690384 0.353849659332023613877993284405
0.115199424308397857519281615168 0.235323081424060720490132325722 0.637793730434593086897621105891
0.868717546186264732988036030292 0.279379365097900178582790431392 0.065150832932011848441788970376
0.516872793958253917701028967713 0.409906112928107746462558225176 0.324643885631902551214267305113
0.148842788958705313229202715775 0.903801860634691589524436494685 0.542224335917197763912156460719
0.329542351578263503775190201850 0.889243267042949092626713536447 0.957273878375348385993959254847
0.495359670530011064748521221190 0.542914380732853807387527922401 0.142075708291933722193789435551
0.369696663810775594249946607306 0.530137597818900241364303838054 0.996556841959341577208419948875
0.045352182746534526469606163346 0.851014375304882886297264121822 0.520577646993732101599050565710
0.985534446283737985972095430043 0.779491788117869455199127060041 0.593152066733016902766451039497
0.918693871740153378269155837188 0.643531284969532713091666664695 0.882315412171221002957111068099