  0.156094
  0.801076
 0.0187576
    0.7902
  0.365368
  0.140386
  0.304716
  0.247986
  0.582647
  0.699862
  0.305866
   0.50137
   0.01063
  0.296568
  0.940926
  0.426126
   0.88991
 0.0451612
  0.152762
  0.830756
  0.136873
  0.416272
  0.469238
  0.871517
  0.284335
  0.205806
  0.617384
  0.723613
  0.771813
  0.815398
  0.243231
   0.14247
  0.558503
  0.387494
 0.0477649
  0.561074
  0.808627
  0.133744
 0.0594055
  0.829099
  0.949219
  0.512413
  0.268468
  0.367869
  0.502468
  0.239971
 0.0275688
  0.569311
  0.398001
  0.447706
  0.149599
  0.864599
  0.627518
  0.403142
  0.931727
  0.748771
  0.935062
  0.930491
  0.621459
  0.650509
  0.192248
  0.810507
  0.253182
  0.753936
  0.746567
 0.0130831
  0.590338
  0.217674
  0.320453
  0.422876
  0.400214
  0.587772
   0.76408
  0.421059
  0.701764
  0.549475
  0.367256
   0.89161
  0.983163
  0.322926
  0.442808
  0.739524
 0.0212764
  0.786163
  0.534092
  0.927075
 0.0615023
  0.649821
  0.849336
  0.580352
    0.2857
  0.611832
  0.849975
  0.738511
  0.236216
  0.917918
  0.612694
  0.436515
0.00843804
  0.583272
  0.899295
 0.0837225
  0.451596
 0.0793992
  0.657588
  0.708644
  0.267788
  0.486472
  0.969848
  0.671746
  0.937414
 0.0171425
  0.962972
  0.400175
  0.736091
 0.0766055
 0.0570898
  0.718447
  0.604306
0.00141921
  0.371338
  0.341192
  0.013775
  0.198408
 0.0425727
  0.902485
  0.830424
  0.697825