  0.608776
  0.364076
  0.746958
  0.646708
  0.248917
  0.140386
  0.696036
   0.60259
  0.850124
  0.490218
  0.464392
  0.267657
  0.869267
  0.739695
  0.503335
  0.462118
  0.331846
  0.457106
  0.713964
  0.977878
  0.741031
 0.0458883
 0.0893641
  0.644644
   0.83482
  0.967382
  0.323812
  0.929187
  0.513507
 0.0511845
0.00804874
  0.572176
  0.186113
   0.41621
   0.75781
  0.812727
   0.96228
  0.623034
  0.329825
  0.238226
  0.443963
  0.105623
  0.812655
   0.13934
  0.453382
  0.669609
  0.282936
  0.772458
  0.290981
  0.439459
  0.235183
  0.137286
  0.508181
    0.3372
  0.531342
  0.471906
  0.238861
   0.31331
   0.74631
  0.334634
  0.360379
  0.822288
   0.93354
  0.769931
  0.585556
  0.195701
  0.317324
  0.887178
  0.447243
  0.535861
   0.44866
  0.522131
  0.168621
  0.182262
  0.150217
    0.9749
  0.224893
  0.535077
  0.634637
  0.980091
  0.474297
  0.337116
 0.0236217
  0.400929
 0.0295318
  0.908221
  0.629559
  0.314148
  0.222778
  0.614898
  0.594641
  0.719663
  0.302349
  0.823009
  0.376874
  0.626598
  0.270312
  0.421621
 0.0264882
  0.928569
  0.874502
  0.526634
  0.475264
  0.780676
  0.496832
  0.306646
  0.401307
  0.858891
  0.793893
 0.0490505
  0.357485
   0.78179
 0.0691842
   0.25444
  0.974935
  0.626477
0.00772999
  0.093915
 0.0921822
  0.186503
  0.946926
  0.841102
  0.468428
  0.355987
  0.772673
  0.415544
 0.0913781
  0.822077
  0.944998
  0.217861
  0.342288
  0.956708
  0.286806
  0.388764
  0.598157
  0.768374
  0.158941
  0.208379
   0.83377
  0.123987
 0.0587052
  0.912515
  0.478224
  0.833354
  0.579695
  0.905308
  0.354744
  0.121319
  0.898389
   0.75758
  0.482218
  0.392634
 0.0552065
  0.333884
  0.697542
   0.84262
  0.435257
     0.427
     0.596
  0.578918
  0.733178
  0.857704
 0.0214782
  0.296606
 0.0034078
  0.470973
    0.8395
 0.0234937
  0.802577
  0.255173
  0.507543
   0.12774
  0.608863
  0.711744
  0.549627
  0.738096
  0.696389
  0.552963
  0.275941
 0.0908297
  0.615713
  0.216134
  0.699482
   0.74243
  0.457988
  0.708372
0.00813899
  0.598146
  0.824148
  0.486669
  0.172271
  0.379286
   0.84533
  0.522147
  0.481744
  0.919124
  0.715038
  0.418532
  0.985114
 0.0195522
  0.643879
  0.375846
  0.444523
  0.794078
  0.314397
  0.197494
  0.623714
  0.954195
  0.928267
  0.278832
  0.426231
  0.539209
  0.153675
  0.488223
    0.9361
  0.642918
  0.865444
  0.778028
  0.031379
   0.24493
  0.398436
    0.5683
  0.766744
 0.0520127
  0.488029
  0.305017
  0.998546
  0.777038
  0.862706
  0.671347
  0.925716
 0.0750324
  0.929936
 0.0369483
  0.215246
  0.118673
  0.157027
   0.50116
  0.213291
  0.647961
  0.201507
   0.60367
  0.329716
  0.717531
  0.422622
  0.357843
  0.399783
  0.709834
  0.253136
  0.927022
  0.955184
  0.117948
  0.229369
  0.635275
  0.346424
  0.940596
  0.269075
  0.791738
  0.569707
  0.426937
  0.841917
  0.187406
  0.839278
 0.0905417
  0.333418
  0.767787
  0.248762
  0.622701
  0.632738
  0.996223
  0.881454
  0.463534
  0.506671
  0.446793
  0.252557
  0.912606
  0.179044
  0.301967
 0.0977087
  0.258334
  0.771188
 0.0798598
   0.82619
  0.650127
  0.891232
  0.316533
  0.685746
  0.888448
  0.324193
   0.13897
  0.509313
  0.252021
  0.941475
  0.211446
  0.740396
  0.873667
  0.536533
  0.956952
  0.328616
  0.224655
  0.539089
  0.698378
  0.023398
  0.112829
  0.758548
  0.564684
  0.803283
  0.431774
  0.611916
  0.787547
   0.66269
  0.821851
  0.958143
  0.695486
  0.547807
  0.503877
  0.869163
  0.880514
   0.57431
 0.0981359
  0.580863
  0.720939
  0.939107
  0.743789
  0.545823
  0.220142
  0.348748
  0.236762
  0.175586
  0.612792
  0.850384
  0.547374
  0.175792
  0.310648
  0.849884
  0.949391
  0.288772
  0.395148
  0.171697
  0.179252
  0.672892
  0.754305
  0.260668
  0.764854
  0.751593
  0.627616
  0.962966
  0.586628
  0.653604
  0.728671
  0.747642
  0.140629
  0.984206
  0.881687
  0.754863
  0.663094
    0.3656
  0.206812
  0.149153
 0.0169385
  0.725767
   0.44283
   0.94522
  0.669449
  0.743143
  0.253483
  0.926648
  0.179607
  0.540658
   0.93772
  0.102003
  0.782108
  0.458911
  0.891501
  0.729708
  0.838732
  0.824119
  0.436717
  0.756292
  0.767051
  0.559678
  0.809704
  0.983552
  0.452696
  0.474787
  0.515788
  0.709927
  0.915742
  0.219743
  0.711853
  0.443356
  0.451243
  0.148388
 0.0704972
  0.198339
    0.2652
  0.335915
  0.765977
  0.988156
  0.870609
  0.168795
  0.727613
  0.893034
 0.0205156
   0.94093
  0.476891
  0.388209
  0.281552
  0.645101
  0.944472
  0.567712
  0.515577
  0.225445
  0.170816
  0.474596
  0.522557
  0.654721
  0.340226
  0.929023
  0.778162
   0.42857
  0.534949
 0.0222691
  0.413692
 0.0243325
  0.642115
  0.453218
  0.248833
  0.556852
  0.584456
  0.949554
  0.595425
  0.865826
  0.408837
 0.0352878
 0.0854876
  0.918792
  0.120424
  0.523983
  0.169714
 0.0852543
  0.646544
  0.891655
 0.0426189
  0.124983
  0.741414
  0.278537
   0.51641
  0.821394
  0.533659
   0.19592
 0.0863252
  0.708982
  0.285467
  0.330816
  0.582948
   0.86517
  0.319149
  0.439507
  0.890671
  0.596955
  0.907174
  0.827702
   0.79336
  0.867335
  0.860126
  0.683502
   0.64881
  0.618525
  0.241254
  0.319715
  0.808118
  0.414821
  0.821887
  0.208885
 0.0214582
  0.728052
  0.925421
  0.384947
  0.469801
  0.429874
  0.986372
  0.517679
   0.69564
  0.855323
  0.704244
  0.488342
  0.866092
  0.363754
   0.97637
  0.686115
  0.764931
  0.264641
  0.609117
  0.121704
  0.581969
  0.671198
  0.550248
  0.297351
  0.362203
   0.80652
  0.612059
  0.571351
  0.508813
  0.272021
  0.791957
  0.431626
  0.833857
   0.45919
  0.486222
  0.136595
  0.176447