 0.0803846
  0.700507
  0.210507
  0.295961
  0.366916
  0.474106
  0.491859
   0.68243
  0.495402
  0.961045
  0.771183
  0.743125
  0.282126
  0.198544
  0.748539
  0.995732
  0.461894
  0.531892
  0.388459
  0.215644
  0.151438
  0.473613
  0.803735
   0.06268
  0.207308
  0.406836
0.00103879
  0.423934
  0.943166
   0.83474
  0.988623
 0.0472888
  0.665959
  0.969888
  0.259622
  0.246244
  0.562225
  0.641048
  0.245273
  0.447957
  0.148126
 0.0285358
  0.157484
 0.0380938
   0.95833
  0.872585
  0.490285
  0.869543
 0.0662703
  0.108441
  0.466254
  0.167537
  0.278815
  0.348907
  0.957177
   0.85005
  0.222554
  0.999604
 0.0679243
  0.349907
  0.577272
  0.552787
  0.740067
  0.944913
  0.978269
  0.907206
  0.651037
  0.844314
  0.148925
  0.890463
   0.27211
  0.495616
  0.551778
  0.115246
  0.777913
  0.739442
  0.274146
  0.998496
  0.799437
  0.548765
  0.670829
   0.88324
  0.212386
  0.272231
  0.297788
  0.797636
  0.365973
  0.275042
  0.982051
  0.380551
  0.569041
  0.438127
  0.434427
 0.0498872
  0.588591
 0.0665609
  0.561486
  0.524932
  0.928165
  0.110029
  0.712867
  0.307176
  0.501235
  0.206937
 0.0273086
  0.958691
  0.811193
  0.978499
   0.84572
  0.479685
 0.0405572
  0.318907
  0.368142
   0.91494
  0.635536
  0.910736
  0.893484
  0.767117
  0.126483
  0.327921
  0.515347
  0.333112
   0.67669
  0.354339
0.00191101
  0.379506
  0.874401
  0.220631
  0.115483
  0.343255
  0.688696
 0.0663898
 0.0388584
 0.0678653
  0.740393
  0.626595
  0.349944
  0.282442
  0.107814
  0.426016
  0.867878
  0.547549
  0.651417
    0.2887
  0.439349
  0.792438
  0.494084
  0.971059
   0.37468
   0.35893
  0.142005
  0.441927
    0.5362
  0.443527
  0.739379
  0.691695
  0.978721
  0.723167
 0.0491095
 0.0967605
  0.813342
  0.019384
  0.345905
  0.458424
  0.210378
  0.292218
    0.6298
  0.255585
0.00255392
  0.597047
    0.9673
  0.794995
  0.182953
  0.181198
  0.942003
  0.167578
  0.501968
   0.77685
  0.633852
  0.160765
  0.910187
  0.657176
   0.24507
   0.92152
  0.444471
  0.373635
  0.974409
  0.863719
  0.944892
   0.70912
 0.0414652
  0.398608
  0.343902
  0.717372
  0.546591
  0.305739
 0.0571538
  0.434549
  0.476864
  0.145194
  0.615762
  0.949695
  0.868719
  0.274462
  0.903909
  0.239246
  0.685652
  0.188062
  0.813446
  0.624046
  0.728455
  0.325137
  0.770886
  0.677192
  0.789527
  0.472277
  0.012452
 0.0315088
  0.893441
  0.667194
  0.094951
  0.110386
  0.369863
  0.668143
  0.818595
  0.945133
    0.4405
  0.219089
    0.1823
  0.738725
   0.57297
 0.0216914
  0.842926
  0.204425
 0.0208321
  0.871855
 0.0803407
  0.971008
  0.151812
  0.930869
  0.246893
  0.540831
  0.756636
  0.845988
  0.511132
  0.683328
  0.760527
  0.574098
  0.949354
 0.0569709
  0.310414
  0.824172
  0.442681
  0.158415
  0.310493
  0.484942
  0.322831
  0.141714
   0.78143
  0.416466
  0.198847
  0.779254
  0.959522
  0.352206
  0.978301
  0.585249
  0.164274
  0.616555
  0.493795
  0.631092
  0.352217
  0.386084
  0.755799
  0.104516
  0.958214
  0.776635
  0.012391
 0.0935758
  0.777063
  0.684769
   0.40292
  0.815864
  0.494238
  0.742079
  0.421257
  0.566142
   0.97506
 0.0249535
  0.293795
  0.904646
  0.496985
  0.354313
  0.453378
  0.382454
  0.630625
  0.138026
   0.25661
 0.0645269
 0.0565706
  0.848644
  0.845596
   0.66035
  0.186157
  0.177443
  0.096303
  0.303641
  0.727908
  0.396714
  0.551176
  0.277504
  0.458001
0.00137305
   0.38707
  0.430658
  0.926409
  0.478537
  0.546375
 0.0695492
  0.297869
  0.239686
  0.216538
  0.709807
  0.355721
  0.925732
  0.908633
    0.8006
  0.952108
  0.898173
  0.865336
  0.537147
  0.412948
  0.405734
  0.686621
  0.196813
  0.444973
  0.168095
   0.84247
  0.057864
  0.436805
  0.659297
  0.854061
   0.66184
  0.140807
  0.377516
  0.733491
  0.436597
   0.02238
  0.966429
  0.422931
  0.435681
  0.988191
  0.720546
  0.377485
0.00254306
   0.15672
  0.144829
  0.554847
  0.981077
 0.0948368
  0.967979
  0.676498
  0.699269
  0.733101
 0.0060719
  0.675978
  0.419313
  0.881211
    0.4043
  0.795019
  0.589275
  0.643908
  0.974697
  0.207879
  0.326228
  0.440023
   0.37734
  0.360426
  0.423145
  0.515394
  0.485747
  0.980859
  0.151849
  0.402068
  0.351902
  0.263047
 0.0172326
  0.705348
   0.22297
  0.709488
0.00788538
  0.753741
 0.0019506
   0.55722
  0.622826
  0.541463
  0.434946
  0.431294
 0.0986626
   0.26154
   0.61165
   0.91414
  0.596537
  0.204127
  0.420545
  0.535705
  0.904494
  0.597012
    0.3015
  0.192252
  0.757623
  0.689866
  0.872258
  0.713595
  0.955839
  0.392875
  0.593886
  0.771735
  0.360327
  0.725172
  0.430963
  0.771107
  0.540721
  0.677643
  0.650644
   0.47463
  0.270949
  0.345076
  0.630183
  0.133985
  0.346752
  0.806146
  0.319169
 0.0140679
  0.915967
  0.277118
  0.969227
  0.291338
   0.33748
  0.114116
 0.0688922
  0.322366
  0.499437
  0.475538
   0.68354
  0.667061
  0.897108
  0.731187
  0.791819
  0.769361
  0.372361
  0.135714
  0.114164
  0.850397
  0.543339
  0.378118
 0.0085546
  0.861269
  0.442523
   0.16588
  0.121952
  0.439483
  0.062865
 0.0380592
  0.914138
    0.3927
  0.840774
  0.566031
  0.393214
  0.567412
  0.887076
  0.490895
  0.998163
  0.454357
 0.0340547
 0.0196194
  0.850515
  0.989942
  0.150442
  0.145171
   0.76928
  0.666053
  0.528719
  0.425232
  0.172871
  0.966476
  0.884498
  0.363783
  0.211011
   0.13587
  0.545343
  0.123059
  0.256697
  0.870979
  0.224769
  0.711842
  0.320064
  0.599707
  0.672501
  0.725225
  0.318505
  0.357414
  0.506733
  0.725724
  0.256692
  0.237845
  0.497481
  0.141127
  0.262921
  0.359394
  0.183895
  0.504411
  0.361914