  0.0744383
   0.596629
   0.649451
   0.556224
   0.260723
  0.0567167
   0.773256
   0.394405
   0.991263
   0.866843
   0.995065
   0.926345
  0.0184094
   0.651465
   0.290677
   0.962623
   0.933639
    0.17891
   0.168065
   0.919087
   0.663917
   0.782518
   0.440477
   0.481731
   0.813853
   0.618034
   0.392511
   0.278123
   0.528586
   0.670245
   0.165316
   0.258766
   0.739925
   0.269067
   0.198996
 0.00824992
   0.148602
   0.482576
  0.0336798
   0.571498
   0.246182
   0.534878
   0.898755
    0.16467
   0.767637
   0.105964
   0.416881
  0.0692127
   0.825433
   0.650167
   0.454568
    0.28232
    0.58914
   0.438354
   0.157451
    0.01398
   0.217407
   0.810244
   0.653397
    0.93865
   0.802155
  0.0523019
   0.885904
   0.872128
   0.546537
   0.977455
   0.035449
   0.428619
    0.77461
    0.97976
    0.80329
   0.768548
   0.325169
   0.721985
    0.73615
   0.163036
   0.168811
   0.578793
   0.274048
  0.0765365
   0.849417
   0.773835
   0.921384
   0.299811
    0.48469
   0.494111
   0.776253
   0.114789
    0.80426
   0.469283
   0.117793
   0.589503
   0.742004
   0.825829
   0.856685
    0.92383
   0.799102
   0.785944
   0.521501
   0.218118
   0.738188
  0.0827458
   0.939743
   0.887779
   0.697143
   0.159345
   0.282292
  0.0527679
   0.672222
   0.526992
  0.0862454
   0.342348
   0.505162
   0.854811
   0.963964
   0.387337
  0.0260452
   0.559045
   0.926652
    0.88149
     0.4249
   0.231768
   0.647561
     0.6516
   0.262121
   0.099691
   0.648715
   0.741611
   0.222757
   0.312459
  0.0788318
   0.910254
   0.222452
 0.00739296
 0.00335581
   0.139672
   0.428969
   0.939146
   0.916787
  0.0774698
   0.875064
   0.490296
   0.746285
   0.840726
   0.342807
   0.997065
   0.693449
   0.514608
   0.957883
   0.944992
   0.927972
   0.900745
   0.719283
   0.100702
   0.942107
   0.925381
   0.431665
   0.305649
   0.606846
   0.280204
   0.254786
   0.176873
   0.556205
   0.969408
   0.213354
   0.503717
  0.0396743
   0.111028
   0.549253
   0.521295
    0.21275
   0.536149
   0.398651
    0.33173
   0.240402
   0.104029
   0.882941
   0.912802
   0.808187
   0.890173
   0.731085
   0.851699
   0.535438
   0.699272
   0.194898
   0.781983
   0.404622
  0.0300903
   0.575609
   0.916619
   0.587177
   0.708953
   0.803447
   0.169107
   0.499567
   0.797387
   0.936571
   0.692665
   0.804483
  0.0756681
    0.71278
    0.11499
   0.627779
   0.158649
   0.827441
   0.715754
   0.347534
   0.323199
   0.594586
   0.730945
   0.818362
   0.332514
   0.415078
   0.425196
   0.197937
   0.972289
   0.962836
   0.247404
   0.522365
  0.0850123
   0.849829
   0.262331
   0.800003
   0.389876
   0.065919
   0.231725
   0.572186
   0.638008
   0.135485
   0.994367
    0.72738
  0.0311405
   0.999556
   0.875528
   0.170293
   0.601875
  0.0570276
   0.757033
  0.0958778
   0.613109
   0.350323
   0.765368
   0.349373
   0.707672
   0.892639
   0.513143
   0.785971
   0.896994
   0.609781
   0.909161
   0.356695
   0.137725
    0.34994
  0.0499579
  0.0955648
    0.23426
   0.595402
   0.640654
    0.22029
   0.721756
   0.232399
   0.692622
   0.973783
  0.0272235
   0.641211
   0.869519
    0.24441
   0.759209
   0.687415
   0.846472
   0.485011
   0.614891
    0.67092
   0.432628
   0.986549
  0.0583425
   0.305039
   0.612015
   0.261784
   0.717267
   0.732643
   0.951742
   0.171181
  0.0443362
   0.936051
   0.393264
   0.938494
   0.891009
   0.847967
   0.762087
   0.142895
   0.193201
    0.46346
   0.471028
   0.679742
   0.539189
   0.929975
  0.0170572
   0.438024
   0.810976
    0.82869
  0.0772248
   0.778765
   0.430332
   0.355414
    0.12785
   0.188001
   0.574669
    0.90745
   0.180762
   0.227015
   0.894854
    0.76962
   0.418313
   0.991666
   0.858524
    0.91389
   0.815123
   0.488369
   0.519532
   0.810178
   0.370218
   0.938791
   0.862161
   0.824191
   0.171826
   0.517173
  0.0383857
   0.302802
   0.137317
   0.363099
   0.436844
   0.351414
   0.439917
   0.688111
   0.870077
    0.50935
  0.0064871
   0.707982
   0.988339
   0.643422
   0.265676
   0.146329
   0.108846
     0.5356
   0.219242
    0.60082
   0.804327
   0.823245
   0.122008
    0.10885
   0.905553
   0.939784
   0.627779
    0.59045
   0.475731
   0.110104
   0.436918
   0.418192
   0.309711
   0.705734
   0.600804
   0.318249
    0.36104
  0.0985518
    0.27063
   0.836224
0.000967719
   0.130813
   0.583587
   0.902948
   0.241944
   0.216396
   0.467953
   0.777337
   0.163977
   0.903596
   0.807783
   0.169823
   0.438465
   0.966964
    0.19288
   0.107493
   0.554258
   0.422279
   0.902695
   0.345047
  0.0866121
   0.518866
  0.0386647
   0.929082
   0.349044
   0.374235
   0.285795
  0.0480992
   0.522661
   0.472127
   0.385644
   0.793687
   0.792754
    0.67757
   0.741128
   0.860372
   0.283068
   0.832254
   0.514195
   0.842763
    0.93237
  0.0695464
   0.661973
   0.537054
   0.657199
   0.478113
   0.536526
   0.789646
   0.428391
  0.0169548
    0.69195
   0.174537
   0.347876
   0.489044
   0.426299
   0.582035
   0.491978
   0.420109
   0.211619
   0.464421
   0.206814
   0.301384
   0.596468
   0.501437
   0.658647
   0.601784
   0.429861
   0.815551
   0.680682
   0.132507
   0.708895
   0.706045
   0.732347
   0.422306
   0.450861
   0.485688
   0.200712
   0.387204
   0.742829
   0.749223
   0.380296
    0.49805
   0.926327
   0.727205
   0.650192
   0.089151
    0.67158
   0.573082
   0.755499
   0.466273
   0.210414
   0.578675
   0.883629
   0.249355
  0.0876437
   0.651506
   0.878381
   0.718156
   0.249874
   0.273312
    0.63441
   0.353951
   0.263922
  0.0764884
    0.20515
   0.348522
   0.383685
  0.0119424
   0.872209
   0.472202
   0.384819
   0.120659
   0.316693
   0.736103
   0.283482
   0.964081
   0.510779
   0.571577
   0.600901
   0.827827
   0.754732
   0.854482
   0.699615
   0.784569
   0.838599
   0.136149
   0.342833
   0.100302
   0.801578
   0.116507
   0.666994
   0.656147
   0.706555
   0.545915
   0.582339
   0.749704
   0.622762
   0.158254
    0.47545
   0.416933
   0.851637
   0.853645
   0.407183
   0.576407
   0.030969