0.996305296937656348355005775375 0.474533930788150537516401072935 0.414877671262903813254041551772
0.878826971928223010799285930261 0.805256516144526202083397947717 0.128126623871594069736801202453
0.382376257744410141814483949929 0.142067176191354005432287976873 0.436408434363599995187144031661
0.448495621805369282242281769868 0.273967478616204906938236263159 0.068381000481155584935777369537
0.695754516350714946604227861826 0.742584511864091800781295660272 0.652065235520524311141343787313
0.697599317772174210006141947815 0.591720596958253408637062875641 0.000142215691624131561517085931
0.548344815297234555728778104822 0.817828964513003464631424321851 0.934042330346687155184781659045
0.420992832493853552655593830423 0.244462705247882994274988277539 0.986721636283080960616587162804
0.289170010948759881319602982330 0.044506033536431822972279093165 0.811139422612446758797943857644
0.948928895842639175128852002672 0.747309487303187802709203424456 0.563912351394168953611085726152
0.158126805070930243068971776665 0.211698484712600443202745736926 0.574995898678485550803429759981
0.555627884253545922810246793233 0.575615596766390513749911406194 0.552343293851095928914674004773
0.547993405039771230846668004233 0.959027849486353001218219560542 0.962752589254895041470660999039
0.546104151532050163808662546217 0.319608308159771037360030732088 0.518291341504697467001960831112
0.339441718068124564933185638438 0.518162878870024101729541143868 0.646180713801935313611579658755
0.032277749603759391117119292858 0.858752523602209549835606594570 0.804209645132583417215244026011
0.725371419323478927587700582080 0.057139796939206323467264070359 0.071361216904138741190521955104
0.860684313861294403302792943578 0.870861992341908863757282688312 0.216778303451287929215496319557
0.040432214805131906631974203492 0.279071085432286147831604239400 0.956432898310063506208678063558
0.240689229867182330480090968194 0.352781551413891725221816386693 0.619228989662397921733827388380
0.689225312272844226058055028261 0.496641377365151126532794023660 0.703416098401188016886464993149
0.214886563051228468568254470483 0.951297422476526932655360724311 0.255993028367956121371662447928
0.668658397006540505813632080390 0.017128251379899619294411294845 0.045735868681848000638634488269
0.000807057520726347480018170177 0.493581743806767891946662984992 0.579869380637028308811409260670
0.258388218947102732414577985764 0.218482745634316383176454223758 0.649059307766542414874777477962
0.964595444512598376718415238429 0.347433230834404416231819823224 0.351822312215236798760287229015
0.473985621759357877991192253830 0.120621543771479336482066457847 0.138475482807656841144350323702
0.272443929489514180541931409607 0.700906206763774353163398700417 0.068590617446031260096006576532
0.743599193259430690794431484392 0.522706109625498238635543657438 0.352554761639252922655884958658
0.376519528922760693401272646952 0.525191125659330571018301725417 0.477802282437454040042723590886
0.072683162906470699660133050202 0.850375527521382235107694214093 0.862944813511529629224128257192
0.177741293631565433486230176641 0.678006993527251689002355306002 0.324412926610999019505499063598
0.467916943560006626245950656084 0.913247672343279304207896984735 0.837874249941811810593605969189
0.413667468971894991547344488936 0.041988074622414363334943487871 0.643406417135791608430395172036
0.147773352670366064920415283268 0.879471010536286623704427256598 0.950408118863400042108935394936
0.883605654910527560375044231478 0.431585952894434687898694846808 0.478018987839273101769776985748
0.953936203871022181388639182842 0.586500841511561787910977727734 0.949845984480809257810562939994
0.186851129012648942140373264920 0.027201965123669763491065509697 0.899195429907894472343343750254
0.018641087612793445088543720090 0.570704464265915811793661305273 0.528526153397707698644580887049
0.800996207272766880258529909042 0.025288277338862762133597783532 0.942547233701883091505635547946
0.555512344001191760156643795199 0.683542396225713888568975562521 0.187388485035266200151582438593
0.436181452028232830020471055832 0.523679942805342024669812417415 0.674942323770225116597032410937
0.026338373440818640264238226223 0.665998627437526913297460851027 0.872475575285251769841465829813
0.035730888049133567585524673405 0.340142352449159246496890318667 0.412085503315755108388884764281
0.061488508768047255015343210971 0.301039676279885370924205290066 0.503350843239380063565135969839
0.255646404837565566214863110872 0.464019779005161336904450308793 0.776287944141504260286978933436
0.348283173474250695722531645515 0.186656485056950788292695619930 0.189376359531538640545988982922
0.817346084301581177200546335371 0.205008262248612238565215193375 0.804372335909906976958438917791
0.708996433217342736377020173677 0.601655655326399640969725624018 0.979313336028446501657640510530
0.609611881005779010500589265575 0.612434124108939603736700973968 0.236982225622684089527680839637
0.362477604103503048271761599608 0.427491166430013891375239154513 0.537782493737554490031982368237
0.920468376866939275160461875203 0.231742719337156066750083027728 0.896061714922255725390698444244
0.256194375616508374093882594025 0.885889079895037956369208131946 0.868051683812470775691849667055
0.356628144803722235689491526500 0.999924226147613226522992135870 0.427291197069899320037933421190
0.638979263633400074162693726976 0.778294482557326028349109492410 0.492593187840257740184313206555
0.287307480410108173618510818415 0.245147290797569444853465370215 0.073917030705355504793807597252
0.930766315048148218380674734362 0.233779516924195213123383041420 0.672181752703958301786713036563
0.365725786135417396671698497812 0.681595980006014512397882754158 0.158211057896996160065938852313
0.275974095461048452015972998197 0.167617546150540447369436947156 0.180299177459667170353441179032
0.195496820230850409938483380756 0.008991445165219488083740984052 0.466699023541870094966554916027
0.812895175223191546187706535420 0.461024762133860177559796511559 0.356157781138561224665295412706
0.142126749137899494046521908786 0.606754377016583856807585561910 0.242191372159730439195257645224
0.124245951219214986749328488713 0.549345511950230847020293367677 0.176019462551437633202056076698
0.635824828289455967755827714427 0.998427597953604917258019213477 0.093991606661184251558793789627
0.944029447037604496628659944690 0.697111654089892063268507627072 0.848417090566041975918665229983
0.074203084176122285908761000428 0.030700389472892972847484216459 0.775196707924876160511473699444
0.716411894723131492668244391098 0.468783306347669403990607861488 0.877008710340874797495303027972
0.268868697898608177698775989484 0.772509803916273996016172986856 0.477294984269201971738283418745
0.140027931424632351431469601266 0.499553695606753556113233116776 0.740067286816560754303395697207
0.842696987554003351661435772257 0.456681662257954423811412425493 0.694428794108807978524566806300
0.350423377023269699837015878074 0.734945063663568265432957105077 0.375362306935548895037157990373
0.969745087040093212138458511618 0.705357034213690892165971035865 0.862171304663479354246646835236
0.888692599617993517213676568645 0.022424686956809661980694059480 0.826490759246196193821276665403
0.020400279286366659881046814462 0.530451121212455634079674382519 0.490665570423641228536837388674
0.332136824251078932590530712332 0.683468971191443341872684413829 0.309226018567897609212735687834
0.148093920296963471594509087481 0.161221065376335570551447062826 0.377294844469581391876999987289
0.258886106954621775244618220313 0.888909239755816149575196050137 0.402655013359288660446111407509
0.717547040966261984173968357936 0.146418447146721142360092926538 0.608367218549816457517920298415
0.343079603269155652967015157628 0.434527359420349146290618591593 0.794744399915099153375308560499
0.119980791366226621774693228417 0.974986524188111491895369908889 0.825585853756116372359485922061
0.594550464519996713086413819838 0.341982481703424101571187065929 0.121366773933196323009831019135
0.961284916159859892381689405738 0.105616836824872287192711439729 0.403173466100817445845194697540
0.318522599917285376136533159297 0.670835266176101119306451892044 0.807880220758369183009506286908
0.402705733894870798739162864877 0.862835498585387106196264994651 0.240380056839427647119578068668
0.150078625715778068983041748652 0.912437768238515745089500796894 0.804981678719125626209063284477
0.717782801333700204438059699896 0.217142710663989380037719456595 0.203614796875695586164667361118
0.289769301081925556573537505756 0.255117809659747896144921242012 0.002867921955761906522425208621
0.517610738874636489015301776817 0.698469596633951805841888926807 0.294716555003598168482881192176
0.074884659407847872780727982445 0.956296442521989864538056735910 0.663366439504900817780708166538
0.520680730623006571278210685705 0.846909308111359782067495416413 0.039673131007626892541306773410
0.323199528060081286984228654546 0.746185680727315725491166631400 0.227387656618074862624467868955
0.500284554420424631970831796934 0.959957837705100680558700787515 0.807447655442522949087447159400
0.987147347256961626982274538022 0.843641964934414345655966371851 0.422492622948903329138659046293
0.150548906586691760844942677977 0.889642388014990403988235811994 0.637208937006264020119772339967
0.673381363701594071180522860232 0.854320322532316489549941707082 0.962109947066286941286250566918
0.556486596089704632639438841579 0.173928802856453623704169331177 0.179679626544593712411668207096
0.934881341226030393443124921760 0.299418263442926491091355956087 0.893032443737870718081239829189
0.176275542224565678894876441518 0.365208699264113811899790107418 0.835891126292662156593848976627
0.573963989639552751853557310824 0.532305142305773082433972831495 0.407874939318615292727088217362
0.117421767683887831590361372491 0.386597728050870670379879356915 0.115484639873168259960323211999
0.802166285135956225182951584429 0.660801679539958608522454142076 0.950912223916561827330440337391
0.607008709161982906721277686302 0.279906403731995157002643281885 0.956723083007208874306570578483
0.115343139331472374631282207247 0.301703653199823673691781777961 0.680592560016771819242364927049
0.698297523475762571543157264387 0.663400273121717898305860217079 0.316835549307414698905205341362
0.644032298471010511420331567933 0.671927360898086356577607602958 0.749622400909918940037357515394
0.507942902968537723928932337003 0.780186161953359436083133005013 0.237720558559108618990052264053
0.438261413235056351833662802164 0.527862075838690936180341850559 0.673677195632608860620393897989
0.679545038684322699751305663085 0.652026746058611550438399717677 0.806317252375933324337609064969
0.942593081002215615882278143545 0.917494636736532642729002873239 0.410026186541925130590868775471
0.663468660796345144348151734448 0.563274463601994956896135136049 0.149863772199154754449779147762
0.983589522108534008992819508421 0.424928994309897611891813085094 0.106041440343936477219699554553
0.531819773365465375825067440019 0.961546413894893259310947541962 0.569117519335689658888099984324
0.319621938779568681709974953264 0.857155477108469621150277362176 0.859219347765110663672771806887
0.643010594766863952109758884035 0.322379839975138082763805869035 0.132747039968475782911738747316
0.311003950364063808109449382755 0.583853434819233352293110783648 0.032870941074091074296514847219
0.490589173035397507760535518173 0.696904961922204635449418219650 0.431452424827741876089959305318
0.253073184326098876706367946099 0.658723680326315785826807314152 0.481660040981811643501231401387
0.941055916447094076282553487545 0.300902197667076543030617585828 0.765001658531729744616711741401
0.238168146556955478976291828985 0.802754349647977760717765249865 0.801907085950940845542334045604
0.963094950415370743002085873741 0.280111326233283330910950326142 0.098710314982088251389846789152
0.542655249610837442375554928731 0.138078255868069543765841444838 0.448552445424214296654241707074
0.115104779614340388405047121978 0.756150856820761441134948199760 0.377713506989635239285973966616
0.632098543132660006804712793382 0.135784806358831083850091658860 0.584950559404992187495508915163
0.484751986200103124335925031119 0.047857886076783262563338894324 0.768326234779772243577156132233
0.399588693233782876745863177348 0.056359317028169174379481631831 0.601800872865787872534326652385
0.513377752728928493652915676648 0.071622179468945348923547555842 0.715102505392194442990216884937
0.920118842354878507805437948264 0.803813580029757557277036994492 0.764544265811536005728044074203
0.910352952393262637720283692033 0.060781293463077125382998389114 0.216545814009828335722218639603
0.809408880652107920461446610716 0.633562634155545145731025513669 0.820450669249266018034916214674
0.598832242952023197091193651431 0.408628901988448867133030262266 0.395104818890110898177425724498
0.152720900457643665726337189881 0.486076766736615095698681443537 0.110949478511316465545455400843
0.634467541941310941844278659119 0.351621779111012167096106395547 0.258966140962898772048816908864
0.525187167203533644688207004947 0.768277381922108149048256109381 0.970450235092514490453652342694
0.781529047301602219910421354143 0.714819874197015647787623038312 0.226409292735112649408435459009
0.423283039348482770236614669557 0.563952594698780118598335775459 0.647520604465277371808440420864
0.842744108823863413704202685039 0.519910118764685624803689734108 0.731502909612059659671956524107
0.247029449800297173922558613413 0.822511330416535568765823427384 0.459841925090594738634308669134
0.511694312555426189526031066634 0.152898112178782658032716312846 0.108117618903738138547154790103
0.918655706335093524828039335262 0.910349681609758931699616368860 0.218290800003052815059234603723
0.677190889958947717097714757983 0.267842494240572659425225765517 0.117023308355504410127601033764
0.882999258487591198729660391109 0.346308775932698820199107103690 0.584176714627052007244856213219
0.577455103302185190905504441616 0.533359550063728815594288334978 0.549999545850952120673582612653
0.059302144431026285187336100080 0.158323601509644529272691215738 0.947130272760465352632763824658
0.763027528840856783531876317284 0.307253462721918280120547706247 0.992489147920166847605116799969
0.452042383345891418677808815119 0.103888816848715564988836490556 0.074588006180258764610258026551
0.114734489195519734350270368850 0.731642749170360318089478823822 0.929329097552244465241244597564
0.562255933452571077246773256775 0.690208682017528940555450844840 0.502186533421650649344769590243
0.842825177430781669052350935090 0.573886432551926617406934383325 0.229038114003484671865606969732
0.110004120030116808726106114591 0.867940898409485961373377449490 0.466303641141061264718814527441
0.698169404756345479690082811430 0.060924042807941357347001343214 0.138798982906813000992585216409
0.602785466115006718368363181071 0.438927493778618005304537064148 0.252179228028474922140844682872
0.067685287740519767263336348151 0.177288767898298449399163700946 0.935687243395399992351713081007
0.895813138834469557814088602754 0.202884481735061655838237015814 0.999048668843550480289650295163
0.493072654346927652380117024222 0.630100182638157813030943543708 0.558920905805413870126585607068
0.497841116053017451736906195947 0.063409073989996456166551297429 0.306178035539477588766743565429
0.273656554541112817524606271036 0.206020526308438006735102021594 0.999327626468272778303969516855
0.729249102271557814169966604823 0.965656703210741373943903909094 0.591896176614149727157609959249
0.732431394134995916722630227014 0.405066063216055316509311978734 0.681456259898738592184486151382
0.511250851534011729881967767142 0.642677344395333749460519356944 0.203036597137821239744681633965
0.554033159149640130891611988773 0.855357224115876335623909199057 0.709671112531671033352154154272
0.582389272232314736399416688073 0.732003999842905317407826260023 0.480053071455053714799987574224
0.981440904924971158074242794100 0.691119226455636836981000215019 0.290892904068109248161277946565
0.273214446797760246443687037754 0.945358629442249798202624333499 0.866057257686891346359914223285
0.803110647128409849138108711486 0.851856318583998239901688975806 0.673543392134628104983562479902
0.751874221219880567446125496645 0.813543476185773717368476809497 0.932022910960377370948037878406
0.878868881808923974041647397826 0.836446552821693223300769659545 0.197075524766951726274299971919
0.762031880819531992621307381341 0.622133499155524849477671978093 0.284204306158032771190136145378
0.581222006066365981524768358213 0.415747572507116303075491714480 0.313337530665150854058964569049
0.752745942235727549807222658274 0.429271875402511382535664097304 0.849097767675427217426431525382
0.144675015106187049296337931992 0.559354019406933744562593346927 0.876036628580575515989892210200
0.815892205774449430499828395114 0.631501570201713380292574129271 0.331386668678897100548397247621
0.320167067185777476368002680829 0.307407524565194545385082847133 0.311402218414545128855053235384
0.256242971983987211093136693307 0.613101649730151687656132253323 0.736540121711861561770717798936
0.579808728057829680935242322448 0.892739721177853828848469674995 0.477247967459867417083785312570
0.507639100013887234474907472759 0.944305238817941816620304962271 0.049787758058462208698990991707
0.923204687213525110323075750784 0.587881404228487447483075811761 0.741136811713971277448820274003
0.572695653371490975835911285685 0.254927531531346729387621508067 0.370050135453326045631428087290
0.896012390145683346176497252600 0.349143369191840968746021189872 0.322807138974425034128046263504
0.079109064446853311070029235452 0.189996249747206719105108163603 0.722228243129959701640530056466
0.865235452717926345478360872221 0.792551395711898365448178083170 0.104226507604398763162656393888
0.974494545419452462553522309463 0.352874305218681905138566889946 0.191442254347698043170922233003
0.058293007917325931344088019159 0.554859729343868846029863561853 0.800813339085528208549646933534
0.298714509447863874047612853246 0.901979271744973609692408444971 0.131402424573836551502381553291
0.585881848727911380692034981621 0.359655428892429018805643181622 0.280639639145238317663455518414
0.342859059127048337867194049977 0.765357911090621678695811169746 0.502329848772368525722242793563
0.183609450266745438673510193439 0.390397253885425399300146409587 0.013395684826910989051462763655
0.510869541336803956177448071685 0.670922925308982454062345368584 0.720824922162050296670088300743
0.970806581540542001818039352656 0.678494957105496676597056193714 0.838531060824116658558580184035
0.881265329007700715102657795796 0.646682774019592954140023266518 0.943634089198372549844862078317
0.921329957145110234328910792101 0.797320349352685031618648281437 0.932552628431404184716768668295
0.851300473170328086958136282192 0.939832186597117091864106441790 0.684116878790519744590881145996
0.202620143197056262751587496496 0.621736463802475269879721508914 0.853324227937959256529154572490
0.908901819450170345149331296852 0.463973192328687722429947370983 0.320203534585959237457331028054
0.367800819583689098113410409496 0.948001217022488851249306662794 0.379497606979439627838956994310
0.815402459691477510261847783113 0.299288474049064556758992239338 0.736691215658132336763230796350
0.552902831837839947581869637361 0.510381579407847230100969682098 0.881875920422931947051381484926
0.686973891753917542679630514613 0.743762793866156068922634858609 0.112512962203135016836519355365
0.271291725470074074344495329569 0.266195606225345549056271465815 0.609418866035226214350473128434
0.438664872683749484938431351111 0.298578263621386397197454698471 0.576552792050660789513472082035
0.522040115008220007020156572253 0.622058753211184201070693688962 0.889946475053118968290277734923
0.662943002265218739310626006045 0.736531891466726484907212579856 0.651380184000172279823459575709
0.865854715729172386140533035359 0.668839241264010841980791610695 0.830292181860182387787006064173
0.119271886274695926299926895808 0.163892785885724590055900762309 0.748180550132258592732625857025
0.524554115731988512827399517846 0.415293346157904919024872469890 0.865582521338137733657447370206
0.405740255728989973604825536313 0.202590927760224942533184844251 0.540159299937756798293264637323
0.120315430917929372389707509683 0.700225393305518584163849027391 0.095118835011695407333220941837
0.859143651634804772498910097056 0.296876993834302382868628455981 0.228002759853376230081423159390
0.239488306445756637952371193023 0.404880341847709213087824764443 0.157308130431984133368317202439
0.528896036314812190148870740813 0.974967203902314838437348498701 0.237518873029319427248040597078
0.729792649425107686766978076776 0.579590452586752458152830058680 0.697712627568317311776979749993
0.214340988065489568281662968730 0.186339480470344820428607590657 0.408239836249064458328916771279
0.496327258964290030096577766017 0.341718053434676483082199638375 0.724897357631914429632047358609
0.133736189399623173201803183474 0.541635973034853113183828554611 0.548177050280629463152592961706
0.986273735601395418193249042815 0.928105431219074517024125725584 0.397533982885618697444840563548
0.605191929584175669631918026425 0.806179301608728748895771332172 0.537184859942308690072820809291
0.494571748910675124122349188838 0.477983603767632991843328227333 0.337142809499824058772077250978
0.897427841444023433048471360962 0.475285331717955561448007983927 0.311039286377565726837701731711
0.393925496232275462737959514925 0.712111346979677595214752727770 0.233743203422547285441623898805
0.304788797407486988788605231093 0.526314558695994083592495371704 0.724067142213981274068146376521
0.853524861607268814367444065283 0.451888362735037463213672026541 0.683652034825606214063498100586
0.893954323749051038561219684198 0.164318365484576095481017432576 0.622732630125104269502855913743
0.005296287380987124877862459726 0.195841508985567042122610814658 0.968993795855703887731635859382
0.233287999329132716974655181730 0.907898032674302801758869918558 0.906928443150812446660324894765
0.574505250594504635053283436719 0.391711243967257483067356815809 0.268839892251470202744201287715
0.949103621531546037815019190020 0.464608483851261078179106789321 0.552101733885559275982757299062
0.311283640563622898689288831520 0.321841911790204437959772576505 0.172988814682639879816150596525
0.919120322587611893183634492743 0.197024148823663730611954747474 0.127700194133515382288734940630
0.870889654269743851422447278310 0.409107676473375148074040907886 0.364039932731883175698328614089
0.465625254556754519796868407866 0.875629736854389273403853621858 0.986509824399975587816413735709
0.315606889155922276657406655431 0.382230512062548710705556231915 0.236552651204515074212508807250
0.779032360808662116546940978878 0.586685037820223187488011262758 0.323967783437786649436418429104
0.116248523345489254698925662979 0.436683720445047773850433259213 0.651683356659290891066405038146
0.651437779991403620449830214056 0.495997765136706181277048699485 0.187665331313470351570771299521
0.127727457968346419514560352582 0.710963183930874320637371965859 0.152277854896227332615055161114
0.016861371567602465026958213912 0.107189652240407606864636136379 0.572623409756371382073325548845
0.512167788592347794640602387517 0.223350056233864474597439198078 0.885758466380979103682591357938
0.923484061922237198238860855781 0.948093378719037538360225880751 0.377967104313354895772647523700
0.819409376526281763020165271882 0.816243768413754566815043745009 0.411980483743471737057006976102
0.318859049488353418766450886324 0.735115328279760227303540887078 0.812831029170986707477197796834
0.925019357674425779514137957449 0.657126576930046057967160777480 0.332452456340196822459631675883
0.767182075310442135318567125069 0.156513649962955136984987802862 0.022078743386662831593714173550
0.357100202030977365019737135299 0.053222178464982360102109026911 0.678512322615956287030769544799
0.548174174614674658556623398908 0.223329830747648339084321378323 0.214554969828262859232737014281
0.074217231216698056894820467733 0.569644146670114759345437960292 0.621571695888823660958166783530
0.090466252060505514265287274611 0.586461833999357584623624006781 0.557361170894768331862678678590
0.487081623400597185646887510302 0.301952005828491631955756702155 0.897357926012852802344355040987
0.005419343639033365363222305433 0.634962851213823564755500683532 0.159533293725115848937790019590
0.078728555227336932675896719047 0.380047518337767564755580451674 0.806107430535829005968651017611
0.187168146052918871191650396213 0.016784188224682711904067744513 0.998406435470166386814128145488
0.322400221094267802612876039348 0.728294356910283435802000440162 0.721307502079611917444879054528
0.164727407544327991706367697589 0.358034622888419473696330896928 0.407817946748228632447563768437
0.080589609164267689278560169441 0.214328503860705149586252105109 0.086894063234124380157297196092
0.392971657022752829391265549930 0.559719662362343051142943295417 0.369516274939525823928221370807
0.950583604267909887397536294884 0.519269289960161417596395949658 0.656877589026137242989022979600
0.619739303198509561276807744434 0.027502918194379152860840065387 0.478555110608344491662791142517
0.880801560707866859623038635618 0.454483588379608949292531860920 0.184084350103865090897414802384
0.198461828173727816704285942251 0.691715537408475800162932500825 0.383809757264071627069768055662
0.226428992601139383866737375683 0.446805736223800431528019316829 0.213611163913721147089574969868
0.101390553177663086947823956052 0.492520631780518081122011153639 0.037035653061224124704686744280
0.818504763509812827138034663221 0.120555269156236363747858320039 0.455789191996951448260233519250
0.849090987440242694894720898446 0.705995955269072439364208548795 0.407564630965488117197992323781
0.165574124002681621892207886049 0.969121677900958045093204873410 0.474219321327485177075544697800
0.354949132263553512878218043625 0.396091070616179485863739273555 0.677953563301332384760655713762
0.689559457964266542262521397788 0.826182245393020431301067674212 0.996054151102155116426217773551
0.154834201296431661631913812016 0.143312783419532768780513265483 0.441316593473152996018882276985
0.908014036603255192403594264761 0.286821386639306674659621876344 0.988290593542093032120021689479
0.554859677170239318222400015657 0.325727988217716091234876785165 0.391414614504220881308071966487
0.143966377191841743421463206687 0.877425470053519451774093340646 0.046691082855612478508255946963
0.801763263175935048110432035173 0.647292182891711642689358541247 0.110497850618045304060821365510
0.900198937440150892541623761645 0.154858895126154777477367474603 0.654745445345517151913838915789
0.549752884871067437622116358398 0.822272346378648100184705072024 0.158951442433514444907416418573
0.705860289974502896903629789449 0.452655923636067269999472273412 0.691463797226846144106104929961
0.370520350644462315159444187884 0.674609426888286067836020265531 0.523288365303776203951713341667
0.238452901436974784576960928462 0.734505164371458629801736606169 0.520366068524205305223517825652
0.855366547119092879292168163374 0.735476935286188404639062810020 0.592692475510482652545363180252
0.994465338046089830648099905375 0.151373527971438937012038650209 0.166192038558700683203994685755
0.852367464758650217326874098944 0.358273500119798082863553645439 0.520924631273593230496032902010
0.011487445064383124473939012944 0.580894173742330544030210148776 0.809014971643893798791680183058
0.648524822146481216833535654587 0.782073473996068746494358947530 0.992267742828320198356095716008
0.811811478754967841275913542631 0.584039229474544230313881598704 0.086543575156112495516680382934
0.083076180204907271176217875563 0.922440489092465232268125419068 0.101306415876053601543560489517
0.862712687055321003626318088209 0.971877608038147822178132173576 0.169619797762974783283951296653
0.019078641969101993447477383370 0.100894516587890961667461908746 0.557101111617583799606734373810
0.244099941464700515014740744846 0.903479242887595623834329217061 0.431748458124596168339337509678
0.452288963857419290537364986449 0.901427643133535516639653906168 0.421151045620540565028733226427
0.449348146631800671180201334209 0.380721345482076978239405207205 0.662667803568853797102633507166
0.918948387822671630686954813427 0.612255482469936884726280368341 0.105649412308768272938941379380
0.963552108785199257212639167847 0.520572501484948935157603955304 0.374944857584298352204399407128
0.831337370192449132133560851798 0.241261305318507895956159359230 0.705155936221097068283825137769
0.542358053948811313915712162270 0.570059565395358736061837134912 0.010009708302522377781906826044
0.726376771944804988656585464923 0.924809161842145677212556620361 0.632144826347980193226305800636
0.332173199526216100796460750644 0.320000688221908580199936977806 0.418654797049603399905493006372
0.745410443019709267886696579808 0.619268379234855559367645128077 0.971685005790913547407683381607
0.255379441068524393187999521615 0.412985608197235898320087699176 0.477448677407432298114287050339
0.364580164730408440298958794301 0.731778885449286375930455506023 0.734626889106710034837988132495
0.153246122927489208942475329422 0.884789635515628059003745420341 0.135555702714949960485668611909
0.523090415964252541947132613132 0.536401041188712568441587791312 0.794092004568531240060735854058
0.302731005997813440444588195533 0.817394510110651228984579574899 0.461659855540007102447930265043
0.371807552368254468078134777898 0.433149986644587647877102654093 0.811295766055280753725753584149
0.230864457551609475460807630043 0.274003245203311096567233562382 0.155275052779480060571870581043
0.110823953197886557187068490293 0.261733880059446588628446761504 0.496998616909369916871952455040
0.289137822586959247761484448347 0.757691609664604026619372234563 0.755758230789617013734016381932
0.046653262513900596586413627165 0.697207156216835377549045915657 0.495364575269317708450245163476
0.010296904634188282570694816798 0.149234190227316099175425279100 0.144682290554376508096012798887
0.717743935577036751283230842091 0.247390083369718571937312390219 0.740911630984367186592010057211
0.345722886587593425389286494465 0.335922365874803674490323146529 0.542489923233001491986726705363
0.885828695796778586846187408810 0.683845559177872153178157077491 0.390087225034139783996778305664
0.769399304507341064152114995522 0.801852636692910403226619564521 0.345025042659105274367448146222
0.952607087654312345570417619456 0.287314396852759057487958216370 0.976774166082181038994747268589
0.130187175054483156300122459470 0.415500844625738163795602986283 0.479119922956613264464209578364
0.547917153304506410194107957068 0.417418746502631166084285041507 0.540860007111088392228737120604
0.819638556867416712137242029712 0.757928603378909104826277598477 0.240707862133898775613971565690
0.414989706930296242681777130201 0.281193539796519231810378869341 0.133070204260157309850143292351
0.848230665981427267574588313437 0.597232083650674261399160513974 0.093792633013839138422795826955
0.770676047675926900737408686837 0.073292264612651855659741784166 0.876930278471322766087325817352
0.200091895136131847632299241013 0.424827570283053346233970160029 0.252916208116596041843848752251
0.312712591220564661842473697106 0.481387756987937120989329287113 0.120595719164723363947544498842
0.619094790513351700411703859572 0.706396548779002486639910785016 0.225411928007415579555683393664
0.287595168261541855869722894568 0.227205436435330976330249086459 0.863063334126379477773127746332
0.530501061950471419770281045203 0.859592223628529938928011233656 0.208979218220031515151902112848
0.651517881385898944834877966059 0.157091530957569835980081052185 0.061620520738541975647173387642
0.887532039871767097771737553558 0.302982955728158309671727010937 0.971015556908488286502745268081
0.144481891495975706130039384334 0.841433435603135104763339313649 0.510115124952432830163218113739
0.225972369181618781830422904022 0.646080137969404444397980569192 0.749597861010380173141243176360
0.903353472179964089860959575162 0.425289315374495047183955875880 0.770386177895949653127161127486
0.722645420611477629080354745383 0.484154331033696261332721633153 0.130834753766444461531293086409
0.373209698498903785779390318567 0.074732122110965845673824503592 0.034745917240945195514356669264
0.632948223733002857116503037105 0.059869830563638162801431974458 0.224099907065029829711377828971
0.740855355035837215282867873611 0.340681303882574004759931085573 0.386041014728842502012895465668
0.896796080785424831738339435105 0.028700344152973560063468738690 0.201255078783458912772275084535
0.147589664247100099681020424214 0.313200731461329595628484412373 0.926124773016358426858118946257
0.546073678037702903154126943264 0.586997246387637394704483995156 0.293071633172805601219579330063
0.158273883248691821234999110857 0.846604229883668457645740090811 0.513022882046019534918457338790
0.963815018716693283629126653977 0.235026713648443852378022711491 0.221247992254745645679392396232
0.101456782129024730698674261475 0.879359141565086321890021281433 0.003316647554950345917756937553
0.528523999499971863791358828166 0.721325065248820229690807082079 0.732849922101160511367368144420
0.746459335952917801826345112204 0.743718336244041378080282811425 0.492472207128841210632685942983
0.469589494388583994499697382707 0.951864246657241119820014318975 0.546897265216732542114641546505
0.541210442408250780310652316984 0.475910724030599863176860253589 0.747666677322784245518505485961
0.153798682151736837431243998253 0.134124180843401802354364349412 0.635601101786255062719988018216
0.762836234073457686299946090003 0.052548726452383370810750307101 0.338495418509427659081723049894
0.718830898316932143110591368895 0.578996339543835669694260559481 0.684384457354114017491042432084
0.415168553354584857206788228723 0.525814508931231827659757982474 0.423977876231913519688987435075
0.683801169355951365957935195183 0.567381347414192660494336450938 0.154962974158259714219099123511
0.683292900117971280238293729781 0.794454430248860088425999492756 0.374733877390674874341414124501
0.133789818622046641216627449467 0.231707243238508331373282089771 0.346573586298036084851759142111
0.854510339795954476649342268502 0.943748450130889149356505640753 0.628968656665067848976491404756
0.638011628794040830392475527333 0.313788065078282774056361859039 0.775648547560957468682829585305
0.299398563029070363672445864722 0.889951297763955095909693682188 0.481965045839207295585993051645
0.084614407166188912445825565101 0.947161561271513630089202706586 0.454370617131208187622348759760
0.384255518755955427501191934425 0.748755868782594702359745042486 0.253448711693650352572149131447
0.845032388982526416754126330488 0.992561307940941328631367923663 0.001300902561755952566852068131
0.881269202772867910056220352999 0.531584274020055147502716863528 0.915229100093531755533149407711
0.638417954478424753972376493039 0.343515207628115493143639014306 0.019095508865469661835545522877
0.937989052548858448510316065949 0.278214264222493234957056529311 0.687056788486218539269145821891
0.306191812336998991916914292233 0.652857150252887263874868040148 0.583743557950242242249316859670
0.368424510281566530700558814715 0.437246475463386574666913020337 0.711335370021117574523827897792
0.410762005722084155845408304231 0.854706389200266980488152057660 0.027655397833325531808945640933
0.593529408104786271316299917089 0.321844478092278785119617623423 0.328865938308111172005965272547
0.073321382261283943315710587285 0.541097756257734152640637148579 0.695266264196947481046606753807
0.208424085840613226849882266833 0.144757197916240587520775306984 0.764615091523629830660979678214
0.599800158189900067817745821230 0.992358585762590172940633692633 0.366719967940372038039953395128
0.703254715432169663635875167529 0.605137698558854353336755593773 0.924314284834450772265768137004
0.680416045457046481104157464870 0.543790622212129037826855437743 0.946386370094094764304770706076
0.674027465315692464464802924340 0.631272278410630605094411293976 0.608620477599842057969681263785
0.113536881629837924090331569005 0.906778415361891076962308488874 0.742206743106899935469300544355
0.575333285491570589620380360429 0.115325394773702100126300251759 0.620750419428809485644649157621
0.871153053496334317529203872255 0.209763839228601561837095346164 0.841720016753079169902207468112
0.742668237935681152528388793144 0.151775288861959539721269152324 0.271796445438770795099969745934
0.367350875042990965280154114225 0.074186023948385762527557574231 0.166294288114277322154777039032
0.901299781718276293851488389919 0.106491764519233131358610933148 0.936772917028361851166096130328
0.249852357523039581010948495532 0.973946756911414301960405737191 0.960762922676424047097043512622
0.106603998199560498494342652975 0.520698989087394537023101293016 0.842789774413377767992017197685
0.038883752361173237743763309027 0.465166015519380859899456481799 0.930209441132855863187955947069
0.470152614905316124094269980560 0.404895882268267226500313427096 0.761827771349804283573803331819
0.028175475918989324047858602285 0.332149986669711738684895863116 0.481616502556476810958940859564
0.976095318772717157607132776320 0.228980317283098672165309039883 0.339437365457281647884713038366
0.720838807065505293714124945836 0.289363684047888536365888967339 0.492703204354996482372541777295
0.354861571910151052389181813851 0.108996229407193986893354065160 0.560107652500977271081694652821
0.436762324571341176149275042917 0.794726920338475140148659647821 0.446718903711814330215190693707
0.906717779592175032732370709709 0.621748797332644431712367349974 0.377349531061200893500284792026
0.037240715988937182767681832729 0.295297592424476285088985605398 0.750437384607283930471055555245
0.943600377779100774056075806584 0.935921034865564993587838671374 0.417215141712195092260628825898
0.693827117859262987309421077953 0.010657196528254803472024470068 0.871739874616774823579135045293
0.421134079488567791837994036541 0.922469953652446994496472143510 0.608885349360518524086671732221
0.529361102199317978822534769279 0.952545049139204014210235982318 0.611492691864298443249481351813
0.394820908129019099153111937994 0.615818858038200911408921456314 0.486713527056909678325524737375
0.377077824892517399213431872340 0.253400980328665592633541336909 0.303950627966105113575423501970
0.877369855780039564763228554511 0.270813428125520894163003049471 0.261233507739682624393395826701
0.817741610309155153579752095538 0.683067346562785449037846774445 0.833485427673665069114861125854
0.085125984855076344826052547887 0.582072106141938383494505160343 0.599223000268543137813992416341
0.554322166468271482209217992931 0.006279863891331790605454532539 0.111748799162007972363142016547
0.828375804714687191676603106316 0.650620798575521575024538378784 0.632368928526742868356791404949
0.567531396742440130687157306966 0.821286400032894325917709466012 0.454466809324740539377529557896
0.410854524700997369990318475175 0.277671572020621704179887956343 0.261384468866835473210841200853
0.532034091453859603326748128893 0.949250089031111743409496739332 0.167782484362569261904241102457
0.054981632389339389621607523395 0.139002769602151132755096796245 0.206789667036748447959126906426
0.812188049669156697518701548688 0.119921529972136162167650752508 0.444558634099819993679147955845
0.158381149548265071080876964515 0.704034958556776890858941442275 0.773985927404903462090146604169
0.097061591201731731159974003731 0.499419502414161331493858142494 0.161554709019581410611721139503
0.493524974188919274276088344777 0.686218331018973004553629380098 0.211765364301340186514721608546
0.712473513162096061535066837678 0.098659123342732107930785900862 0.964895562996571198866035956598
0.547771550631949044607438281673 0.122144807564113222486668064448 0.513324582908409210446620818402
0.319306773916119224221432659760 0.507150024338287375158529357577 0.657587228708144011513070381625
0.664141803910045180892041116749 0.042762441591840179289096823823 0.402440855825328125394690914618
0.313015007302679226786068511501 0.993991903082401817570712410088 0.270065279559393744968076589430
0.218343104604607651797465450727 0.943487490851701027239073482633 0.565631357555272273884838796221
0.161972174361932536035268981323 0.283325075213854138400648707830 0.259725272205453050489154520619
0.749441395968314161279977270169 0.060590408787023472547694780133 0.313265364078286978610776714049
0.773369440288999454580221026845 0.315797221675546080366103751658 0.438068385242762370346270017762
0.027631212662596781742818663474 0.684585876326948228332014423358 0.855509014406695689203274923784
0.009421474992987557625645500536 0.589363800908143664614158296899 0.848343665833043103496891035320
0.418148158125282221053709008629 0.316877176859756026772174664075 0.301969630058054716581494858474
0.053403793398361792954531779287 0.379258310571107593034412275301 0.098870586652299904950602638110
0.694774510288783342382146201999 0.892401085987796327536614171549 0.785552967400592883073784378212
0.805046839476130648982632465049 0.902351442323152452829049252614 0.437029673731532675162725354312
0.748400374892673747595495115092 0.943445212286423529057799441944 0.417520190329958518216102447695
0.249386792837853088489197261879 0.360482376293534911848581714366 0.885415621427711241331337532756
0.175847771936805619130694822161 0.160652318710663044587505510208 0.100958210656795763227044915311
0.964232583453685565544333258003 0.356428844886023388216500507042 0.196954086122489907539900855227
0.472791297629397255786187770354 0.601616012788821374890346760367 0.466423013315680812240771047072
0.338649087817763372321167025802 0.541364494903320836449722719408 0.763471131778888034702390541497
0.341313467974517392722333397614 0.895919004792355533339787143632 0.530938396900935472011440197093
0.658350225877746164648840476730 0.657260109608600151531732080912 0.369569282485890715506116066535
0.778298909283198114827939662064 0.640706223784584749658677083062 0.515034105024944288686583604431
0.901228105315339589331813385797 0.256731352002758872465904005367 0.463299604318629765220549643345
0.816171185731580206557111978327 0.890481518911914848857236393087 0.496150479858023241153119897717
0.667810768355122430506298769615 0.238094615362780592793257028461 0.563960944835729116597633492347
0.656935640809787724236912254128 0.367206634001717158177768851601 0.432913832377281260210821756118
0.356070904328054216314569657698 0.444996135651668900390376393261 0.293546703490986327089729002182
0.013030312610206290502290471522 0.088284293755350601307085867120 0.646512903115040282742143062933
0.274509693759072026519874043515 0.749480371602060491120766982931 0.667896436485209243905103448924
0.397432036615598949236272119379 0.906631551995100593011045475578 0.213740620130800057507869382789
0.200492209766560486317032996340 0.609622014969283698704316520889 0.873379780594752963551741231640
0.221057640987689318912146063667 0.922649306911035971268120192690 0.964339593569150221874508588371
0.514788498575862618622522859368 0.878914455610216638348219930776 0.199884221504041947881091800809
0.762551383000555360602845667017 0.670161732184004765855434015975 0.621720158851952864331735781889
0.110745376974733106267834159553 0.660605029549828581814097105962 0.191605449749158551764338653811
0.655977097807166398268918783288 0.120740677766100035217533559262 0.684722666739256191625884184759
0.311847641609760473091483845565 0.791591529308477537263399881340 0.436110456657855583006977440164
0.778956398632146607141635286098 0.121735176574505596369668580792 0.440627964945751349201685798107
0.476365647947394943440002634816 0.736007998295244436626205697394 0.806115258481804208834375913284
0.084976508208160161927935405402 0.378793986745066146859528544155 0.323883876546913695992913062582
0.692507849341699732725885496620 0.527001558333787478716203622753 0.982268468074872225237470502179
0.754041472375933885530230327277 0.167803495694797799586694964091 0.394643527004631122778732787992
0.307999789123998057860376320605 0.311849578043828956630534321448 0.469174675143997688131491941022
0.068816268348746517657943400081 0.505965131146863478228681287874 0.248489742419436332454552029958
0.218454061136257149389194864852 0.028969464174964171948589708450 0.578086754718524442608895697049
0.408172594709956870762113112505 0.679868793071732424593278665270 0.775629092813928222582831040199
0.763134965897233397136290022900 0.464803394513852552449861832429 0.693333654006680011328001000948
0.178908383937311982192497339383 0.571609641577463190031949125114 0.494023678061793258819989205222
0.081527556391472827401756262589 0.343977912887979853095998805657 0.286500917725133197322406886087
0.246172862885499804663780309966 0.237068323205634423622711892676 0.229797888087087287534160395808
0.830692963567416731152093234414 0.400231269884402884873253469777 0.001027405878640565151105334962
0.995874804056049778289150253840 0.354205656508775335034044928761 0.015771518138051707214053465123
0.754319193774272367392086380278 0.185142733306154133599008559941 0.583668494663112213949318629602
0.385785262988066535161379988494 0.875313450260640779632126395882 0.687126632544501569910266880470
0.069742163100343465553798694145 0.818948894710114339012818618357 0.158954908927869814627698019649
0.789846178967919310132117516332 0.449647694674517206525621304536 0.100099508444099233317459152204
0.736791910993955467823468552524 0.477912218141004818683370558574 0.447545892617560947535082505055
0.117310187759121192785372045364 0.072254177590832302513490503770 0.430568042728226019200121754693
0.880883315664676036504943112959 0.512471765278208701843709604873 0.174398298333721779584948308184
0.126110915677544177526669955114 0.881983593442773661230660309229 0.369748940318498586776740921778
0.267037138028236475939536376245 0.640141017432422132493741173676 0.954258088598900711119199513632
0.004661517976282720035485773735 0.071402440531062316697585856673 0.073438489661522429741147277582
0.492941271810295122968170744571 0.566138393273319051601788487460 0.597723373383087563937010600057
0.826039755829120037056156888866 0.236049992684474130300031902152 0.091076544965873015846646865157
0.939303717131762749836809689441 0.198806010849431974429890601641 0.785931385888225642055715525203
0.941892005101668816635651637625 0.769472167179081512067284620571 0.770889464948367519880889631168
0.679360565880706035457592406601 0.709622882060399140513595739321 0.649586177961239297218298816006
0.503024507665190245830899584689 0.109109783646730670869651191879 0.894232845181128777056756007369
0.571825694703624431980415465659 0.532675976540161189021205245808 0.372852328360841867027630769371
0.595327772663951648723923426587 0.969280433396697782555406774918 0.821338835126165456301805534167
0.573324303377525601455033665843 0.338989776634317951931052448344 0.760432746486731758750465814956
0.863660208782610294697690278554 0.266870375892118927296792207926 0.861490073801958633481490323902
0.032064909204073212267704917622 0.539952957524773125008721308404 0.719567559596042793934600467765
0.118805356153545343955713065043 0.005789638590216163865909138053 0.418982775236855564671145657485
0.628778939254728386210047119675 0.928646564577116806482592892280 0.011089081550503407380681153427
0.730007396600079738746558177809 0.166437958569532390429301926815 0.382919498684761161477752011706
0.513950051510034033874774195283 0.176982257410562615618232484849 0.928223656601999902449051660369
0.934638305139849467906287827645 0.115576363071058341169816685579 0.219215136881449057515425238307
0.515017211630890647811042981630 0.542408644042540855068068594846 0.188166153878955050293697581765
0.958198724916390576211711049837 0.597057122131516071483758878458 0.125705652449097676770506382127
0.910169898731139515035692966194 0.553470735964925020233806662873 0.896246109153040149131186353770
0.852292921065451736239992897026 0.260616901931673417003310078144 0.685882944949679940194187111047
0.525425246281205571285966016148 0.126826587386853845140777252709 0.529778803368232797943448986189
0.618169442818415904028483964794 0.492502919776693970366210351131 0.832217676872418654632213019795
0.899922857407898679760194227129 0.691654176405366194479995556321 0.974741113770246192515855909733
0.909176571112201292734766866488 0.610781337074202235193354226794 0.412515954086589309302013361958
0.866056215558629771678056386008 0.665570110896474664841093726864 0.838547696087380667329114203312
0.336040086238548252328683929591 0.735069880882147752565458631580 0.572862923096627896235588650597
0.593977440138246381984288291278 0.308780785588338047009671072374 0.401197918421336729988269098612
0.406611707919860843052362042727 0.036256330631440653045061139892 0.031196413567580842662874118787
0.242639251934212540895430265664 0.060871144276772759518223665509 0.970959065865908743653278634156
0.239552600404391663468928186376 0.255926130801304052564404400982 0.852002008598418791862627585942
0.503853938522255351273315682192 0.700719748278023524257207554911 0.158797859055044204845685840155
0.168266503320620985917344114569 0.028698681738531763713018207795 0.018153450577093343393242363959
0.913200139935396504320408439526 0.387399828538081525408642846742 0.505718764267340081808299601107
0.630260594621483538624318043730 0.831371590643374847040547592769 0.036491651461318275195822025125
0.470407249188899312386524798058 0.502787408708232796961112853751 0.609050527795507279371634012932
0.006550717526922975042502628185 0.794154087567626731924974592403 0.515616608069859427843084631604
0.790186957116450816585029315320 0.040703595994719787842797131816 0.956932516008693889730807313754
0.175029527256919864575124279327 0.547647887586425907713305605284 0.257202969378841350689413047803
0.693963038513101149185047233914 0.723341745387725665317191214854 0.010466231474124109215861899713
0.196317798712061203358913985539 0.878314383441709645161665775959 0.479200645873338604285862629695
0.575754988562853120548368224263 0.569255426020535248987641807616 0.031790614561980470864632764005
0.051048220056407987710311857654 0.410505243828873822575786789457 0.935763762247336261523855682753
0.078208819543906515914244437226 0.984233387996947151066251535667 0.239900223797313516538309841053
0.819964812164295508978284487966 0.806797133332243454617582756327 0.522178581413061837501743411849
0.868890184172809942886317458033 0.282406683395398871994075307157 0.502674895953246547719572845381
0.367095220619293061137256017901 0.477313547599060861159614432836 0.395780999687804557751746870053
0.552005449830433758684478107170 0.241878345007441042380236240206 0.901836235718382894788192061242