0.839143029001899477264180387609 0.394343385740194360952592145348 0.373525545359335809160885175389
0.364513444437519576929230267573 0.027579012924323210645553601272 0.064874556108404322619279991480
0.053861184741722646136697118603 0.422747301824355046940040929034 0.521662127512420478490931963208
0.546009928091258794896109512739 0.756286988749036674706753560969 0.415271451354878162993243710766
0.066797151767332386703371131741 0.581087315564582037504848241051 0.852522535730581011899748043824
0.814852763965107198213622772230 0.541740016996898632156569254877 0.666562626208179815311702157313
0.127973893563384805789654561409 0.301400447119078118841860183153 0.913765121478493167462284009354
0.507718782641944099072208885911 0.726922394728012103916830362885 0.187232485038904303791066446980
0.079447720419512476751686650587 0.728771168345395858089771982812 0.998503087289584439798578058286
0.537724695522916185775650257156 0.207333081333416083193625811227 0.638690151464936147681896032200
0.289344914035343089277767735811 0.487844335711512889474667953924 0.892825872131671569475071072892
0.117940970737268934357031815221 0.111568477513035252379221793174 0.379844125205030431677274048960
0.515527585159293789765428484826 0.338551730051708673805927614996 0.296779246617521862713493230454
0.195338065364303703972530465474 0.763015749788409387575719368398 0.217503991408309813748772886655
0.150143303295432580389599840450 0.104855052689591415294503016343 0.773848682857974061346607607189
0.640239537785337050663943635350 0.332331097449508292215465487320 0.469025197822079178957434040963
0.228687792650376516654089567950 0.073873919171187758167293445619 0.011769706209098835412883704896
0.339182825042012290391681394525 0.531526714972556263232481009766 0.195902697239581207002639107612
0.091489433384435595729083934967 0.406989541499485919713133669997 0.741453451045736400302218753432
0.983949333891256639329249738249 0.041876320627851956200404495269 0.534493097046565983728924924514
0.231726332946533059637364348123 0.585938374662530342766905281646 0.504137756335623908652329691213
0.063919184791210755233224692476 0.818081968742706970290667703578 0.859733704973738286806915922467
0.121489792765660068539790517762 0.284354784086670962246247977034 0.682849880710084963993189402662
0.664720976548811140117041955205 0.846271864852164678962295066727 0.209503703231517399312632293673
0.507198944789360967656408797980 0.624484890663141451389770454453 0.444203365674376206748211587641
0.607671829728997148471586479894 0.083932424804328196843665440140 0.863495706135736709123357836078
0.282468063899958805764091577371 0.238485044881577357268545154146 0.857303723335915014113905466954
0.770533362744104338390965711725 0.321945222721393476913669670574 0.282430043627728199065903967351
0.291212919294857537142949848655 0.796411978225135601204430347512 0.024891131372239790315512857302
0.484111043966533082032788640627 0.000033775115507551958288649161 0.874579228841821419053898490054
0.068142665343598582462147349394 0.758745602505893510781792390530 0.179669210706734638139565472489
0.957789452032379958562450575291 0.621838869135735194617103913749 0.444825304809186000488113852863
0.075811990166853093926398563495 0.681025894622225284052383989039 0.291742644376431375328946868194
0.646635653210622997413693196710 0.688575637976345672671753142447 0.196516128882427240103777733600
0.497788645563418789008165179997 0.052768792430530264555338757580 0.614842585767418302728007235318
0.499237516304301271310310521034 0.842111190639947060350124645298 0.502872369596380382975998552099
0.001686187100243562787770431375 0.115440886956686821206294552543 0.851406151862940888365604100628
0.419999574361786381037668473655 0.380520822679271442835361476820 0.093831753364727343210406213107
0.953570335320951368316195494757 0.197095775613032946221584025826 0.457004977673184807260148716545
0.880735093291638414242598007029 0.971872361503676263045271447343 0.361582716525971150474667263926
0.560826248382691594592964455704 0.863048342834829341485724110154 0.132253963522717070692107169430
0.117138803450266066993273809148 0.244118122468979633087433194029 0.215534501443258822083915575534
0.005000885937084513109581436460 0.476860751957071126999311025497 0.232219391086530062258747816253
0.888068824556707048535210081540 0.307892536281349901449542222612 0.698365306116498001162779937984
0.183967322656331517166175668053 0.759405668513549886821537453626 0.486399925352307270468848282833
0.235374638790441571386614573671 0.247802099660540902718122211779 0.824719459193642614259096503339
0.754214495044753351006929911433 0.340496468583609960185872548552 0.753522576995482595580975800298
0.216985496162872905368679118237 0.331909482781535851448491943450 0.617416115721168298698534190144
0.249626862579420497621515571284 0.656838506610503352658204196288 0.898797065040252064910261227906
0.404073215612098284346363665428 0.582707744544354900477619252118 0.715844862301243037655179881730
0.457733865702660187313798048118 0.923635095906923475795723640671 0.353852466570113183156758677439
0.585585659739965824781777928154 0.352723508088349877482027957081 0.021975149536442859495161901281
0.524740839646614358392798361356 0.942938948787005487039882051774 0.706260962667729392264136827832
0.082423805078549634232181332451 0.222422643798509988540173073161 0.395335182927144523151655522267
0.862023447420902414989682780519 0.544036138708243835042787974621 0.813924812604286066907837451747
0.999962846556524824773481478108 0.167732132709107894171158168022 0.577148260700932922722237191039
0.376034879669118037895868467784 0.998331553058242527315001884029 0.810742986528286090866665110297
0.600996088515379822146070850470 0.298319746859656002111374243370 0.514253981897539115429601819132
0.633354779494047578426160755689 0.647700115508690890319984211230 0.648177051886286664767618518915
0.245963479995363025161931958607 0.390698929167171319435955254122 0.738322357349010007171393356767
0.245985190749445839115661386672 0.949269708808229379745011277067 0.116846853990200839263652927956
0.345436398623604832563078210952 0.177147849098857460403681830961 0.221303473541618309644030107753
0.402832718172392065537480946597 0.997570614324879068414893760278 0.434639491140481620669383406183
0.778241576703199082764546390570 0.198010234796357977319015919937 0.113998260731628371177928176774
0.240146982765424233847008805509 0.110554847036293497127725790813 0.972035649401440195579017700200
0.549917740984705325853977245735 0.191350744823460870113712225562 0.722380493518378425042613364012
0.726577191861284178511337987374 0.549175199919242669535192838157 0.431694173564928684839625151589
0.267283891661898843151810892082 0.785487557995317701643613045866 0.613485804301912943257245874272
0.790587279640678244852068030671 0.438281096352420977946144062740 0.667497636989387048507873108541
0.226385607336670819996737113898 0.235281151489312842330413654496 0.922761248404273327887697484407
0.807516343880912946317538569926 0.271497729747504793293471978626 0.060026349355121904324056337482
0.796209441229502962886569008277 0.304977833001580238677757805510 0.654653528138194358946067154448
0.544365014981589340686727510997 0.483218831719826580549029058476 0.304450063425374919566261816043
0.207038885658974151493851984072 0.662752645294968789652482717306 0.095092352886884785146496549121
0.941340390527097648081118941689 0.608318328924797628647138045319 0.444875033864400213053024178705
0.406534260721448034615958607123 0.397281074553302096076532176228 0.931143893583707212193541437647
0.371978208360788107495909554344 0.190222137309569560158319685247 0.016396198875847342810999177969
0.028785123742528682312036619966 0.050345459695745090749960471576 0.203873600899253522820882964312
0.080757614059379302047760930523 0.400203174869536401682128273654 0.600832381922458431687074976727
0.606042061026460736631698484303 0.248714235040956166785776410694 0.265059694371024404697186022047
0.584455969725340965516228171687 0.381834786249306852228105803808 0.892595028869190282620758320265
0.012038624303403897953595398071 0.348739943911168721227582406181 0.365085401114550760731982383654
0.882420551491368006071375054753 0.449600408533806085476807734231 0.699745272959100895578026969929
0.989696228119942314779421693267 0.031105258646120628376147960335 0.014296184368544426163410692909
0.702997892249638579914350059149 0.734143496604062720773766979482 0.443970238255555168533410997912
0.361814635574548460167637617303 0.536077414392578496506813180732 0.315215843101027253893284119327
0.598964574534461416225165812213 0.228969211846833196984583701105 0.076082969549019191659226567413
0.753059943176829298899168452451 0.569289722943723353998357244414 0.134952885046533784536385862632
0.709246408959649670035704859964 0.330737748040051308436207985642 0.693285936631019323084344650458
0.585918340505396645562458827621 0.713383873304967300073853147457 0.309597122085080294695010108111
0.293269055179978612772156996508 0.075355948517045264615699733535 0.697184013014469396755781333975
0.818829383012986590142398595084 0.867259233567678585418231684625 0.426704426822354253157818485489
0.117399330529647161571463174568 0.316545941465273243157973987031 0.362322064847353957222778184267
0.155143276344537764578989704311 0.128311166053390183048390209508 0.561643313403562384447569694336
0.115216195178926880496292077111 0.871953998015128017623996962579 0.466572376481256722953276405323
0.597294941531054395936000887412 0.733376185217121045201016776662 0.249247022731681044167855780305
0.704961775592286263768024466102 0.643173761439729036136347644895 0.399482294017499133546198963161
0.336132483801255252097638784300 0.554972585789897166074258450941 0.019064689080861590546866504778
0.397002361983476800060062340803 0.106089241177213357748315916029 0.344058477200460153813940912434
0.538025944117211690301732811643 0.088367516524640504451560009004 0.516025633197451012663647438808
0.171122933584150640430089615412 0.621078537289179129681310531198 0.263149673655669331847433027278
0.534803758666337533178791019870 0.591199151570508015657854323380 0.597074078163999104732884731371
0.082652973575495737081227932348 0.643944084272931386679245062090 0.842244590554601422763993100069
0.753011983171337770774537737338 0.866251848020588671358043872201 0.329068008940842439819488068919
0.988486412764525784734260695875 0.177899872288784939793489096976 0.603958078974282716245398399011
0.536800928254849796496366313774 0.383453404421324629511615811088 0.050697025514551656349940571393
0.337165927680722146775309635552 0.943916483583392577740661068917 0.345267652699771997753239058844
0.465805901184103379691015283193 0.357741156296441578356607498472 0.684144751590717487460314062557
0.248478623595362502517462110588 0.675955320437303419391152785982 0.420946601072296654909702784209
0.687163017436583155663384467849 0.650914159478997870050382453214 0.121525337472559525615316661231
0.884573545506295808175045269602 0.571603927713224706716235732825 0.852601549580034358574429834996
0.978402288113499029818720584271 0.498987155661685428152105907460 0.114319769456421772132647531909
0.169403406270049299783219661996 0.558111104478297941390394543405 0.761846833966615849579741999461
0.195929495882756905781124764866 0.433448654771290065308463511809 0.201167968106235840785019538210
0.012440839409490865036515208750 0.300032653938827712300690774431 0.312973854307275884785321729907
0.492876457124723754785388527477 0.718794566522242863106598540395 0.178381805586582188611677607787
0.680194304614871678445915119421 0.321424583502779475704009593820 0.537204522887687702307666174808
0.598686584448216990622693349307 0.130169724166728711829797847165 0.903107817225595763057432663602
0.448788325146871821953502274094 0.915381607091365927611669036840 0.493404014619624405378973723331
0.920030097714076480279324293740 0.588871448124369139823819418638 0.142949315762773941033775487024
0.415064826657069748503893490178 0.201771197194333942301885617160 0.710469530475070863149674983487
0.147699545324589112210902986046 0.585711874662734342841179697822 0.801437094994461276524163198937
0.777890707404491096236708985040 0.830383597095609036841471961041 0.309885524879020453375920392638
0.426433909039371126584947239368 0.314911340080822896082353681664 0.244448514856255586629379137629
0.179403227162385990246329254762 0.692149041101486092486523730641 0.064578785977900070592475409498
0.514307796649458557899687261184 0.784891728195659698425090802116 0.083707312288087167464092842248
0.798647299886108002546822259290 0.710544122507215716182700917143 0.632520792048495742045314047840
0.528612759840630737312000109637 0.126587833487840047515468625393 0.808482716970576512519683877680
0.996805655630912537551415904802 0.946927015121331499632051335880 0.247091460973528192452381877434
0.022471334299857171477778859878 0.681242839094375396827637172000 0.409516228459620512432691596706
0.945513801537906465118636101711 0.636260792209986178072086829814 0.241479302852740376143405861869
0.027267385903440675101016740344 0.690582702399473915508023407798 0.272609022691719841592226070808
0.873520225815695681361572523061 0.402439666417896595026080042128 0.670373072101548178547435508903
0.969341526105568854524450579361 0.261400772190088786238190255208 0.722142440021807980373535719963
0.151625704114365969813119887682 0.559918272410204277015966681509 0.463524908686788115985018518795
0.488352332150684592142646118884 0.364616717407006600630756015623 0.175976144715594560742350949844
0.059519064993654372078602579000 0.996378182713287328032814672276 0.289296150180973811714256998633
0.058479474206033637789663056060 0.389417904301010713317697600009 0.298983370226796447002403268756
0.131578088643088413296532139729 0.648657612245879603948354689108 0.443209207180729067069016937530
0.445370399480659779924270964047 0.963654858159672449904584837632 0.883442941611164046645707640849
0.564707429461932943294223862827 0.152400598123731898926995175544 0.353347596968515553969237338076
0.172028971984063472312913828126 0.956413110826439678964016164979 0.588064058862163867399557422760
0.609973861423490636975462321234 0.081193975507523629559357722188 0.678544703488937992964487934518
0.509248301656742858363966798953 0.663642786373276624022447350581 0.471053423754885529422841109198
0.771221484273532690184893055872 0.537536692451270818107163035716 0.083829680511775293435528801057
0.766528608502978598264559527520 0.572205486597962380076512256590 0.877515404522722670197535673130
0.200624087877986537790583655402 0.502620098264459473230904755260 0.380292663849133159813647123401
0.894579660247215254740091045888 0.854658772231638796364937446424 0.836824215410819205924965597860
0.805855172618330315412686539721 0.328274121041959808445774938916 0.061196424322209715553349893562
0.641055173085468248278630965525 0.809321551279794450447589692355 0.351271145305714730497674619007
0.213163102253125840876311320961 0.982839127135624116274476515551 0.084337009282623449105231170777
0.221699908785787516493614216955 0.259444319478331157123555847367 0.433678913075860147725535202537
0.257331618618162889199585507216 0.061903470521630910168649569986 0.165529260202681087060906705046
0.138984998133275533656096478770 0.414394340131367649432292825348 0.792780140201592461854541704753
0.995695689456640675261505809712 0.328004680269268246313451858004 0.190965878499632476186829212246
0.207788035702091000077801634467 0.387838290666106334947476911416 0.238035207849903166010222733011
0.043044927648971563197373407644 0.167959704168897213610727938249 0.277310419848355812068339982071
0.537047605997224886017974547995 0.758631609580210867592889278042 0.054891613585967776819253085937
0.538738547797643557080254351059 0.431932759518731950029856795794 0.334644900171548907885044003666
0.536695463429517244610843018137 0.688237989606111661349621821017 0.793570139421553166960848279493
0.404199807353553252132417066796 0.307003503498107927134082182446 0.111220391490141168662392229482
0.686001587777398048321685950102 0.399532468545872791579267504685 0.586017825280591636814352008912
0.177548839368842416371837741457 0.302536897486471282471078807507 0.147446923189028292582795973205
0.953384486226148445692161764453 0.452595714726229771069347507977 0.969487926494322044253461563856
0.338951199244264630991306269541 0.017916398194357206632934845639 0.551070505589476324508594172048
0.409520584807895188732271299270 0.091364922087258444799190126323 0.952812919509214563143857948905
0.361367403341373815320807337757 0.195647510458011690443855432901 0.412877107111901920654692388225
0.480631394745947317858815540658 0.907665027645654969863219852569 0.696242832857651053386498550430
0.648262057142308854159897683391 0.096713914746092411271277955478 0.329255047952031852590386348654
0.923385195514664548331610769548 0.043766076025682262362798132122 0.928879750236622533340894169101
0.328731462918756321164204290331 0.975460351812745138560527827658 0.331647179481300293831337523424
0.447654738863389339926009790693 0.053236830889693001579847028093 0.549828476419552391275322878434
0.788118654664662695524076191209 0.396015672967718699356544396388 0.144998374338141634792277418320
0.499573443973989414855807665849 0.429144771590867819135330579034 0.133483044373300470626325303168
0.089948133179894462707034233502 0.114752709574063791668472840696 0.088574152824513051661756675507
0.818033624029708616334918246573 0.644813445374092140051550540183 0.110316123969623720607302115938
0.973727078531213451037449587251 0.007469273135840046180696206074 0.688064020291242729945077626277
0.118234953439203508361988585535 0.376248171140669133073018020392 0.744210456596260549144323778265
0.694180663050580734847533193894 0.913600979849280741001595007325 0.158252462030429659168707415411
0.866104682128613124158472819205 0.853514366480584163192372549091 0.416191602556160068423118301324
0.875438448517966599347475271992 0.471354041414483323209317660167 0.185371142881420874698263445363
0.684596298729125484752051337281 0.372357532665080336548481627352 0.633769154135562790101466358197
0.033484805372682394698861424627 0.852312368265512177042548076325 0.709487568374281793479850529698
0.273157154641324300233540031200 0.281411510656020668198490371828 0.107797710094697610939076018682
0.606036479359588201290495165206 0.917941564598617553508696297202 0.217513241235483491611540092253
0.478963789967386127086585998908 0.317806797460209521578493457238 0.842975138803335117932678463851
0.256967475746019497264736379408 0.161894512538240816563616190121 0.166274675596686036918546625773
0.797536068774557196468084329210 0.096179866042229876377023938204 0.990984547066425276819622073411
0.818513056024656986822243798068 0.129734368299868320074718461393 0.762310808352687822272122254738
0.876417422159122425809093083557 0.736404524814702901297542522773 0.513371600502032329194885445408
0.913316536841298102310961219731 0.312896857432345967636613426688 0.693026742571767771916384741784
0.337826428316123325127601849304 0.946135729219930063231423351958 0.379079711427102835086972364381
0.328061868213401006951156603785 0.799944147385895496862519486440 0.272299166087229398860309570678
0.507429707450017434485849827788 0.673556580045308202589032986598 0.770291607500538098658434665519
0.357067554971414890707153646661 0.517380731970738096553697209922 0.007252794644629045789404289157
0.865913384406643415730970055274 0.543563891358774978633759071239 0.436736972770862276431972631116
0.333537442007196839851900686680 0.791766849549418869975967233763 0.333891352059464298912195083395
0.042608972188301223442545928427 0.486234349524103918706409733871 0.234669206462795218444696235047
0.282341715162458652303009129529 0.747914096234869146001870507557 0.638330088994091937959288285093
0.136909940038905025735862656127 0.705871959161995286763000565388 0.150601643274228135656180166838
0.797640392202400955594744699925 0.820627683552945482269768114008 0.547822782573208830598838432781
0.391358019798649575490061756140 0.802163645051419089751699205076 0.238472325961999552454724052015
0.178602252979517423800757410344 0.763876818490141297962337504528 0.293658516113361307523059399471
0.911251701085775683974171403805 0.430566671675783454093921060317 0.788984660749809006847751754694
0.581647898772270315620031055126 0.985492550330282861434111877171 0.981726243934144341871149466201
0.705102415457261122127646187571 0.926437670772249048820130582008 0.713288531481067450362883544342
0.212148658588450542555522575433 0.014304531896517721596980421501 0.187543560018894808830668214397
0.601935614747891848760385869266 0.197738128319104602836300803504 0.368303669181263220331286382286
0.935326994378690546696685907642 0.128415022165887629785621329625 0.507602051448041571803076749920
0.697466295885282240482234334908 0.302016859100546422192027611880 0.583641340916358555391669036786
0.893847819660837439623406467773 0.639026306467131462979726223068 0.181011939105519934591899865577
0.484875780423305860650656725315 0.858838944591700086171338068086 0.807249608250607072063831774235
0.039252599696108176681221476702 0.609272340541490184731221149490 0.606157692536053713687668473043
0.352569920943049630341607232059 0.229102437490843604363093091384 0.024099254662912493353210514250
0.755496251754959151996702915888 0.253387591750794180923389639616 0.626370004927908825785920498851
0.482657493936221860545611796519 0.810081874400704235404797215663 0.375857972336597474737096773790
0.664062909670205041948012673961 0.120474369697104480802973455953 0.920183248040623726283812265001
0.769018580848775333308891024272 0.327978390685417802089347830933 0.550697587202408579218339502898
0.366544897229923169621509837677 0.641061141847695961441624367850 0.682614006660121254113115056182
0.650809870667425836382248912447 0.046215500849184090873427467538 0.260271899480530486751371544364
0.384877662683744574530296220378 0.401318401946821506883221550123 0.860716472763606385550979282586
0.166845610535762684311508150818 0.678185736544811640357934659925 0.346093364642754945502216850313
0.282223291398532382114652161964 0.807276908264740745630261571393 0.213114439198368594893883348362
0.425031162842470489261914950293 0.761301664149501118377042356698 0.364750446264980994957655929636
0.608801917912822920453919926564 0.987929338182417181371147791845 0.880144380640663577869021268182
0.238302079649439526944068212519 0.563261038029495691327302173751 0.008729341656499995955210428948
0.303374921999853569676714406966 0.937588083969684588006476376994 0.850801894707993116869838917672
0.241348516153355354071612888086 0.711329713621540769431494641373 0.453847809548799163166764186327
0.103931298700069899638204270239 0.730874806228322585403132047067 0.813896419388555731050038333887
0.791911544692677249164668652432 0.270406697374264785297822980874 0.812242224808197298629163754617
0.239626157887011099996757656220 0.121644467243730412929592803149 0.489138951077600897813170132585
0.219723361440081586542165138768 0.328224766914409386650355822689 0.562120605390079930374370126872
0.968902577019373238383845251374 0.432760555837234981554297000319 0.215408352681995756594621154939
0.182007550284488492172394650456 0.053277020722874925937251737390 0.683047539743743399157927320406
0.711440134472982697821287557711 0.853282517055563795267650164563 0.943521651722730879555932944194
0.129955298801919230612806102683 0.219172661002363806293801159167 0.517844197463352588015060886295
0.973172246719085870508389838386 0.026570194738908386813596719788 0.145869414889849252496047157480
0.762324842990885519323180747182 0.199669468157859189579616755195 0.517338564941036181303025500952
0.174467894389661075426785225311 0.450007002984755346170119137849 0.734617080126799922249529464839
0.664213703874679366203437529457 0.776605833120463027502631073590 0.831709568183679885835325627473
0.640581591835558909622864142349 0.114501842561870491969086939706 0.496082362152580173244641027264
0.585084229583650061501754219585 0.269028197917902119817922003567 0.286520570184538941164964724755
0.105406913627629440432038912516 0.912836948356638799981273897755 0.750904261811740421723521206714
0.956209799643105009404768307436 0.475487781499993171229456980269 0.602712714282308111796686934637
0.900140340258373271129723987522 0.952599879910357786143343593564 0.427881172025491853825941991029
0.897058490151892483367512943387 0.375417238569169753336850757015 0.968485681314075291419611125350
0.953238764714265932565165830027 0.787863520332510222844061061308 0.147129000786340809841354451827
0.694969456748452523735136715923 0.095699482034450819360681399033 0.875986984618043035143346166059
0.776969525446104589230715585354 0.348135958769066226502841881698 0.710058882341907271425101537598
0.369213951554478724368792170549 0.085798714210351616150425302494 0.601470757840930729894383314542
0.176593363568152842354079067922 0.263376480232818086710195442457 0.313377959274572315240699906687
0.900261225448563052640363714374 0.246824062310276169511208631463 0.895474825222980715249336210541
0.723445059204362651864852822391 0.553905273823128113166351164235 0.893697539723652651833570762490
0.806400907220973115525986366633 0.461982577573128209946087544452 0.892075442697336597818713989219
0.610041026046573538262293985856 0.177711117593157147872849890479 0.043022624949954010324144369417
0.797341814609925883541581958979 0.235413909745722495325480450964 0.694638899350165527557030094196
0.286242937920992317389711654329 0.139028989647910154043012570921 0.946393764889318830608407429066
0.859648269212538955904312661599 0.731705776863511386327255659633 0.586552625983164406409969289909
0.608747769671493634409668215332 0.048612314391355763827239327433 0.608701844345767736720759437337
0.657013716352653756628710270375 0.113382093593784284375192402696 0.221682460501841140260497109418
0.386268945941737769437504718915 0.934264396325847538472658191728 0.708508146461766500964233624690
0.589310399118133884283808473960 0.624802645098026279768222692332 0.970954594190267695986871477666
0.241306412286740693548447645205 0.047811966809082771525748444914 0.692682391157908473385021135649
0.961646163349533898911875938558 0.381156876400402466519373822382 0.495484744173243584036994816939
0.911570031211220490984318791834 0.193733012884720020461040443686 0.646038971872751684438753290267
0.288867530407979190082603405078 0.835321245144935037562791309882 0.604078967508280185628321598591
0.830271590758513985456892004791 0.332000150201983598224761525293 0.337184061601132297562744037060
0.199482373972989904924605873218 0.816645300645572400313254946141 0.873271228975385554468879380555
0.569880530343363792586284263623 0.175482276142604017942963657901 0.373894246741186260702075302823
0.613528124040524879427708833613 0.025027827414250117559507063187 0.299494144868944727625541893193
0.722149636671556634407577723085 0.181703288243653897420096076104 0.238928020591992370898850641527
0.671399077028291142140000547644 0.705696133425101121051119464549 0.767068807551724979766396433601
0.578989858461044787715311073501 0.046364086493896184650361601566 0.813456327891408445815929749135
0.717469775152050066238122718002 0.288608300219647736505906781565 0.184088127346208027481066808486
0.376938053072722293065601152772 0.683371384474122385943685606600 0.941133542778046160100860569836
0.066515341592561293594258286483 0.404291285207720182851166879778 0.918261005476439282025337400123
0.537643559140579905291632845535 0.351710462849598492542494989012 0.307505686351980755130936880619
0.007305181970016266390603622531 0.354365467682998737890593257945 0.196434347918920055074939063889
0.261352447349466980815132698629 0.297757389281085428946323367449 0.609078729958729216216025905358
0.322204116567551475953113931074 0.995079238808678274112498199087 0.038375199781221745267724712600
0.717648774754706746013564191044 0.594450491402331103306780595562 0.381597198015772703371122067005
0.276562861774105856152034874029 0.880879633950472030703445229711 0.923381593177515306786114051675
0.722338864951752513066533386703 0.939261582206094522902154373846 0.409215617669386739088895061789
0.774255229643653761608944374512 0.731559907825743457666599370509 0.912111258739395514288268130518
0.706608451754146834473538880830 0.446859650611199875907218604847 0.464374785733094705512722503755
0.452562648553009931019091556022 0.548451394837535922506996952220 0.846887862871466901495633929525
0.149070810897085262287036530235 0.688421346442487017202037160864 0.708861646112813002834394045531
0.438461244764233602782818561802 0.399733227792209966853619445652 0.316848743523643864660601690039
0.172006075547527841969803919888 0.798803378609160761763306909425 0.261247511654147057646442054241
0.250586606137047221748772880476 0.013107910536395021925976143653 0.389629188771322715044593749219
0.312870104913030046460912154906 0.456773377767000752686657922284 0.433110545334244323063586498103
0.368073447022987117390690576669 0.194058724403477863216443753620 0.454589653219873381291295150879
0.117459591495524718930512456848 0.942431535788289294310855886746 0.551215631342386647957370005078
0.572470777095773171582634829926 0.404211745431308291129891576978 0.849553275221147630885320958543
0.002506604831068856173696702231 0.366142517680414616652497453470 0.492082184693584652582978197474
0.096824813520411427666003108985 0.098345604573707154856023552000 0.347892700297198773881640258911
0.091972617999676822697434017334 0.460114348232773156577898589378 0.775869537774086392245134844336
0.069478642379306192879694146263 0.262758573058412886622161812237 0.649547912117156356721261014326
0.699041682040320136007560184651 0.984270119069968726467611152311 0.720022959999965364304642831719
0.430380677676954866156763495005 0.816702229901946072701946138750 0.747237257024007422044157503164
0.911678244322202597943844031842 0.672122553356976942336034558356 0.385760048982129039522838346476
0.521786212962909507038510555746 0.950580262245098410009296037460 0.702593523985415100232979262635
0.954467442345651077852754700448 0.928373666704763811912724513822 0.967561995834353113814013327482
0.498365714600618593389274057027 0.149783215798398442743584319322 0.956826737687544903879604419738
0.883571458958490774981312791950 0.963887625391977530404688963454 0.298833967720640585743681894273
0.954337869373898714446455591926 0.592671795419228904224942980640 0.810434840914603611185814975787
0.865021882003570667274190624128 0.448683825918861624750435638378 0.467239772837736758309359115440
0.775785630129150057658689766504 0.941457118801890682254111821180 0.405386028860521508694658704965
0.302616354963884470442259060000 0.380500985329716669133828218533 0.077171049255722183975997782496
0.772916578938428794890911732732 0.446233388378501361414656182465 0.371728374322621605728996146134
0.181892780335866727444906977550 0.320753064042638627819079923560 0.164207998477484723143504528421
0.335336777617315740422835707652 0.392071427119918892825728497040 0.846288864290250508044167132089
0.878908529691996313473652057352 0.187175397048428684697951547149 0.145212889234422133996089593117
0.195886549226190501569090879278 0.452971083857937097853924146979 0.044182255390543730652956734495
0.981831746622775454126599764642 0.095942929074473958100014600047 0.566227709781731292741420165806
0.467579419756026605623010575079 0.551198939742984382134103547637 0.087635420976290814846519852169
0.823987960712496123108997842249 0.267677625595800363547069018341 0.375338789075142416494636757753
0.582995392172212704323149053920 0.513153007688044260310999653201 0.548910473855879587147503131300
0.592773604715011514395639070046 0.401981385071182441807165060484 0.692024141507230225070609684976
0.279737417111228442472973821976 0.552474932720748529775843250464 0.844156673507422225822597317068
0.890743153987922787083090058426 0.771959472368536059503888870694 0.438057527847160903016159479180
0.917320458920097193239382757176 0.213296021759343576019433715005 0.201041923298191205127930260471
0.832962694549343299163554874377 0.480378114617177651696815570239 0.443812989368190192134062368382
0.230255896817296164955905878954 0.083724327439848649159598266937 0.176676402536707403562976902511
0.909549254042378753808576246871 0.528062615419900072178894783033 0.405031483905555257943109795213
0.262840031624390330582093106247 0.743400126116173444476152434597 0.121353589614714918916598376927
0.638054207897653998693341211217 0.798281533400665795606882025521 0.639108642981010258056058021890
0.231989522419100277082546056742 0.454920566261110914398858622495 0.548827475564048908945575018040
0.959760102624355423234965686765 0.259205424679718030062056698673 0.513114053649761649873556961747
0.923142357953916938679615591056 0.840036089248764644648756300936 0.852784411856072585625143846058
0.960307704094382022915057685695 0.779784187324552470417482263698 0.852909443481742170158585541747
0.576160135631185873525197265192 0.401452761489884198244862211242 0.190439894725281677664394601575
0.453691662874786368052062485092 0.474714328054244573516080478150 0.532605482685698223468259888134
0.172939073547789967802402239066 0.955863833843366118372491547704 0.025520846118420640870857844616
0.105584378274503778571075772551 0.722003311996073687669049403468 0.631717327979344614856907258589
0.397474672038358009766499883249 0.398369254391754653042862989617 0.698723441871804139515751547035
0.462392994340456479046620636928 0.863135980692258835571849537334 0.120625215599583557897826701283
0.263390574416109036706281846759 0.646696440907211641583966288124 0.174451801412427212506716141952
0.035844491327687589518012563775 0.469378983702292646321918576580 0.295016025425122713294763275436
0.806206393833479548424393192908 0.242926886338290326536086052346 0.877053286900097204115802988051
0.574067328836142824914398524290 0.979016216994546237724138777231 0.868014821737717547496952010281
0.792366003393427125110308644133 0.467453852737315187873004379415 0.437495822096524620325599334610
0.223294618235500267825899309586 0.503816087432608046821439569002 0.158344690183150936538701876735
0.111777006876837038793501922922 0.745703295211860639325319956520 0.121101583945003140702238268869
0.908061891104132433224721551844 0.779867040833509093193186417889 0.373370736075837636776154970123
0.551939580903637377848176371290 0.971433562959567716122652753518 0.873119555310666302564468037124
0.099028425050456234757193953240 0.516841068280142196544601034267 0.141950950938041685663783128793
0.113176631618716115217150046834 0.162589833099047022875230109597 0.908626793403781177903573416019
0.340741708212639754466809450692 0.106007938502515902926457082978 0.926698792684128614607917892052
0.903007986545030641231099027188 0.937632392073998804047688897523 0.694062884997836916049087586685
0.853092390122467897370129265410 0.672815550218030836696244788758 0.676816957700828755939003239357
0.939637966628653876144433492582 0.833958954386848546797087972208 0.204210140680451323793747860916
0.807841787143740671086746893460 0.194462097097174542277811999328 0.737792064707526353290064695585
0.715182474436564954902787242643 0.340110969070907992256630872822 0.172543778580019095656525453926
0.413353724819910992514546113307 0.714981196544562417931747723236 0.665318946164304219192123260880
0.153565458240668074925971562664 0.971870557802300521560421418178 0.869652055145036914774299189032
0.783286252413394443067100276895 0.818308230161113474239990885163 0.216552159491554007596297820562
0.910274638667934684999524913740 0.971547897371001749601657426097 0.117900225659003583268304476465
0.800454889032588763609581467277 0.092999466745802725130416662575 0.035671002503091004602198291689
0.046157861077375999545936844583 0.070642684722000437070660539639 0.672287515835044503180394757190
0.196684188564832104049991250063 0.818481013934219660359476733822 0.399855916467116625638100015952
0.058353087439465884058993994522 0.411544756554880583487542090376 0.816544991336966945147010816708
0.682651668316486664851754906928 0.706523752442275430803525271193 0.350526085052504601922550217868
0.548436706244921297969477421029 0.042715576410960254822845242759 0.104729926385259261025822489715
0.231637242456158973047209315130 0.424836994479841413824415945632 0.945582800847166740307603442002
0.054019561848110078216195163093 0.588545179549357818292076655545 0.580247082197045496955011718759
0.055132164454065940377555082669 0.857450486891678562127481237054 0.363825426119571472602930289530
0.083060684682468032318305833197 0.897930347935932212559633374004 0.834573056758102220143459032809
0.395116048119877595874172124670 0.552185616739061950552309586682 0.778487791364441791242574882255
0.750324973858914868899872693939 0.209181634699190948536778411339 0.823502568871759234843034936839
0.106140193687779346509475854142 0.437292152635552068400327811054 0.040931413136519346184449523039
0.428528129192922630338434560906 0.803727167362428113222248205277 0.186318550978510502340469847076
0.341948244305384480932344183894 0.553592228730690959961433568232 0.875218835841389519416252669795
0.540944912607211492112635897931 0.134021957194807094702105525501 0.005317808331396418333727710221
0.252734423981498295657248690563 0.639879514409959960126991872720 0.210931618166981211022411353320
0.652141994902911106154856615905 0.197138836712169202696043315951 0.671341260652551091668401038529
0.326758171881128577540439003748 0.747731885167883955881923914095 0.176125437682910273036743656078
0.426208332895127821585837104720 0.306854178984775975659124025235 0.801604481202864362606480246299
0.584532046221484800158192467345 0.037200658395832719245592521972 0.770138598805877323594880107444
0.099966660520398694241566911386 0.918618110783206447851278839866 0.263738649444923115097526241400
0.634289953552406631075706558323 0.552008203203658991183713798001 0.941830522587609460075714769282
0.768995086580454268431360645940 0.768775156352732718105866590008 0.584588238579254362454600106303
0.350846732637935118381441961534 0.785634901260881010032258957532 0.643380337364528248223045725243
0.904488651156710534153840099568 0.186012215149409587773409150791 0.402000708217695623412427873048
0.983913041344883275521507609684 0.510423204531517259819175234616 0.040353928981120323014783831377
0.893257068101891111508127740535 0.975673258445123250390221996016 0.722835336489822074009595998283
0.042152927015497078369523115304 0.023178320518000059502059688520 0.983026092414000035600377850186
0.041910528553527291357172829019 0.095429515057126730276908172396 0.430744577626906560428922510837
0.010215952904813218829294800415 0.598548464007439918553822396486 0.407484648502447008817354289105
0.461200966169981269727639938567 0.821954766366679246786936499502 0.670961664635529109211678723574
0.145267337073425900398621317750 0.992447314629076573410163925686 0.051768473151414956407074913701
0.150476545791420520200143838202 0.349642705494207702920284461223 0.350125574073349013053329953410
0.479996959839590723478121272316 0.697239674878229310738646021806 0.217825815829088341662980420685
0.117238098791358488249316904806 0.343627134925549483642542422129 0.524330598874071582262027598141
0.657495984735596479932979290243 0.298530858761731115710550961717 0.219104354840798183932300805835
0.352139376712875185431467732328 0.184061541637661225741784036892 0.435295136340255548321459531627
0.250144667978053488614245147093 0.888687272264447947285366586013 0.428661602031092039762468588351
0.944374514474569492420197656602 0.875576829692439376753599778503 0.963872768471859352452040308976
0.432672251488625958635644849112 0.176520727295334329136953022021 0.711126067191134616457418838681
0.448055224147004369935036184831 0.579373450736304611592580646888 0.289598807058973221899624909614
0.431538068927641972753152745184 0.038096836245883735805060167952 0.395878985906120429639201782962
0.521305886537270056878478108777 0.140678228388339830424008997805 0.695925518728650786517763141090
0.790769482664730277872523988593 0.157894283914887745411873932659 0.887665397740575732182785374208
0.390349227560908808624859389555 0.548330853634505049519986268779 0.266838540363965371367950314240
0.546834166144547579900716542165 0.389266986174837095017204618902 0.924690359917313888004481214614
0.450418879783902349243502244030 0.881077482876550205852328193032 0.784125339995730144362818990911
0.774317879207975441704194005390 0.613016948873702782570032377473 0.453809275640470855319833766130
0.840663768207668013084906703455 0.000489711890402498692120995258 0.559346428877468220585463575473
0.644479729092605546759812119945 0.077133693675660603416599740370 0.321781207389787816968917551179
0.588298627471504096370471188605 0.878876055050254946835210913119 0.513840059173718749339909302103
0.555878298088082529086712331806 0.507885618589847276315811158284 0.336954101221570327437766464952
0.014969680758067401946692114807 0.667245685155534753756893674178 0.541668892863670187900695315396
0.577606373595527069047471772919 0.865964483428813023809402321669 0.537099757787407145553246779382
0.309730092370753682829540273660 0.864033802877090139339633818121 0.392481032091603232541336802198
0.549740184047916277713385912682 0.162613842979325274690392799103 0.110596266299325050122734119461
0.654032457982775997615079092222 0.957650606054021122203532412145 0.572515514603108046470863204243
0.132774516257272131061447156828 0.716882938011851759013254749942 0.300770691465069686511823535633
0.208771066955810533145736879211 0.839978375425946796679745729010 0.822432441695520398246481203392
0.006127238346001247478308391908 0.075857223168441693300925568977 0.677063232859879958867106535019
0.023396265549076489796779783074 0.516489712859584533038020282375 0.109853380539573306654779705704
0.952498482572708547971193752869 0.344915627789630407057152362836 0.082971035631062276490192422834
0.594088213887015158403589226312 0.940343026700942113560294238662 0.441123755636630312714344911385
0.007016804602390722674121495142 0.438481310196074133114850312459 0.546228173265007125652340298845
0.569558603803939174299543011645 0.677620503104429541787140020370 0.500802189900582851170625534708
0.235314116217891540926724787345 0.443560446129654323317791040563 0.697730099347398554620723702695
0.349922937921208484590444370692 0.712028035268973835035843547075 0.454428754464351470708209429414
0.315155379263644895016743905774 0.432583910459449778133650901078 0.522986591042984559530710816223
0.549660148651482035430853198189 0.466294345366702938736469117983 0.931583611957251820335698495574
0.147089298297524585075002627554 0.232072718394800466520043033640 0.057734481340867642387524300035
0.294810762700716044698662168036 0.197169104352488205687906461204 0.227747570516724839124230065519
0.862304225602563618480374221620 0.295360326622059636760884078347 0.855071882826341518539102317045
0.134781251374835266167774582888 0.915108410152579576440226932261 0.019927444250507598615608984780
0.218491941097231243696624915170 0.279948080239328407540978339536 0.014467379870011163798569900607
0.920461745524976744641995538797 0.562843816290902031117081471186 0.402827253046732874375459972316
0.213808600671673398905432336360 0.402074179028020186109492476638 0.365139210832094512910565499185
0.223300183617271737459227941760 0.647050518452985069100880227015 0.425484420302527485813114789735
0.750345564552795379357687559738 0.642954854014356071719033593517 0.667784061559151752505519861134
0.242594095655009064517774571721 0.763885839337519958009803786425 0.997873630217558368224290424681
0.705072904401876748307216355750 0.406052134482942085219990637690 0.861143852762866300049156020805
0.600822182814118405690358439719 0.808456794242507841067470640210 0.267988959465785585381770250543
0.433731795600265346373663121259 0.963812695192380535474998559576 0.974239143550171268380515015034
0.046678516706720568472279654675 0.574922331495766670169256988675 0.824980528000724428157089121736
0.315357082868992825727098269254 0.605275316558787919200725035929 0.851807397105626418457247195582
0.115920138153422998717361982349 0.416566560613227549959807189707 0.302996776872337490725788733102
0.694500093089854889564396833026 0.081919108040873118417155181600 0.561457149277269119899825277157
0.230251351621022417593156090361 0.450234712590247033046117298018 0.548139114257924070189466777108
0.767235001739701634881296263214 0.943941981060621204252198648829 0.381485301674534512250203945653
0.555377371921621641811694853876 0.632595480612062566062002749614 0.190122898862530876971579771760
0.053322486059624977901868884847 0.159499340332675795778827477727 0.437650098872630819622625044932
0.576728605603559128091535894805 0.110089398823778487045452276052 0.457970693370811139056959118947
0.100203201258922365152043657247 0.531374453965415945443309954730 0.706977038931607922726980720613
0.925564281881129090908634650725 0.902477069034333822496864769262 0.830525634805813763556728401641
0.879103737705454055678004815285 0.427816905240881323027027601305 0.959978888666748758075826410102
0.762048871079511099440436361551 0.050849884386161047278657055532 0.277098218705376722165623732378
0.924782519054019948217667336943 0.741878662582396361502600312954 0.709911632774110806435589426557
0.895433980601262172690270654224 0.938689785872828739231891481539 0.217200958549916908367054909684
0.262451000141484901298626750551 0.756324643143302247064717958520 0.529543585580115412318500252216
0.258625740882021851502650807024 0.315062822359848893864810934349 0.295919284972101131964450892476
0.743191285989899596213565810967 0.936388225705635719116337278496 0.264893408895954040202078259452
0.699398550422606921322682216255 0.062771246180318104644488080126 0.491539971885713526304704198074
0.594023137307176990877690919142 0.953418042517289036660634010755 0.949862175199924015195601926476
0.755328117435080541926319859133 0.309662795991286523935874904995 0.870784994168703830762327141183
0.830268914910929466601652217481 0.991464933500267775970344591690 0.506307213787069072417600433852
0.904587489275719312128628070785 0.551606923736933132447291367925 0.439284637059700703676335611930
0.737696860147187349266080411689 0.188664360461351750893417176146 0.324909814685635043330750172029
0.381726930966101714923657065555 0.129040877635892643651182068471 0.397257676169397249939323032636
0.366377633137125283859688323683 0.357158392792283573529516192041 0.412521433397979174631569728305
0.906958629068100492011064629360 0.415601717812743182843147449776 0.449834370823288464494631242927
0.095877407630002002615041732932 0.314873221881809418147567070038 0.523379586270341740685832695821
0.253663443674189162564696823584 0.703602542096150403487843747464 0.845674636080463597871854237787
0.221518011659978115132324861388 0.805655449329615181240222272905 0.035045112128908875204515048751
0.904095732186993901334098523179 0.217561376423379649448436563935 0.352245083793386120555185222830
0.192180974386543404115145621458 0.946933717115272393323037616829 0.036677373925196184369865794341
0.702917016546520538346638860754 0.881925363615369019703860338735 0.991639386772621287392165555865
0.994674768880181317285256833782 0.930562604924936217288287094701 0.387166189569919226765533670947
0.916322027134749076311244035855 0.030819778656104301140903383078 0.797808066731430629769554088068
0.901378960427136750621608235555 0.291105352451130078103985042389 0.824500097348129539917067502508
0.005899420959572018515036005922 0.269735354539826118182149986766 0.273916580478681645607543617841
0.683410819691796531976268074791 0.815096188222298718711793560575 0.437169142077265992634060129053
0.476879987243282358891623707098 0.567432146234503749009569917131 0.616953872736699893552300359109
0.690896287308178045237519357276 0.148177401628876937300986075647 0.631480622787388300852795210899
0.033766390269451197642945463775 0.200253226216959370514535667738 0.809300818478370448505761097238
0.225044594300542150034579926386 0.919665465699587473012328538298 0.582573283273480504328602416517
0.460784041667162202126108857587 0.677688719035808408475240399322 0.003007670848119182301234240552
0.269573479684983407846716228632 0.437764303424168960254610677776 0.077935923092943107121023434346
0.268198632329258829799770931355 0.503883527192820445910426915889 0.804409607803522716067851384439
0.315112851747890641456966099294 0.455046039125048141888988502418 0.826605021575978090973911396162
0.608882166488436241058323237969 0.689568945120621219626088593456 0.239088603145854207145762260722
0.755941817831042481655860866876 0.715628449780816231078148930745 0.357784504639578129834183904426
0.111541746305037271880015903343 0.926414196789926136015829388432 0.776130760734887057322574840737
0.879104754268610847629013926483 0.480995837500040068470725090078 0.020795101480505189427729096319
0.814819954255724092299694866323 0.474832852226381035684355955237 0.242965086686668877674042477545
0.554201148625839219984886433767 0.242963883659144822093745129437 0.535714387487835922907814628960
0.602074227888264375289966672772 0.896341876194887403083916142472 0.260074545412226686237664490772
0.248423734453214953633659629801 0.687869840180512650924254950472 0.778550315309820278435025911571
0.104060774847106607019116850617 0.474770975580151866821122186875 0.731285394062979359268105771675
0.594499746598264016486473840633 0.709901802820411665313071419842 0.006540553212099101278034715379
0.119468947943753464500086676792 0.441468131910653093385858256695 0.939561885066902806963354717629
0.098472060007451923407582766156 0.024489736811745646439236567777 0.109156554622361163802927509071
0.340605035287776624779441850583 0.542738235235084841453245486389 0.794727486249895643661432077837
0.370867491569112057697396828092 0.863694217223482434839579450721 0.711578985504212576428817955111
0.885876973544053813765459515473 0.310634966417438588576776758444 0.615037328241086730236643441686
0.757640003179873120766034918417 0.825100752362144947894243561983 0.148158384698886641163721096702
0.082365701976038278372590198198 0.439491214484736075294036554194 0.992681817652996813358111328533
0.811651880718855215885078608912 0.420125127632648474060522534969 0.007072458011015168085163835743
0.004190422198430485773882623998 0.841379611256132686702132849158 0.119725121861624805029638881143
0.314935651392456489884899327587 0.427950194458547372129870903360 0.860638027320886504198820175175
0.909544278010921659779616022824 0.814577743795674151507044110906 0.549100681956397973768727931930
0.545458964288198563437027111633 0.827195933586039135810188964624 0.400813013832342410566392261943
0.152122152853449530351209486226 0.265635333485319579873887691132 0.007860882153027499710220126529
0.974307657503041732801784462316 0.907705095086810175821615541299 0.168092735439927914926487483640
0.888092048800894211958762276236 0.294157936778633119399900468243 0.193867225057295141428392643804