0.516311991615846399561462476413 0.349436271838317380478144968947 0.126031218262309341326954381657
0.132438556708327881406006554244 0.982820426413100522999855002126 0.983112844683746711638150372892
0.819102531368314679127706767758 0.822298451228147708746973876259 0.913738963086631827970052199817
0.181985244073558538602242151683 0.617169753480727889538570707373 0.618129541900854562186395924073
0.594446331431995766969578198768 0.780499592731499935993610961305 0.447423683337851596508727425316
0.172474927880821277126344170938 0.298925571851352767094311957408 0.632803127586597291553971444955
0.526759323772045817690923286136 0.110394157431252859513648445500 0.837207498526552407192014015891
0.934339558530895786248038348276 0.786481566604755211180588503339 0.672234129193968854565355286468
0.879285341427141542425260922755 0.769002387124805064644306185073 0.819465525298697872180753165594
0.807012155778764395108737517148 0.996379163506725951116038686450 0.951869212986016566269142913370
0.537668093797838864134064351674 0.415693302017161592232241673628 0.675196645395852779181211644755
0.730756885800099786898442744132 0.903164518549333661390221550391 0.497812245094995442507013194700
0.886899725993678500479688864289 0.095687680550835901849282549847 0.318005092440665049213777137993
0.798359858807565769822645052045 0.096275523086549477658202533803 0.143936571625975034960376319759
0.715614294148244733939634443232 0.923033093092680889668599775177 0.561974034821818957396999394405
0.289240067918185572715117359621 0.804840937512032783551774173247 0.598797832188968648381433013128
0.144371347721566040123164498254 0.774407025116957359323066611978 0.519020003726280765299350150599
0.153773645412873943838505397252 0.202781084754378088108595079575 0.879716882406751832235158872209
0.339765955341776393350272655880 0.032760145073154244010904534434 0.091555295365451927480648919300
0.876065716189245669021090634487 0.862752559791783113496421719901 0.009652458669134970567493603255
0.566753781001438028397387824953 0.670182238999712631688510100503 0.674782644967417022385802738427
0.651420936656619264937262414605 0.166076407082817234517335691635 0.325202958425633181782643532642
0.952964162994713093191023745021 0.615668727895398726346343210025 0.433926037687856758218174491049
0.057767781203346003915388706673 0.427175592788115232600887338776 0.205105597931959260371570508141
0.208083247176625268926031253613 0.661126682724206937713518072997 0.423268944500701571609369011640
0.990404772756677820311210780346 0.356497259531926014020086768141 0.186062912785519174452275592557
0.814435845844787342784343309177 0.357370151523153545269906317117 0.722528731850369809741607696196
0.313218200344818620273201759119 0.070032439087012551826028072810 0.136222423947913534592046858052
0.099305729686427895996914116949 0.098022211152882898765881236613 0.305826536602600618230951567966
0.638366454513098147138805416034 0.287536386208821104215616060173 0.077926154201054170789220165716
0.465539408853533343002339961458 0.061081103781997547752524724274 0.237055950568616835560931122018
0.431435136946413944070144452780 0.136831003339189488654525916900 0.149513220203218416548551772394
0.892710053827807659132531625801 0.089012551158738878465115362815 0.173034545692953761752974628507
0.287376070563861107931558080963 0.990647377478417023866086310591 0.105355401117603622584972811183
0.303636599208464641463933730847 0.397273413349916892922664146681 0.780570645631208814840817922232
0.288627424062037118979162642063 0.160804128198436591112852056540 0.610249241611618420400020568195
0.196663539579795959566510532568 0.626678131751984279773637354083 0.889115755575988653269803307921
0.247556406837184300728793573398 0.063648427621509587326364965065 0.199074946052684942365829101618
0.279755197263090005233010515440 0.568079084624025232308497379563 0.286198444946949515088618909431
0.587583532099805738724285220087 0.700958931349659586373945785454 0.705530592492214836397579347249
0.501033418723058510124701570021 0.482663003246642963173229645690 0.034169496354117756542478900883
0.421508244283989808032231394463 0.491546325993745814031399277155 0.739159360856462721578452601534
0.917163579674745266245849961706 0.348510917154656818528479789165 0.157321780248314835315426307716
0.839933014181801107511660120508 0.103188089730008439315334101138 0.169096800557872989356766879609
0.642256422709956531491570785875 0.734824614613738047452784485358 0.278420769187268435373994179827
0.635962932973325290042510005151 0.539764072906994796241519907198 0.645976197579301691931163986737
0.363121848246749590050086453630 0.885188142857694870713203272317 0.676095310575937191721607177897
0.053822184024692569515035955874 0.411213996930582359468075992481 0.548202144022532866785013538902
0.310900597214690654901403377153 0.260087740235839082192370597113 0.501076635825980609695307066431
0.690268323032848685194551308086 0.837671532488970749241730118229 0.130941494783013784308778326704
0.330931228384734266168010208276 0.066913033809980940191941556350 0.788642891276629232066852637217
0.293327311799091772215319906536 0.300601633603576501307941271079 0.453831744426397065694800403435
0.785078164907413222906029659498 0.240939570400735408872705534122 0.225781426669598578316211501260
0.827354467043124763847572467057 0.541863711560988448034947850829 0.300248264884303450727998097136
0.491364730479880551516913556043 0.381260263971006763128457350831 0.488529484756915932663901003252
0.169937023699880507265902451763 0.735277779044926194096376548259 0.076242418575546741510429171740
0.824024872259635499105456801772 0.341850183998127998830085516602 0.269718613296885456609430775643
0.296627442634741500526729396370 0.548088742789282434841879876330 0.644993604857825753029487714230
0.171893565639707618375453535009 0.831467763697125494815054480569 0.294026331128693918515182303963
0.088904649626049103705582865587 0.772057375584966787407381616504 0.664572732988907732831762587011
0.393685390053097883367172471480 0.145816427805137316386918655553 0.243102498616159179434248471807
0.325714354982934939375383009974 0.488108061202339515993742224964 0.431619941586184607817955338760
0.933599032506142401111048911844 0.826671846389692932532966551662 0.384367212171593364278265880785
0.451377768952488656051258431035 0.321158031521279307973770755780 0.691948313036143347609652209940
0.966837731589744175941802950547 0.870677305326950423669529754989 0.852152879431198106985334561614
0.525504742115964762483315553254 0.681669653594398905482876216411 0.829913799197887547265395369323
0.490604011315128207826319339802 0.824399189313665625711280426913 0.295892901594477730764509715300
0.463692508939181069482771135881 0.108600820133954389934416440155 0.074670473860933658794003520143
0.281938084836983349212857774546 0.494151782685630869274007181957 0.704147106632494024225366047176
0.329409786439906704380575774849 0.793290791342265211305573302525 0.879001779101031166518964710122
0.888744943562848610518756231613 0.720442656386854007877218464273 0.558771819970197647364784643287
0.241456973169065280959699748564 0.700724649949449829300363035145 0.003470489512527491146598457306
0.151549778966362569398995674419 0.619215655025053601789863932936 0.018110727451376318342113336257
0.128074266409624409890355423158 0.072533070512872513391222639711 0.564485568844546703459741365805
0.934061430276232784741807790851 0.832193481205563689862003684539 0.555552588019787352280332015653
0.569339830407421532143530384928 0.879028843415268212879709608387 0.209354159303054676577460213593
0.905671009033893970041617649258 0.973258443415656038233407798543 0.931831834856362006824781474279
0.851105698138054700407906238979 0.487966865757823664573322730575 0.290307975220613634359523302919
0.741131636594429377140613723896 0.040244250934536589248136095875 0.379425470405704845511252187862
0.304640805202428754938637212035 0.344421966344914454172254636433 0.052436947054627619513311742594
0.607263012460690920768513478833 0.935943260751536887376289541862 0.916339404470169482941344085702
0.173036447304480478504018492458 0.415923378821329237098325393163 0.302435349866504721294546698118
0.668893309782449763112310847646 0.351547853280251065832828771818 0.491847417529888586429365204822
0.162092002455106576341847812728 0.607634009278884112958962759876 0.279505098166737298015505075455
0.387757384068944221944263972546 0.511251568205590256610548749450 0.787408925318533348125527027150
0.573112967778586002154384004825 0.772095856372929767452717442211 0.254288234480741170973061571203
0.726814321137275065609628654784 0.073081850375831633459533520636 0.972822519581106548436366665555
0.363371908450469904838797674529 0.633627091032929468106260628701 0.599149115326391368263614367606
0.082725471085158805428783068692 0.435857400328150068613553003161 0.433062993947527674620801008132
0.144640081517658086740496514722 0.366826631726923368947979042787 0.648492454379438920675227109314
0.503534255283030640626407148375 0.270669503871512950876621061980 0.191036036999238406641765664062
0.368264818802604976255565816246 0.663477401429472868343850677775 0.187552308399109468606269501834
0.055444171325226714042155862217 0.062268206381476204347436009812 0.176750785612068833652088528652
0.873352028959431314625305731170 0.379906859978153654822108364897 0.626750627057708231681942834257
0.224299404244946931630266817592 0.230519161101427005888808707823 0.154835504134702817147228870454
0.372397269647820883253785950728 0.046555347150851300597196313902 0.029998744834873931203178543115
0.815368428934676092723066176404 0.805675879796935889842757205770 0.165039478544204198939837624494
0.735785278726021618744823626912 0.140556087827555825642278364285 0.027045296558140311665718868994
0.030428308415625902882961639762 0.530924070659849256514917215100 0.138453041770433077362056906168
0.516227789532576197828461772588 0.504858764056027475852772568032 0.089904294445948704228577241793
0.737758182812612850476341463946 0.686026366446068625037923993659 0.020409244643016112574773757160
0.874190004422640831727164822951 0.116408519996082759906386172588 0.471986339229486240309796585279
0.939332812722501575564137965557 0.499374775543528659493830446081 0.123525389073997182709518938282
0.722810166631658201907839611522 0.879347937840452287261427954945 0.499898587137582062212004530011
0.761046267885691851695639797981 0.085942423680526763840603621247 0.984429045842734273819019108487
0.666672268595241868105460980587 0.422581366050214124463479947735 0.016647994852647996638639327216
0.974576741687825376381226760714 0.536511242919152087083034530224 0.547243956111725715629745536717
0.473441345578467953636447873578 0.653941730267875387383469387714 0.410960351069391049971812890362
0.694169696347300968497506801214 0.869303748014871868754482875374 0.336451651159294817805545108058
0.903313937511552644821222202154 0.446849363868397575494384454942 0.086221137759364435693143491335
0.761485549126226457516963819216 0.623412030138228767661701112957 0.297573006225253677836661836409
0.805420577809048854334150746581 0.630983494097164920866305237723 0.952303513811490476292931361968
0.236479089759974447915169548651 0.461972080710428611993734193675 0.583915406121450764054259252589
0.030396383983843089371390533415 0.212602471963443562241735662610 0.819142241744426402583201252128
0.153568802273283178116969338589 0.998583573802328205992751009035 0.534491924178028265934869978082
0.196142145735218126345600353488 0.421743656011679568518246696840 0.204428757039804509521019326712
0.553793806400167620829222414613 0.877101399207678489311490466207 0.695538243612798146031650503573
0.939293016629891841517974171438 0.263468650094103862269179217037 0.516099513835568068920167661418
0.130668461784647194079411747225 0.102182528274968126291710746045 0.088355273291587058115403863212
0.303771531989782628269125552833 0.009763569093987591734906672514 0.773172647630001930174614699354
0.357708569562289968590818034500 0.124479952229550827613735464183 0.858031570230147089262118242914
0.327788200069092594546305008407 0.545548015885049197848388757848 0.821129074795075242221287226130
0.672691007106591687403351897956 0.718580343596342152601152974967 0.884065946658357693088703399553
0.864402859119423050415775833244 0.348904902698129737448340392802 0.645884166695185557571790013753
0.140462154708107384015747243211 0.888009922858051026217651724437 0.885101636522845125476521843666
0.115809940211601916648653798347 0.282332000608819411180405722916 0.772360373245705500444557856099
0.420359109957155141490403593707 0.493431365539398092412426422015 0.988528752148285172474118098762
0.354167049287764656995136647311 0.677160192606100719281414512807 0.184190303990965698055504162767
0.617907092064057139602084589569 0.035958669373473556296616493455 0.773898748001942693441890241957
0.317038944113141318847937100145 0.563226389941012373085982289922 0.843086834389930261934864574869
0.832542463989442316218969608599 0.927712132666127398117339453165 0.328265358644181437508535736924
0.585875798145147785866981848812 0.724969809156922218029706073139 0.870768503278769312458962303936
0.190116922599579601937946904400 0.587189912911705858000743774028 0.303076737824937214593745693492
0.357900416357878059514519009099 0.098830121895085373817657625750 0.004774634132217132898023947973
0.318973642619981623269609372073 0.468838013130690345331430535225 0.366171707195440621074311593475
0.179585696076135031828968635637 0.313125139640790195461050871018 0.782296945373027963199774603709
0.985848608101336565390226951422 0.477263699936253171784983351245 0.003224629987249263366605456227
0.265201972871775715212550039723 0.327550846624747260538157433984 0.924565290948322182629226517747
0.117675348152558797987232708238 0.728724281726836786710066462547 0.740058551098445649429891091131
0.844086964401763339971296318254 0.201837442820921281194657126434 0.596862592217144660722283333598
0.214013257381111016153241166649 0.199381027870249222244680709082 0.612687807886173940730145659472
0.797822603240072592001297380193 0.025649108858281411543744710002 0.113816301798016300539373446554
0.539282648768951489159917400684 0.765776515364746113156968476687 0.983313946617144885031791545771
0.648089789480325695336659919121 0.759911059882133921306035517773 0.654534909005887288735436868592
0.629381490218626993282668991014 0.776556771928212263844670815160 0.555407518546273903936594251718
0.398957478097005491246562769447 0.023930913300015309308488298257 0.568369476226221137515892678493
0.052220008390320961366715124541 0.282327252290861363537288752923 0.240723586145168894079304777733
0.422917166472014105504939607272 0.680933983116660423995369910699 0.443919647356554036843334642981
0.902165583601681975167707605578 0.171766115466434610148382944317 0.433611950851809591078733774339
0.098625698484687066014409140280 0.727059772802411186098936468625 0.562864535726111947511185462645
0.202924551647170964274735638355 0.728402630774865555984831644309 0.874116067412462616204038567957
0.212196566130814112671743032479 0.115528869596069339031885192526 0.878650686461163177298772097856
0.238839012387121629732433802928 0.026730741732624702794440807452 0.010115385748945951438493295882
0.053208574646525390317020054454 0.898301465165085577524450854980 0.702376340357668604852392491011
0.503338407543386767706294904201 0.397165149426160435375265933544 0.238354411050444192632369322382
0.013213402813353087097980598230 0.367431538095964460577391719198 0.083820496078338524448270163703
0.220274878445792465786468028455 0.286943669785104771285944025294 0.869516396673469582623283713474
0.830800780663864313346778089908 0.711792183568984104802268575440 0.395308873223798484808355624409
0.520919242526451164998491094593 0.717473805738468750625713710178 0.505065032185097018135877533496
0.922475237769624367700771472300 0.201870522327273399509905971172 0.601702620512142405395650257560
0.233575681719765615440564943128 0.692600722403353352696342426498 0.201431697699309991689275989302
0.586369904631126592775558492576 0.840879827511135657935881226877 0.549913391617683489087653470051
0.637195840732674434470084179338 0.717922268082003545153213508456 0.806984514841644573479584323650
0.698983363884281838629419780773 0.799289815712843632056205933623 0.618874564952575534348966357356
0.606544749276348271749270679720 0.572640406714949978805861974251 0.890084567283306316021196380461
0.631958438854123949468544196861 0.111468888989815315126996608797 0.960347491562681732091277808649
0.373568740301654600433067798804 0.723729790640363690457093071018 0.101155409093465889491803011424
0.982085823217837328158452692151 0.842756727383697334943235546234 0.528450183264979944652850463171
0.636298171417226665624866654980 0.050210708027909806139277293369 0.337568608122831681495057409848
0.913325436661543310634669978754 0.261681209692406935296560277493 0.307641589912540425189035886433
0.835566424005479313485977854725 0.717531481341937005247189063084 0.749209149218904690847864458192
0.792221377941000670652726967091 0.869559824610614540141284578567 0.648564872105276135627605071932
0.636253841923878682429460695857 0.588856608499583766835883125168 0.383113570024849414696888061371
0.862367805635238737771430805878 0.199576462607831489615151099315 0.204698032556651976499040301860
0.133367108385751581556277756135 0.030716600880944952556284022194 0.125476771894280053620818193849
0.172977201390047435891617055859 0.113689348645859222841636437806 0.075788256928558381253502318486
0.160016188346002674602885917921 0.193435909738943728752857964537 0.191081793626669160790498835922
0.534812045370623989626324146229 0.459024557601091953706884396524 0.541592044144138418104716947710
0.779427428373013708728933579550 0.218502011609617574627861813497 0.652800517891533815806326401798
0.253246936199807315404086693889 0.907768228743071614594839502388 0.113859645343819870788593107136
0.958891400127943493991722334613 0.404164198966484200514770463997 0.738966674495951103551760752453
0.281735863742685999078219083458 0.519149325783678561307965537708 0.935970732652825376796101863874
0.025271488459365491763275457515 0.966984828817384123311740040663 0.764206852466281283398075174773
0.237476302132889588447639539481 0.014313467952561855639492804926 0.304776572701191683645305374739
0.016011047577303264694004170110 0.969010224577119827493731918366 0.488856359586826272334292298183
0.630812680572027995040684800188 0.345310653964291003337194752021 0.106252124285004856396597006096
0.803697117544867611904635396058 0.710872369362947953419507030048 0.339104897105313773941759336594
0.564568531265535411556300005032 0.686105647402195484296782979072 0.530215648967198416308121977636
0.468557143281695065439862446510 0.009171352603873212522289648518 0.125163787289692185478173769297
0.323879137689738860750310323056 0.907119431972248091433641548065 0.912058559339920749131636057427
0.045213511271233852717443824076 0.116555841795427730933631949028 0.064631079232985014226819941996
0.574359636754029123650866495154 0.956809791567401202172504781629 0.146466829850812718660790778813
0.183198825998096198608422469079 0.009107890335600381248593038208 0.196160167677535607344552204268
0.712760366076453988348760049121 0.404604654140544139906410237018 0.551256350722671317754475239781
0.424038314952994765949512157022 0.682544436479197269562746441807 0.529168432753264417200966818200
0.845419112360704438913217018126 0.088632839619197947844675411488 0.292089053238724527528091812201
0.524910803910143108907959685894 0.842405065167291966510276779445 0.335592004111092634399682310686
0.907586565715246651464553906408 0.504770666443125515243650625052 0.501442681757089725458342854836
0.797203764245296597756862411188 0.036314513643455739733134635117 0.159201176582905307155257901286
0.910630413897719259708196659631 0.368088383268146690507904850165 0.277964031638529673884363546676
0.698898549664909274348190137971 0.272857367230014191683551416645 0.539104395290833093845606072136
0.170799084827818165033264108388 0.018327825945412188485272864114 0.433341772951785830780835340192
0.289072981578803678281985867216 0.594573822815319008583401227952 0.699585832771043913957953463978
0.069210249359775086186452597303 0.061204149839431974677861347800 0.386190303912199606184429967470
0.310210099876812805952397411602 0.573807888637035690138077370648 0.731501332689419525578955472156
0.754454347828344529247601712996 0.181098887750940434893109909353 0.034321696007736629541184925074
0.022538086463931530922799595373 0.897839706306808316149670190498 0.292528736356688356945454643210
0.311599087591814150055569143660 0.576696657844695037553606198344 0.506870241559682299659073123621
0.641048047743599469505682009185 0.221557029929931786904617752043 0.914491484901436724186396531877
0.463667704341415298774364828205 0.943419033353448677203800798452 0.855828899943784970894000707631
0.272710036072645822802229531590 0.804200182714894906688130049588 0.228973597907481757340875105911
0.052040685982515329233155654265 0.591570688844485270685424893600 0.581376826015544745374086232914
0.028004920823425202142109569081 0.174143076584820116758933750134 0.239675139827438599127162888180
0.066338717487582146703495311613 0.745622730357959895286512619350 0.161217140315313922638296162404
0.221156239026717604811977935242 0.786281901535380578494027759007 0.510887824644938537410610024381
0.769721248213472875043805743189 0.747389380869507902183102032723 0.503741082937844031341967365734
0.197127985935673377682064710825 0.486250144892344360325608931817 0.536918356674656593874317422888
0.186536641147157511433363197284 0.961193602673762748089814067498 0.267250340839069122633731012684
0.823351328632373924421017363784 0.193030703181601148710200277492 0.098401323475201876722628924199
0.613548084869225407445014752739 0.804240952075828574585614205716 0.709986637084704663713807804015
0.242927228498749925300614904700 0.148622340436422001319627383964 0.962916953095815819629876841645
0.501628993965787639552900145645 0.636855738047053754335991015978 0.644119941911958426850048908818
0.111933408407318454869106005845 0.269764963698685633630702795926 0.594563961386568196054724921851
0.966058556756118069763772382430 0.123493994915176916182808497524 0.478868847975675138162188204660
0.952413206406092172073840629309 0.316838018259702036694136495498 0.544470133037579850920906210376
0.919473095886686020428157917195 0.636407130830307310453974878328 0.464343068087311183766985323018
0.500401699168270042150652443524 0.476292141221624776292742353689 0.485399067528401562121587176080
0.482464391296787198371021077037 0.009619926838412820938040148633 0.327835663869516291679673258841
0.671496530958133885924610240181 0.355025686960877440156991724507 0.280244660434319503572453413653
0.830980094227363741410385955533 0.055106259972804473579177653164 0.952506981006935093958531979297
0.886986217876099658496968913823 0.753278276242455469002834433923 0.888296429345078575323668701458
0.701350657401871746543520202977 0.656918083524175022702706883138 0.319041368180387807651499088024
0.014913258618979378586355544201 0.333375228956991009887644850096 0.391518901233129490435658226488
0.862888893347190988336592454289 0.738834641632181376991184151848 0.014325213034245375468000993635
0.345956403723558347795830059113 0.969155761325646958326274216233 0.700806031541270857410097505635
0.918820430140264932106219930574 0.049207725682798193755917992576 0.393974497872142781496052066359
0.015840569370806904803128389858 0.103241960972450377842513091764 0.126849457957226130488948001585
0.396624595347732755712399921322 0.095440665825645254471965017729 0.985153193795318848913211695617
0.307547467853569844731254079306 0.188752785430144176537226030632 0.640124284808213150910205513355
0.593371220943117783086506733525 0.638417547955739572707045681454 0.170832865284892776447378537341
0.604163546847102050918465465656 0.152046021566700717553288768613 0.358900519675664386731739341485
0.873026082357632460251295469789 0.730009362919944781999959104724 0.278831405183873726194576647686
0.742458755362221389795251980104 0.994528494794225559338940456655 0.390794553658766252723921752477
0.102613667053637100390339753631 0.558412192614476277086055233667 0.891075735880124675247770937858
0.561152848006297166882916371833 0.632407877503146753639384769485 0.003679600409202696785493369447
0.222087960202352718841467549282 0.394322687954284656353109994598 0.983215985211102871943467107485
0.714050800923089590277470506408 0.204940702454561612944061721464 0.724770069368796843178870403790
0.763965413165480833335152510699 0.770051819370787704599479184253 0.386099358338418963132454564402
0.937783133597831053407389845233 0.097357207752281529899995859978 0.088108943284097990256142907128
0.654835316515978482776461078174 0.925992014173420141531778426724 0.780425056119727345027570208913
0.177399283658909029393058176538 0.472410689160006780351608313140 0.482579576776084873124261775956
0.247957876956851758221134218729 0.904970986228242568749635665881 0.012008486787049755736833667186
0.986340917391252958168479381129 0.446593349969747144267984140242 0.783445703779100832697679379635
0.462666284676239603079750395409 0.408541089955538005984436722429 0.925367325155744047116002093389
0.610850018597000277154052128026 0.131906503050244039432215004126 0.793693689328628049217684292671
0.558416358627398357050708455063 0.290637999901544707981315696088 0.427414784459013596951137969882
0.509162803491680415746145627054 0.331177068137620322918479587315 0.448872792915593010754093938885
0.720067043728239042366112698801 0.157950386238562334728641189940 0.232611706448469623964570018870
0.695300521516857505943676187599 0.923767304459791160908821439079 0.464984773181948918274741799905
0.081846561380587434797462265124 0.231741599009761156668929515945 0.728140122613235685200550051377
0.267444496374915074987654861616 0.382825924123106065000143871657 0.379892872895511990449790573621
0.816125520655985536855325790384 0.718049642387758146888643295824 0.173926905429516276413437481096
0.550284773433590945757032386609 0.969166538727858406510051736404 0.027400034970874141693197856284
0.529847876748113066902590162499 0.939169375986656840282762459537 0.626465029102355352996767123841
0.475398504896390738938549702652 0.364234015012863510118990006958 0.285238327527958079876668762154
0.482600484730670353794579341411 0.991223492144701290307295948878 0.884641374509931188718780958880
0.273943843093724881398998149962 0.821590444924055529618556192872 0.315028838391349208514213842136
0.005212118987854483069532829376 0.546106573116160509684391399787 0.887982727025791285235811756138
0.139270980863603621724422509942 0.994362981800098855167391320720 0.063959075650029575954569338592
0.062596188797489224486803038872 0.280137657196895317746054843155 0.889957947707096352907285563560
0.821929032745522536451687756198 0.849683384697432098064950878324 0.153057638491600173091811143422
0.549524472329783741919584372226 0.236456892270035662351190808295 0.842769516873377866339467345824
0.233891949510549063129261071481 0.991579334304211301720499704970 0.319569606680676299159671316374
0.584492755449896095321093980601 0.706000296768557689119916176423 0.348736064735937156822132010348
0.972906786754672570083357641124 0.102687823292949967357579055260 0.420739124140589948463997416184
0.934518902558620467857508629095 0.778533051567932843362029871059 0.360477626087277680522191758428
0.339401218035775775749840477147 0.652637400423174862673647567135 0.003145744829387269164006069033
0.048908023468163343283610089429 0.110815235961008812237693632596 0.349237641409117449686760892291
0.222913513076888142316889229733 0.786684833813502848443022230640 0.444737655771234696722160606441
0.578524006948348268331017152377 0.001602176281936719924592349429 0.897103108744831567733513111307
0.050369135716407983927034308635 0.472634998692175956058747487987 0.657003023363462723693828593241
0.876622310814460625749688915676 0.487356308657659775818160596828 0.253439209989386904364749852903
0.222014204920215924010662433830 0.636499655016401266749426213210 0.983063747533087228802628487756
0.388485054228157933309262261901 0.387646147984430089472596137057 0.199349038905757613981961640093
0.009794663669800914712615380608 0.903142386380155204328445961437 0.661643429024146301209441389801
0.202205649585203983686909623430 0.269014432416571969142182751966 0.260493200149911119378742796471
0.865449611514606975681829226232 0.753628336351295780026759985049 0.130289508266674014524966196404
0.095631190155981191103329308589 0.039570627814080536199803361797 0.647667543146074109472465352155
0.339724229255838117147447974276 0.437000982480339972280347637934 0.427986165530610251916954211993
0.019350287075493872307463405491 0.637986318405348806770405190036 0.090140410022918518451184866080
0.620773939904486371510472508817 0.788155063084711282606065196887 0.706106109411061000358245109965
0.626364427582491445356538406486 0.148852542824880029748157994618 0.279390122314174094153571559218
0.070227059307134770405056656273 0.597808881874935971190154759825 0.363372907914914666793748665441
0.408472622120245043575437193795 0.360370117081153351623612479671 0.510868704558404274074234763248
0.179014485858103006288288838732 0.306333484911520570470599977853 0.550316032729022630576309893513
0.746844201525222683990534733312 0.132948093850304593921407558810 0.106242358168232117754392618281
0.611615348557338123214321967680 0.426198686700880291500226348944 0.893276059254760723682409206958
0.273500632843999336163420821322 0.094208749857099982616404076907 0.693806305512595256068664184568
0.026875608836355369124504477440 0.259119102302587056563254463981 0.164060210367703185330157111821
0.293761911632366312652209217049 0.121698271598327842357711858767 0.171953276550436184866299527130
0.634347059014300218571236200660 0.282621033620893524762607285084 0.966081629322243062851782724465
0.021798014610166633470145214346 0.864797400265428839460923882143 0.445063517304975009292178356191
0.923205192235364346942105839844 0.094045187054982049001949917511 0.712441456309938825341987467255
0.233253327100147483941228188087 0.710962852566580427726705693203 0.831767367202005059034775058535
0.725077362663041569135202735197 0.921237013662039916361834457348 0.898485877405807764617406974139
0.349255882627894143066527021801 0.456641048065371202291373720072 0.768268155290413035096719340800
0.492871892669310862622467084293 0.717252995021042449863557521894 0.588862437684327555409424803656
0.182590085617229197501032444961 0.492873841602516848947601602049 0.554965487629236142730349001795
0.267712509181367019905906090571 0.396744376261838782582458406978 0.578800470196958238844331390283
0.921743064518926069617066332285 0.999063656835636471065242858458 0.472998879048542042458080914002
0.870080250222995621456334447430 0.465884567759568657407953651273 0.487268548297512593681091175313
0.722689264859351587766411739722 0.536732280132734107525038780295 0.689895104680044335410116218554
0.884577540044471422042704489286 0.875314551612532909530273173004 0.533230508418602755504878132342
0.846207756746928163593679528276 0.398051184166082760995664102666 0.665729357255054998709908886667
0.864736043637807205719525427412 0.500679124746036596782516880921 0.457970537788003229096034374379
0.566165755560782302246991548600 0.936072231065104842784307948023 0.214700634132087481154016472829
0.583000267240664782342207672627 0.533918670931031069670780198066 0.926261294178599370319204808766
0.739220146019913704193982084689 0.703095222864395075212939900666 0.540000648167178298741930575488
0.986956032654542347870574303670 0.561717137835420876612602114619 0.329727117082842191564395761816
0.909107576821732488170368924330 0.602891084398218035644845258503 0.097963319108428009718281259666
0.039815604893333043923231429062 0.699537914982751640735614273581 0.176661276251332655107262326055
0.358731063377142500581129525017 0.706761134409744973261524592090 0.836395967965117614895120823348
0.741957190176581238283404218237 0.007463011315338646985140247381 0.031067628002960211847094385007
0.416659078933897752961001970107 0.407667476174973786307020873210 0.435943107890728931419488390020
0.844326200967899231919489011489 0.876289712815728427663941602077 0.391708515280600633179375336113
0.489298133910701815718624629881 0.981479299670941940370028078178 0.164615982523281384475311028837
0.368062755015299114536020397281 0.162373055400897331468357265294 0.151251492321237246407861221087
0.548985957006602021124308521394 0.719397318277912201089918653452 0.741777725844941393518183758715
0.386073030983208109745419278624 0.277565872543262204263925241321 0.052015620159632743046973502032
0.168838113905431602690399017774 0.749972178440646342068021112937 0.531218131434494478249064286501
0.598514500152864559190390991716 0.815690161352826126339721213299 0.730275878759143126650599242566
0.146795774078498669767967044208 0.536176182170472581667297617969 0.105638633890155334005278575660
0.076230263982654866694588235987 0.378356283606942678243711952746 0.653871092517387064724232459412
0.987319019386674656679758754763 0.183372447261528209727643456972 0.163841678003705554234059604823
0.931442193742632484898535949469 0.328368384467260077119732386564 0.233129389786067203749198029072
0.950281346133835413958479421126 0.105440221897396282924042054674 0.004635432735215898672476164677
0.425789677782644482295637544667 0.881284646952480987813771662331 0.922087278777006469354660112003
0.045102123849367854735437077807 0.031465816265410791185974659356 0.616923763276167047564513268298
0.632469960200246039683236176643 0.266266869144668516522500567589 0.149916612227994822115206829949
0.407664720767000166024018881217 0.150770358493654332843192378277 0.546413642091597262506752485933
0.634356912129442118697397745564 0.370449159765557034518224099884 0.661408501640241452967927671125
0.966784162487883236281049903482 0.010224240076694729451034504564 0.279827265494206389728759631907
0.223441751393278181803125903571 0.123324378491514050071309327450 0.234512052926614117387416058591
0.598029754447214845214375600335 0.505770399816607763021636401390 0.493605850504950982582386131980
0.114331991168006755210662106492 0.493693104894398437920699507231 0.393409836247246458285076187167
0.548456012270870707503434005048 0.615157463602581056072438059346 0.398667333242973431772782078042
0.804079742421043852651507677365 0.001867673090963816590059920486 0.075178095684484386174162295902
0.708617067037169534593488151586 0.989278977342838983233264116279 0.606204924566821623521661877021
0.642448048620326006563630016899 0.609546015760815573791830956907 0.274240383848644297959395998987
0.921762263754409505445153172332 0.837166698316983093342003030557 0.982852245216327524701682705199
0.839783314753233978144919547049 0.011871237588108124461072634404 0.756276535772964830783848810825
0.892839109835401156800571698113 0.479490904267912743108581707929 0.029878209257280487903818411155
0.546590225445624189326565556257 0.437212080735880914694746479654 0.388177092387677780127575033475
0.161366020990751646291272436429 0.868429251376999333800199565303 0.981736755422851659069749530317
0.489584951334594953298307018486 0.049925104888385828105779040698 0.950131213557287357396319293912
0.269798683920636439559359587292 0.113933425600709861691406388218 0.916111221462010960614463783713
0.298670091298660900225314662748 0.913840188812617193470089205221 0.711003944277555866015916308243
0.848719907164007247857284710335 0.662554520964119597614683243592 0.068161983336815459844082454310
0.121443144920430415312218030977 0.441823697741180021481000039785 0.027949591587142781634600652296
0.914315240533735584804730933683 0.263189462748589730889392512836 0.636296951344477945688993258955
0.999094563500620314044908809592 0.125417930119253784315702660024 0.089210355005157823682360174189
0.846495191609342167993190741981 0.893893844866706532847899779881 0.211543560022987214841450054337
0.799742068026170427330612255901 0.704516825541431135349057512940 0.228005876288337211432732942740
0.090652590477939803959017694979 0.512550536796565259223257271515 0.776499000375903358772688989120
0.224396180625465763158743470740 0.248595239609345736164769391507 0.288254481723986488717059728515
0.391016664379211564828153768758 0.406808778414824323554910279199 0.596919670954315528810241175961
0.070894611149646707959348646000 0.423782461925499787103177595782 0.332826982392256220943949074353
0.698212931411066883846672226355 0.600820413152551635604936564050 0.140629407277929718844688977697
0.156026527444617896245304677905 0.661083004679517749480055499589 0.335564888337419320318844029316
0.573670249116979835690699474071 0.762140667353552681007045066508 0.930613157159174808619184204872
0.866367345706920644055060165556 0.804496518359378520734992434882 0.288199784521682100812967064485
0.385087412124692773929268696520 0.063089977040961045529066097970 0.072677056384101185182444737620
0.716449812082537884627697621909 0.986673154006811548022426450189 0.116384841218269613483116131647
0.728529671973561554487730518304 0.340735544679033441894944189698 0.249383178116357434594974051834
0.223112121324959972179513556512 0.703182350278561352219242053252 0.589402498160002008553703944926
0.912434662425995690604452192929 0.550413557742983949871984350466 0.418250137596931081951368014415
0.474398140095817100192476800657 0.071083123218962179779012444669 0.106852967692934688881400973059
0.158848618562447946311877444714 0.801776932033093969742765239062 0.222568501126551465674197061162
0.865491103341459622200204648834 0.769120742443265226206960960553 0.326240931435279990502351665782
0.219179359453632427445768371399 0.171081855979859448479984962432 0.057931087413898067761675036991
0.378056409130206771962434686429 0.041405768618831585714534782028 0.962049011122808939155959251366
0.854848327732206869633557744237 0.860929453516272591429014937603 0.049146861625171074650086922020
0.497714463218936198352082556084 0.195068732144308032427915122753 0.964823377962189421275240874820
0.566105782153303538350996859663 0.314426860388855922145978638582 0.504300816768157300629127348657
0.646297433767084927858093124087 0.703918907980498054222096016019 0.683924441149074135992691481079
0.342619737061677254175151574600 0.560672221539632475995063032315 0.550291445391759559413458191557
0.174375594612965395535653101433 0.362574170328219091974375487553 0.105252743716660754347280715137
0.924069027520592167768143099238 0.797017303011780420263221458299 0.606947925251634212706619564415
0.646991337559684076552457554499 0.859842822619938607076051084732 0.052367336205501539836415503260
0.671538745146001647690070512908 0.104391931154920139523945010751 0.529742855576147309015766495577
0.178033223264713519329305313477 0.894785047833737245959184747335 0.007460306186731028091352335707
0.379975037780951208077340197633 0.649787669853580496237555053085 0.359690219376973263631924737638
0.806106117352361595251863946032 0.454147242772829251578059484018 0.914392840797260575413929473143
0.341444693940593568814989566818 0.991387550765578162703661746491 0.151997615088748261324980148856
0.424209973424840680600311770831 0.906823098047731424031780989026 0.193915281326135446882119595102
0.439747107025197647711678428095 0.760916470917467280266066609329 0.079600880852695704570365364816
0.876838733228708644418247786234 0.759350217275424954621598772064 0.812342879851535415447472132655
0.885022204744587481783923976764 0.423034150278935761058107800636 0.433742667072532561700626274614
0.273650866136993187183179543354 0.827994629771723555933249372174 0.488154175969864212447646423243
0.139330869390025147147582629259 0.807308542237976878297445182397 0.834188511052130432510409718816
0.804789173648074784850336982345 0.091417443468124068295388440220 0.916055972133181573013871457078
0.323580702968354061432876278559 0.426229981722035855540298143751 0.105390983623919867739893163616
0.458862392403587726619207387557 0.440145154645379343971711705308 0.721780285835343260458785152878
0.176673935216123317859526764551 0.333674545712939751851422442996 0.858855096696711117765232756938
0.244504538356006106969431357356 0.203148507188629534603308002261 0.925052267216412649197820883273
0.401234104375369604600365391889 0.546961958799939473863105376950 0.075894919202490057630328124105
0.822705679134116296680190316692 0.890713859155429776848222900298 0.093858434751282304731034855649
0.625481704246266589919400757935 0.707922399418880021748634590040 0.512618451263651020433087523998
0.393516592263387365857596478236 0.798910749729246694172957177216 0.076173368735992716405114322242
0.919285384810550443290821931441 0.178865335882407522349879513968 0.250728682043209805119232669313
0.545584284489511683879925385554 0.984246177774606656463163290027 0.284283241984712276018143484180
0.195483573363045559645456705766 0.577306206778356423292564159055 0.383765747203703266876573252375
0.085423296576116927725230709711 0.423550794797273588709884961645 0.092818972241704975068010696759
0.654649303507412461122783042811 0.581305601661714077543763323774 0.586309989894817640276869497029
0.891112676498969302762986899324 0.061505804668894277498214506750 0.677999546916250195316422377800
0.554189311352016433787071036932 0.703717782882046671844022966980 0.433910196278615656328980776379
0.706535199031086968979309403949 0.970143279583446593861140172521 0.926169281554982903870154586912
0.586914187781031326807124059997 0.092477933829544806121347733097 0.183940610109670860117248025745
0.381590986872996029699578457439 0.259392474345541856894925558663 0.748444309620292402840391332575
0.793958906160687871711445495748 0.732740134661806541416240179387 0.873117027723313787745951231045
0.430279926975907112129959841695 0.304927022806127157039668418292 0.535665638488483031309783655161
0.798626640198282888860603634384 0.324265135931797898738437879729 0.559125773689573057900759067707
0.598982795875657281214898830513 0.324054636745926771812520428284 0.962285623704455028715187836497
0.208038161411300659420220426910 0.230048297887882585710528360323 0.120348526164725466713889545645
0.744684607208280224810437175620 0.740771193884102618909537341096 0.072755783292655612504162832010
0.010141843975623609022673754509 0.541472216747011070303585711372 0.234053307679744332370219694894
0.214593598265283069803643911655 0.952477640924863644400488738029 0.518642234768532217614733781375
0.700883547738585410691314336873 0.057238122900803746484488243595 0.345631742574738554107938171001
0.192375794753380013890620148231 0.981782000358755291280488108896 0.275111869495253680284463371208
0.290648247372560231127636143356 0.956421957069907846538114881696 0.049556896812103547189654051408
0.571231875392192112173006535158 0.034006571518857053870732443102 0.489741781866077807716663983229
0.463818235101469300563081787914 0.869992243485112060064068373322 0.981428561881857897120084999187
0.278491670139138225437136497931 0.773752525602108609525942028995 0.558733587329436787172198819462
0.778486067470365306064650212647 0.317308500137054472212128075626 0.368689051240071619108817913002
0.798963985851890545752951311442 0.673375486752460394868080584274 0.878174630259816457744648232620
0.113984593790142627045547385478 0.176718483641528562033684579546 0.515343282540012825876374336076
0.929613309371834617422791779973 0.309493364152465089134125264536 0.282799186214363340585720152376
0.228254872581256179620012858322 0.347508533484879977848436283239 0.695304129604750520421418968908
0.075379062989391010241035928630 0.043800595768960941256420227319 0.681855612103647534816275310732
0.335690738599356497395831411268 0.602799330257793530840615403577 0.110651776575799346002959566704
0.617072997223733321625616099482 0.724093495296721956222540939052 0.805150814182276297614748727938
0.706269315554847176841235523170 0.807112839777771706728515255236 0.278415960828092279299994515895
0.057726782304944844470551146287 0.647320353042897034256952792930 0.467000078313582811517790105427
0.791130054742787747201759884774 0.809191246420171039765989462467 0.268612651760000153977614445466
0.147641023240996149823445193761 0.242391060994961160535154931495 0.779437648129973181809759807948
0.300826270950571184048527584309 0.136824473237935506642060090599 0.300942373024503773137894313550
0.446814250796795708886577358498 0.991980371219894685452800331404 0.173259323398464587517864288202
0.556000367804980966113248541660 0.711441500760567446803861457738 0.974452671176719631418450262572
0.530295966689822595441228259006 0.533579651877489791189645984559 0.284949555831949641326872324498
0.085889998201555017853792151072 0.537297806200860095238169833465 0.500368074050647537731606462330
0.569949104250319305009497838910 0.011378394214903728501320223643 0.289442283456496696203430474270
0.956802684770070244191231267905 0.233605161919049092444922166578 0.413362643463375534214065964989
0.377014886114416247764324907621 0.414641523695711555763665501217 0.029133323568901040023781945365
0.474618234446019970906860407922 0.354736491942256038090164338428 0.360079398275643780547028427463
0.660342190103738513329290071852 0.477619356529069116756858193185 0.552722995828832441844724598923
0.267371003808188567596459961351 0.768561056557011457179839908349 0.107582371853671587835776790598
0.902547836065161424023983727238 0.126895451478456933180893884128 0.606277287724294122739365775487
0.898166597767193652934736292082 0.969002874393191659940782756166 0.126440509152933450165434692281
0.726921096632028640449618706043 0.538217832532730255934438901022 0.071217783726970726454474913680
0.982973291919153058238123321644 0.544297277519757094488284110412 0.270704699325646391816491131976
0.664588666237598379993301023205 0.160073765504402859560784122550 0.357737336398626926126098624081
0.164160238018417947714056026598 0.897313088379437018282658300450 0.696852159517139635447335876961
0.368113635924937954158053798892 0.345025694857816422889129626128 0.467475742761610801867533382392
0.692752554470925208107701109839 0.125065823181827406873622976491 0.132809439168270676523420092963
0.223121577247470670446460871972 0.856243176137551298410244271508 0.972720881273187565341231675120
0.491062456236922684205126188317 0.442156867313516666051498305023 0.055817224367573491095040338905
0.155392892141376526282670056389 0.264206497071435786327953110231 0.985347384245308988148792650463
0.239441146846520014346282323459 0.676865746320972183625030993426 0.453487237889797834000660259335
0.322856359701482076296485956846 0.331345809623673381860697872980 0.293547934821899003665635063953
0.869870294850944025810690618528 0.570936968342828699007895920658 0.652357998060691612884909318382
0.357090870598778087341429454682 0.782845867323615607347164768726 0.775428587612191910771741731878
0.166715466911377979686292860606 0.723371879272889151124559248274 0.436273643099592545180342995081
0.784392340716661751187643858430 0.812988450119583427877500980685 0.364291702654139237793629035878
0.326634105013183961840894653506 0.598810756812635625045970755309 0.484430599035917452965804841369
0.190381365847093531051825721079 0.884978286759722121423976659571 0.582190150082637081219161245826
0.778467121227407243821971860598 0.963402385225247015476668366318 0.085972277669886298934187607301
0.605646222570108028193658356031 0.471852709204194142866839456474 0.446565493988742734376984344635
0.175358323604851679133886932505 0.219445197886441123458212132391 0.391715893700328721127590370088
0.840988846747582008411825427174 0.659777204542601580783411918674 0.447287929322646993224310563164
0.113373733256855277473640342123 0.363320517022383770999738317187 0.180606884254292998637225764469
0.413859357250947690332054662576 0.763104338164322770765579662111 0.723664443908154653151143520518
0.387034788744382407532640399950 0.711854501585840404587202101538 0.731522840517652261915770850464
0.496283099182393605541818715210 0.637098141871664691571197636222 0.676953006694180681179773273470
0.811525269418526762343901737040 0.066953358936748003094052705819 0.275700961034123503967663282310
0.119968111755212061830810910124 0.891770811268311147657072979200 0.365173128359569221235148006599
0.084091211325367787310369749321 0.519261955927135088195711887238 0.227554064280690887533964428258
0.856180102252735109047421246942 0.529798102818711313943822460715 0.250229357557564757730261817414
0.951041405559107877465407909767 0.131582493583628112876482418869 0.342550006621959723940307185330
0.915017418397371162797071519890 0.895612733711658948188016893255 0.752291050750516498979436619265
0.602988406110612773503021344368 0.337044781974038254457326502234 0.883323640219031314124720211112
0.396919240915118154422458474073 0.936857657669928123311819945229 0.132863301689410351347220284879
0.316350293150127970243090658187 0.862027168986924663407478419686 0.365075509087224636672885935695
0.567956498203420201420499324740 0.820007095004984254416058320203 0.709530472498780429013720549847
0.659489977594972298646780473064 0.032641202952049579166793336071 0.651055319844129454232017906179
0.003518877935882549524981843803 0.703236557770253289945117103343 0.243158458351635076155616843607
0.350478233261814264842826105451 0.439480624438070677229006832931 0.004852104391378694522862780047
0.285101015673060509403313744770 0.082337791999703008327671227562 0.911233332159342990230754821823
0.270974402073586084771505966273 0.584978593550706138515238308173 0.128872622459950680884332996357
0.388710663500165976014244506587 0.091525957530243992610330394655 0.107394405704507117649271208393
0.680157141379728824581718527043 0.389677174287038408095895647421 0.852851060720572595741373334022
0.730368939043914311426419772033 0.693414857150322028189748380100 0.672932989934370895390713940287
0.612341970641519739437796943093 0.073387316652477968537127139825 0.904347557385998701562357382500
0.501931375501662668803248834593 0.223089067296990434252634827317 0.636876955764259289338724556728
0.198824627308057222396797669717 0.770177516003362483409944161394 0.075149157059603274855241750174
0.196639153767792618232590484695 0.060428509544578998258224089568 0.998178305000095189569719877909
0.922431400579880489409845267801 0.188113313420153083210806244097 0.282495999361454475096167016090
0.361591580782081867262434116128 0.685861977586913695859038853087 0.534089673817141896705606995965
0.912967035442708185755122940463 0.048939833140606396610916561940 0.444194084485143747542679193430
0.103618057649840139555763585122 0.806698207034188929931417533226 0.781546605313713893536942123319
0.248558761691341084665296534695 0.320167205688809186625576330698 0.526062834363166920148557892389
0.471050521782852227303806103009 0.756250050135024998176902499836 0.262162795387707481253869445936
0.277421233607880957094948826125 0.936916245924377499854074358154 0.179409018095710026674538539737