0.656674331894612617435711313453 0.140824390280474357784716163778 0.307305081266881691688182989242
0.258159305523844647005551468626 0.958220683120574983655335013355 0.571497861887748775823885218712
0.993426729971370022732714208003 0.919223428938285604480946258606 0.122616671313974145469228219094
0.098113512221722891185534312921 0.582742943036971004538876506618 0.628017465800011356802381855079
0.107694562645413377036573281000 0.071062712544120361916256681202 0.453568893687941855827997883998
0.865097155190950107659209754886 0.541237641730626977780985750629 0.871318994636823816109982024407
0.450914708195193755602369091339 0.148282931064788754019588128993 0.531997288433253877125999979724
0.494651048293449924830042918547 0.961025477162251810712251939007 0.917879498198950169375334869158
0.854440932730179059904380359617 0.272515092524052423755611938401 0.270770524142048135756982833177
0.371906689803867853039742273512 0.074780916658234465207840399597 0.299881707357838922062170037538
0.664794704534638023538643481096 0.896195196179128375534266464875 0.092598371574658370024387417365
0.617339129182477275476435125535 0.500846766448083293912471068525 0.208677183774984755192211084285
0.620093788957813967287491364389 0.376072654727046760842485737326 0.548148856119598732618053385743
0.966419118131055118938739646686 0.978376301972526588637659472689 0.444029873808123008355447649973
0.488036149730709778920799323979 0.839689533461893267881502496790 0.813698285486251214111421150394
0.505955976830223047985936785738 0.701228195985009791029633492032 0.251205959414886297586006490788
0.400134613332851102623825121735 0.544508170442980214638558167964 0.483070458443208591213154071239
0.630030128952316373537430068672 0.396507361038163743867020074515 0.198901209235595573099898069878
0.678787790417296191649464440452 0.978820903596733361093802409292 0.700290377457696457833196300588
0.570620454871769388357096689346 0.254963401684466424020227569430 0.530847915401305674358533604581
0.708021574831727114571999319971 0.818035235316080824196139810689 0.667122136242710265095570469740
0.443197139949853153811984949351 0.806133777491619147855302059142 0.802163099922998058266203467542
0.549806203555952557847235389582 0.236450598447275691842255064247 0.009842199495279857657131101982
0.781081756063925722687881418662 0.642261654286244914801031881440 0.171524004204360673973870395955
0.047096872419527720770863257046 0.942801219037150151239475047832 0.730132908381399974352935417343
0.503321510714478236374513180965 0.481022602372413561088888401922 0.651327793558390272153463485622
0.864711595120711743809233319754 0.261572065955176121058057372970 0.483611993745371781962671970343
0.594157077059528086131266200854 0.848609259216832029209363484393 0.959414885832899270729216709055
0.974113205071322778889306353887 0.497303374737025294239235966327 0.318143307894161758790795878472
0.115304683570901729957153660076 0.107112734330916575753851135095 0.934702235166431547356620895895
0.648019979294992131690656539834 0.095242425296588501379737424575 0.308402714009580746627244346301
0.845817773177208649378875848437 0.231804150829482727413296615555 0.871262480106440582896577153823
0.262324560643589196819107949181 0.651073822188966160715920036481 0.387854232832093126429602816981
0.089387843701510550133787685147 0.411339967470628534836991603898 0.855162144490629909107264659825
0.791332135873198483112525627628 0.841965250104046868370614994337 0.135866549384155369600445224565
0.927514873061675355306126117766 0.436759290032694679647305496148 0.916540752242448756295148306878
0.991890314250667594762148869628 0.226261934249469523826581610574 0.344739464800392348044368854435
0.110889223362180968257416857866 0.299179021893889061153040190743 0.556765840729232901860064153719
0.955988878387950974796280274365 0.950403972543769751058297126438 0.467266217952734294404792913229
0.091081996755098560413367014655 0.901599320625336482181157031129 0.402221649114317653054373628110
0.622888467338863592827403697581 0.015444195647200244053403138424 0.915842263976788810802956207293
0.599905758234478822815500041429 0.014450518620030563056152023621 0.067445130026458089441545064700
0.584565946180803650102417945652 0.713900096372987471820118331850 0.921038558853639331714247624657
0.308744492438474148539475669874 0.889618116478177784272427025370 0.375590518408524851302174202342
0.045672600100696732943185120290 0.277341524621228265855134107504 0.419561538700084453123799201697
0.460844405015986924917040391277 0.143328844718458832253058374960 0.071036359042358729483213835210
0.383059220076396072841487489701 0.834265203249359583344613952062 0.906908272249847491254474679037
0.182894345217727225010476224032 0.938149051498137593405708039079 0.189982413463152775183360697598
0.520884770879969172764458430248 0.770626109851014136370333887182 0.127353849843955974858835346667
0.704512482119266221515378628746 0.956715958758949183773210346927 0.155949774155887254787008076804
0.749691780931319251410451686939 0.394154487820036654017070407994 0.819811937868208242561140368430
0.793231440895357830895289735990 0.900615157083163875813493050556 0.643200792624149510691563518412
0.643934721379431049808210594054 0.045439164646333938266361616967 0.229788942007906804247295986121
0.481177451421368281464356225332 0.706435462675056425001436407046 0.652847830379970846109809642431
0.407248821751108391997965386433 0.626166602599474984425845746020 0.322300949457312481747980576242
0.397381591745123689245604394832 0.955893223993107192083287351381 0.543024897608610485762855136165
0.964487256865848707522582972456 0.210584578898127001610650303201 0.738813560365666002836607675218
0.709567792229213411477839994750 0.075496362938124341136926557019 0.890268708000878587641960460905
0.920651119233605928666825940944 0.871675956645721014540919009769 0.244164283827728857303458839027
0.330903413028084865344291997988 0.363167723375261214141352323558 0.372771046305248518617966547027
0.182120748684901793103725092818 0.846353604569457761498537260714 0.790282986244292785874038567888
0.414270135339252847895658247703 0.240863736779818630101186437202 0.443109130239708420324422059897
0.993481592577530218557928855273 0.592680527001929825156111876769 0.985673455810203202831759554267
0.507893240666577292846789306966 0.516548742809152622031218294366 0.102906355628632578085671386466
0.589330337298447151094263369946 0.468476648291249140606932682612 0.342314408474971382502517628993
0.948989680042692583110998225404 0.928783233942411922378826459980 0.330624024421134262494434498592
0.340529975197127557058951308054 0.226389198188890957542598551266 0.182118059351333082948474894413
0.460423409774446824123858374854 0.741953416022010035047976570816 0.493404038762605789482405466111
0.233626958552261563737067089427 0.281422916942786605435455006977 0.345515314161735744642012406725
0.252185375868988181557742472013 0.841352512305287148948083485085 0.839720867076318753437154435740
0.122983026945764665156086338692 0.828024434016065192348358832762 0.581421709691501412176153865720
0.378948006736944885248649226838 0.925057626376037438430434278188 0.606768680044865108085363576902
0.694058252529417873051457528567 0.297743743493951780084974708639 0.260576513738340497223825085873
0.902967814876960549371375981467 0.309764258293971086649540001059 0.255162679585463664770657132604
0.730406448841519659228772171110 0.933556274069968696149201898079 0.530719204807826514118985036679
0.979268600816508495516289048156 0.781756808179163460854357400447 0.620556530676760071318188896636
0.415296164478012049053238926371 0.176986678376581385793603683896 0.322632275994991577340773259229
0.028967519851085731947835702033 0.748431602136470017191436835133 0.940154222408258881596382229864
0.310274871447046068770969608300 0.600733603389815422014306300700 0.720676328413392155343848928305
0.483157241454685606764052087738 0.918851945338115518193423466337 0.917751511994590244706959332618
0.580014109106393504200215576319 0.563044010819042401998910576718 0.238461473796696796362142432543
0.124875872694875134378982632221 0.377105985830913228159578316406 0.646517215573379339404224026778
0.926229989758640440540710287853 0.424183731362814448932549746457 0.465745662167611556679903515155
0.808967763174237615382776648501 0.182975187278093346536042825491 0.489431255206640395612605176856
0.126446899022611301222190496083 0.235839926387480886578563434749 0.471425529442486404964162600378
0.922029484013471823034564129089 0.451320434483376233505561562733 0.649632613547663510042346300647
0.673701027055800421967995782613 0.963343524524635223341065906877 0.389096572257685262871113406127
0.075754438116442943005209646973 0.612804937936074536157967816788 0.522724679626522180829182269748
0.509082262029717152303227786759 0.567164868120046931548524847800 0.791474301586708768783945672892
0.694051906705582420092989992779 0.551148343350973451307155730048 0.573962127434439837476912142827
0.778105863162514854932319432539 0.999753547631130286573601397601 0.796961647737597379035695812877
0.672247869945856962207351363087 0.060996254977053555430288842687 0.774126827214425051611896588946
0.054960801253160942614927696483 0.953900681752980001113457443600 0.668436184104125428152449824163
0.493124815489135934402341804696 0.637659512084091672573283020069 0.822366484834659252773257665413
0.909994227720484445371047565439 0.335402425223340804596697826181 0.530242085199679041357902744889
0.293271826930601222038520408382 0.961917853707802488367454811701 0.544946661166277587914530119537
0.460028368852130523189584741478 0.484005137648238674111887664405 0.501861419939918821973362868450
0.768192863035171566185023293022 0.409267473059724556554202197432 0.037826384084947491102372384434
0.292642039823828790815376187139 0.716315998696520277283600070153 0.491110352402116826654830214718
0.961364820885550197826119934417 0.556308531356683339328736575336 0.412365099122373487427499749695
0.689604425094847740943557599227 0.034655404244939846648630143448 0.296067182388564682544501696881
0.093634741446208252440543829076 0.138738366801271508542018048765 0.279534854862526379315230118473
0.940774088697562052489721238217 0.988111499384152577062027905707 0.629773870456022008584239321160
0.467517922426843697043195882037 0.580617694694194774191985905062 0.543753504458239408492903643410
0.155556097546521929475877548891 0.063091524251974376485014928876 0.939705272123281221598477111352
0.206966471772919630542194136075 0.059558367300202743095283713226 0.941202361035851727513394582099
0.772153909007189171180776580716 0.517389797587899114457789709867 0.489192405276772339622950140646
0.760746526947044231845529370504 0.133566408343780648872657717485 0.906857007538273634701870108903
0.847659596760984785088378474314 0.212846847146877422973707865596 0.469016371337905346710641343433
0.647285841659386967852354499369 0.877803371659416432675647163206 0.628777520534747068722750942590
0.817171369267715929722060263616 0.380096636451797322579395942972 0.508624555922239787829855666800
0.042102608758692039252444013320 0.565782955815781817735980952057 0.087349454693673482735334221562
0.726464417283894383545580558643 0.373831792181860693408790372497 0.576015503480865053141489959663
0.339607637170752397505492444079 0.598610900993880750037882860260 0.826843197774821590020666120717
0.318820432286139011788009843011 0.734967994631400364037043205645 0.609315090454380715438308828075
0.226954042292360090683035445363 0.924037860233760041799196103954 0.508894024183870895821125115784
0.755071232595923360091657688132 0.678787805945014947451104140408 0.572962447773704645855283466994
0.229738742150751025362525118080 0.630223418126534768298765570179 0.045563547235604300465482375822
0.446139397495428383987967110200 0.599762090982074793132141438414 0.520018819776431527720799166590
0.918915040803402632231404264235 0.088870296590668645211358205019 0.707695893128578613167618459248
0.977993851509150707312461616445 0.824384230493476348882513222739 0.998452689074409526546230851248
0.528018083587999025809878578508 0.608563746524586603310113575732 0.690413885470053494012398244190
0.875462051973070277592363820245 0.886782835534236456645204217533 0.624321289347928555793115825791
0.406824006197560228468135027348 0.786459362508414439060862203784 0.702100673968293370343505576855
0.412228279026832782521940069215 0.818791781823968005821843000968 0.889015237929576779736066761111
0.434417704623054333036198688432 0.511720053447149621012325196414 0.055486205337808631647466928806
0.013558881449005105550472756295 0.394907639729011181119770927955 0.969179418483171138622321537501
0.387792195552991677174502088252 0.825609701489508053801402236322 0.933216137669900015854250953975
0.116206744489581013477213867730 0.985003234791199683518142217001 0.090155874994114849130819925273
0.160785098597477052118649012675 0.276485430446654327188578590810 0.496538674534863856873536730626
0.726182398160485135944826852423 0.083131574924260272910828020834 0.441163333439404899802617086143
0.525181859875821768974151591930 0.857841414635858534089136377109 0.075881345023053501429814022889
0.746326124566978086107209939769 0.727612837974866266873780890222 0.332714494697256139245279638142
0.145443023073515547997336800342 0.198775922321389919518953562304 0.254792658550170397737502217021
0.089642365683801351652173325962 0.488226203619419155143493217967 0.597429314635378219775383611457
0.666903025667800629155259159828 0.908264512846466086163703586658 0.507142091393869431932726490326
0.322358856324174600194115997790 0.753646483125596320451256573707 0.459756661094586393656338277654
0.681191879230250128464410230470 0.456507710791847438425674463762 0.669953148719535317720121584517
0.766275744953529214120153067105 0.411586959646055782614893008440 0.060872864755546130065657153474
0.258362255407322452988277190208 0.026420858300042433189987215320 0.784166742681570213034485088390
0.830568494197461082986416511412 0.940697947095129832707447194962 0.186573771020829593188844691714
0.873051996572327439832210550275 0.703475066007500784815846250958 0.078517205974609369375855627407
0.647332114117316293123878292353 0.415197628534183832517418713509 0.867127068414333412770610338093
0.745682840423345910461959621780 0.348055772816424712653915978828 0.488749157667374740950805598511
0.716935020656285998328431691464 0.203986187309007122590773294248 0.394024331869076154715225390765
0.895213350456181085333649152311 0.156949285877397910093541246054 0.573697533835502243752742299364
0.867277398704865407862707292863 0.399090113023132504968962450684 0.574900056648986459211093101224
0.348180065187111546752375325292 0.487210906979541562489836444949 0.533696086134978928193710400155
0.739367996696107718206229468560 0.247026704407732422435912265484 0.519082945307444087629724507320
0.926474269502229546408478897452 0.945532522410994309409019829676 0.116938692477242555493469901639
0.156442718506075628587750872708 0.230009791309892738325785514351 0.884800588946676876161168200046
0.812778449551792749511230022634 0.704476862427777922743441813218 0.001830189745345013435143668057
0.294929109864085080490273212807 0.983516799689831294937144738665 0.060192638017239250342336265968
0.428685440360264251723289607868 0.797901633778838376409873194598 0.879237402812275098187674632283
0.628738953039931788247877565306 0.247140926065548497028179264585 0.117273773079904111060111050554
0.667414672966672482050171387195 0.261954395240862866941380442150 0.410916359306359303429942075273
0.751821878989723974895526653054 0.923348069468424936362823193547 0.085918485557139329446404889140
0.884174495047447735743396104187 0.004364284392618613306080873165 0.078767884565527661843581061614
0.153692916023991642966333313569 0.425721100447197795490131159588 0.415731979902033130145600917281
0.921279341457869448471348640527 0.820920299443007161617211753347 0.551476768419908070485476404184
0.627263207972640527802225908094 0.318085851914241085856034869549 0.679953455220614008493927154843
0.322980192932101736200700361599 0.571342537017877840641211262621 0.465747544789868972685110813974
0.995075924319463984179059099840 0.561208537853259474474244337322 0.314659580880217170529020265415
0.520871113210755498745865414397 0.435821777650135843680058025973 0.777963269676048959880427425389
0.586542985819635116031001173883 0.591153884049992723968738604863 0.286485410558611864403109653216
0.229622620077840870681331539266 0.626646298804925413306273006712 0.789413124679398563305977031727
0.297645447334295256261791226614 0.098665107549108513555925654317 0.014164324433223560439010764389
0.816326606169956642619466662257 0.859740675509656216757680572598 0.984940733566289621935229786610
0.394531764416227657760025135634 0.012592725560634278929620204328 0.581908813355657479093194401310
0.712252043510879238341344846257 0.030061864118861588280748877883 0.549174849451366938797393821887
0.217507233892709708849718159722 0.900915905607243342437552958348 0.221108313979212361091381072184
0.194069550690662126725461508126 0.033364304609762161868337566955 0.397021470228396326353257456149
0.591089602815804732543604530274 0.229809350391450714958608030599 0.277768118412861484472396367698
0.118027672865399687098251204486 0.753298047713213559496224862801 0.529305348738697101177784968911
0.660627049584638244615853998449 0.711529374953729496279494258782 0.252347468998739607464030449448
0.010357754752466527421400722655 0.761868968274520557581460129807 0.563412590195131095255783448323
0.673252959669766209240305347603 0.802536875879528565287440675189 0.517502560027245121258605371890
0.529728076880027846290890486782 0.164932716269672791862747289385 0.257782489628072111268417786296
0.741513675589444249399622765777 0.815873753830252935099871478541 0.175179188914451126425316413300
0.964072244664854581911056101041 0.354481033860827367303337776344 0.281723113252898174718016478757
0.514293061574793592708798578672 0.088876167982859344808729201135 0.476965564346138338534935321422
0.230079966952298435648906945341 0.864490369791088374902457024966 0.199144971333510976535603978521
0.282202588252046717706355549087 0.713128851069219310698836406462 0.312334617426306149457089331539
0.078820195046626975628435798619 0.205840147027501859249341827897 0.626269727606679441226347088454
0.080651377947938628786791989405 0.477547210710169556589604514142 0.847149861999844654444883371195
0.317469990740834093993159084990 0.372348105034174713615212396419 0.979524515349736015422785375440
0.341790739320117140771088661607 0.816846648206283649732942802450 0.595956058743782019553065149110
0.245877930314780140783724396700 0.527723916136570974714289836165 0.687858793164763156445457523987
0.568625368841101627430392214452 0.087837600706269265912222761067 0.224021936727934612377900364379
0.595402167322969596344986727660 0.648379917945629872980805395472 0.458254884124312471753236504605
0.042534238539681816944063970437 0.602930729523028010218248065877 0.311020734962154709861779740727
0.040010754424410423520865576532 0.973344529934633492928928867910 0.011783141792945262859356469181
0.155206408919328982721913909104 0.625909241523247070209842827207 0.744879527865663424396004409894
0.852136438470428598972777522637 0.137499135995628678487271249793 0.354519855125801442985779247842
0.747005343004207622269741723316 0.248976168720379346651876939762 0.363388463065694886576736542397
0.420227746209720303209288371572 0.653701228450564662786316306100 0.616697817627768665560223397736
0.400183387297045161950751144904 0.464568361537866404475180326380 0.833671620368419011358144264827
0.888443403717093913512059241782 0.926707986303035362285871815682 0.134070110332241483399990679120
0.795415036497788584532242678163 0.412095876778624758137151226321 0.900818939283662949919951088172
0.037398385833076123833466507392 0.861853433154855037669799465345 0.911914055432286431192174947103
0.324928749184625782550084625276 0.221380425401505205926092252060 0.227366438704525231376501291140
0.567281946638428772770547112771 0.138327681743903616637669205228 0.723354015548731098915873795615
0.723287881578942345030671761083 0.315857113877836039477910476259 0.835007792795039336617919583980
0.472304763331635341806263448713 0.079473080847177322654362111390 0.307305376830419204611263368965
0.085821464313447628542692152090 0.589529468888954895006070584101 0.757917004055150399499110012888
0.791122176883194477018782570977 0.517464433802600095387539821598 0.834309015472618592372617837055
0.415759763759498162667761980550 0.293037324508604694545621536066 0.277198537801754224547573781707
0.842354182240250397771837562095 0.040503204399734968682756384748 0.791432020363457863952275048866
0.104149943794793808746811005651 0.008111095000417591097519670951 0.291664796273143145932172180017
0.607075604591679944056072288303 0.060846116713505068161958385047 0.457480258964008353339333567966
0.107847907660701749563131881982 0.753107641842568947609875972087 0.318049788090760515583753594632
0.030596558380791743877134915777 0.107104251886646559209916954245 0.186450127481303483216986380983
0.808144426153316205626349295247 0.434672430864230087164167733556 0.686376942167124844486506010901
0.020215318835491339932786184809 0.022091140970958283474197499351 0.753479628739555756887178918393
0.256041544365029283467115931705 0.744685850283424892134270099976 0.222198816440325466992571773642
0.783552494053377103360699158592 0.062166500876693815615685284609 0.175210476834733539677040512149
0.763185607068161795629114881742 0.230819044607755174510535677721 0.747741349815513055694837126868
0.240952277994312913995097510546 0.483968083879681569569858305738 0.719563975390152724269028741437
0.028737661534232921141334025772 0.472437232036375734406648108191 0.844203476445257551117796794844
0.531810149039514578081903510431 0.586680187643682879862859117067 0.947907355326208576145750541123
0.804837417107736786812940807610 0.897730215037598733054434449672 0.463795516660207004417706324558
0.177866051022643045550757910604 0.131121395398757170144327198816 0.420836297114364941183453942310
0.356151272144202302120079669562 0.006854740934759287096831352156 0.868933586955830623971477822918
0.955920956825536477298771787020 0.673925021524004908853056837148 0.958133619087947640744469493553
0.316797760759573074388123119266 0.554010049500324857401134108658 0.573122123722257036331517758162
0.751148068231951053394318877725 0.157911189238822565716511547427 0.235175184430314218593371911365
0.767518648659728201976417360133 0.772619829261758385404689588498 0.865348616946635358042771611608
0.763333704932946612457864862239 0.877673946416453022252757767771 0.904139398994487290715928507579
0.280766451080679280673382216820 0.801529066920310653051746433313 0.940168617723098242320774514308
0.003103658746799139485334813309 0.486101845957822887863023798749 0.809651890374478331435855575970
0.381354436810454206444187960315 0.974944164808526457892182007340 0.700633035513422282687703136330
0.851541227979084533050764204417 0.285302126794163721566531411241 0.372282942803532392343945034825
0.467369147030129407108407181144 0.460727214860460569779732624014 0.641041205892763173516619395504
0.753266534028230544289656376693 0.298510876122455046743707654583 0.882809476348288351197457931443
0.094317067066313793332503838826 0.570205188037605697297396263527 0.519094722805614126580340739054
0.340958678873716290155001241467 0.284703716622504051682072882597 0.700197579788014092329446127081
0.812193766772746789147321371822 0.745771349499568427169653529189 0.571683315492019213695773970449
0.922441781349774226298864258586 0.413303447170492654781040447338 0.410499264478216614370690799320
0.912149157642492399384844301235 0.714216636163660591612872778596 0.151591169024686713630190210318
0.878931867605360377964886081685 0.777427760009435000728537667864 0.659937758310918414782975547135
0.637135114364575005291234526707 0.636598152636535955063617471769 0.496968311349112435523112690520
0.641175630846084801795898352635 0.523556218965778890721001372831 0.199864504978662172463070447614
0.845458028091379320914307741156 0.368820905537103774823072694592 0.640261540345648112285256236649
0.230068948985974679166998294021 0.429382092709423416665053671977 0.213666819132590679666457054371
0.368899920399128761389438710004 0.072207621540852747198032956340 0.896868752477838525923766639036
0.561540185638412136856993398599 0.171722869680095511087922930347 0.390779233141765505469517814481
0.037110065822667031324635229841 0.696287729898163806799263170791 0.516671878556106301060985583377
0.755797759161628937173330442086 0.190683164520184865337762068172 0.166993916715109208203888353074
0.877833540381390616822666288541 0.580782305423278010404914274721 0.046380826828358653778199927259
0.774198931954876715141904250288 0.644244067092224933675442289863 0.301813227604539733655230699934
0.222185761305542039936760421234 0.442248025575459850425000780409 0.901884681927326542717149732612
0.396557586876183419710679372501 0.935649242595315093185632957028 0.000441057973934654544382345437
0.003285634522130430349291300283 0.515964086091166525649067959383 0.391722219231172222204570299680
0.528219062863081258571943744657 0.429067761403669191484411793548 0.654440129525987987905566183074
0.322369002446109401213463760539 0.092603114716150620372746696587 0.816867798418352450978296063759
0.696263850150140510927865701482 0.571568687531204281593629771442 0.694939407147569654732093390179
0.244295582298756023510850877239 0.366702671077177255810964569163 0.776884945082557005922028431730
0.356778419591206852442508405957 0.239647740646685474044696565471 0.955429663358449513572451838220
0.016193938393439713723462865212 0.762691036980211019852638206006 0.274021918804354057156342315823
0.610593649440610874674864731316 0.135896113856052627194419680922 0.476397446493278668986711843550
0.217650523054579319415812074922 0.058017652621621143798964270129 0.242760341978911527989924330887
0.104866224725497679875864314635 0.987225225260835957077194248614 0.514668396001102246519910825772
0.645343046930617938792944337626 0.800427023934913997833746514350 0.118331465169589320322900289584
0.958530170247440599790181667858 0.901560252196344052215061739548 0.288397901651471586318912099646
0.329665242000587355957291550850 0.019195071870884742280090373855 0.631814294938645699132614876060
0.607405252275312244196817069031 0.621293635463712983089631857897 0.398155902601722624058516630173
0.382282363979410521913969392557 0.852718287586813894767453442131 0.683789049130514744441728823611
0.385601558402825040650136713211 0.184791718093915812638986797515 0.701799701092683394871806466163
0.860953396046828463183464045092 0.444648529083822815490958887350 0.993289097702354508466795354737
0.314971225484649361121935164546 0.157790986516307713708248111896 0.061138025752612450990592628503
0.463810517502995812782411062549 0.800668221440202843637168172336 0.945995454496219794053760235000
0.183985767125537277087854084515 0.400643370929158605917807520625 0.733528999192652387289583666547
0.677729896212124212839026410866 0.556075622762010167635524429528 0.690372349605652909317797440280
0.095802038941112765474375884584 0.265041542773775874434338069653 0.838731824753080124621427451134
0.605837998705704581618415881478 0.054783680648967121601892317279 0.008376959759689993528503130434
0.585913277901427939296069318871 0.697272360777939336837946710659 0.673711574280480332223828809508
0.448117340269482569517931189973 0.934463726020704497403160163020 0.404385321496446218093151209240
0.013871268122369597936640628680 0.434533315801820015954375458395 0.586488380221999705971242887601
0.685024647656993800880860560745 0.667976386237078765774817629245 0.112030897764470788462072866441
0.251938995513763264951742971698 0.378200845105514679788104546263 0.589084869917850068715686982554
0.995060357771083897212806619521 0.875070337690144224340928401833 0.307648647082913570895088427361
0.895378830754559943000335285807 0.599991226451843220547844453331 0.211462098980179223244517072180
0.845497088242638927194549772515 0.687817817513178456319598887027 0.887504894295735549460569236815
0.966728158266668352388504261540 0.559193367697694383990881699834 0.404849184748546087904200005869
0.907671265265876400770639721976 0.594262986318034009000149483006 0.810700670124738400383733842626
0.007626512271940097704729691176 0.788586712490917320567243534803 0.298077567368837898519791608766
0.421045646814982991734026872499 0.648996785627225649398909667244 0.665965375090494150440655575629
0.216606024913148794616517982676 0.842106236212674112454241845845 0.136432419548431305131765917745
0.746103861915585668440805275331 0.996060128758380812890742508257 0.901502128929644929637131402468
0.352583738570584826265625543733 0.049714017974972807120573959134 0.823451891077241741759196091002
0.537250339803642373911786177618 0.707648589226341607835834887472 0.706877777610452522763625073314
0.184401289011702034612613745486 0.335898405145270917538512778004 0.529793727174043248950627712077
0.187372232214255272921258755604 0.967650055916593850812414960344 0.909687008850374468986580879484
0.659235312621425706534505971783 0.084056246530316509363024192127 0.884270324219378056820034157011
0.511041736897857215154822482243 0.691276180887176145308482598168 0.250908155524290300059990178699
0.903328772285411821170548082095 0.329458633527851112492356307910 0.886349377840860493726331261321
0.098760184679123789211897375905 0.980199267273142419086553896488 0.379605717331885213146893564868
0.339407640792033292193363910107 0.521306753744967353847822374166 0.041382737365306486911204294757
0.856421813631160522930878058752 0.125056461770176647454159558365 0.017670134410523823229289580442
0.257091649881009104934796731279 0.055756402702119221360738155614 0.194231569426073829231740352730
0.330747921369989248906405871687 0.553860805062686247711441298632 0.510904040376457063256930803518
0.807920568295076054267701844157 0.977533813691098099927565937472 0.973776297872557689074768134373
0.812362479042497592742434501808 0.993155348264290222358071309395 0.220936836881412184408542164554
0.450943631924177977454914623672 0.604029242908494734322115268700 0.211107469919288908298565342226
0.569133024303146354287712931719 0.962167838346888398547482322416 0.819589611383152035658065037330
0.360214734110466879754409752162 0.298659320083653647535627402518 0.231659155566696736935816749592
0.531312499811891888100805178854 0.880405256663061165781437247269 0.299492895975807579597420727669
0.805085253204380743935105114077 0.712030154162210974794254893059 0.294427436708826228943561468092
0.370960909402594550455615355501 0.493293819614980912366522213322 0.036996086592727003826885230122
0.213381139188474488913956335530 0.880655507997473612086401383527 0.965377037637028194151330258415
0.327636495385976571136092196625 0.848270630730800865688389224878 0.280257962615005249930893102329
0.785145885315434604362014000193 0.955546554751804150912047487160 0.224434991244870741003050192280
0.365302686061961607526650305807 0.777609701543491726322245751111 0.260501102803823627649318255412
0.691559407662256600581568365746 0.896651620184127872304022530613 0.764877280580302524269945828511
0.203734384645204510777635458594 0.769752975141912970825433488277 0.571908200534729641716017901589
0.830678361981455598087908950540 0.847785208105200844291290283473 0.785275725717299023133189067698
0.425584457596705302805345963687 0.673631346956113921241230308579 0.986117351360970460315913472576
0.261093442635631728994901150816 0.886216516421007478533570098874 0.794668702880046247085342243864
0.543930820848071653192136001555 0.985015543791880314133669589037 0.724427216997916073863529140966
0.116118751941711595383385057213 0.402609775843160765531134824726 0.628842453233672556047525663389
0.592306244131765561004230006698 0.583926908099013657402920791628 0.271978118780340888692763959344
0.273687445411614035186775321044 0.556781567284032005442929225787 0.501754584847358288122433961536
0.592349176111975587925060537637 0.718884691359561943129776441782 0.299696473540861569343890435553
0.390170780837230000882448604201 0.424960398439977354154485600621 0.270570528054731625361565862726
0.929773243563265321440565098650 0.218408764063657857648843602343 0.182345702041950719431997295160
0.766477080720578168828580780509 0.478604881691210960251338737533 0.139003619924395899671829312653
0.045527621547289724581896127706 0.478370657217973410837326882737 0.947769958235106770489332109190
0.915381366905744883418203036565 0.784245211169286002834085878427 0.021289344225891399020056122517
0.306524613259023128335452557279 0.487882271628485592713902135373 0.196394231854915816896908711610
0.604972099995249029304612439374 0.248884553803096580393968732730 0.635154110319978662562910290853
0.770821223162200652233463966235 0.515453865559636169203990787200 0.902994433205271886007917923578
0.526426523727209549664682531530 0.998498412198391291045006138169 0.010591033348587310493048291762
0.531517665713123414157908157129 0.010889014402796115738474007003 0.272604098155810971651510903386
0.434229523333554594569631331625 0.590401195596156310083616910958 0.505306223623952034462207857984
0.590522401235730664709900778375 0.306768421987994549393218638437 0.798012591126215004418076055938
0.405213545361067249493888420016 0.262864395419612886063106382587 0.098286951991823450145626268441
0.935875570968354640459068091898 0.936580575014344797746712455680 0.086348135313465330155776140174
0.106928280667287458413787623168 0.484499443683616474690325200840 0.737981723963186823328804095065
0.844447272466386989009675019759 0.720663096349515287860083628480 0.808481905164855044106850235530
0.944744619125349439322182087267 0.857485327127839768623236795435 0.469599049557045090155928414047
0.951884232878851003004632624280 0.477800272005586111292777604982 0.312377506182886211991070957636
0.580413004570657975920651093709 0.733702773225778248355369961897 0.079212951641332301952241506813
0.272373024692145339119235283048 0.787851911709009542974997727782 0.938661577947641636756318842892
0.693481540101775382784125185889 0.264549008233840929541737103437 0.649618758804050129270624962901
0.927655749570845056725559775305 0.879150901836866427194309713592 0.701563496037489133655449960182
0.892956860661547061734900785328 0.451792310981518161424796458165 0.806866429816258413494681380591
0.344123069035562010514518445520 0.107081832367016173324733634630 0.155704478528179849469406431473
0.749381304680732951507066174060 0.889854627658833979925082381433 0.255712726097423942948630177961
0.665114278537228347654803694189 0.878620126023511166164122087510 0.618120249866907025304515070905
0.715288549564881964989138345861 0.447766594476924843199907902361 0.813858106609382976237656463295
0.774066437124497011959640525995 0.996422871225707339933764349018 0.783046657641438618838804045818
0.977585850196991313958405141631 0.089612523558972999515948634139 0.587133316426663659899220625792
0.820750125962942446055589020970 0.453289003614042465293216946723 0.349839015124331813249731496792
0.091436233297276728896892150988 0.162696388746020388238116307493 0.618042756155990494987121515524
0.607755626626734741908997599303 0.868163166163047573230402801433 0.439653845412596577280814421304
0.619968295939806523143171673412 0.549760375443725509190024390304 0.658450276710790301700333389153
0.308233945194157472370813146399 0.071629904097610515209477999666 0.864728601039427068288196653628
0.816461126965559728008989410240 0.191320613629108084291224819087 0.222051864755094110663367829361
0.690473668182391143849727936564 0.433323117120456469464688158023 0.174851465392391902196439687221
0.727297068918229266453049945225 0.808130049556641803770089404162 0.775699962454816967083421170262
0.581676082251220555126468646016 0.698998913109223079137935106082 0.058231949470052072466597627009
0.363419433646292818111660118603 0.644446973939094548299487029534 0.641448077898738438541562428223
0.067663315928893155206877944576 0.864723244761953563971835467716 0.148408925822423019727214182355
0.344408135876200467981496428112 0.361516246998908566963946018387 0.785264476180248213172636622691
0.030980521116368038190541750209 0.460805867667652801605324716620 0.101461785645315519223563396366
0.776591726298309212040316446730 0.231115380038164306918642610806 0.850154661508970383723238492666
0.501696947499198645856546184662 0.868521686658136597611725710530 0.032191733028253878405062994663
0.077507794769978056730952203839 0.262906671012445791618508318353 0.237438392489475326012291388476
0.247769864295829090495458117745 0.053785589683472739108696958003 0.878695719736243663495018381470
0.112510831578702859434320351160 0.004220850127902829104645746017 0.765151149853828050147778928623
0.802001648443830034376453784579 0.749750266978354918470691405807 0.287411553908625832720505316370
0.321490405339969100082494498885 0.296384705945012450358466859047 0.270582259967509764459677896457
0.264337310371263240014471295749 0.190186169826975838389942730388 0.573095680268570674895042360511
0.873692704071637800426952693696 0.752659865809968981828236963187 0.610519564681019533306988335871
0.607216502825455081338023636794 0.963917745013243887305615592580 0.718180655616898077630485368910
0.664016972110017081586434765797 0.980941401599191134973624954494 0.799310026351367908686745751455
0.439822009824425497559151481607 0.598143845463715251672773531168 0.502993199875553586193655337883
0.308743694313636685348022224442 0.193414023640171932478934214076 0.089960397848255048235570498075
0.611604613763030717179804840432 0.035470214737337795132467274810 0.111299912849603942698710367756
0.417573750193705194172140684617 0.973832969243135302044392133670 0.013890328203436481778356022584
0.887054109447460011624737763874 0.990470961320841544125127617203 0.972203988779901549060863531113
0.952951110332347653162168819560 0.343484118499936884767183206040 0.192082880178552921013463138541
0.759687090350695821282458704524 0.527790103109798995500887727368 0.220502356654905958548954387736
0.426148779718972182469623751624 0.639596969505749627175794925902 0.983910542586846578267799033773
0.282922307383749130132934363363 0.273062747511219862919804892321 0.688565011026248835966940140420
0.467269211709365344010303524524 0.597037938710504425487662160262 0.367507015389320024350161765908
0.722300283334801335026311542064 0.219842953605740620032023262291 0.574886245888341046154449233125
0.198499049848634848282937609567 0.999038966878083736380734872053 0.425555172451079444475007941524
0.261052654711253436909504965913 0.838920303983464065084444863554 0.532936558747189852817416561050
0.350652431703749127600858512748 0.689822076512606658882793138964 0.157862713892820079093476461600
0.063487452710661012448798681346 0.325510110942735782902115778365 0.278975577805134938488495416191
0.477801398086272025180918695443 0.622521283528500648929519703807 0.987444142807522073684856504334
0.143668822487410960809022031386 0.028462403878966609527466912524 0.518434052767985665551108185334
0.365317022830606264244304155722 0.731435525334247010843655335653 0.942287608324646524515092709365
0.293033303362989946383502300237 0.159798976464723999718360920613 0.384209329905173085276258577382
0.513598332423202864388054908804 0.320948728295421739293830775584 0.439014681770117865892746629973
0.934698036711386224557870219402 0.596625086670755916438225860804 0.762812338443224773862601259259
0.365372590241180421364042207029 0.336271651533620525058960234257 0.856223836840925780626299347487
0.774312945703293349680424738036 0.009383852850290431337770672196 0.822198227209682365614043444897
0.046292852720915780921382456656 0.224522544823148857753769991803 0.224457328486841030626576360367
0.199844680495466755372557818514 0.927045715916772090549447737355 0.361167361049843381829948905212
0.129253569810723381494431380039 0.090848837863739068959753022594 0.124141865470531668415054895758
0.371880726484328872931055723996 0.331093849214189873297828655977 0.258183577373388303877789971140
0.829543839871392352239432914875 0.447564637636523391223817995208 0.833557112270120609405600135228
0.640814733497399028794590233583 0.198788952207954525094901027167 0.846427664483148271252747584616
0.879853302203094069736674451556 0.654563173174025401408776954143 0.902302298911523591369059132095
0.856937162888368927187732332051 0.788980780559580605544635795470 0.243466347574444597949820699562
0.767271532446561915729126349965 0.075341940615442461064941019303 0.861815250720032077493012786655
0.077634757445285726248278886102 0.020778899665361846920314976666 0.084259628817104948593383360019
0.288476342899666218072025737231 0.190984547527906532316336093133 0.258164872502338147952528876073
0.214564563731032099253899178402 0.511455665478831298524652892844 0.229181856246983068581472136998
0.844661781663404179913860616747 0.219416943946869271265476255509 0.209122889923884035054730720567
0.772641805344536766897416874105 0.074406515183293571917575115825 0.067832776054576052103306973304
0.559999257108316049080978420663 0.218591333200942606616926156659 0.120074281951479297176294552170
0.428152589978556208536361814348 0.772679854802730357102563391707 0.856170892601160907526714494639
0.315866945852901381764860153220 0.796568757195899540793412381486 0.949232761718162488570992882665
0.754955269106140269524792624446 0.970235986464479709678150150903 0.219909088301368494116272811409
0.643020972136329039477094412639 0.886368447647886097640002495345 0.348741637075827032699280138577
0.800563962227583946597862515964 0.532335986892233123221468739099 0.367380671879598604807682974301
0.473466833614711230736048227679 0.254539919848906977542491593860 0.474401982842130161466684087455
0.236105533996185772405977598541 0.624453572308405106392224025594 0.079172180071205733205232208830
0.101306836321301512072111964476 0.166366140714304205786416272329 0.810992419165178815668894969658
0.768719278290640392248148916307 0.925096623196513787180843879218 0.753948096570995838913374909320
0.700444645379409167183499696410 0.589871008295532197590879503248 0.283271100948966740536108120663
0.262555605952392797566871909490 0.586217168316693053866505053120 0.409989478102864622989119749668
0.721588357109312742289497232807 0.769849616087462711578336069073 0.259640285566531540042295499824
0.638871361046318023127033560520 0.544588992184441888898809835693 0.705930503417044461401457748443
0.639433650124823180985877401735 0.965146954769489695725564450711 0.721303869229286487565057424592
0.796710115102302063870486520563 0.499667662952358486804038209578 0.057745297573602423062879810018
0.290030698755621858932257316857 0.759979475541201314530358752940 0.803102081220789989751845834848
0.721570644138846323566709636019 0.596111581761969385343467312946 0.034000468508488759770036057433
0.991560965305394611829632703115 0.898073031757127990450611789556 0.369206369712777206716599003221
0.735771699989771814413665519708 0.224097068239749929703488223860 0.287094330379226813639715930811
0.097495933448584087437689545368 0.376383623695373241516661888612 0.082962019806260891259842247384
0.592976637030007480632279007396 0.535416536994730302787841525877 0.577677457770262117855443593229
0.275590811948541555788586434841 0.990571042704543081392691615260 0.302106010251227549023454037239
0.809761705920447840329103646813 0.037296243146868473528540337774 0.714555276363469067059547299815
0.356826299621234740420983311378 0.602582877617983010203329449824 0.166022889461294282316244325794
0.733958504963199325502715907013 0.570352913209838665764559845521 0.663019577418959897470882093960
0.849496222673418344545804452429 0.574939856151986890595123896009 0.167004254829726231284555428952
0.606616905345885261509904266449 0.946774742849038105214368128047 0.830782355589327883545449193346
0.263036842031090565463063611806 0.808236230947421752577369202716 0.973943713292239423566389188360
0.256604236104301379259758520121 0.508604253512793998981465183177 0.599033603844932791696655069124
0.186233424314782155312243058338 0.247456316064094650164618073437 0.440217711980785092751778138292
0.871494900841928866222837729878 0.545219445289350958597309027139 0.213536657647722173828169076358
0.250515713766338630253493399044 0.581143144262361784045822120067 0.070944661588593042996576728998
0.002157696811323871181326072575 0.553465778280902063938671787091 0.500362387058295647860259627566
0.594830067852237703150389234187 0.102510893487192429639826409623 0.892053303262819897918692669631
0.645365119566051992200759997290 0.883325265076459217613666725959 0.419362010661684819440678692980
0.024557372365677803942102707829 0.585089963816767064805792948286 0.297551753243153883346682772773
0.719567401098849433905181441822 0.630066129134306433161848318650 0.996486325357162745224726094167
0.278942070157462858705769134112 0.637706574124742587572684376268 0.746548037592782062779029384703
0.433773585294804699132112027523 0.414162030439115626057771351561 0.862799134323229230731270047634
0.311007456271376712560008715351 0.209981086904849976760128956773 0.800087525193870308558850351257
0.364860147433468746621704833673 0.987368676043104235218736348512 0.828542549451891031716818957628
0.460058596939726712836521540467 0.810397341491538604507710537567 0.625039015172972063734475884255
0.358520407900076140321668784598 0.514619318026881951911438507762 0.316812745094187506781345419236
0.548177890646867259205490093225 0.833612830828711301412346911047 0.201534749585469964286791945567
0.521291819859737348190072689829 0.392597565618584715901175701846 0.896183232160601120163903739433
0.371218966943198401193788647041 0.383632739119120643447146018117 0.492869097731929813430688952955
0.654149552307831169166370386967 0.970997799405585338492794795873 0.855079140820301986530636391145
0.831067368494865870958598410154 0.151941496670993143951635883743 0.360496459136359790241104531445
0.753919009385572898798729988560 0.917152032311302863375049455179 0.623154482256197670849151819055
0.896593129053561729063863208487 0.003496449639917896119015418923 0.421732364416791576135102871665
0.078881994513088137091177662013 0.876215977321608227858441481672 0.831931465279334512923681758752
0.650883112779951675603708239869 0.921767512920735985013554034377 0.439413724833378258803028741490
0.756466724370703824982301123748 0.750520797553187789069342799912 0.621675920199185354262054657953
0.984698772626565791081604544756 0.668845052629584090881546920657 0.632009660071529721625890040214
0.791291631702898113896984388190 0.917057873322479649675914112659 0.552669151344601713033244694918
0.231370015838814281552248038631 0.103076641621771705134991526584 0.300295138730480433629091496304
0.645291803193543236940446212080 0.048780083191234216730116958725 0.764810619018196824498517180798
0.603089817991926735263540364777 0.833836896206680159932597159156 0.201769154214848847565012986828
0.581799435387420127753261153836 0.621043321196755659404872080095 0.852801546509310821695271540282
0.121403854838238848360820086914 0.193386921613147425365091435619 0.699864730794977283209465109421
0.271528651356509640802678258840 0.989562872512284300912940448480 0.938282257635655886317689547020
0.020992039304465594388908592102 0.066155542712746567359385661273 0.361730266721693243445715706843
0.216145593485802882834718980489 0.659111842157018061139583322262 0.278524896833570302217411700979
0.637999017035348593968026562901 0.472790216581965585402278792275 0.297454699231555327219953112686
0.724437858772295699760053914133 0.582622529498124129984081264860 0.775469946520668559412273479724
0.180278721491350225722012411543 0.076216241864509381074024779786 0.925435048284155542796065028116
0.131945881411025815858910165537 0.979713946670076408502661923678 0.098868695898325145076575352354
0.947383950784086036721713206545 0.855891787105721315790258961893 0.808601470405259798763458302434
0.423599331060601673137592061113 0.781552443090907921630548495551 0.149697109450944870729343330402
0.844485587576975614790035187264 0.966309920291440603298758503873 0.445102219818693731817565141866
0.155483182190599856442311517139 0.448378455875094369862841365655 0.606836830204176872340469972881
0.136923142125754614067609170349 0.279593135165568028621670818546 0.547145518162058249649390168139
0.274905742379138808221431738908 0.328817657430631745936234545363 0.495536852446616614388603938736
0.864611342485666753606679250221 0.205696926918044496353352002398 0.832911650246679482391667627524
0.450932235087958949441592904513 0.316979611992046331169609896202 0.222026342452615367581277821143
0.984701374135306688873540668204 0.996849494500131667600419226855 0.243086356979545057761441971424
0.873878013177282738100363458825 0.228686184540672165289288534453 0.090728330720074979968106114786
0.727396479738623361158847525790 0.804250823567807033711052335109 0.021622883473793881429984236512
0.832848072453707264219247084004 0.098034723600655940018307470828 0.792764471436415968877967048076
0.048976553137935347504935197912 0.011564208274010701838406334191 0.479089637557485564247909080340
0.851050981075241029206836353541 0.737724676908540544716104470690 0.501417243409584531286972519129
0.711154209696177546573912527843 0.351056739534189203278975315397 0.978877320190418208399655764924
0.385366987471972092554115363316 0.289973805610023433176517070503 0.765940493595111562805331806909
0.645888638268803359812925948912 0.852929702339654815980925619920 0.564761691602403009369164745855
0.503309122257641942722755559240 0.748701487341777266191334928585 0.306815284706478297514459273049
0.627538044027202739537239310183 0.954088417113443578346488315623 0.915827239339804617514953476862
0.834000519515012753646776660070 0.564243022795120928480045882031 0.929486929400371726368133584707
0.406549163860257182699298780884 0.907865961601526781712623313208 0.754151501233454455014826676263
0.773835509488861098977589266599 0.898124215548420760359810042207 0.324650684837980451523533413232
0.873020047756645999983748644953 0.175169248166317603420890835577 0.411512846855772575086912959968
0.542053956523828330132942614406 0.227990433007244086793528572641 0.807806372186829031930013486808
0.914575898405353955009785766927 0.536595282854014330514547563796 0.322971802446411734988756087100
0.844179224062972110034457198409 0.377432765616166557238777647125 0.146514713120134053375147664451
0.054722956569708209492254135479 0.349013932201625738521030920385 0.519436450065311396208970450474
0.386919472575993862615461051933 0.836081961409003569838372138004 0.797648315064834516984402970730
0.614734254394908725111675877939 0.167685550766602014665949631648 0.100601351417324000548964622599
0.436008653453193499132351030615 0.217570808284436232291270629977 0.011027871073035658170713448595
0.346727718145005677250833901976 0.162010972178280435467366126957 0.577596361355816250504175271362