  0.386804
  0.310565
  0.158531
  0.181105
  0.889696
  0.338989
  0.823434
  0.717534
  0.739771
  0.389437
  0.691682
  0.534077
   0.53064
  0.686305
  0.515746
  0.747186
  0.289138
 0.0672622
  0.677975
  0.301555
   0.29622
  0.100989
   0.27742
0.00757648
   0.69909
  0.218584
  0.552882
  0.251521
  0.115888
  0.894216
  0.872786
 0.0703308
  0.159502
  0.676811
  0.277831
  0.120406
  0.471639
  0.442174
  0.299859
 0.0936159
  0.811818
 0.0098813
  0.413896
  0.840681
  0.978285
  0.314891
  0.136352
  0.144009
  0.518747
  0.642826
  0.423359
  0.317929
  0.559735
  0.718253
  0.383684
    0.8062
  0.787916
  0.491783
  0.812729
  0.649977
  0.255242
  0.605697
 0.0324637
  0.248251
  0.291077
  0.425762
  0.994037
  0.260921
   0.13886
  0.633119
  0.118322
 0.0428887
  0.819368
  0.493803
  0.361291
  0.633356
  0.156635
  0.577791
  0.885384
  0.809157
  0.655152
  0.744414
   0.15459
  0.672754
  0.671888
  0.451849
  0.185962
 0.0983615
 0.0994092
  0.171944
  0.293072
  0.704414
  0.656375
  0.270947
  0.412056
  0.748281
  0.581734
  0.955133
  0.384331
  0.269601
  0.802488
  0.850433
  0.753071
  0.845062
   0.25934
  0.996515
  0.426746
  0.116121
  0.711966
  0.619962
  0.453375
  0.243828
  0.285547
0.00710472
  0.841317
  0.178633
 0.0862768
  0.834446
  0.196056
  0.140838
  0.555038
  0.531882
  0.508333
  0.742425
  0.677609
  0.984706
 0.0763093
  0.731733
  0.482903
  0.968243
  0.801451
  0.351956
  0.876427
  0.409647
  0.234259
  0.679709
  0.901912
  0.503249
   0.65781
  0.122938
  0.591726
  0.105986
  0.912953
   0.82187
  0.864722
  0.454713
  0.762864
  0.715683
  0.283503
  0.583652
  0.804315
  0.556139
 0.0355295
  0.364298
  0.234521
  0.722966
   0.81243
  0.767511
  0.342289
  0.112276
  0.963746
 0.0238438
  0.259259
  0.791151
 0.0535284
  0.796381
  0.529583
  0.987183
  0.153856
  0.906574
  0.991466
  0.707559
  0.435415
  0.977664
  0.273554
  0.646919
  0.815257
  0.656087
  0.354282
  0.236374
  0.108801
  0.863273
  0.468903
   0.57416
  0.267849
   0.22218
  0.558561
  0.544723
  0.277157
  0.919611
  0.901089
  0.114088
 0.0286719
  0.148417
  0.889621
 0.0583346
  0.889059
  0.168274
  0.662576
  0.351116
  0.451809
  0.956199
  0.343051
 0.0143673
   0.40435
  0.905963
  0.632577
  0.184721
  0.241929
  0.454973
  0.081306
 0.0961086
  0.389076
  0.395842
  0.957977
  0.144927
  0.603409
  0.763144
  0.541222
  0.562982
  0.859718
  0.754064
  0.144918
  0.121975
  0.684855
 0.0893244
  0.999387
  0.768516
  0.212615
  0.588111
  0.645677
  0.827918
  0.725945
  0.406393
  0.341272
  0.713474
   0.44694
  0.280759
  0.754857
  0.580422
  0.486919
  0.598984
  0.538505
  0.579639
  0.273272
  0.690784
  0.125859
  0.868769
  0.639973
  0.819511
  0.180006
 0.0446516
  0.350273
 0.0565633
  0.224846
  0.596012
  0.582978
  0.747271
  0.617035
  0.254323
  0.188599
  0.466176
  0.649472
  0.811657
  0.836407
   0.91289
  0.644599
  0.683326
  0.954215
  0.150763
  0.340706
  0.655262
    0.6446
  0.856278
  0.206759
  0.570384
  0.424001
  0.156946
  0.918931
   0.87305
  0.240143
  0.346266
  0.204285
  0.684164
  0.976734
  0.563826
   0.27431
  0.867817
  0.459973
  0.526141
   0.65889
  0.602923
 0.0240498
  0.412344
  0.456978
  0.245549
   0.52469
  0.845109
  0.547549
 0.0794957
  0.816348
  0.910621
  0.291347
  0.035343
  0.870555
  0.295819
  0.961008
 0.0147991
  0.295859
  0.156787
 0.0793206
  0.278448
  0.943167
  0.857349
  0.951556
  0.583815
  0.515641
  0.277349
  0.935115
  0.169471
  0.780357
   0.77638
0.00300615
  0.981614
  0.158095
  0.411094
  0.741518
  0.322277
  0.944124
  0.382155
   0.79044
  0.105757
   0.76511
  0.116554
  0.994792
  0.313837
  0.610909
   0.67305
  0.911976
  0.215386
  0.169864
  0.418694
  0.812532
  0.187276
  0.457945
 0.0580033
   0.93063
  0.740548
  0.425703
  0.422919
  0.874037
  0.568918
 0.0756588
  0.353698
 0.0639766
  0.916095
  0.259607
  0.438701
  0.622024
  0.827149
  0.979907
  0.310122
   0.66385
  0.811513
  0.655919
  0.607354
  0.253249
  0.517985
  0.940145
  0.388876
  0.947671
  0.191153
  0.690398
  0.198517
  0.386616
  0.942529
  0.529097
  0.560374
  0.313718
  0.315687
  0.316326
  0.152505
  0.303856
  0.849445
  0.523889
  0.552507
  0.509614
  0.470654
  0.206941
 0.0228791
  0.492945
  0.204915
  0.400282
  0.390726
  0.356664
  0.841863
  0.757546
  0.868193
  0.661808
  0.434588
 0.0501951
  0.119268
  0.677454
  0.980057
  0.701131
  0.858059
  0.232787
  0.439481
  0.667602
  0.950098
  0.733084
   0.37241
  0.423826
  0.680973
  0.041454
   0.35579
  0.485353
  0.589863
  0.600916
  0.930108
   0.25035
  0.057152
  0.181082
  0.877865
  0.984863
  0.443327
  0.718977
  0.349376
  0.416461
  0.852296
  0.994087
   0.58957
  0.110143
  0.376324
  0.367351
  0.927664
  0.406045
  0.918565
  0.193176
  0.281156
  0.145491
  0.665772
  0.544612
  0.514728
  0.489764
  0.396052
  0.691105
  0.846215
  0.477354
 0.0722948
  0.310044
  0.214989
  0.920334
  0.428353
  0.656233
  0.733656
  0.789538
  0.390899
  0.362955
  0.630502
  0.929835
 0.0307404
  0.335108
 0.0925869
  0.543261
  0.538279
  0.825745
  0.079929
  0.607652
  0.678315
  0.388787
  0.560368
  0.787627
  0.134226
  0.966988
   0.89445
  0.775122
  0.794642
  0.328852
  0.413708
  0.616851
  0.535583
  0.450771
  0.265955
  0.847539
  0.259923
  0.576674
  0.535135
  0.667517
  0.641761
  0.139192
  0.748231
   0.10451
  0.686028
  0.422753
  0.172609
   0.41058
  0.589265
   0.24681
  0.186748
  0.555856
   0.58884
  0.875155
  0.574916
  0.132539
  0.238008
  0.285058
  0.798655
  0.708289
  0.808765
 0.0385367
  0.877759