0.611700175136083562878574060061 0.764672805424448969949718964744 0.806007909918497078919745898328
0.574219785081082902399200302109 0.564343042598872022037051403065 0.130363789629252466345147452316
0.230732692676056869944050626457 0.384330669678730009900345175938 0.741887955020455236001882786160
0.883529275761217763308378270306 0.742768984659132196130615018307 0.464944879366969254505060822214
0.834478599397211892813153488171 0.424908493933885089010574846801 0.896957198523952866580865587990
0.135345179403302008442824832363 0.311521486512514814936915615105 0.735052380582794753766344013435
0.297805159933157534729886910003 0.958594808244013429107006631867 0.255754538531789836621822707238
0.004656554448083291509677575362 0.380216874376438366962422889596 0.344159429403778101294202973620
0.907310926312497491181486489598 0.899359912249830672516042219201 0.073449335112151491902326588027
0.479270898395082993276505466815 0.287686900587953790033156426367 0.240150328212150625698345770173
0.108023647963610182534032315206 0.794111089439411953229732528810 0.552397039251146329023589395109
0.832905065525560236052120925626 0.689815278365080294527156641819 0.669790863246556351520275281534
0.312497318089277202024319162845 0.681048099264155715849035422859 0.365641589167146071873159329167
0.771513471442625595300898127688 0.775340247798090769439285738842 0.906215746599609345640351315014
0.346086292323839156934462658974 0.795922435545439889833515821655 0.720537604306978777692614436018
0.443543567093323452310948747256 0.517164130196628754793685916888 0.257929361796888408505176090416
0.943878990358604219222946722114 0.100143774079092189922561695629 0.893123122437131225873400178661
0.477065233106531754860142187305 0.570327127823746858951914527396 0.870327041687526356747944769615
0.468619569528181308591802719801 0.987420637160396515985631052367 0.363723894195052353506031236114
0.525994196680203380723023931672 0.946559400163603599793276664474 0.076942547785973331202700453178
0.587134985252465507257090138004 0.752765592866399563339317991931 0.032965667775483413359476121886
0.810256716705473172911212698032 0.486808269046263740600781417229 0.478349987282819171938804874916
0.930465642917360151410354495327 0.714257391557062671857423699240 0.999486166170515630202401450582
0.657644752239614211880314296404 0.942963961635958652632936695007 0.576947331247017880599312960637
0.150025469257017393653044658778 0.268276410542541110610750657894 0.746127008204027672701731352975
0.278627858190052484939093936334 0.961173552956727829597829401971 0.206061446255422678210528839966
0.509585872939642661377399180436 0.450573588782414603745706470855 0.581566217457584918267635647135
0.799210389453540735387212726496 0.028231085763798545271558734451 0.981598513635407984714910627830
0.557083468331094300962002406864 0.995939255590922376790077868976 0.171403492192281246549479357304
0.553648845757834279715476644783 0.417136581186866136070703935889 0.210541457491269261672630313962
0.398929254772473655289161047926 0.534060891349475734113467005294 0.094099309711582727071742667080
0.862411580045385572595700985042 0.827186322297654705360911499327 0.846499491994909596168924998251
0.342905286375063687378168759043 0.756929156479962652563224701932 0.755358363741905105838728768557
0.997068553936184511293352232134 0.352313997335293400809361276686 0.924938901165359685055895566583
0.606862132801628245525052041600 0.936197041666361721386822633764 0.238728191794505132682780523027
0.662944835677397464235946110221 0.582432267817216425148268285109 0.008230403678687845258426881101
0.588767511295390079476264974587 0.100954303457188727289365030164 0.594560484520007707545310324411
0.662310750538464852160599447741 0.418539627442341382287328808075 0.022826807198080144066687029320
0.189963467629213668097537255981 0.866350678746118291638893362162 0.698115374752016952592802936661
0.976813141542422585300275777026 0.897017406173175019037388194739 0.674936636013027828808439076557
0.828769920096966645812926759982 0.410940232074467600802166138640 0.563403398163639952545743752809
0.982500118249674997985329586802 0.301228434418038176577822640972 0.065838076835156893240810959749
0.757480202379521407768340703453 0.754372618901964124794450936879 0.515391347471112587826713163002
0.310328999560183563484856866173 0.953139276386228033029506058754 0.389072999351210781129933520231
0.932144591416109858486514061080 0.078205560071785343393320102591 0.544075769613798307344616063595
0.910206336457656311671894535038 0.720880578444231846496860207118 0.524525127188373197643280176444
0.094682308437164150305125704553 0.800218708279117658752576195555 0.863240796546875120346506148912
0.699733531748553550712215430610 0.093258494531037662276854915169 0.166075312276390187790478927575
0.712680235359709698618203410837 0.405374741078298446253800714261 0.748066508308199967145755219677
0.825543147357771246850420087492 0.337982510924823714801821605377 0.186993230694358363227273805086
0.884135453424179181370176737543 0.454488284004863574671377593510 0.593938034833691082381089914085
0.423818796166959889807503071909 0.737338743744195605036604658290 0.629818313083757854101917848831
0.476516168555067175363455974647 0.847162138057716283268326074254 0.146547790259367822047791854242
0.704345813962488002355210128630 0.204404113352436859206111480142 0.639788263766724441269347809906
0.979957373622911013295704477835 0.320431441084592861265913502699 0.084352638503929911617954660243
0.245447579197846374484948936545 0.729009642527042110390781286618 0.045256931695064343659216969158
0.041568923616852672704849476417 0.144172428559197933086353807256 0.031024799870442207903387531393
0.820290904124735631684798655705 0.502658059221841615205418399680 0.931253341190930147967293764929
0.615166003887863542330663071669 0.174271294089371066435558057125 0.813013912682047458781382059112
0.207981310212009406256627775572 0.193946871199701991604999424543 0.394443438953480710441675081504
0.644456701483331482207272797011 0.390569967614313256628233641230 0.806218734181931200088298539359
0.354178113046838689500653907769 0.290421474529949793487273840494 0.276864043276220493769028377421
0.846291026478193735293335705342 0.580719500159214811540828236070 0.393471479120822335465596855743
0.024547692409317223472941977158 0.396435828660588841472691487982 0.742588884442023944242819041393
0.507552696614245746642495679490 0.390031760307668427873314475875 0.854473110079588894818604107653
0.869795376286249692626337359559 0.970964109683852611573927872936 0.969850124302151191613785298388
0.042792646056208727652603229452 0.197897354681497906208460809928 0.790392432039746355797711577684
0.975337700719523959534246107425 0.931797187428575780106093579920 0.618885891740482423311856906941
0.857035274282728169855167143014 0.959693866530808222421015082342 0.736720780780031742335875599714
0.190179078099770801371590217906 0.504645979046912062602325136590 0.782527691506871579201987022702
0.247353813606512373729846818691 0.480281365156211768453719175318 0.360767835022936557369020346010
0.063119407513135944959134581826 0.283076703561435330777279534862 0.117518749300396230788211338088
0.675638251521089750850267043460 0.965293259249235929687099638080 0.974857808552322663263233536478
0.599715235375418966761291484305 0.132689447486994446596363122092 0.195006269183073999321123550331
0.513463908195768500319768089634 0.930325568552438724312049856029 0.134119564981028479240036653580
0.950858508509557258847803332100 0.291352208362073515588004317064 0.070032043721553127176667008309
0.553901759622133181665192774005 0.564094208274737683455691014538 0.654095681861008408439519790271
0.766340965786834024254641816851 0.986905294794183129352093211358 0.278859502997791864312473100512
0.240762100877282228184709735459 0.694979316701184091595284473117 0.069897829679101995599889637522
0.565847505614437159094634193181 0.318657987468306624411428797078 0.739859422196593464960917302053
0.574434552014307111004228755421 0.426113184359771837545152142063 0.263133797527944189222491570328
0.564746780723851842147553358932 0.662341102510630960778249785913 0.735298541674889275323520263034
0.505606480907018394343408858904 0.668547473864384101582870187846 0.459112793166435997617660968516
0.596789275164416475248974560933 0.629357151072458596303354066376 0.538722128012313116030717388678
0.760337165525885075662654168690 0.824035707664803100676202958087 0.031260999137343627531367803451
0.773774468035557261104596699134 0.261001159866530489839410645795 0.847969746909934874776510633694
0.217134336320353657282588882083 0.051850608377776885548686167332 0.860958502267664494431946015437
0.919970496680581759689310330912 0.885513423975184339119384143271 0.613492722939963245936823676096
0.810293342860841554550852942038 0.926474197970976353491540749844 0.274078742634497858674639737088
0.248394015254372223909641502801 0.708977714830618552375132216098 0.850938134345854124604044267186
0.765226816799897390354819733925 0.527629869957658520642643929828 0.854693756451650993932345470713
0.183984337974070714239331827190 0.692463372989000379335084298031 0.172300634555594366690752123854
0.285337314386471099957095724228 0.850140329368892278430324109786 0.164662478052496193900880659560
0.403107030442015257611693564721 0.507305291072472912657577930866 0.273962959872493026693512050131
0.522756887151177374756892886503 0.388360105617875050400338517404 0.529084455698369528268955932736
0.004536136775101161662891192061 0.941218044702027448897072143961 0.213504781145561264649342246274
0.707221237294228654209256087407 0.978092894783796277830706665453 0.685387537718696924728520525064
0.869144751364911495051823148620 0.875143582855861693899106350633 0.722484914320785765023133473070
0.220695388133404760356712041032 0.277177206361344421134446065693 0.212986188174037637848986358521
0.184482078619942709423755866396 0.505573302746693087450822428957 0.412112632789541341617176342891
0.487870341107212092662886114644 0.057918554483044316314581340522 0.814663986046408342226260651778
0.162536844212690950226888007691 0.745722010104533239428353951297 0.018509384703897444300053997771
0.572717597746609964716854050966 0.561047831427260742791869213423 0.514870490905482758594119881631
0.778316613112118252132877533635 0.728383680191000199125744697766 0.106299578195580194264666690693
0.791209687054002217311665304801 0.165626521930389146276674009669 0.137741812475596814329850844906
0.191960131320337691053271938768 0.206277289058735218253463623004 0.925971718668116277306553454274
0.730149827162598025420745306553 0.923761147149560974909751969813 0.087526565875388133825629264282
0.596092195187481510076553984570 0.765717893119845791130133064546 0.908949402218500810177686774369
0.995900666178729999029750074682 0.030583646493815754376122751242 0.317614992079952901624432178468
0.890034793157286081401317485339 0.942049090509139550213566278374 0.840445722354051309002478558782
0.426765284167596513405883734730 0.351844682435549543160151322850 0.716509692610985188220646020105
0.193192432356363785647044448693 0.882170915152022627521846416938 0.246002321165798735398082199427
0.195663302891022421190695896531 0.836139781889777220074833830990 0.966604800999217936428423619660
0.131715874213178806195940241625 0.191082849310778663394806734018 0.403169289836683775974931827147
0.826021187386527129116210107522 0.700204258724474821655241976781 0.873127670551958666895686739418
0.816284542396120484672778440816 0.218008714945341022925803609714 0.527471888458070026646776293211
0.692823727785375221971929933225 0.391506470478474498928531618873 0.540262881858087087804616128232
0.246902021523464318087244291170 0.664497794204875721469442737707 0.008792727113630994143644805730
0.706093789522518849871617202200 0.201193964506566296774036415976 0.395111544075101522180715876064
0.687521520834237517966842858756 0.946412103962838706147613858202 0.834340933250974263802644670254
0.276453743583687185265476064807 0.515543432451659587271301355787 0.118564899251753741470528456624
0.776458179249283325526276654146 0.996416846500665035785499347827 0.598143370265851259765238889246
0.590316114658727393606572993639 0.308149388921060221985189968388 0.512744380051465114059538408545
0.936239673047128884566947710348 0.887198377625623843398050990140 0.036594705101135778063278673244
0.939883540200704893186696429318 0.868900059332717232220623146594 0.466597520520274094672333039916
0.515308434697687053215800964974 0.954580255000286585429519108814 0.831454383848664177844727315678
0.483281786867256062407356452224 0.456864938922783539467267659962 0.809389060844276967604232270600
0.537680406353286784916006486865 0.997369512458112418101305068750 0.431065936082157176805555257331
0.998032287476275787959364621614 0.934978533727134073395754538107 0.699676351011869854326927202986
0.768821525006716222662377093497 0.887680624876120227044018502789 0.249566041631700209315495203412
0.618731179428064790372255223986 0.075822965525268774829452490888 0.652714173235012271871894174921
0.741193604749995186888912630366 0.909187658911413701985290387222 0.873615780654176830104253639873
0.924968174496795138920906250494 0.902652497517963591667097434885 0.077740792094679488513927055183
0.734977463445255512687462828692 0.828360163509526714516885974762 0.161302067563672292653972411269
0.678015360317134140330673351692 0.917940480317695730585554552408 0.984190956809282057455518524847
0.767772520370880546519603148429 0.824402300019231729513539082351 0.697004512102035310999377132656
0.738674526781692605094370228509 0.566204556085408044977725276680 0.330690269238621905864022028201
0.287410778610800311010624839770 0.360678226912752170936096208384 0.128422206648195485842291980487
0.147461871215840740642447446374 0.204092908696168232944037153293 0.881366522936477864878925577375
0.989494184016325043563519250212 0.983215081592588274204480914738 0.720081685273918041885759136731
0.661505359985732294571730118716 0.956508807548550242791377155571 0.542551705565872591817328458005
0.787790630726581403176131458388 0.030523630302227284198735467457 0.851472750328808698442780022751
0.257009742872821517208303745142 0.585340167441517871212360131773 0.154778733022556531159554863343
0.687300590557382805728825741001 0.462730211305139359490710018344 0.273932111221734947200360932752
0.580250713274300709568249337319 0.706312791386679538670537200093 0.557831113504651480473996818242
0.559561656235430764240325701138 0.649239659340927291122934344673 0.449557708672614711887873786825
0.110317366561062110073974324988 0.936701562599388375603127881029 0.807989957248128405206972698121
0.444891467156170083718202195973 0.938184953151062221207224956280 0.593364706167723953162051037802
0.288892398584283776815907496544 0.659263060325633166213234494151 0.751391805554329732632514301440
0.553856808469682543208073218389 0.693526266469274100979807262296 0.770619344713448032837516072851
0.700919821246002753991138613475 0.536196087541532100970301564548 0.599614219135792525286898090013
0.126498186492057627291050058199 0.173766118393123453689092575119 0.727402765295114281782008574160
0.427215525259315098696585635234 0.811427472045342037747266211477 0.793898265552652806707444422140
0.124740523144319993975255043299 0.383314438020534290278478702365 0.450406376494338845003541625460
0.887838706054502098129960850818 0.571599915105524907602376950625 0.961211487748320922877841809638
0.310707551786757769847603670319 0.613804742177828481800458975370 0.467795068605794461015842560710
0.797116057867208493816359684206 0.156269158682902765784717375718 0.237023493212929405678225988303
0.731177564761855295541432014330 0.985689070813282308624003657930 0.610014608932368039958226710182
0.658734884229592302527587281123 0.343890621830406335961686697368 0.840818094061737367507342168847
0.376561048007449646731110863512 0.605772377132774104889893155542 0.081039852519136170366454462913
0.572239008610808615602874948201 0.237630571917166229346524261306 0.995775730447299513680359614947
0.081728292262486548306945024176 0.456007680042959200076766474618 0.929012348543452044001258591934
0.178746258905384022451035847856 0.513132503823238321196105468696 0.195561456149489512272898946363
0.123960661611485926266674685821 0.682023926304224704266826729459 0.302111587668769466829205212418
0.977479013464502705938748593606 0.397556344996429555785872464633 0.248198396600408199936038962643
0.825627337747758799814630866285 0.232036714953689221989269086501 0.791768019535116683800090136401
0.657268973816346218143858221532 0.651519768769253143651522535924 0.852723145298352858724448377020
0.431381315225160533520125215828 0.098936396816344034922140751458 0.848422804464613559410035040315
0.660305344410530830985688825627 0.835701607431815755676768666967 0.771448668175122989308618186424
0.836221359760917249061168794310 0.631223142604451224914665580469 0.479878200977313137147992251015
0.595203803668992413610420106691 0.564878182582040823041894228304 0.338498179127068194561890379263
0.211212326031880073779168809724 0.982565272507658646198071023680 0.309910180639354874188047660217
0.381066166048334015565586302972 0.264397180289877728851642817849 0.789092916571796360754329094802
0.574244870063905989406400392260 0.919180209731599091162703463404 0.006093987204046332296649319647
0.173475517682910509301114652209 0.169671904776398122792696615238 0.121538173817284013373117562551
0.950279170746727024566420176341 0.169281654389573142651199654481 0.678982532947666580786855404656
0.476106029844068977292912973487 0.809054789021253094170543738014 0.637008060171099492019936422351
0.238199615510066032752078315256 0.156881505148686572663562924025 0.634706057644684415556100114526
0.000417655970223674595501300799 0.070993725489636765375311398741 0.632667306974735127439277556882
0.503891927565459621086832761819 0.654477123638729522359949752112 0.728910898288549328003629732288
0.852516849354030159674761025347 0.043481912918470262219905220715 0.027775464416243968985693965798
0.080597396988810863847245186124 0.235696872745377844810022856972 0.946619941287657285673672685838
0.816346819728056251735561225053 0.440895081549027409549249782380 0.151129225968511855275179670608
0.261129418128898971992775458500 0.385254170326150114071427023538 0.779920965191179128325220749247
0.712586692006687609058168958204 0.038199664182315586249767263560 0.016426978286176912967754543372
0.928671451605739569764026975446 0.017479393939720042063149656155 0.325095290554519807418522900062
0.697232260202677686236185487412 0.375207191437298819801446346809 0.029408096393937615110931604706
0.862267624214346664348469173367 0.036643249178498223843792944857 0.872807602344875605380118188375
0.554959577376018223044594223432 0.666563204692431506509178199655 0.930724952244901354827260257612
0.273005228513819948051178719830 0.814330878318966684542109226830 0.743150824036026482501231980871
0.155455152446950567243215693998 0.865277567708865031172563693967 0.547969367889954530397871640345
0.390006548017047111126072576972 0.681804804757825262151977438580 0.036030174971834766682745846638
0.324212920865447187607085462011 0.936264680044450280697544851104 0.491402423216719276423608451446
0.738432156219575223201234294083 0.966963048919947060743810295671 0.577258981061303019526463799208
0.164666823625360192494154817865 0.833139277372359415785096150419 0.431381472908986937167017838751
0.219002636866906753564593171407 0.190311057447312403817323767594 0.308602919202970693625142122287
0.457784362199247799238101470167 0.711932663581619172822067649592 0.907652195815201436001265340126
0.563436851616574119865940377047 0.117472626712887659589427563315 0.692492013279979109381800952528
0.053064533552668961703981664310 0.451196436766692019328078454394 0.782787312710015442950764564594
0.892322690836797854272510902948 0.702414201632016702572047751129 0.794560177889483680130192095277
0.815135465988148983743989693150 0.012205393641617589596669111382 0.865268737555052814063377409646
0.170507311540780017961432316843 0.948673051714573312649197143739 0.977050579055935707095438636674
0.479796434585252338525370501154 0.929672075321577686273322882262 0.244498782606209966082483042822
0.643341392272538194657575689301 0.919216473912081781231760767730 0.706435846522891107478876913607
0.039586997419529819080082573409 0.262027398531407808479118196940 0.678496622080061101812025123892
0.320439498377447850135744105854 0.751931109217699331753418299922 0.207055973120462667826459148956
0.317085208810845795703611910287 0.702660690043169945268093766763 0.876677146818010986449149325593
0.221304836357631115256797548422 0.407946766172756209547599765978 0.968076684508277179140775412269
0.023902427560820536987805616963 0.167089751051284133430881179987 0.168140254917569939546559131599
0.436562308693441917736648062407 0.608092450651851073639994247315 0.399454148810557905930323780188
0.861856681823489050818312299731 0.868109081382930119756498183688 0.903408689063685914413251802749
0.973504280839419043449697593021 0.402868246424330438057820389914 0.982899748996276255285777459554
0.664648088843300696761793907977 0.815701410368342488164236561581 0.167203988842714466814723121381
0.860738950596302531897057358258 0.525564634334598368520562291032 0.005291344236249748066135939986
0.072587566146363548869864333874 0.135254533320949581337177732891 0.211120268252282851017729544361
0.083697435967964756870646953831 0.383811268641507484395521473433 0.695089071090358748270403786263
0.559103791542491985472637215997 0.956305676261830149176561718530 0.002176793231350859572548979011
0.282885563766688962608208080119 0.199347831172935063942863375372 0.655946636221345372883838061166
0.427310018260432957731787891783 0.456265284038400171188053319712 0.379379452739076252800311316421
0.348197236567122902791231517065 0.117239709057146315753716202111 0.124149552484619853850996760496
0.990478972932589316433609497001 0.794623850013049518733921875717 0.659648406808177017846137420490
0.372801576754615908965962292619 0.316274198137640909212470269082 0.194828361112177697550024272892
0.756252771097444850711719374830 0.191600537235384389624969148953 0.490827913215459021450848044482
0.097811580085565519415169127787 0.554556841651133935948508276401 0.504587670471203082549424198049
0.707368660596728963189368260326 0.995626171132217297802475310816 0.237370679771352091315192527839
0.198957566799275063371024209938 0.203702531332086407353183405261 0.108988731434506603150798270765
0.811892399712860074608246881625 0.273860584007169386485852439117 0.265792007413449019021924869215
0.574337778540461143462750252804 0.995639048368445274555096742232 0.701831071764051121951232233537
0.751256996759385005176366246652 0.458275194496737220472146242886 0.417044523366565291376461956095
0.056795643776604336656391115769 0.121274291191173519277393977931 0.442604859443664084259888089288
0.391597280149146067404654515218 0.805589573378611002339715087997 0.784100170885201542802754270694
0.273534020444108972230813661936 0.120675986207276355534815627711 0.082243740611770061599541897113
0.915592771903691468943890267529 0.382043894382457562936459579459 0.480980441183937339759017987743
0.610531616553098395917690065679 0.983957191808833392853367941096 0.345424408609840637833694976066
0.783377913085016434323518284514 0.221520640957804933531024623445 0.784803732090687333969522514757
0.505449231425136224740632670715 0.310108076131028696586546913347 0.740955209324532709464498282400
0.034161604869531979917122138395 0.948784844327551065028910513477 0.662279625625988530207614784659
0.505190346226768603744743769057 0.810618596164908318961302940072 0.413898036504440846896284674782
0.955723362224763918506090981132 0.842138368638409965009720534276 0.060912551823691025292330834230
0.358579527825500635393045599676 0.577625690296641241290293044272 0.583162435843425997657788370916
0.889626802109463926010567923815 0.255332079021728100210375597188 0.340571608016998060125099155822
0.513227382885727481437292772904 0.635140834219604081648774160830 0.355133581955997257613092274816
0.781967040130481644010687571655 0.759791519812380971446395602191 0.531018810658642638690082912081
0.829368478271429024132610006797 0.775820885951644999282570588910 0.675344694317484738615813928339
0.056431358068769600555186487497 0.400992115190607303472520140357 0.111501573467390178104215319652
0.116518622532828935088558565671 0.183484444544853988101073949738 0.244038265351947089877737129216
0.114633820093461643377873322381 0.482246723450466914243883968957 0.923421188522581773294841543655
0.671446439826378547134095328125 0.139612132120360046349655496897 0.580307441646152370510078565094
0.369376657852523085659992797663 0.663359839496309732603289796359 0.165027871913578370632511033302
0.307995630356916799720390702754 0.725421562324379208973822613745 0.391413066039642361106669928739
0.958979690227877189374560794346 0.513377792282867200025820390248 0.723728751868110768264847622480
0.211102858930977682700365253439 0.448869843873503778199976757884 0.313625681207718432026279449356
0.976554869335897086341451277140 0.163926822439163042357399534480 0.332139293046777197217583346806
0.583850807888311009446756547583 0.195726294470046514687763830989 0.262354550565128996822666812938
0.051608740761018753233741674698 0.469121864606353565592982991683 0.994044715919726949979651268457
0.709402415936833369745987363195 0.550285025662325454025333380606 0.210650304311278023997896051548
0.543019213946032998182055049236 0.863157455639204328970390288834 0.206128767790442879978122987097
0.672724850310958986424515939392 0.288079477594579099695092114753 0.514548087528893687511154988380
0.248915917148419040163536002354 0.027925603914097876454796632692 0.754846368610891827891544380478
0.012288303179118428617884155117 0.302117086153627177904870648391 0.598301064316513104101232573617
0.233468569808430369027650858113 0.587566787493436417908603162349 0.918922790199708956722451202237
0.205392692848888773337092816469 0.080855591433985712849966808464 0.497014993199571582090163792518
0.192957788230929175956360833192 0.190780092392862224373535638176 0.397303387453051934972199810169
0.663995059444598975953562859426 0.529133513969465649413201307806 0.464264962089229592799932809870
0.251559568509210126674945571620 0.917368440706047940380700588402 0.436680545635489093387438363064
0.070315689381382038728067802171 0.416727817082683529294455038184 0.149515071213249556622038633624
0.571883408280690340228053246985 0.577701916037156168016652494660 0.417597894579416978882153056016
0.259394135915135822968431036543 0.831524619596520311650687678835 0.435557347530259586725985766188
0.208497142734694521056224174215 0.955500074399015405016433492606 0.025680285440297571184948426066
0.732064934511382718274967852840 0.469500241870082902607397066907 0.027729700771215248304102631513
0.810202669562878090536858676248 0.991808051132954758338634320218 0.858657716464478808486500615122
0.443686198751777195403845314768 0.471099079718194354839522838832 0.935227689374526085984083261134
0.490605726578505899030054978069 0.225687330087292652288237022864 0.048125043328786705917246384675
0.529818658977294549344948544669 0.995323692001320888035703304605 0.881551629498106709943405663836
0.225753235115310112553138332310 0.151100759657077073288753296982 0.904732732623559710997738974997
0.715844575469328553317025063305 0.542319015463713596586360756326 0.519380925682929678339615898922
0.082561092847586816630218851979 0.274955313403553544062271994448 0.484457959137279464395348611487
0.880842886257620214249691710324 0.943263516386463158485516989783 0.297173979304392231182536025520
0.208694165069540799520912894765 0.841844268403605604935121168904 0.333433005554269928926778086552
0.071892886632762169499217138583 0.363035929314408198153913803517 0.030968373321035572055232653826
0.686444631923995269137775183327 0.909489855364546831703792479707 0.002537535227678297606237555756
0.441428485397880552714107175365 0.564949706823222040176951671195 0.548929394336966801508741104981
0.216651304735525423118828381470 0.118200346260851377720906625202 0.605716430281805783646093052951
0.996090714379046612994856771404 0.587690180285255605467475119815 0.429067990519691064954996116414
0.382231435724741272387498545598 0.633143321908813855264864610048 0.472858732963506141050730433048
0.440755944817128442661892944343 0.304029357916985493988110922539 0.871701814596908640606936857101
0.850274942640593552677030634801 0.105699564840784238835807227949 0.047257158215679164940162542904
0.363659166220503422103395200605 0.573146466813931173757203723055 0.355767511975629724744619199194
0.166571892096400059865801402423 0.901220868256687386175984671978 0.322883843956012898467921287746
0.535499030373618299459665360523 0.815822500644636198707998037643 0.076024698466768735382688493201
0.065740251619423420621990175338 0.337267520924322498450307381852 0.906457092414899994606903715066
0.681933436741628207656656690700 0.116310452602180902883870927907 0.486648301096289291298453232754
0.262198133631620532590124855792 0.119010528987051564593403822388 0.400623794362981138911352222789
0.138234943032035314155112740823 0.462075346255274658034865562162 0.869178412657925111665726265581
0.290898617513475116557052378994 0.416932592066662529727359667757 0.889904818291540194697017968610
0.963992330107714667203761140418 0.495708100382268963617125968787 0.331495616968772466768855011468
0.127341371126276533897031538421 0.195894041533092256617961388335 0.066843374837154449786116552720
0.135121664200736126985301705860 0.924333797681739918514572229659 0.425354924963661890957294007057
0.148654023837869274561400725682 0.167716569256638822581887493763 0.266263930917963622911626293933
0.789901120386186800022788502518 0.850620098676273216052422434325 0.912024222489775844329504189456
0.348297130765797966487632535701 0.136326438840219184077386430138 0.261507737512606518131442113977
0.179317310012773162949245593850 0.593881357234977724800122068986 0.296359098470045056062710119938
0.662311451896500693356708374144 0.451307445381843904021013033516 0.749749774311396249591033318176
0.529505287980301239902556726413 0.787638284475115770475877465877 0.540590194084440780175887268965
0.289911152229366463134569682334 0.196510301615906872934590340796 0.212735190137498021416657427183
0.492448509125813883943360885533 0.796111564935185085617559061687 0.839357127770831536387331679234
0.460490465556036125164994537238 0.301814336272974851810653009979 0.186695362056931577928699432699
0.805625772397904729776338537226 0.409404873957998455019698725940 0.981127913112617996319332047252
0.086033234249981888155569836464 0.654611535805040793500143703146 0.767095053839724486128950047170
0.234974338725126634625742788087 0.735138461616036079810451126670 0.359626380821747655094762711968
0.889008872828927326921245684595 0.377418730133964144965025793828 0.313812542191818302702828397509
0.432047777420645670745704058032 0.981161570182328720800578062800 0.102577495974941563850731993176
0.808097188246366750983938914231 0.464967213397127684210412867309 0.184168826595239073218856032156
0.505669507325493230776230534497 0.528298014597085852409321352242 0.256356583266585718336364760588
0.157876862177208059092562715819 0.820312630338503587800713260406 0.579821503573041380676033311132
0.672925099724337614600207766247 0.153198602455040154702639310490 0.800916195047878315259021118517
0.980367281857153718164973008883 0.577901935676096258579637980892 0.837766997995632480921949345467
0.707884754758429109761209265312 0.686921369114727244918012619858 0.269165764225047479371071957139
0.596145626480024373863779955859 0.156202922987603423161716412475 0.440202608625002246018213063426
0.677319405690041735916485889999 0.617462275587875278694583928884 0.863996311046052697480989588242
0.028201315467839755410436032950 0.542344828834915238133755429240 0.550479495442640610961404447177
0.784605318871103102996025397580 0.105208844424244337225430634866 0.557733691532227360914377114829
0.730579714132906960594897194427 0.856952249494060147708071726838 0.789886743091742490718741483984
0.092851184861417061831467540302 0.738217459759319662418775703590 0.633845380322139650904574918384
0.558158754605997965797897454522 0.982007844328475512826141178774 0.955211875472799060177295388504
0.674703033232760316601668824218 0.449659090875221915674936077646 0.913094542717385294559252251399
0.273783254560495325882153689147 0.769840382503219692686086691134 0.651797861893750484777246635169
0.933385917226946638457412566416 0.278491069892527875893546885138 0.129432981091772053870257345039
0.766710410019077023243326081112 0.293378137251220172328507433673 0.153956431360406680389088550418
0.316718037122644975239802802834 0.403150162859493113151200725787 0.383006961443738238870209382288
0.133774149030216056167874443759 0.427128321355861464247376317698 0.978911435800912748828027098220
0.810297090736793226806759113933 0.484000843314960275458754738789 0.473283664290264627556549145865
0.975662164796319943337301270650 0.177630667510183461262567917642 0.333590702404146415224313584338
0.147604190705041418547842061847 0.763068368729260866423317146057 0.627173952987042973660197458936
0.426004280966260369471698177179 0.526265807949233891067364739999 0.650468590221873393003086604252
0.495694749151278928867425475325 0.119451281634293955309399020614 0.159091041998417328528162163100
0.501965798798605220920730300983 0.003496635283353064161522212711 0.118234053586351728830592791998
0.650859028998459350574516745918 0.006246197279024041118404580454 0.871779857786025801061889901004
0.611695604517156252326731746569 0.462237921059130352303121599202 0.865075021654158581342805703262
0.310634043487399245694716604457 0.955266982682651205379941760820 0.363521131379117918257300964646
0.724503036610824723660997980261 0.762931438622758236039691599148 0.304083432852405129089613831290
0.230228957194128887109176738532 0.224037607069557137726324801770 0.535754718013213890365785626265
0.653979483561864402434645093160 0.813189824372860932110878990201 0.800243933440754765605095554075
0.995696016160355479249668407724 0.046854926812177031504730455093 0.212341106158036871381431281986
0.306944118198583718268144719882 0.633180117272286501543342441479 0.066182992348344297792377901860
0.155725867615257061645872835665 0.940547046657999936799461739198 0.390849826185402862222442214145
0.374976888547921559497739219457 0.677081498373643163561958388807 0.063423575162694482032360044354
0.553171283987123510417737635868 0.193992754016170799554409432059 0.227231815889248278494418797625
0.409746143157314799967954658988 0.962303275478757220016196771164 0.518242392390333651117558619084
0.888920434269355627665110639688 0.788491598866832832050952866292 0.210231563587475661954563345458
0.475320794234008660465909749755 0.667901068295699598283141909730 0.012063821217460121622715692839
0.812205466921609781466689541329 0.531247328082563307137437826418 0.552537124105419094405948193674
0.669630062940446470658967120179 0.401426734720426331346092098581 0.426371765462140330511909460595
0.346844056819015498510155160738 0.662597591853120542233029558801 0.505633728245167766323162626459
0.054953225955768479799346727455 0.832311897666351277459282731040 0.074383654762619915741738477894
0.543711620419224741729450431667 0.615879378430092836431727023674 0.991484610286628773061086799233
0.092767210554728079527131004599 0.207359027002143835861487177497 0.588005122995065130211554178524
0.950539174661435093590831618227 0.469087732813819821627744384065 0.012738419773972860913708081367
0.035456681123523258085976337680 0.512408514672091568135147973844 0.523192755720476410883743569158
0.593856320540342722358756245269 0.081521598452158158573600746840 0.047413320093915083262052691121
0.275035343292873573466924953451 0.535569272286659109360267447192 0.465750847275999828026610742122
0.653285063185818560654703732677 0.702055602484286129415065499557 0.320179488964453232707357860587
0.178143015406472265985889265494 0.282093126387576547790627549943 0.112466735527394137421098153366
0.471443073616177005758133425534 0.644555333070443854136413207675 0.893073693139165120312203683036
0.528985747501218559174823374665 0.209463862883988289583417262822 0.062356738852305135204784638069
0.413653325797966732896127198834 0.247750072226596958082577305043 0.732518934076111654700236735100
0.350343340634973844485881021778 0.435585445443526782470001767268 0.401712101488890042274184387830
0.081340141013367299075750126320 0.852752513437994719166930162333 0.328424083347807893706361667369
0.003010931142779624520779013269 0.117440672836937987300792755299 0.298011328307980365681837973036
0.437256831528793880596529221169 0.524284583375761175587125570308 0.139104641302099972947393540545
0.237068329118353454122474247630 0.111352077695405951182084723004 0.031979817245724323004324093303
0.619975184031928719116104303313 0.087625570002811773657986802100 0.482595945490445449568120461456
0.020787369018335435868391696845 0.693288789520647492417653478613 0.203215146064481021997430740728
0.542812364399626574309142836051 0.750749585495716287953026627222 0.448070846677451449046472664316
0.196018480569382105351683489968 0.754990265030799408534690892300 0.375581437157015838475933047897
0.981947457587165875312465067406 0.559690063631869941284683223912 0.492429883240572640401059292377
0.538897177373161741483681320440 0.279533807090982522592385216855 0.175959105292667236514867464183
0.399389083402432568589480349948 0.920103803329148588098348507952 0.793268135577850619574706390983
0.073179130093155196178242499768 0.070540462774715057958542245309 0.040130698719607181809944154772
0.447105637437654423194158884411 0.400400012702892420181210481462 0.868352782749947402487835479847
0.942150533560171677448447467908 0.528577322411815098824560019496 0.603634473306870215324038678072
0.791369914735437450540631842460 0.685602175317033232451062581821 0.478955431620262901859784214363
0.465521625771521237008985024548 0.142879581836074083660545956181 0.649854437616694445894567250449
0.041935062139540244314651796625 0.636388355318276279137647674817 0.103562097801990288231714308537
0.081126303061008178603805337957 0.050122361047243455065350401750 0.648274256198638575943790845763
0.031119151575679123053097717152 0.695597789573798319658765572158 0.759344673636231762824902608472
0.298788091738270520162736997810 0.070207586905561826330939079927 0.874892243043357392763870715387
0.198005729429692146700414094399 0.558646534277785274165581711842 0.710165132963294600145556401217
0.460376018471943624289845386487 0.854150122248768667965972292175 0.711360217272467621968828625896
0.790117004674361533879806158011 0.257045229540970346025209705159 0.523605257677238373726973108214
0.604384813319626941481262594424 0.274456587363871855021952705859 0.945630658483421091559879119444
0.632824056022325528629917424973 0.665060890876210582962819175183 0.506086540192623560220841254781
0.678013847449935932122721919431 0.404449443019799165075313073225 0.265102861589071377538618714062
0.877891481227136612798847405792 0.380535917032849254589742569951 0.545408877697955593332549784571
0.147684170246446222547068770353 0.533532734630073311956579334099 0.080853441217287839103563704738
0.893441924273999254799029175278 0.121577623133769878464296677068 0.083623196934420661983008505872
0.129193725538596860790304757693 0.619323567717757921630956620600 0.728933017662676966892149164068
0.342949074806809827465270321693 0.942857304457673508865177936616 0.128294040170644878473441542625
0.887423121734149465280971908128 0.503187362839958342956983947231 0.585776755645618117065332618336
0.048086743044865075526669164976 0.420127127028815170674167453059 0.654289513353640794391730953219
0.389815751422487134188886234757 0.560185494771655124250832848431 0.857647795923643113487541225114
0.352310825554626069777405221989 0.071962772589262457523315289033 0.976057082561139378555220386086
0.962795439089860175695030880966 0.777195953161016938456986197491 0.194060522624014800755415666610
0.480575380022801160414926712921 0.862529813027170138106560209793 0.744518013430977392590393500339
0.808510806428347435015088499538 0.428675397178767457179320979731 0.418254420682349422714205474171
0.520810540687111069663129808918 0.829751821364600223465748594554 0.165747426063748275419983710441
0.213490161597060424352547902633 0.294998682318756662465842656119 0.620934666033381384403190849122
0.910903147380988245857477969328 0.946841110355492167674077400552 0.847381511289301007342023757536
0.325466502985223539307988031448 0.053031685943019660782591111407 0.161133360547198319662718886652
0.853658517132892817409452510836 0.052748184488862393529874980397 0.834760153669832853505081408804
0.985751755938542445496920553817 0.139051138082651733264393065069 0.218514056109283672015942500011
0.838025848288016746353516799667 0.069166359953704837779123024233 0.380866099898544148790152012315
0.134437129161919420030181526637 0.268517746889455706087067398887 0.280032493765451447549637989664
0.739400496971381783631030553994 0.585045527683754636718458743112 0.260446933404889228814158110036
0.764349394431733019046561952330 0.738487639303078267699228613342 0.951208891630417615652405582462
0.407984205940156727153860427035 0.949156708975800117972958978969 0.090650810183072182616187745798
0.439266217097896177967755803306 0.959997942704075515772098065404 0.824000914796900268389173882054
0.260358447177607658485384979054 0.702880736685762733114826720939 0.234884560422415264881980866875
0.871576917318178925258882355454 0.816697031749052015429517807680 0.966777463376758307804001899742
0.776113733935899398083481367950 0.263088513010920479490378592595 0.303100486578075476636480961599
0.583371224771814669523892239774 0.395517944159200288598575372213 0.799519451379909224310472645563
0.007917424861970025046386386746 0.854763731440992806398989613579 0.933291335066291707338051576435
0.378574500343300005282812860031 0.042290096174348634800683459836 0.250434467298990855156581219593
0.780087206877352292179770595829 0.137852331048182296805457892132 0.594549309464740855065140190200
0.125024627465402669858118084636 0.494804126937287235024192777140 0.666360429661622892988461394880
0.301765324392511133662444360293 0.953374883282805857711743124379 0.479373575091903530499399317115
0.968133948484821186757970457734 0.949852641175892980872342914835 0.426875313641469766907597877047
0.346361968105854157934502137171 0.191599816428866481797891339045 0.175449275999991756844970945845
0.191959509075779948737693988964 0.839266248986902400573922376530 0.836413738471358156454200253048
0.579239615075674914760169585273 0.129315367304622021400568257093 0.872752211692860914581844149775
0.776142945367975102816818577609 0.556272700283526679158447984704 0.749395908157917569310973407307
0.488473935062187777002382188529 0.331587500330716702940002311772 0.336217424196306811673763296780
0.513734203973577399476937410021 0.115223367871608691871286552004 0.963170787769564289296715517916
0.900732591592310454036534977473 0.309877845759176740550322452192 0.501646427848725719561397405312
0.961613009077645449573769684598 0.706175052964063117432015117236 0.871379017614888727818464004954
0.476649334079825570832823604990 0.682373280767363360489476055686 0.060426583532833522264601316817
0.025597549079081198522282647715 0.932503792642258149140494159792 0.251512309245731784506096262930
0.922931074829820289419989564574 0.304381850710738078316394978132 0.162976331079865197479915729548
0.424153728753878177682892928107 0.215570394190670097640504858353 0.378589393806616191116304191204
0.432845510432901353717285269095 0.477067782079036696595921195676 0.108785194138774921378179802217
0.413406887440160809377159565914 0.782564794172338259753310777729 0.832731720970930657021588310540
0.760558962669542998126761664632 0.297934532195064552146259907523 0.678163650262233781958130932783
0.749961798447395280734723926489 0.608133828754272061162269606795 0.252096355568479471907666153241
0.126301302944736039152167351622 0.765226110759135494052233686891 0.688486605624902471488586653192
0.293048907321607837800142626887 0.659589899450934612843691135370 0.416254383423580628772259573441
0.169568099714310054443958046142 0.803143589095431703086033767138 0.017414179998045344687567033616
0.374152809008278696401313084836 0.733710224456893760674789183590 0.052559544231533143228640658553
0.848967953062997090410638766710 0.987574106847790051238527403238 0.383707952927489603791409031264
0.731343340382483959363162328396 0.563363568474199923921335890537 0.959043321562559583392231464942
0.899558982416724013142556533674 0.846104594938077853823587966537 0.741709942558284341960167159339
0.893095280369274525062662360198 0.200536636941172208725790218395 0.550771105428099961715622192909
0.307506904577190175817827132256 0.253547232675879938236704368531 0.922368537983646595500532887682
0.820198102043430417739097658873 0.857372511575009734009432071293 0.209052839374301874873117601742
0.523441130347565628479500575737 0.223351914468644836636226300749 0.328248747190235367028805311329
0.012754861682975719091775290237 0.093642112076767380620061902028 0.362978186927243503246149464181
0.557827183348505578520217440334 0.496213720330764994520345761243 0.550995858947252718589579240407
0.816068371283783253375918477665 0.197540163740745313597820855259 0.632284790773162008472856479785
0.173854633373014283410277608729 0.427959212447636819309296714107 0.545931531244315308891518616650
0.211939885709045108323395359516 0.110517338177994177292410246211 0.461617740850592380942300664661
0.160597975522707225963872775584 0.221563176723523023089474427435 0.558773710502418419444120027828
0.754919257325606776613466174135 0.391410484600194626063363292459 0.872557412425053568348150523621
0.115836404200265062669157715241 0.389431911764854702357175785614 0.356299848755174958724329365941
0.266267650445938859653198916813 0.864707549418686185071640076110 0.901796710587029942482172884715
0.536289347325837269924001627160 0.459403754328727039338782667387 0.377574881916740417358054838317
0.184741918024085211679863716689 0.196560008561692188790679212864 0.762150526846978512521098735798
0.351484773361865654594586408571 0.040933044683429703376086682916 0.998805524255492501206024161044
0.068780658539910708555278750622 0.063512318186034280659972163036 0.476848765212197592365937224936
0.500357870785504456862062553533 0.611056300402179645374449150336 0.133675195362339330156737267532
0.906650928090219839797140064014 0.260961255967067353619663245037 0.547483041328351050069269542790
0.907435465487437599420103703185 0.572388644152121722343579229726 0.156080708638925551410066420394
0.262071993719993093843961316018 0.029680883542361354183827714315 0.679100469324491518959218521014
0.806434820743494255653124905056 0.426537721500735723466782144221 0.931616168946218014658275280652
0.729457235264825372481535691556 0.867398432464589583721125271017 0.741309231181842715566831570453
0.477573010927577880599817532722 0.424797676801365956684416210833 0.390982019762633342338435667128
0.205598284910075619405623731755 0.760695509840824137628178558852 0.190807848518645371462982444914
0.867176941568502908628308065420 0.319603018404538311076355390909 0.921900324307021739911512508160
0.996200677687512987419320497630 0.772357440617060068563558919258 0.618624416922331341259827448318
0.627756462398256377944444740905 0.593485443695300616857735420974 0.413401776192350263246999900750
0.083660606750706080205593250554 0.182463606424349001333455575479 0.115998019278376450386920024230
0.376691108954528727571333279204 0.454832945046504618511750107054 0.364266350678413881603057281885
0.342263211979765462946729992883 0.440647280109408185816574919575 0.178514208512564929126282754469
0.301226264402093031010694582234 0.487615470852294449479717236759 0.476622846857564912926594313015
0.652689342230007750289281680953 0.044068005584657319881880400560 0.442355140889288705191916914267
0.719135394292753478581404239502 0.043418720787922172448458781130 0.275718176722181726288044760438
0.133549174956488372965553906641 0.241543534566967558240316231221 0.604074870237091564992276007294
0.701971684009952154619322233012 0.572532327491388669940578412628 0.136444580246774435794896991494
0.555483337000412485654051014253 0.690947192467347227295939109418 0.525238895703808614063040120042
0.734679940032748106466867307819 0.801259368563935368202810963726 0.976816295320334061327617234583
0.941742479857244502956010261216 0.018831079448564270493837129271 0.751620937919937610605725967277
0.946580733848758344511626509354 0.673274158734645210051609248715 0.467987834393051048484392922270
0.865703265655113240115877737451 0.756733678954733891749277651222 0.530576585058572176402446887620
0.332105142886259682287465646697 0.493189582391982704643683013859 0.671680074234608644219167270108
0.125924413072875373353317241360 0.947656917591469628029390443408 0.700464207657247580017545045092
0.244707754987672277961619561922 0.105978256758967313969495014699 0.723745633281023012284068241010
0.211512187418442570974957477350 0.371847684369636963654108092029 0.687658754365574310695691277066
0.121642600396900324803698319237 0.900414910239947727045514083363 0.309435164784754529925071319397
0.026827496392117704097641499818 0.517222445766371599789057565148 0.219981936568741578142229572829
0.780636484538767998901169481601 0.797590444969181973544731184572 0.292214810654696393758003423919
0.231570158751911772621570392616 0.174750347492610880680273207979 0.010976322484128641918220179272
0.204387913878694954812895422422 0.078683803143457768810193587057 0.109454256724182840871491261532
0.425774944292557962581726800058 0.577044223929156168301701379741 0.209945580331210735830519097911
0.239739639647018612341191570825 0.358323400583695808986926170106 0.056288748231499761792968904175
0.440172467704364338921011952037 0.753644397934256057530433941362 0.219184369789127121013740340700
0.529262330295177749467277488521 0.256728957021748901851555702899 0.799860314932649020827469791849
0.938733713583672382262453541222 0.665981848358082796062048221598 0.963091841302989830147078085952
0.934964686570138638093043003584 0.192379063934309971707480670423 0.264854850513675772408822879271
0.344562728599842119131502552796 0.954144351906418864884577910058 0.018834542122716719330376453037
0.288566271036156479670604108038 0.695849938123029721591477768512 0.008686582058612272622987792373
0.146831025447675764587328822604 0.237962321509678138142285960869 0.753409445252940673899411633298
0.983721874562932235125647592002 0.133178399542343720856178922524 0.143374837487834744012858901023
0.805366060292071365806926119815 0.192512790506220269877613260372 0.243843099038080601521890948474
0.306506946828611747769705240892 0.623996493865267139223068128468 0.716030549571920362427822611460