  0.855396
  0.647931
  0.406229
   0.15362
  0.187428
  0.150953
  0.142964
  0.800049
  0.833876
  0.796056
  0.569713
  0.793252
 0.0479136
  0.779269
  0.218778
 0.0047419
 0.0915651
 0.0735322
  0.095288
  0.885023
   0.98767
  0.157925
  0.757345
  0.872841
  0.672678
  0.793614
  0.179831
   0.74257
  0.249622
  0.264733
 0.0443371
   0.34162
  0.186974
  0.885064
 0.0702444
  0.151447
  0.121429
  0.592002
 0.0228312
  0.341928
  0.837511
    0.1232
  0.776093
     0.544
  0.939825
  0.916659
  0.485563
  0.434096
  0.995177
  0.594042
  0.100521
  0.172661
 0.0585112
  0.562873
  0.976434
  0.468734
  0.164462
  0.142618
  0.640347
  0.184703
  0.790888
  0.663459
  0.561517
  0.988338
 0.0471259
  0.823214
  0.960437
  0.994745
  0.650363
  0.183718
  0.130857
  0.735081
  0.359657
  0.339735
  0.159163
   0.73637
  0.772369
  0.637391
  0.324603
  0.913888
  0.110139
  0.332253
  0.724284
  0.320378
  0.845697
  0.622956
 0.0384537
  0.252327
  0.908413
  0.821927
0.00220514
  0.542857
  0.766592
  0.555663
  0.257371
   0.63667
  0.872075
  0.597802
  0.398012
  0.320861
  0.763672
  0.862735
   0.33413
  0.861029
  0.855539
   0.45048
  0.238459
  0.665198
  0.410511
  0.506948
  0.808289
    0.6657
  0.140242
  0.846083
  0.257307
  0.347352
  0.968218
   0.65764
  0.192887
 0.0325737
  0.375374
  0.195689
  0.620278
  0.250331
  0.829783
  0.494059
  0.023842
  0.250778
  0.531578
  0.416013
  0.657883
  0.266892
  0.955926
  0.953887
  0.580894
  0.353177
  0.342372
  0.127036
  0.334167
  0.502402
  0.387111
   0.69258
   0.43944
  0.732336
  0.309466
  0.284371
  0.398379
  0.484702
  0.826978
  0.527443
  0.983018
 0.0406636
  0.217826
  0.860917
  0.284583
 0.0759794
  0.305896
   0.59324
  0.721749
  0.607925
  0.714818
  0.840969
  0.652611
  0.347191
  0.915306
  0.804751
   0.80054
 0.0744194
  0.517834
  0.243749
  0.871883
  0.608471
  0.057085
  0.643281
  0.211274
  0.611046
  0.239273
  0.203426
  0.146358
  0.896659
  0.721194
  0.352757
  0.171049
 0.0994967
  0.714912
  0.573512
  0.486739
  0.503499
  0.548282
 0.0997672
  0.024243
 0.0600265
  0.627279
  0.166211
  0.462247
  0.116932
  0.994085
  0.886708
  0.718285
  0.852117
  0.350842
  0.195536
     0.865
  0.360151
   0.82319
  0.368855
 0.0890221
  0.427327
  0.201423
  0.147873
  0.696347
  0.946405
  0.333223
  0.541372
  0.620546
   0.82433
  0.454592
  0.345999
  0.706362
  0.607287
  0.167157
  0.519884
  0.267575
  0.458118
  0.243614
  0.906715
  0.325131
 0.0953669
  0.813022
  0.685313
   0.95415
  0.292084
  0.303912
  0.547355
  0.508497
  0.142864
  0.882425
  0.183431
  0.892767
  0.263804
  0.417185
  0.807022
  0.181131
  0.533782
  0.146341
  0.314748
  0.199768
  0.434802
  0.423593
  0.411436
  0.514195
 0.0180894
  0.578239
  0.720391
 0.0182081
   0.55475
  0.130487
  0.130478
  0.308489
  0.602574
 0.0258747
   0.49028
  0.668719
  0.030627
  0.938342
  0.675187
  0.842942
  0.844428
  0.461924
  0.396381
  0.470962
   0.74648
  0.587717
  0.337088
  0.245458
  0.930192
  0.864283
  0.809258
  0.266344
  0.905439
  0.969631
  0.184937
  0.161915
  0.869144
 0.0947605
  0.865227
  0.826213
  0.166774
  0.898442
 0.0702005
 0.0311704
  0.202001
   0.13141
  0.453795
  0.921653
  0.694143
 0.0520749
  0.397834
  0.505661
  0.517893
 0.0670508
  0.250087
  0.055759
  0.580635
  0.017811
  0.866967
  0.178429
  0.683499
  0.240472
  0.528904
  0.985769
  0.184153
  0.319119
  0.461598
   0.12518
  0.165759
  0.692125
 0.0838312
  0.310809
  0.848487
  0.720718
 0.0176778
  0.289614
  0.924011
 0.0953456
 0.0402467
  0.583222
  0.492635
  0.277741
  0.134477
  0.361999
  0.534798
  0.480028
  0.824816
  0.822746
  0.300521
 0.0627275
  0.438544
 0.0455322
   0.82675
  0.464059
  0.898857
  0.509001
  0.407835
  0.221029
  0.163246
  0.123963
0.00821158
   0.42985
  0.808024
   0.99673
   0.56567
  0.754009
  0.918204
  0.315976
  0.757782
  0.593398
  0.144329
  0.227696
  0.270562
0.00712861
  0.995862
  0.797357
  0.787148
   0.73251
  0.386135
  0.804168
  0.816889
  0.167242
  0.931422
  0.620063
    0.9176
  0.874297
   0.52688
  0.308286
 0.0657128
  0.832485
  0.658405
  0.777632
  0.257665
  0.568915
  0.360478
  0.129497
  0.697299
  0.545968
  0.869766
    0.8367
  0.252419
  0.293706
  0.768576
  0.874497
 0.0829338
    0.6361
  0.934081
  0.468237
 0.0541294
   0.63899
  0.836568
  0.834696
  0.659392
  0.234274
  0.949649
  0.749118
 0.0166782
  0.850479
0.00759995
  0.268643
  0.727897
  0.268065
  0.306124
  0.549344
  0.833201
 0.0697437
   0.91639
  0.607451
  0.486338
  0.431002
  0.102382
  0.277558
  0.154281
  0.323762
  0.697077
  0.816727
   0.34024
  0.786761
  0.341331
  0.182643
 0.0318047
  0.013249
  0.931751
 0.0107595
  0.930665
  0.696303
  0.337973
  0.497227
    0.7144
  0.109363
  0.796594
  0.718629
    0.3058
   0.10673
  0.186319
  0.266451
  0.754787
  0.400629
  0.421964
 0.0884811
  0.850146
  0.399168
  0.128439
  0.994203
  0.130125
  0.332225
  0.599078
  0.931826
  0.443184
  0.479706
  0.484013
 0.0357639
  0.629726
  0.768268
  0.672997
 0.0343904
  0.490999
  0.161846
  0.797318
  0.789865
  0.249057
  0.154483
  0.228486
  0.345203
  0.432415
  0.383716
 0.0495576
  0.431662
  0.703388
  0.335846
  0.568336
  0.227544
  0.955217
  0.626168
  0.771036
  0.352044
  0.718815
  0.683803
0.00244488
  0.353853
  0.172471
   0.72134
  0.621617
  0.331147
   0.96651
  0.827454
  0.725697
  0.080268
  0.484063
  0.882423
  0.162276
  0.398092
  0.654356
  0.906126
  0.584099
  0.391333
  0.262154
  0.908216
  0.673929
   0.89585
  0.113479
  0.812316
  0.331792
  0.995476
  0.639178