0.945041509074077286277755922591 0.068668796629177651782257787253 0.815017901869321438667563290049
0.240765045457284328154944011689 0.957290487881433807488569236713 0.736424566821676262286649553324
0.025080429013488425461616665526 0.127005752296963299998247268122 0.685604286654174743556367788010
0.421482528049115013957648703465 0.005880164624388727417144766841 0.324679514212135979531216178377
0.566356266477871111228361063131 0.055395121107324367012817811682 0.368886793963027010268430241144
0.522009108519314364997555615295 0.351245565493301340942632423794 0.721084562367776176628508008049
0.043281707308232929846735723876 0.570163217679861740182611825120 0.755403357541016134875434119043
0.154409545708936104156745839870 0.426063771326169486971066180849 0.375495352689951168393285761654
0.232208185669322469682655754087 0.764393529685319503922823947658 0.060445975198134518219535142893
0.593426214856493942991649337760 0.932483619594091813737008898381 0.412051648928637644830685006524
0.827517654482324177514081996066 0.261770659465207110501136429769 0.915196672319053230877457458107
0.844742527654856630366497598616 0.167959117946160081932548229803 0.802459172489813502283162393389
0.839136774654671001707265872620 0.570531959556721421173671017335 0.733092178422194681139524953796
0.989541569172061403590845907326 0.666268684637869731413038129466 0.065621927845558578158430111505
0.983719406273080217994391659298 0.143702031104271738970875139298 0.726696604201297661654983622063
0.327194668533445048688115807825 0.815355575514421679653632823224 0.615691615639082721079992037170
0.619083733263815328092631656165 0.286919739244420731078285134434 0.500263493674693443261628961355
0.888887773165217275832812511265 0.793932327371300986060431556593 0.019254239774898128176961672468
0.460977172636982432987861005851 0.902325565076732989961238112533 0.344228534867878465265510949260
0.668685331140958235059364036043 0.535345488848774847653868234886 0.218075831640234245547759184681
0.513844239092539368200355289629 0.280253625754760501421356530548 0.744383566991055840721920372395
0.519138395120413634397217476856 0.616985504853827175549744314619 0.670246216653232111231299446223
0.263970366530519328427541063300 0.011652472708344231517051951419 0.367849082896359097677892409227
0.243792848491341542003344768446 0.566282444655720330137362826684 0.557646449289585183601051473884
0.118686565509291839363831294494 0.659424605427603796561922718311 0.215509054285619206281498407505
0.133844010902795851254127458641 0.005462077259769365377488055702 0.124973314770602393420597377444
0.515554424873549807155181371979 0.396709853536169693653418740903 0.680421989642965156836215393804
0.634077979477687761826551928834 0.088358400942599353178766037005 0.035534651421258955309006477157
0.258545922344142541224750448497 0.675606278645305249292106021079 0.510285556901368684574054767305
0.324647877754388023257797282133 0.658433825540567140570305408063 0.343862722441576931579122184709
0.734780378280171631720681377385 0.297949564515250604431228111369 0.113960078964208993619454849797
0.338750010532552818035840961685 0.465168277822016661796484914697 0.693409462652861774537688420840
0.571145097093683886980172882694 0.732518801158013948415755646215 0.217828372729206968934817598224
0.953322224597021354486930304574 0.486254442051201110731732356820 0.413683990433848911147997920904
0.177815649794354156179035928732 0.582240205329050176823420337092 0.244511380057695988020378910468
0.494466589668146459182906527084 0.214264603626778311856947253165 0.638590328267506731072268520357
0.793029623613085798477927501045 0.460152002311582934037751844281 0.705898398099623028937945416539
0.332126234534806246401885765427 0.622235295091496038122195106125 0.545540877131501773890010360318
0.504647166977078201022283512837 0.584757178787903544921660777141 0.671252127819708066250722789821
0.331219629878979895953273731073 0.679180456446206497848435355192 0.776556548288362040873884498371
0.495756530216918827350072810284 0.069233816148327472679913933512 0.292003585806717021906326780040
0.148266970742645437930885923707 0.416916614697341491572909360360 0.234487476668655693331001083263
0.596507393140728708205239629246 0.210399867143940039711023398155 0.606836678657700079241318736979
0.982606174583320099267522036594 0.962463054180612530729798814417 0.200353734603981169647941033401
0.378827166923813213181091932629 0.332646402403985111592429905766 0.003440033709728546644801306406
0.164830993030048169006596639449 0.913575662258107881604343579618 0.961711698651592957804081646689
0.790540242513107134729893809933 0.037895866718241350299269463833 0.006785678520655296812394687528
0.633394103449365346879695869237 0.166548486550540699627614556105 0.202644288056010263712408892950
0.735212328681149816015463628083 0.803866996622717470050068854111 0.387228527172423120140059828898
0.563938738863383686672259304543 0.862934779613309138234952438784 0.772137889251927785532116905929
0.009726111001696980045803735243 0.039537367961568368519785357592 0.967857857835526294755708861575
0.344067314379160120197796842992 0.880375663014108275114323826262 0.393676146815709799889569877052
0.567733476344475386846286095772 0.747079449119591010990849087534 0.672219982537660003905115558705
0.341957793273972278317488282236 0.562034165257092515864724161823 0.894904281558195187265843811683
0.304509571899319124335906420437 0.599424876081062802054389224912 0.229789583488773205615289755639
0.849453119539331487966240873120 0.263568764958120393559910596567 0.807603754191239330135016171853
0.766692510960049226699262783070 0.517247803458289551095370263005 0.848193633533465110898624726470
0.459223308458558065206991101897 0.877069723379264691982618196129 0.597075462346085697622369420947
0.270121035599082837683240681638 0.414462576948151145391331443967 0.072718446712575609306127061122
0.819257593373018137460207890541 0.061027175751171426484121529931 0.644420326258276816025055192666
0.481209430290645178527654395573 0.121382681661684914925582088642 0.131920179163141136513158659446
0.621272780008502694629069459839 0.272736176275912536323046317776 0.147866328265505044306505370760
0.977976878179537558169307701486 0.151287466982536592272568865464 0.197387530520780922022803099812
0.189014461524035202858172374505 0.678625013238101740426091514344 0.514512838195107647160406983897
0.092653245513832736360233262446 0.572572223882501167674549228679 0.647251981401085717726514778057
0.419405804285456348194439381581 0.125735830257925447353205594038 0.589394787870470921780325825561
0.246302390390212618610212493432 0.443498027825171487130586364197 0.422125524391855870121234546191
0.145280833513640112040363837500 0.505945370778247637259386845372 0.168885977623649741077852303748
0.317048982159166015113027676320 0.838681045359705970457143035511 0.380591021698096532039987176187
0.597167888792532525006775573504 0.448896897486005831696276772261 0.746769196233749936590710573775
0.969022187246145002555040763535 0.808499829353481789558363677495 0.081592726951303151419807305032
0.001483385823415636451414553821 0.396352152825196047651816969608 0.856834553755766522236030155949
0.646590854113466460238685772627 0.419705593584615820267681940336 0.642390123333358920930039353086
0.684704842304868578117954457643 0.642604582473518916586826333320 0.358466206159610276023393336771
0.405709967757341554339050161877 0.750382522511775623440435276410 0.133198999062601013148722284794
0.909815317296420098607821014647 0.747598449543618685570847897198 0.598876719613390183092260412426
0.746564061923637170448136306371 0.249734812281291542555638585844 0.629728337359413857946974722016
0.803863411096272527943373424783 0.274910667139327468631211770877 0.501332128691395532491507573977
0.720503408055118664596739475731 0.055154707085982738639373629456 0.771555385897636377917713178836
0.288083512317968481721499896708 0.135123257443779394841802040730 0.370609435408166768890949561982
0.270898471894797656615351109465 0.225529255090380506630954997431 0.621763554685975863072290323658
0.098336925410620723830519302468 0.053957335582355766104848084680 0.561937102799847555391559792144
0.978292485282209421304080300619 0.576555643649454784055807359908 0.768790023339015562417790634714
0.105986166614745008892196375213 0.812200169210587635093783403986 0.152609098870496611810231544038
0.714381263405128590264353206807 0.497176395679643108473884657528 0.257176698043366121521850678131
0.718464921034401295930237942430 0.539895573387263495285855038047 0.668858892947862378053706905556
0.117133611938210012220989117456 0.117068716149153943725127052991 0.237984504569102650192074123815
0.659975763434081800799133443099 0.960218203515850169153217292066 0.600974864814924248564614279384
0.086509253235092833858834118469 0.487052776694695215411318415275 0.995518160940260194645207766381
0.304813316656629833812241182920 0.312273772343587994386633234410 0.373830735570528786272581888821
0.170701779754854638628085917106 0.237475667077524936889535749432 0.551746109650807740631031941255
0.747567215183433577080114145705 0.597726162327710714957027563127 0.674541894377940426671600525210
0.542217561037992432949997247277 0.237205445087667204241834282435 0.498659255310563342667580169012
0.349271188082822291665884838285 0.716243211903148250957923614160 0.138738319032663330457073876009
0.799443212692649173277307181971 0.675003361713137658013049529967 0.254899984043957591131819937247
0.476714134559388681735684200203 0.768871154616663813114859534237 0.392078728736162501753562070218
0.309294553259024988102039059716 0.918764859156343173156395119055 0.669516606246311770323107153860
0.510867898136812073977577406903 0.180765298153932743945687309348 0.804444961017306668990511887680
0.691877890653232334004791144829 0.638891377028381658914037482174 0.863471837824148867614402243982
0.530045958543478267397250089385 0.629294318885574406305807460161 0.401777424432691925445827216471
0.576192599257163859592116671012 0.360697045817972039991943272716 0.922669463459594468163760635729
0.164172171836076083513993816056 0.143216520624810388666372166196 0.365755858918802762276016966393
0.596353097948010984716887269569 0.108927911320534395775302732551 0.390484065013291506450083901590
0.280409066990485348753936609407 0.645565113613597374978844776797 0.325760320480035148704803686647
0.248795893113402885940944837859 0.268981585155563966748853101886 0.628697787910508359679327437552
0.423061969204311102949980110277 0.663047730386495399905381476116 0.661281917851155416554823500506
0.650286681910576306408228207154 0.701428065998828182918612145785 0.989766798536690491497930845887
0.009792303723426972051708005615 0.407708229361029112605339694062 0.309489066297753202434553963538
0.367568727019309140747444487163 0.720921691442002146466215402647 0.442987702008501770876530288946
0.131318538192552925224004747806 0.683253771660075414614532047735 0.706620748622222785595330981461
0.001645228620538298515929384829 0.837558754605249850570952802517 0.944907812177484033589520328692
0.196816079578724246489276939070 0.933635322596381396019979540972 0.668043251456162278074357449212
0.862223326258494640158365895213 0.836768478172906203235823374455 0.372097634657317734681373339882
0.764624319028639973938141981840 0.870292300842475947127641276266 0.007931972213263071010644359471
0.690112500665680847116140780610 0.336187012858590137508809499133 0.054442953602032762832758061847
0.282761948922510435198067321080 0.744278583549375498526599456648 0.953759369772265585682994010622
0.273343057715269676043028790731 0.883426104450990396014148642286 0.879083204325400019646951360630
0.608688604512962374415100610367 0.088134766078352065323729443128 0.601659372696852178234111327081
0.982310175428008708904212065764 0.602324690485361044989825491734 0.761567704827662341160478768351
0.532307435313819319029756654884 0.788986901755572423184259208726 0.304828683783606377340284412068
0.491871225302781631296625525530 0.304877274562067171235317907734 0.925996274497314159832106278588
0.082341001948538757222293790927 0.822330821768957086047475696366 0.454023371945685227132056457293
0.858302556838072741359778534447 0.971280614452849676373750693576 0.261799276755258284040943893945
0.197861845649110980461595277546 0.992662197294538383361563920300 0.341477726405185527718034909501
0.271909419461718265857158900617 0.631153191392245021181217249828 0.638641882529756158546516215973
0.879543802507927498597569078040 0.101460772011184756112539107747 0.422134073868675005817800277251
0.473660378884285814678999988059 0.374812444709937503453384174958 0.651251685713592922409710580975
0.341855463469420984341967411035 0.159569020038858807316215699732 0.982497034187293728643090849571
0.313598354240311307792213314497 0.840708438963317255594046412386 0.021000728121244053292589261310
0.303536685286159054891522446972 0.158988946718490655017101355028 0.893920094170425013807701511545
0.769407591947038039550085216661 0.191347831524356024274778074353 0.055572997945699264124930547850
0.312927657291472540495902135843 0.478244994725688891904494612277 0.961905358319216147208235676452
0.231409464434604508275135785917 0.674540745802137476837799111694 0.128787220472818913880947396439
0.832342544742243948059426463701 0.380381847531084504564912349427 0.300612299394316348565205215270
0.010741806078308300784734657657 0.091877067757904079708146117628 0.721970400681022481817561564302
0.642428080426087921275020695448 0.916475150405683279507785940324 0.350141537607917997930656938306
0.072020465197223317121202476409 0.475753552010519259423693719106 0.637182496439682767085641983351
0.695713759069710320937996963792 0.791255619599997950037357325894 0.951781864450941302539149305825
0.742501786995466339221091226387 0.179487165220522639559265708641 0.096236810880688498809344799642
0.664467452353507926842614151506 0.112926993892340579492674280215 0.777449299139898031228116646944
0.002712801436101035577117395836 0.698049408576481557646972298694 0.701410550580109950692501834804
0.962708419410368269231237154046 0.735501802127541949979081648583 0.380384030392128606549921661798
0.490011053343943284283068396222 0.552957146508666393875606025020 0.858866096134118720165020939127
0.749060335745046389782965002893 0.513739966916241855974381517879 0.810510740569214796415619914304
0.908731378637879084844575132902 0.102586561070118808615398668268 0.134632407303653732579849127664
0.911304618167897099123915276973 0.687082931675490144594786039138 0.178950865618151102581909773146
0.613408584575174452018681912151 0.443903314786667399933488322730 0.138649473378676473421326154622
0.490168954985321263262181728620 0.973915735197895222557051361099 0.163660953461606553167824727601
0.829963848010219902410354008292 0.062975276728617706383967079095 0.836576060944028231842634624606
0.525756301165273371772240834254 0.788033248903824184618732460768 0.167430840124026663226999601685
0.781247455138627623327771433574 0.796274829996633571785665219168 0.727786306406348590070059547085
0.208313407621557632521587487019 0.347616223415436345215288915407 0.510663899344370319894548969218
0.065078628368540602168464084535 0.039288560473352830635408205375 0.883494011832406283188075831697
0.008201078086403896965461318011 0.892333009511515004832261340150 0.242777392738617618778641457298
0.354966840910193889872260544273 0.415273812739485328758574983135 0.469352497600516068244015268970
0.682818319307412157289865036178 0.488227737370293827976493815564 0.671696687828852639431135788246
0.157003462540419698770951582677 0.838857847382836667400296624911 0.674591383530369670659733640068
0.476134924068243892689645908087 0.801215045409779085794487131666 0.281230735431179100600047200290
0.931380459452088797039743261341 0.192617611413732844964088034242 0.570065807498214958780979066788
0.304040607058860403208744502246 0.573107599319809111936808736986 0.472148615350114813033528062815
0.488986721929042527137056212885 0.455047317447124851158954873836 0.817370288050814286197405829146
0.017440700258128147586429910293 0.953674198713480508795072508105 0.320932224599737981498215134420
0.290322714222029193269577970500 0.525427297710678873656077905819 0.972135539979402383378565844594
0.923173564414853849256060183369 0.785791797756268275976853475724 0.491329554540407936705691890838
0.435762915748243791346623789698 0.967397287637355297615992012496 0.955244646116787551851521190811
0.125871227462918984968854344131 0.370610874800373708805908529006 0.930977272202982254219518926837
0.170482772638630277989396780274 0.300501517433152675759958457705 0.258644076067219738367403638324
0.322650400183816914846137060027 0.069730346782978837828305394850 0.141850154654328854358189965630
0.657821824081120860628307575598 0.569685039226614425712462966370 0.083237500360964807651378410475
0.178099399780592881124385162373 0.829520257842042081404277276950 0.869037190065314828723549016996
0.429150029681205503772008830165 0.325949017094391412732287671443 0.776244908017603427497986384301
0.716731672177341930758066968793 0.528799088035204415898754549439 0.061343503533039091558593896472
0.728005573009713843158659329193 0.604967527586016438067962807487 0.335210583377385477671545808050
0.546481697782539461080510778898 0.260984341719977955946901159621 0.827203164251080212539505056130
0.853946126767064135192320099216 0.929447451248633038202669570628 0.539049302401736723763404750119
0.649651421375982415935567952666 0.031697809398619020221129619448 0.700518626895255911571755332839
0.376638272709315099791124051596 0.860372194627489296575232682690 0.589336869770103749149511609337
0.581087561180385348687805171535 0.045291803102564826471829416598 0.061911490666854346366127941217
0.754910332262857531376551237183 0.098532534535743105359738840205 0.344763185822393157168799980917
0.559993701078298905203467731868 0.339068841063207047944720038656 0.613837320224732656128988344585
0.768671004536241490422602725394 0.175779850790031165053846184844 0.188786490179821381953738488056
0.971125144122801865489330494212 0.656513668935702339325093553327 0.371915938336681821624418988470
0.193549977910655865766755598925 0.581823944351069358326874016842 0.659794741981288271369079468085
0.695211422656889344319558790277 0.367108699847275591450095596552 0.402986922127746040604803855484
0.222559375180636095771388350609 0.936679935046847663662559506010 0.898985719436204237418623704192
0.842826740188055531382235614283 0.419674382238448752262467252392 0.322425944093033832021333985163
0.636187394265116066768809212125 0.327672296036848924571655921045 0.439412074217470328859858215011
0.324672703394873978872327368782 0.670933327483360699089118077717 0.863314855813448018433255578520
0.978021168367123289243015560778 0.108016781816494248186600450264 0.369948024120434396229075973523
0.166596312376685519667765895634 0.242000591086022581905191717394 0.609380633795661093463688469550
0.953132504026306958694090174761 0.506682588938644413787119648378 0.449943817062896251711316441817
0.988034461740114331144207037261 0.665072304792357495825313704869 0.027281032230282479088123401563
0.692530252989904828108617742127 0.463114895551207259539636641985 0.572297448712811535744591556548
0.769564959407734199488696094854 0.227426996600152124597231002415 0.375340362470495417745248236902
0.425076989836521625807907236736 0.583241280121009107590154815319 0.893210356575296450111849206265
0.071246720659493588630432156854 0.806600560815423610762575864871 0.273788544145729227324194376887
0.079423724243136654608081837141 0.671420482752705140974668775937 0.986581722436040733674985746232
0.372830754464873555580748339920 0.413448104287906489471549524862 0.732797409500207491400774334298
0.995073228043792230559264460432 0.142838960050863454840003963570 0.463219777360019528475645715282
0.558639844604142053437112071641 0.216785428366549016401736383878 0.528721569119828171194708270372
0.390897930961441945941869032821 0.263449899376640072494195220256 0.849761307199259523187268513317
0.795975322468453023310145778076 0.129624668266754265323419383299 0.103773529597564574095400713069
0.957313247488790713813104996828 0.465256188085642098511646458176 0.198255841973276996951989020468
0.144492221002421807454095402744 0.446465998044225060674044094377 0.200766862792307327801482331969
0.592707754934430503826675876365 0.752492280607107331803152947327 0.345538853898297700205321209137
0.619326802128330206591398368813 0.300069726498848951222483008729 0.597369444852627847758028257927
0.493485347937294364375886266284 0.711998805825267020530496980403 0.164111964619769342036710166369
0.267811358721278388424324803675 0.757161539342965292535250504647 0.919047144262276166858708171295
0.439272519293847172303712246702 0.589452202429136352734856833021 0.610729601334189852463474921686
0.439936678374455101555808417494 0.273513414198002606722268508271 0.764043417194326095193232517270
0.078712866459438901623102137727 0.670020272933588965437217556126 0.591484014957188708065304970162
0.271848267945689699464822294605 0.152172421204319332943260112548 0.807804535249039027068165344388
0.911495589553995423789567642545 0.711578362419591035930314560981 0.674132247981253503864784851974
0.368542405541801333835302779275 0.712012458135825970906122022338 0.619984830464122865153317108421
0.318868734664581624009157262854 0.956313294176016300913631889501 0.557598808191832283502369214189
0.880519238768662418732543379370 0.537773127068403468980916161037 0.991647744484966575611120879209
0.225798125775792858253330150011 0.891542018636224358435013133864 0.630024825647314261310690876106
0.271804386523355319041742870989 0.100027882751455500803761987962 0.349306820304788887720849413771
0.144588592796502565686590662612 0.387491320379021788461592063112 0.480055177369552123684468467138
0.099451908502374595404462297678 0.174625674819240198805716759180 0.990859622015908914566425002408
0.278987422465511105575553966486 0.965745224402580231698471368204 0.788371126963639931743249275677
0.046479884108121901684406872573 0.478370199795085093160617325285 0.903341534428815125323044986585
0.205651859596020537986199878320 0.318095688136572521845365146359 0.344578931739277010101970632820
0.221251700660121206923159146935 0.514472777459379209168538460792 0.409060213832396557965041056322
0.749271547371855513710327149964 0.667528609591781934597312272423 0.910775658365312875648661685854
0.600384833769862779263031313422 0.795702719982110789869920952776 0.488464269814314096977835193238
0.526029208395641070560210438158 0.347284537036815960524009191823 0.839626387118981221995449404601
0.147687108238650922879570925725 0.293136413147836334558393778755 0.345390323619270520172494019476
0.211451925715709313458035489054 0.760617659100153229890819387273 0.421490683944391493595823565693
0.095095067528478123671660783695 0.960046034945874494900292893387 0.703333828890966812394668655316
0.555183903139400048657171323171 0.381419943472518228733884090656 0.533466158317080204717860423391
0.445828985090243221864227088750 0.927151437389384861595102880834 0.153782437360192943699763415501
0.329129929326007494444595424160 0.551464410448929328146608243506 0.517198253484459652242311481109
0.343668591624625244611465549551 0.421004332154952419623978651947 0.078768218951147570069718173654
0.364842669905425707107146391463 0.254601942202497607236723169946 0.487204653835824468670386754271
0.032213262760023221758992004838 0.522477498797221435553495804999 0.884932583696891914930706983463
0.209961785113537918433144502875 0.560854446349014018482142829082 0.986808770678572309321154421272
0.797978407796682819365097479146 0.115726074681479250154861477714 0.168125194057804242440623491131
0.615464420402207878578405928223 0.539121336897495315097331864527 0.147016014512662937476540729416
0.305198433070125549920632869308 0.341594305257624232361246208124 0.385972654315338327036652167753
0.335537740748454260927046987108 0.848450602881259462392681517655 0.098852607458086132615034665069
0.618108405400952229385937387458 0.754146666113203170160925305479 0.537414575026569102752154191718
0.232132158094775138609307657043 0.122143749655534810164494400270 0.670978207393394935577511856204
0.350814792465772263920178533052 0.365434471459568141008615885460 0.751494849466000733039982239203
0.037809551127227164643146297608 0.720543480539025961264858506723 0.150822094582251486104675141063
0.461189640957997982038380689584 0.234080593174049944052389960200 0.605821319503414266927503105406
0.705351261956481764965893787367 0.365466653842889352487620520027 0.175349967583090025145467427411
0.899097925172831114547694854380 0.053618351014302931419990448337 0.345768820547347256398548364430
0.949608740006253048122915652515 0.000493383765482444579357734091 0.872037470361110859899964155638
0.203531337711291267780039020322 0.388472194721566018357019633179 0.706882404065899133709056199401
0.639375916979678762918650742009 0.118328410568440884120711540818 0.941881406695837575592601854433
0.139717056066854034668611544534 0.003457648183725420433254110828 0.393569913872672529179289040410
0.161881832252549509559371671013 0.286189021900581840283868045049 0.954668079212139360895296317323
0.083008839990795730669676381546 0.827167526233167739005024068356 0.158643767475787846252874416827
0.594462805334009685839019770353 0.567470957264246807215335950318 0.040400435635174828644333002444
0.359199697209729113324047519258 0.284231248172378284179265767748 0.346324044205706263317764783535
0.162894084854358046138956973860 0.536921346704086354569221099591 0.132017971253573447317365755374
0.297681147461624030276606275703 0.829378018079640936769544682801 0.048006107337351293393936630670
0.110579800758301117344064186238 0.341635420774828781234417878841 0.066416812116701896560765236003
0.565358266524084849392022204888 0.922223531676682004497708705847 0.231047618862300769354407720828
0.213793344357822044556769189342 0.282918069401264338363644816859 0.102195199875509297867936400824
0.657786613366533444827502952938 0.146183709870937541889795897634 0.113186167860862564536588348939
0.087473786052483602396186506408 0.918728001654760499208396776847 0.831171698256868958609880619917
0.395951053896096692468513608235 0.480704817883413925997051121796 0.807365270679927105563518002997
0.610937887048683424685700644774 0.850629110539157897040928047844 0.637180881414588748526560098263
0.476572976841773028879181576747 0.487816421067915151613279438503 0.901040212798064535953698947462
0.798348666585471627110616387813 0.203988548421770191586729697941 0.661984847588482988129502333539
0.830421264315223036682809486865 0.366383775663817743372257095659 0.664509576702915182801751497552
0.382007264693817485027567936853 0.482297129199677139487857659874 0.556085162241866061107201498858
0.620296292307186499482676768676 0.466941500846130411484212129810 0.956812363979593591905293126023
0.237517362417873988359191614519 0.262685130371838501659769432225 0.313865607842077017351649983026
0.980330254428943109926902347682 0.683184469009357625960042972749 0.392261211271328754895575070461
0.069217984916103393147951315376 0.334582645267956206346104452389 0.170761727394976914444903654323
0.368655539665121336938199028616 0.657744158102919575231316137088 0.705662766670999457445343978655
0.086260128984305878030388338511 0.463531309697391459912548805080 0.086334905549419847980638737847
0.495542033940166478885523509083 0.144578334943235281880946098168 0.445573219586242286953470775088
0.425619871465788698876263971721 0.176366581984609971853206027354 0.436713996997998639445517361916
0.758972762974074902436116306302 0.513800991252950539054041251383 0.838486705402494648491254720474
0.041338022868625413733619550126 0.702110049440395769745369774679 0.458612037778038411473056863923
0.517295534087904133327122499400 0.915585533925384798382601656539 0.658449450455783585757282501647
0.305478626422758085586683902805 0.681703481747579352953223036960 0.669982230873464538516882912356
0.296948172597142025670946963696 0.027956883497832940653154314454 0.770616969096559062147474082189
0.390339623641678878400224504801 0.310953132337309680212860557360 0.294053922122615052937829526248
0.678307373056306553907737512047 0.720251500691935600846041518753 0.811378794937631159432115839304
0.182765257562867599378323530185 0.299996070394047222645264619532 0.160193217353129112950579785705
0.517667521675096735166950238116 0.034116032015661762670294353192 0.382798982968427247460923826320
0.782830225125898023287363478021 0.925858614680324589840819068919 0.281639216316404102769368516411
0.978241096019569851248969743890 0.234437954962102640425543937094 0.464604252412181496962622753188
0.395537965721781170264302776726 0.995567109059846088845606006844 0.242318126375321247086978754936
0.129491755602167671737594790046 0.517034140277441502667298666994 0.336713436453930045949812706296
0.835061990143606341124877928299 0.871431639272727819673797770461 0.756404124561554272990108379546
0.659369897120907519869993217245 0.806348303850286686102489832797 0.191766344065301407985336225130
0.408836946918541423730527486807 0.829526410487800030227052006441 0.736323614166223597640628331268
0.850558817864932490788061467121 0.658405399281491470715036235044 0.067563992532982259506635128169
0.228059590358776333014253165625 0.017401096041302469953660034844 0.659191062476240106539732504130
0.679912160105690686714095200690 0.359656688490858268501721451825 0.579911553159210365500666226691
0.053007752561137135479678159495 0.199214623460634448276413700081 0.720187268190694768214089546375
0.549837364072775439178660339609 0.200923272363944125201133946572 0.283948360960462269238231245690
0.556185514182727195065126443135 0.992052147912289470327257510529 0.477553149493537138372650525053
0.300874990254517165200253553784 0.676055372459551641995708380827 0.716316534220608479370486121187
0.015278699211707251820263813453 0.416706542639005464430543435839 0.895239084326043498757658879026
0.556853662423167150053990723160 0.362901729733656757967496192083 0.957209582153683557465633680697
0.107223098785226429518928510304 0.588161893528673395243121136772 0.585506381814691022484900875684
0.275722793933224878130259848305 0.953266036369410887667800546953 0.349191419530640888009915111109
0.264600192744357314128914607137 0.491900007712496194574900431924 0.640461877896356309947743744956
0.808361270947818658986389435464 0.985493592755974575371679488061 0.849477981127370522160156868902
0.336881413147499615183722034861 0.102120082750078556397565793002 0.648949191507371603901826280840
0.249150989394533817187406544780 0.246089807478309447340265146008 0.656590097640777804728105571320
0.245609813688444721445887455386 0.382476142576705643416307327207 0.717251449848611031237469022284
0.149027135449460788248859617810 0.574319503800313651034443522446 0.438347690948495397781763088706
0.841611137445340752087334872795 0.320640677152094021682877912125 0.884869679834998237080183697911
0.949973456260389017224317614461 0.145489782613621117083907783116 0.116730395231236282292474233424
0.036105162078102634416568490369 0.493394101303152920167333855253 0.391456699053735963085343308092
0.910620848942223086139962968204 0.025975972277303557383422401463 0.645653144004661155671343171916
0.684964548547235415746470760628 0.680519834732331358578852568322 0.814572446814295857459337370557
0.385176114627648120952137029671 0.684264639539061653239249985593 0.690233974854218606004746233670
0.383645386581666589999566349016 0.821871932097966374792200387199 0.649770274743417013750477452413
0.565568029486684245016197812075 0.338607581035665706259865175942 0.278178474478070979583292636699
0.975658582173508732066712139383 0.135299972179134896111474508839 0.195320401980445760738350860423
0.037476216562407776432064996585 0.948601519717006963043631244324 0.730110649185261696197997624544
0.340031858423958438505998460543 0.992070721752379247453407717643 0.616753522748202115936563421251
0.435239396067828640650719067483 0.279811535869766821472006310184 0.424371478561529139663879156175
0.987969824248593923271952633878 0.594126036594110818972660133557 0.254735739352140917903197240033
0.972220987549133790307455963470 0.749528698205020351321243957071 0.230389570092756320986189774753
0.618829453440355389582159633758 0.066845480850040213985767980360 0.265265032208796345074893500504
0.040352752075469620001733401232 0.150251111925709261418841896017 0.566420779137955825279286959855
0.980941464632022002170924839161 0.215181942534560782706788331535 0.671670263971990581360910888505
0.196723498302179104860173597837 0.961260742140499578002004540760 0.900224221111069078135422605767
0.840772400189974047680362235713 0.203617913333137824206921245067 0.690228139659928061436469911135
0.585989682613445920120755000758 0.435401121752640139103762358625 0.618079240375287105904828719688
0.026351705965861318035897223953 0.224283583424966864868726559312 0.743135747587962126631208740435
0.622291406869658365947187447366 0.053374048953215269685595327059 0.743931618493493999725887604905
0.106120105247443458711506092789 0.650014556794670116358061899111 0.209559326115958185874906720717
0.288927581704755319764967360918 0.369771166829488740230297601234 0.673018084121633009607307152006
0.820489657967931226484196696962 0.612213393237733998118171812845 0.190547500954929707679822977527
0.681884432487645545940850231860 0.990116355679845832232298934662 0.851318161937546877585345347065
0.356611643235523521323276092594 0.701111051690656165720924156946 0.438373495096289034171822430508
0.102235099868717516801074654804 0.454974912142059098916612434811 0.475765129577435378796474276545
0.328468620174502681921251518418 0.832032959368840480596511863759 0.416424792713147589983118592423
0.788313693910024908584005783404 0.254891947731848756928850285094 0.205352880422555340328768590651
0.351529481229949235179408623467 0.065306105151173498533122204458 0.063102989282687165087026253978
0.106870235463661886637991765316 0.956424923479214877066825125267 0.156144052683553766221732205468
0.488373175147431891741742729532 0.614198874310184757704931076975 0.472527422800632958302823828194
0.399701141066078279103119838700 0.318827012332010814405805368801 0.454127342534945234079947453227
0.425154773127946906308601130971 0.980293273075925283838725220936 0.314251934686699875482604249502
0.805737818161911854754738730973 0.461830335837287990116667451136 0.621288201023795049186698021227
0.104365138778971310380104647165 0.350251927170174041368271270824 0.196727393882833010144652599953
0.832169805257000550336577633679 0.604877581873396102072315537339 0.608067745383195316610754797810
0.610552607384123763064074972387 0.389181932472434349796000265205 0.340633229523824588846878270798
0.224352163277558901317414277237 0.785678503154143899018437331886 0.447141978004269379453845855523
0.462869365565849265352146464967 0.479114337880588790819420478356 0.076602665652362973044155883690
0.926068254924175221492213883221 0.089548550103850476103306035548 0.711030075402591762237514338734
0.554814270551181230408861677905 0.820954150352771965553312268280 0.137780549392295714341148928279
0.850669829328622342818458348728 0.796834982960839300970427067683 0.012918192299612189207736590550
0.530962751942652085093556868449 0.864271767131619513728878322550 0.897505978013088616795076442094
0.094399447393782652244266244445 0.541603007485615906933467524484 0.824453364781852402896711566696
0.033474903024111156020903894469 0.863440177281479320589233770140 0.671821564544393625635814976962
0.073611542009910881214598920009 0.865632064553147735341123432190 0.172817763087934198493472927217
0.614433571823264448907135074082 0.157947299328357092908148425232 0.619577012224577912083007789340
0.422060128508803418009623020567 0.528674555246677131300860403373 0.247092285656584935205496253929
0.578310256365728080274117001946 0.790734538867766441143021151323 0.296864783574011786568925854664
0.093564220445604951768056500420 0.550954609570997766420710014322 0.368241651718399205252382526567
0.843952145185705590986876122232 0.240601100726818544230102851994 0.112068550430665260563370903247
0.133858828592977167460718486535 0.011080332502595491222949682681 0.406699569026093418323943733863
0.924791800672721895940252955054 0.880202228173403921158263189613 0.672132809611262655652987055902
0.022889703928231098949344108275 0.687521723318118419593096580676 0.212872533151795005259877407277
0.785682965371169873879576815956 0.959949082467915926098260365666 0.617170288676872532160659076728
0.783818870958790784542060628336 0.702918405913475096459292907304 0.279830619472190339161375180608
0.271138291656217766758840357970 0.057173674193435226101000470785 0.352639762214783273324912975660
0.693425069525475900983758578051 0.929680305268659556154210817794 0.847058667084748982933523295155
0.550781194207270230000017343266 0.222546591479832822792119936191 0.892288568795553488473562349650
0.235995964663515619647000504726 0.953499228117212720971817177281 0.901650044794243318279648819849
0.061843114587443344220599914399 0.230366524198485276158165136648 0.339263817652055984215944348952
0.337309683035973303398940590940 0.269717256318224633870927777425 0.251875999676696801623453429075
0.390122890082554274491744388707 0.035371507027122780439575726051 0.905409486248716759361846339886
0.201157930277143642800269880044 0.137941749255751612509765728757 0.049749762299331499996353848324
0.930102245386498949297445278075 0.434239610840485942212588566514 0.711891018185611173926124398013
0.715560185620217844944022779369 0.412814466636800494917191842937 0.164581903958165442522662063985
0.771503682886464652764423602725 0.992969239026748969334755925659 0.202727957503237385045810270976
0.226892042770344550463834772998 0.151140486518122062360583954073 0.031897025687294766673451277633
0.404450589736222533890127054453 0.328304072373309685873172827776 0.104709402919843119560074744430
0.243733972703243036361818927689 0.086717886516347512191676148797 0.974680177920009510513324960780
0.370178205723804594710724137534 0.079585847218237805259651388703 0.227936756883230170815006997354
0.011118149813692315967014327410 0.257039190925221745778779344781 0.376624926526519370256198865347
0.844847904891923640641973590927 0.910376001006488859353016476870 0.524220648643455238339486411565
0.731371444651484265964465241110 0.368662375916677537524417672042 0.860479917077831851517930484813
0.045509033742664077307557322638 0.043851350891461581133978401946 0.353820872610386780687512639380
0.792396991517811606381803951256 0.090342309985344495751704813486 0.720942672044850834436439645251
0.166689422799838874447402246347 0.281136702325917338335656237197 0.938737641386314906196375088960
0.230123197120918896071138313501 0.442601267152575945708493152216 0.712639492926201601711239668275
0.316301713684899957964951720696 0.017060503126251370151456256948 0.272964823109516527038832359333
0.619752451747862874910309745060 0.807535986454203789241687837628 0.543120505802071585744055059653
0.225569693562607542687145744436 0.689964707738316757182181498024 0.650968865687363430857193459191
0.367189541514713606793532847966 0.242536454203641906898882623067 0.851826030666641039070007581415
0.720363332872247223752393545134 0.385225655303838656817859742656 0.308742556986209724096084561969
0.769088619353656260381674596644 0.835400347710554458829117448749 0.627942820909090287707203743139
0.465230794005518274309308802195 0.947071109667318134881359531110 0.498072121396911424752862244859
0.790270647147077701994184685625 0.519519224233150218404888629404 0.974221397502642946192892345539
0.670978584617660450685704298525 0.019236664019827680917715393360 0.849804862416834072456961180453
0.240717468399268497268804976440 0.912137614046748052506461992331 0.754752946207799040470247892562
0.401449027840390933478229205731 0.058549753420296363599581091446 0.521484666165201537918572960288
0.935087731873183670710006997538 0.732654450384062008302312607635 0.667390842105243703730994503908
0.105257889933178637198690611381 0.623930383764070598282336970099 0.296189495717287676578350372749
0.046364252579616742494410824816 0.313914613002742004187672050832 0.612961255804736879056379424211
0.543980355052219722183579462551 0.552668614104855304934080436047 0.965085144661510609326477192058
0.371665514372722944387484924274 0.790098629499608073307422351518 0.682409357307259568986460633731
0.104964508765933309998559321187 0.603624476958373209387307767075 0.791400831780740157938328726628
0.263427497733842036376427938134 0.461359535847361078851980934258 0.005103148475939612433155339421
0.558361419186370125579583172554 0.807034013635625586733759441200 0.569064886034598990415821181697
0.697112254923586993253606171105 0.463984756356956764713502727363 0.184411375899908612705978877645
0.043877288250406199934366080689 0.719865915913531303259743775385 0.832935082795264151528946641716
0.547114019014591161569532192878 0.764376328393087384200472986604 0.105775798653408164547715173888
0.361321694974534828892849246289 0.463044140493803262125754493597 0.548129301637447083071149639487
0.690588258990616097369906265412 0.552426710568569837180192899764 0.159638811579311991756428302045
0.314764416074475115763459554380 0.549930610631076882470104536461 0.252191262796050003775986787465
0.320413344052670158647267065050 0.202799465678337746721237876621 0.514451165429401995958871369604
0.626294538108575459246551412076 0.718415917239007174691638438242 0.164144905517979611064152054290
0.387684703243660500897204140194 0.250884612148975014013660432691 0.705421407524907547767890798970
0.994408195091138284928583708941 0.170545547379412222628442498920 0.516165824035019905842622838430
0.406991566526145305282324461067 0.345551156850617563766731922511 0.620008052482396486758649595670
0.299316121758593024977441962833 0.726230870751402158232058616621 0.753994663259467171700831707258
0.312346706275171355075508458963 0.655529711663273031622436640371 0.718740639809046390944895342312
0.364843786168981520459036577398 0.045876036804874285360940239729 0.382710928083571157697512888216
0.649695753554888540760543611323 0.716846942504252603657784499975 0.448359942771183348256797948329
0.913260869629432359713715155382 0.232867747783462468492395773923 0.117443704043626277969932179737
0.763728966520681088494346144284 0.147868882859739080105345747935 0.453487011603694363291610000635
0.180784741396866214064023530105 0.392609648754337475009641195734 0.832243315234799688181866685165
0.424336309208769695433444094715 0.931546474623840246899102679579 0.217906380210872300369449539636
0.048066268448217897907977842233 0.395756373598884765179621505135 0.130905386446063859365593807122
0.039963161245222249537745675820 0.648129342177788792986440664788 0.471610555584171892026337324783
0.898109624613008769776120426004 0.804213048865742072955528669851 0.468750596802066904917698039054
0.117972773523479444087793966309 0.364294810869755461426984701089 0.417788645701958704463050721653
0.671303054316608333276567035054 0.531168137994039423849271389933 0.399668977263016436683422797748
0.853181303259669837816911672965 0.921840033336508145010207910152 0.531861331997206900636643496246
0.947799150651751514888285345081 0.197361353157364447366720591344 0.224279677491819040510067446691
0.105537570203872431698171999511 0.007671009850722966359200495380 0.964818608211579228970697360643
0.919733268482468418833589970299 0.773402766902865004060292145329 0.284710402704510642620047422514
0.129704839378321583676134289638 0.615225771215746156839689685149 0.425513015248684276256926873894
0.017849668429070933808550612504 0.942772130213819576243318890534 0.165408802203528368221180062201
0.937415789188048460037822851391 0.233025851584779069632961753993 0.386816017301821529978097662117
0.754918948271875241983231533309 0.828383689255770019151767121572 0.355127550305977758800797037315
0.174002174870617523363074596287 0.661065565360390723604099531542 0.958521848125598735360994364694
0.272473565389410049295667641179 0.073782617082424293882963141115 0.073799174487957515053063635998
0.459078105749837344414344273418 0.445863599271199276205351672139 0.145087985606300091127825595455
0.349464778335203818169994836272 0.067296606762130288249893227748 0.786450141704736076124858879031
0.534367050096993653576609982680 0.876260960086786684988700778378 0.615909924698276795563036266123
0.043742890163565404325067749024 0.650310529329280709391533649082 0.962692094403267513275654721000
0.691567301222128247459360485621 0.482196330241059730736902526321 0.144933870195899538707394444205
0.134616207951775587414868931383 0.897184278961374206053561308215 0.715669075768605958715800060346
0.242466047728148381400340521515 0.721871777723293870484361469122 0.296146647890925606187418718999
0.234450724391781199761349610679 0.994599769245930733150252048389 0.700554098456204718925275074258
0.536078642303784518888587275930 0.536464608575984319465415872480 0.524784769551841174093682874702
0.082642381241525306137314190597 0.768583437719490619314790698196 0.274888688879611965371800203713
0.414543052773163866331347476068 0.816579358624864472754346155192 0.239929636032351555552638919186
0.327805946103237938613428106713 0.221118964867854700780181554533 0.546629218617821763880968294708
0.715034487569979517633483709041 0.448367921219352226134051470284 0.169153309384241648383449095255
0.338698036204660563446199867979 0.919510057602401072584803595829 0.081434842117170904657393743450
0.359078214198367299228401393450 0.972025054594236506752023732117 0.518019320698872501092078649382
0.667507814592200139437271890315 0.711317448448660620746443039566 0.837624402216526510027286616998
0.897913634196904887717982494976 0.807328510650925536389389501043 0.471333176446634492570195257157
0.379051008218205832624642333203 0.423547880829733910223613987516 0.982871442784317201439320952533
0.893735256059011587646915397127 0.635764116081303807975888927329 0.822945735955691160389872972979
0.537134413159708250493607535683 0.059426079379198400935082780463 0.661812757623896501923579211938
0.454301418757049347730759221854 0.302276343617450294814417048553 0.740277661195592246761605815447
0.996215497345224409600190566697 0.986313378103844716658313534000 0.646699035212100930053348074178
0.235458722914167692594575521169 0.765050504952840067030825299085 0.008780071743573787096218284125
0.684003551913901253060305311835 0.622687636241117419726903634146 0.986952169121350425572517999629
0.879736030804759379240795221393 0.984349165400349692175044630879 0.231742545235836431641228181859
0.167769945456608289726031652998 0.379006383947791565323792590141 0.965627294460486318029380663380
0.640533390515614280212323180355 0.540907583652412590268294952192 0.000548207609321074908731194588
0.476136492411667137740371522451 0.311074515638443349380629545043 0.588302757323945125304006456465
0.143927483991401032889508753411 0.419658277886360475762100273822 0.914792241207810808166183363122
0.324681355622968200016936738430 0.759505239891260772801484778182 0.240009968263046337984089059502
0.552303004984547335222891220137 0.447953310045160801115576964776 0.325524893720492400130554957306
0.238966649552653182716541794456 0.074265674592116605695348535453 0.911226922339595424701272022556
0.458286615059304470527390931530 0.245176958288626234555336384317 0.892224144202494346185652773308
0.817933652370101424491080061156 0.922610523639815036217298958480 0.141609509114698980733616324834
0.411598333771369154122721990131 0.298968266736907686676307006829 0.946104440023006093767163373473
0.781973380780055260223611964119 0.912397389754278209838722780188 0.419844890302436247027310344033
0.857545259157625835325643137713 0.321131229110016438774337188871 0.007080339117722822015278954751
0.861445220016924810847879351225 0.595344995957099958133265558004 0.555577925505833630158631735286
0.011650426991988648021309489647 0.146444277514176179067218358682 0.991156166432353527721490505800
0.710150332181256632172296155635 0.124077051062212550717098269445 0.888005668258221991317011183158
0.667330539114998978016509836808 0.665975233962647538922315715673 0.972854286489562230282454090662
0.081599510930791708611654817648 0.535619506268507640542137435089 0.612609830245289155488767029629
0.011589556692451611373761927287 0.944629602483196131745517509069 0.963212896764620913719723654590
0.447635994662294482013929447715 0.461645755469237407552352705765 0.941468899901566745102458144964
0.084134644684262719652441274835 0.569925373162764490867810032629 0.175382928561621645983566253940
0.918713724201632782382797563534 0.015303090540250342937095652093 0.679698958009462711743127553550
0.186670453491047084841499604539 0.943512908380348119760875199736 0.792663659302023874480098484791
0.675407982892075651984720377654 0.400813859897298107475708288456 0.480480888810684057181139970905
0.033663307921296639894652851020 0.205550594874845634065848428575 0.346930548468083257835268663200
0.554442245248040291320393250397 0.176352326634332449769065232977 0.898437524228848578974801937073
0.292850218562849639174722235849 0.243323982059869791428575704001 0.807699484201586737318599999502
0.038098951246527873746485213183 0.782488550405738336015072463513 0.119965163175319457315167396637
0.628579619039933686421778935712 0.264269189490796683581040577059 0.413986685235117892588176244722
0.991879611292021348260630987122 0.427016617673782693416817547948 0.660417804506507638347534384407
0.273365617040898861679762343601 0.721982442879133096322329429640 0.097008968805169807551881296595
0.610006556042753087196948789294 0.137363423299521741886708159113 0.589716283426916073558445929278
0.036647977524018187451484937100 0.925380710483361273639570188967 0.934784160259920595139506987974
0.124738247069984378092480343879 0.158114931185846585473224218983 0.198623083861403811588547074720
0.821879833024609760831281979910 0.038057268868909891545964194725 0.749593647383942649133755611296
0.474142615866779222646462691705 0.004445380664426116191849598740 0.215017673007027498327272260532
0.892351936880422592377014862788 0.454206353277904890698495855342 0.501491326404822855888256233808
0.648479127892818523336245091838 0.499014115938758131550949047520 0.560695056529634612754690057516
0.919751543196949214513213494586 0.179189480971067958933898730799 0.110142129521566207561197976198
0.702424405009579294486092332459 0.499337182336242666119709038980 0.983730396779477788599496918225
0.099338267805564276938398602186 0.226485304575510861494699764157 0.823110776813478857488367185626
0.245791004235354878120194631417 0.891807669675824072302793139085 0.287630650100763732310647172126
0.836040161086549743789507426637 0.058876584523487096753021487083 0.122878733302168422222344575125
0.740801030039788763265296694925 0.590710930556339291069415210291 0.445113201347916777327051561305
0.005331963640928030739332390722 0.682528315768399189697648024338 0.498260466922841098341727172347