0.466078320075228591523597287960 0.292226755763672518817486434273 0.128248337256467642708557264086
0.855626218528320880984949781123 0.000611456041868849338449809494 0.334522940706579063885328650940
0.018886601561125468395907489594 0.836914820366834955045476363011 0.357678474405113910883358130377
0.076051196934051046305569343531 0.060049430423138941415039937510 0.672482028906997819639457247831
0.952595418765558088480815968069 0.258852441062613403133241263276 0.469864152733996343069833301342
0.285232601967085608318797085303 0.551709502528836326362693398551 0.287385904492419519407064854022
0.494479674779090661029812281413 0.756007081102252120885509611981 0.574178194707084088577175862156
0.848087496525831596727584837936 0.035900677236265672587212094413 0.748066366598643783802913276304
0.541187566348563686702277664153 0.941902359943036171507912968082 0.640222470711565683210153565597
0.822253958331891299238236570091 0.052671320317849566750023626582 0.886527609728220533646947387751
0.865755975693300872109148258460 0.921470873119620836888543635723 0.797791727877960044068572642573
0.643910889298799582469712277089 0.339429232482133136361568404027 0.865182830043648820605994842481
0.133569939122125364017179549592 0.817557463898395786472406143730 0.775078166207901153583748055098
0.184156510416707358546162254243 0.476328259507601270428267525858 0.145023747834783056642748988452
0.465148821353128905098373024884 0.135007347326616400362553349623 0.039700831812884869453927905170
0.633052320227504572436316720996 0.229765941947700197411919020851 0.163691365509975456093982870698
0.288453888756447174301911218208 0.952334357753668370172306367749 0.486142875393799522854010319861
0.638972255327249438749959153938 0.360399768454820357277412767871 0.672073901963647468704721177346
0.070633133765540256909787331097 0.193370986280864937123524782692 0.531289650400770696592189779039
0.525253481103418184972042581649 0.335166416499481367718971114300 0.267997050077279030944055193686
0.143557079374998647347538849317 0.729259151822837514700381689181 0.318563737805163782468298450112
0.437339168766407604405088704880 0.103995153462179509840090929629 0.849372915034825259894546434225
0.976050563224847178567245009617 0.388172905006581248077424106668 0.404507987620664366534839473388
0.983234149476516883225940546254 0.392568507503147812176536035622 0.431094016804330792957955509337
0.286341998688695753561006540622 0.570325048833456360597438106197 0.592410845294466859023430060915
0.739803411093247653695925691864 0.202926777999628354942629471225 0.812304060671450445241248417005
0.610275724229618510285888532962 0.665088226813917771096384967677 0.247267286074116160454750001918
0.165054907989833188342032599394 0.001281905861202673260756945695 0.453712235406118824521115584503
0.487890721993703924130869609144 0.065980426809599992954424863001 0.805710600661526776811172112502
0.787225965983878950282814912498 0.907298668043409528571885402926 0.105219463017842226881803924243
0.730385146392099504630834871932 0.712780544269266402856999320647 0.837669387990321867576426484447
0.874237678024877173932338791928 0.325287528476345233485744756763 0.656475241095011319281127271097
0.475113378006847830725689618703 0.282554602966095635974141941915 0.388807890802640720995242418212
0.489578351141907286425691836484 0.106884289857675077173304600819 0.449444777609071977053645241540
0.445299322957974752501542070604 0.442975062452281742597648417359 0.135764688925528426155509009732
0.805526827415433022139268359751 0.640684662008960681411906534777 0.389280707885917454103008594757
0.087143041808209670273654978701 0.539670681037850652472798174131 0.755849461560553992356403796293
0.249371616797374184848479217180 0.552584159682615760900148416113 0.615019209643545838872569220257
0.163459528638766171670937410454 0.780047222950639551619644862512 0.014382802111893059140990125400
0.498097314528119505805392464026 0.071367965127954000048582372528 0.134438242418047970705430316229
0.776425145541972394624963271781 0.286063243169290548628680426191 0.950596996454672993337453590357
0.950854725044971704761564978980 0.838861154578875334308918354509 0.889513936971609520121262448811
0.271502817759231240835049447924 0.313585125386613539077984569303 0.757868962086459152516226822627
0.373872858412538089378784889050 0.476563736166608520328225040430 0.179771460012619677115708327619
0.536137225934787520209567901475 0.746780032782341507413548242766 0.063810653191947591666988159886
0.092445633087097939251108869030 0.570205554019448945801684658363 0.190711255212831942706941390497
0.062149827236641148886509000704 0.886192162477428824196579171257 0.904251737657425391780918744189
0.187563514956739674222063740672 0.191850048429253849935349762745 0.035158757342822914704338899128
0.040214363784438884874550268478 0.437856227719880253257400681832 0.861663273036454513409410083113
0.609435795541508618100579042220 0.084779983639862305233592110199 0.882219819361138912761077790492
0.784609816005578775133244562312 0.687640942306013247531382148736 0.675943046563040383922782439186
0.286498271392189807205141960367 0.271201186807823457769472952350 0.172118943184980582872256604787
0.925037184161449310693114966853 0.031211014512223876626872964835 0.299837302725118659552094868559
0.024901729391261926555012351514 0.948311272459911980270419462613 0.198369584579111357669489734690
0.750012881300898159864232184191 0.402057000531915120777881611502 0.158577828781341328978626847857
0.759532562615978790176995971706 0.835709350233428405196889343642 0.051612644519160984224459554071
0.077207772009196790063967341666 0.823044926961910672247313414118 0.439732624930142423913537186309
0.091809581616484517430087919365 0.616121414978417325514215008297 0.456817897831068797653841784268
0.978243123073023301827788600349 0.681884048581465007643487297173 0.178807694452620236091888727969
0.896074105242097629364650401840 0.913690896586629830444792332855 0.516839046799025592093812520034
0.438961878690133810998474928056 0.652496616683886809795467343065 0.882099961760801298815692916833
0.935336035201796645033311961015 0.650730183265978423534647845372 0.202488411782070470978922571703
0.201833845909269171681188481671 0.797367550773940170216746992082 0.613407274231077437320891476702
0.155631209907953815818615339595 0.947606883813149281081678054761 0.106054504556678919069412359022
0.994257258291868284416636925016 0.932708279232725590013330929651 0.662310284813084959587570210715
0.081789674746925888904058865592 0.022858546712546723433945317083 0.930841208328434088770109156030
0.285346085173427910230969928307 0.826545112373278878514781808917 0.861713094637556076271778238151
0.213940489690922996945943168612 0.272964358967428766256091421383 0.668107947679763336523706129810
0.497698505190177165058429409328 0.026655292804092723529807429372 0.214964378764108732244864086169
0.528800644151874665865875613235 0.788987231568479607801691599889 0.342320912796449827730782544677
0.081796414429447822369567688838 0.537691032438686877803490915539 0.348635231878435036811936242884
0.169308147960280735988547462512 0.753674491895392595353087017429 0.546860960459181866255562454171
0.796687509629157686319445019762 0.862574597588936065051257173764 0.382049263100922631419820163501
0.633887943152055099993447129236 0.374250706358709439580678690618 0.447407823009846106199205451048
0.823824019438752941368875326589 0.480704980525225755716434150600 0.359416317990922717928725660386
0.485721805095928216289280499041 0.740049069506893641978706455120 0.930888121290692760467777588929
0.843672819344833624377599790023 0.382704529436028839661787515070 0.440799658527881554892502435905
0.782281072966674484447935356002 0.051555738091197025885215055041 0.685907622621082624370103530964
0.491656157162050855280455152752 0.839167811464077151306639734685 0.590502891930410500620496350166
0.760740171748468974044499191223 0.194156268145714017148151242509 0.588398581827340172445417465497
0.840497268329336910674953742273 0.975609535311069642204984120326 0.929261870445332816004224696371
0.904281202739107947685681665462 0.855695578272604784331178962020 0.355298232583567519249356791988
0.000238514076043292919376143102 0.739591760189064806318981482036 0.225722369306973785763048567787
0.737659276746537084790134031209 0.240205766775053425332586698460 0.058079028097321981627398912451
0.700870940847685419683443797112 0.539537210408760015134532750380 0.201129614950524254757269204674
0.199150100232709459380231464820 0.771081201534379423456755375810 0.900130291419908523664616950555
0.886449706068257348157146680023 0.922331654045341786662959293608 0.834195096159434767990603631915
0.784256036736106443285621026007 0.808597290627888320990734882798 0.146837612978502840554995145794
0.793580859295582197177054695203 0.451801655703003179898047392271 0.951344760158107649594683152827
0.547538826894133134892683756334 0.306920703472189193572461363146 0.759818478024274379656333167077
0.209692157263441786296809254964 0.713661261477380071127640803752 0.388877676149869677679760116007
0.682197239936532695558923933277 0.700129841819029707927768413356 0.108674977054281265975710368821
0.904331952381206671809366071102 0.797385239593657701995255138172 0.142502999647653533221713928469
0.156471549239389329244431792176 0.925804276755045285618450634502 0.768442198881152949141437602520
0.208823344903861951582513256653 0.205713857476934242063393298849 0.496981421904675368939052759742
0.281478757229865150790715233597 0.568995761725730297975189841964 0.443923120033793916494602171952
0.615045944858603532701124549931 0.302010073324542271944181948129 0.568501822678789903164897623356
0.340140881536637740278905539526 0.444852514804760124089710870976 0.986575376019363847746035389719
0.337381333869584354445692042646 0.950280959606550124085799780005 0.797570409308220651389831346023
0.797887285820928049417943839217 0.648936354791205149972199706099 0.353503823898536240211143422130
0.399310068935794404421102399283 0.011827963843963416878946048882 0.690101993469392382962723786477
0.654201452719228471188728235575 0.016490799858903310015634247065 0.997549824967001952380485363392
0.177153259815243491193115232818 0.592064596018716526870662164583 0.217385308433437229869156226414
0.834765025159071805127553034254 0.907129736372659811749485925247 0.252264376450751448555109845984
0.347362412877002924016522911188 0.865755036389566523524763397290 0.764260458967863098855843873025
0.414624380743136899951650775620 0.170803973123682728552097387364 0.222639964306596993548481577818
0.092578719398768702375512873459 0.580582455083374804338802732673 0.815983741134615692125464647688
0.006206737410847874315822370050 0.124510250801452476698827354085 0.991294587603983146095742995385
0.525684518413890633503626759193 0.677299680873443388229304673587 0.959701232339012277883227852726
0.782014072610667909657422569580 0.718784192062272175860471179476 0.006920895233484217028141483041
0.473080176050599821024889024557 0.086058802974767825699764500769 0.699407653134929363503147214942
0.479523695243499636919892736842 0.536245376543084684151097007998 0.263518438727855852654613499908
0.255026330774529852440934973856 0.087889911157950473263866797424 0.898047552496275214295451405633
0.878310932312751369011039059842 0.984030646361662264531844357407 0.253971539006334345867088586601
0.733164094242236830112346979149 0.322976571425821090688401682200 0.071862770190092906119616600336
0.451422530272468924827933278721 0.987108627228117097018866843428 0.540847215772303435699086548993
0.284640563839681726143737705570 0.854593500719076581972899475659 0.092303856860420932517463654676
0.846557947063718563285306117905 0.545486996050532968460800020694 0.304685429715423228280712919513
0.767378562803289088201097456476 0.730259279575484865354439989460 0.425455979727530353429187925940
0.135487898573384613065684334288 0.435386298543490979362502457661 0.106936673093876805085145065277
0.615239975618828149883654532459 0.796176938843567105763554536679 0.451375228963159458306364513192
0.072641399187686625515958382948 0.672116052663044860615570996742 0.504772233977672568627781402029
0.552971166832515903521994005132 0.350255780277520301080329545584 0.614703390590717324570846358256
0.360315445441999337994332108792 0.622721143024249079722665101144 0.292084846529840624906881885181
0.378968385078454539360848229990 0.275082398562253638285568513311 0.031400422393942653553899901908
0.592792927701544236640529561555 0.358195269254389991875342502681 0.814419826870583452027574367094
0.594272142667373715063661165914 0.539924308138873820794856328575 0.780435858418553007886941941251
0.272986407352540594306589127882 0.250206096546496781218849037032 0.502509099521884383676706420374
0.173921461101059160458959240714 0.993931992929914298606774991640 0.816763374905946748505414234387
0.945412754437326641188121811865 0.617746816217661476322575708764 0.329328796312219673758647786599
0.490829514280315737373427964485 0.177203908545579297273420138481 0.036792454763877754930767594033
0.429462921526078511558210948351 0.879743922782153631168000629259 0.137812139598800842410497580204
0.538062913540403031653625021136 0.430525385391642423371649783803 0.342567175431046644362709230336
0.321143939499395847381180146840 0.507039700856000141726553920307 0.677869067950074732920029418892
0.216933397172945380271258386529 0.156716311384720474730869455016 0.072264382182455816350241661894
0.237582587123433497389157764701 0.509829643263767118277485224098 0.680671711173610249900889357377
0.322044936506010515131492866203 0.220212560799748879869497386608 0.855717511584170864580300985835
0.998631241743974107372139314975 0.732811411580729599180017430626 0.166254742073342010044711969385
0.119954922992829657313329505541 0.706393498348526827079751910787 0.338228437227806155718212721695
0.984901437508219568250922293373 0.403117243729884500158533455760 0.014700308717657248336330155780
0.954421093327651681725853904936 0.800014438756360690696567417035 0.698903820053373481258063293353
0.513656262375747352244559351675 0.643718549692707919795964244258 0.669636147116447144611584008089
0.137222092958937141871089693268 0.090223278468194778589861471119 0.201585574915181836574973317511
0.838673728948155838835987196944 0.767768800276299456797346465464 0.265221564192590630870682844034
0.493945793798973964428000726912 0.697745091485317159296641875699 0.398097927760940661912059113092
0.067621927566020978428440457719 0.135420282295790589399686609795 0.064310548260829644706682017841
0.636754050730957255055386667664 0.657115661195485922796422073588 0.116252779362213704006379089151
0.596124022471012593449302130466 0.876816301931672925640270932490 0.016185719610100415821740682532
0.272122131660960775434432434849 0.063299690507156725072235303742 0.389036024426273219223304522529
0.379446775755331422441685162994 0.281019152653488479831622726124 0.373920526670436348393167236281
0.804690186788476591317476049880 0.359026770136982253944779586163 0.680080422201990830721740621811
0.771309672117695743764897997607 0.044811507260036624600285648512 0.093299000575747220720401742255
0.195477452548503710660909860053 0.913465918426235590210637838027 0.375929243743264474009180275971
0.351683333742924764120374447884 0.850282432925675624169059574342 0.006857287951464605992024647918
0.063738756446011901601877980283 0.110726129682280863275600779616 0.876862480641729336028333818831
0.915998311932303854732140280248 0.467558563034863650109684840572 0.712413213853861027047287279856
0.601423980554960713185153053928 0.942953248937322907607949673547 0.157967501036330282282449388731
0.292192785454715275861303780403 0.807729716147614018595390916744 0.170675991973234769671918797940
0.507318907104166272326040143525 0.414326682668727908076533594794 0.154345401557211547860504197160
0.950681811535401322110772071028 0.030415000982624864483971904860 0.659599891059532428272405013558
0.607220780100932056022600136203 0.621043040296809345512940581102 0.566069769240433950940882823488
0.069897024545170258202908541989 0.296557750259501318179644613338 0.440283280327382398056101919792
0.511974193756329687410300266492 0.975867870874794873792268390389 0.260673305539707744760136165496
0.647063514516387550123965866078 0.703523300110836968812577651988 0.846095582813863433813139636186
0.208677781343378970779767200838 0.012628616080522511028183529902 0.415588906885320907846903537575
0.937065993751041603765372656198 0.414778340117070098980178727288 0.140878323637121133371508108212
0.348517166637276665230871230960 0.206426670865714201319462972606 0.158719593269042502647891978995
0.119660521367698585715189096845 0.635861455430746125294660942018 0.051427421832549294333780665056
0.496967758879753751521946014691 0.723837392860964712326676817611 0.690299864429655740671876174019
0.616972126458976033447356712713 0.345961366708116335733080859427 0.052550181184834364456204269800
0.016265494180549119190848372796 0.886570550946578439521772452281 0.116422899442962218818919950536
0.752649112714908530286095356132 0.456659600629131745552768961716 0.748065141062783434122707149072
0.611838315726142889516836476105 0.524224754096762834976175327029 0.033115600167918549101564451576
0.980029908811468453144755130779 0.850403301362406716101816073206 0.301048539354624999919707306617
0.762389332393470176008065664064 0.745723277843195253566932478861 0.884707234411766463288984141400
0.821065094649237159352139769908 0.241884196206099688630786204158 0.689370772907661244488508600625
0.161084958925206384039441331879 0.243172144670710577152306086646 0.147805113154514333739797393719
0.727010600668866358020636653237 0.021410842065835048592115086308 0.671226675481705670200938129710
0.771085107687424109457197118900 0.314091453351305727181852489593 0.995084962594202759866846008663
0.879345992940115173119863811735 0.751792104296621910286546608404 0.000506938947454653866635243542
0.324428768543512158206709727892 0.787853529317895651118419664272 0.714678892553266331688632817531
0.485715928342751956936496071648 0.396357036315903299428242689828 0.204596879090317623761663412552
0.931043425696363668997435070196 0.657151334377599316560747411131 0.421941339833545814297366405299
0.070741291811683426615786629554 0.474870259046591303153661556280 0.601551369141297254117262127693
0.407449777021792247655440633025 0.138665888393534192379874525614 0.519375979241461616098263220920
0.860063743360945154314833871467 0.280755893302388592758234153735 0.713835452539210657540991178394
0.619391532977443981522469584888 0.165787101210494058900479785734 0.573405409073751815007824461645
0.411977591344599214373545237322 0.146297861547781821167646398862 0.529895385807621299711911433405
0.395149046084215693763752597079 0.648071640325696418649670249579 0.635032296085861758250246111857
0.397278417437923914157238414191 0.010930355419517147688712732645 0.574587266734629453779348295939
0.287686495252733820393586938735 0.943440023449963360846481918998 0.064570465774618487908576014433
0.503571966026238770908207698085 0.707405599158579145857572711975 0.110619903357633872498233529313
0.969208042729175267560037809744 0.785643706487613835420802388398 0.617790806711953854879482150864
0.150920348649760921455609263830 0.721935516989329451043033714086 0.895971833036088627366666514718
0.043868117737488609986229448623 0.628478258989322746685957099544 0.941523468046881806259307268192
0.393148117159913323970243936856 0.964104972601090071115947921498 0.322961453439125356634775698694
0.341372663040288848446124347902 0.474631334651160530224700551116 0.934234543468147271561008437857
0.109797880042081144602583719916 0.330149182361300030930095772419 0.186491095244678051212616765042
0.177756717160212185380174787497 0.568460834903864564715547658125 0.085308887787456308404721028182
0.493817988583118372414304531048 0.360579045778094020580084588801 0.262369498202380757589935456053
0.588068966310104968009397907736 0.659982470430113821180384547915 0.987076406118076010720585600211
0.995347833061536624299492359569 0.828130046885291570823994788952 0.997425301949375842092138100270
0.574424233955517560268333454587 0.293513686607838164555062121508 0.962774926660105223596985979384
0.013484816759914268827214023361 0.660909209825579879726831222797 0.589854332432826700127748154046
0.339153497794037028789659871109 0.616697558096695463980552176508 0.472014154924789874900881159192
0.541166612246452793932860458881 0.979632253406989561561601931317 0.782197346279357330622872268577
0.292405825562063348410646312914 0.804321547896607924599265970755 0.273313314412668317832100228770
0.440871815312030679301358304656 0.687001264164888936214481418574 0.208869631085818435733969522516
0.701486666821924731429760413448 0.900810670816320713250036078534 0.957069525713862834237488641520
0.347048449958415494709385029637 0.804866132579042159456150784536 0.093243423132728917024358850085
0.951781651283685969922032654722 0.844606596702133005649670849380 0.272583900493624964322947334949
0.562367291668215418809495531605 0.067693907192746469170252510139 0.904728771986012536565624486684
0.447674470081181163916284049265 0.418200298069558940028400684241 0.785448811281803327410955262167
0.523883634181609214586217149190 0.428770271121544643833090049156 0.517563543522605473690134658682
0.634200924587275838284483597818 0.593889546159071968212117553776 0.067068283288115496110215474346
0.538891059356245039069222002581 0.661262578846982140845511821681 0.161537915474135901350294375334
0.855471138146871257212922046165 0.811450792915938134974851436709 0.708074515148286898202911743283
0.431163189289748449706252131364 0.495246800884843407786206626042 0.275138061112624898729706046652
0.407472283336449303536852539764 0.082369277038800328694101438032 0.275686984943944168868767974345
0.453550113074670913082542256234 0.707177657080124144606259051216 0.543111620267151429253260630503
0.598350054920167462313429496135 0.562964631925330749595559609588 0.600851584553807271937841960607
0.648795516285401441258784416277 0.941262694372432373590697807231 0.786880750857692934374654214480
0.917537805528850891612080431514 0.216259717691642538994756250759 0.947492572972706614820026516099
0.904290352172596567648099608050 0.819371312657725447969880860910 0.654395342526005618921658424370
0.156254567053958653977119297451 0.113051384773572072273140065590 0.284366116820618242133633657431
0.498949721668143886255109009653 0.518651435941955951669513069646 0.850506035106893265584915297950
0.902185116459690905621471301856 0.896395282670564341742647229694 0.054325951596195722059778887569
0.470546687730518387038358696373 0.066756539896091954267021151281 0.743071191854447699043362263183
0.836741699329579535771017617662 0.444404919061827274884279859180 0.921398777605795027412227682362
0.094920154068667828006766740145 0.517955870444975041699819939822 0.185158070586064815721272225346
0.409815440997518987131797985057 0.963337620653359261169157434779 0.475661131870635467411290164819
0.902692596801213831270160881104 0.194456641962242438026464697032 0.026607009686850795898704902243
0.463756915570727235031966984025 0.765028032478184405462684480881 0.311302409739466157123644052263
0.274923548617639401658863107514 0.783406720139144918668705486198 0.242452092087965864752874267651
0.756223193030299944972227876860 0.342790091534422525221259547834 0.047616588455343375474448919249
0.247922593083419934290034802871 0.133112033478392094432152248373 0.200641870483756146192888536461
0.775933125959154978978915551124 0.733742499933450642579657596798 0.077094833985072969140261989196
0.009518355380035052951126495202 0.415609260756762355359938965194 0.094460993840636400808996597789
0.345779827119525651202280869256 0.528563213986262492305456817121 0.796454521635828638359555498027
0.942908685156963688456244199187 0.588022600214714530331150399434 0.671581605906504508496368544002
0.345911759625626036296353049693 0.750571554810034013982544820465 0.914810355160387334017002558539
0.346668555054996163633518335701 0.976562006125642256826324683061 0.995478518619929420019332155789
0.796526388906417470714416140254 0.242482794157304309967670974402 0.843530736719848239779651066783
0.254225105769124049004403786967 0.010738497310764818018502531061 0.817256545827244051949378444988
0.503908568224770814225621506921 0.566099492004618953799877090205 0.808574601912954493698748592578
0.714909626345230697630483973626 0.722400109816845326093925905298 0.027685911527386680014428677055
0.955545233544140448778136942565 0.312470849212494017343999530567 0.111133062553329345356623036878
0.403215851236929434531219840210 0.868185013896156543289350793202 0.928686265609766747886055782146
0.165387697287272761315080060740 0.915530287514913054813803228171 0.003643257657147155707810792791
0.009604656218818423060734623675 0.006398680346889277191502198860 0.471928565179388359585033185795
0.992102536901479536979309159506 0.049305821522371229281844762227 0.391422594475072493924727723424
0.926270249436033310530547169037 0.779265907148636638446248525725 0.672158118828866557592505159846
0.151584622374282967927072718339 0.760190208541403511510736734635 0.247037198410897634870408978713
0.716871821856523427918261859304 0.908288850083486698494539268722 0.428864971154829299759825289584
0.630657910789039433119285149587 0.313554997331995044529406868605 0.583804545184931966694819038821
0.835204388100588168697413493646 0.225644644440195524248693459413 0.525815809238426523641862786462
0.628870214745017919177882959048 0.213743922162439592415950073701 0.579345585953855102268050814018
0.970546507666348312604043258034 0.804433761221561183241135495336 0.288703983313523093734431768098
0.484614748602329836746349656096 0.104598481966056824910005218499 0.019904069906150775870479208152
0.424010874262714720916989108446 0.801434688985108945047386441729 0.479953256966987540366176290263
0.141316530958762703873432542423 0.293777463965789187305688301421 0.086598432834419925008262453048
0.429507926095756276119175254280 0.524309429754570843762451204384 0.825622045425934092399700148235
0.072862249067077070052711462722 0.852866127215212377343789285078 0.246243173111439811462375359952
0.221367481234984869731263756876 0.970101543579004910178298359824 0.733152190796350078372256575676
0.133125909825765859073598562645 0.187345464993452781587990330081 0.347662391124282321719363153534
0.485565393383898591395109178848 0.279188962585334377042300957328 0.382407307827118514431674611842
0.860204502626752076643867894745 0.470467426392997656314776122599 0.817912924219545534043618317810
0.309854660516723334762190233960 0.427152203777482752933281062724 0.488312110932896004111825050131
0.084002595222718870471290131263 0.461867167708937209624764363980 0.110819522221583643961650977872
0.405860461359251578628004608618 0.364562175902933549576090399569 0.419285748480730802167926185575
0.115206249612351749322947114251 0.458730038872506684644037022736 0.952252921628601201042840784794
0.654375497556092700079943824676 0.715284097466585166991137612058 0.130547227395344161982038144743
0.339379974829538300085118862626 0.231624321052280535138123696015 0.929278109769446691856842335255
0.940459479524648811477050003305 0.216585412023130835512674252641 0.113344083580048632375891770607
0.225189675161959812488277066223 0.274335757383839695666694069587 0.911159286392185796543685682991
0.904687156943535186748306387017 0.527908920881290821824904924142 0.816830055913113639576295099687
0.620596210143837256900667398440 0.538182468028233884638211748097 0.110117050305359231998636460048
0.604017462736440857717923336168 0.577046359841760780895469906682 0.829453852813977543512180545804
0.607309181344563575599693194818 0.031710515796524389731114723645 0.214058851970851282686680860934
0.164492787893626202233576805156 0.611523765350210579683221112646 0.829917621030218821687185482006
0.553752748412393414056964502379 0.647700961554491749794237875903 0.814980297928525332373794753948
0.849615608201970018420468022669 0.470557086925145473532694495589 0.365542867738048615766643933966
0.697270055648056441555127094034 0.343596254534406730929418927190 0.434469101111819411276115943110
0.635568021925722037579475909297 0.784492876354722978859967952303 0.778558556500497767061119702703
0.075808369747569812058252125553 0.340175016738442637098671639251 0.789508214620301518316125566344
0.074418579606767065737216171328 0.290048679190668956540122280785 0.385255723826609941529142133732
0.200540628741645604593557550288 0.872935948027694030848522288579 0.041167317994672533720823537351
0.700362636239084235256768806721 0.367885334313474809952992927720 0.748094449945427286685628587293
0.705464762606236361897060760384 0.248157670285040515834040775189 0.631289295421752161274753234466
0.794076033275892489982084043731 0.273902076779068748280110412452 0.945886171521691188068814426515
0.393027931044582334862980133039 0.794811368222167913266673622275 0.801922286463821465396506482648
0.658813477180459128312861594168 0.158806122878238087370306175217 0.601739159149767943723929874977
0.862457301930913522447497143730 0.995578177970608102498317748541 0.849661845311234231736818856007
0.207762063597562718353373156788 0.343950198144111096709707453556 0.920893389488924962726912326616
0.764565630754272973490515141748 0.711347000206683399703422310267 0.502887606491655869689338942408
0.399637789260713416350512261488 0.671069141057507145831095840549 0.136295198337264444887750869384
0.594846109084317786752649226401 0.815712084927705860515345648309 0.743215998021074186752343848639
0.308662814424800535650916799568 0.498025293376928412936166523650 0.679493952135679091242081995006
0.582361984982302294255873675866 0.118090949937291578297759997440 0.059807319494832061890221552858
0.144369387693599054989235241919 0.807732784596627784168276775745 0.261324998341296410586664933362
0.676694039021863424920866236789 0.666113510430919375515657065989 0.333494432189947342948244113359
0.304221628051917158952477393541 0.948186753524157044381581727066 0.651876941426764222597967091133
0.899735428797653669086287209211 0.919540208322294660980844582809 0.911138265869828822829390446714
0.445730296980625217972971086056 0.397945325344113531862433319475 0.859555482805467896412210393464
0.230782157701038936892246056232 0.940795686839019151825880271645 0.911721648871260614832578994537
0.103680255328216508470262624542 0.471435617385603855655773486433 0.702445205552315266039897778683
0.372086877932111592670594291121 0.140424974432354632281061412868 0.822192588728735684888704327022
0.884658904718293892521785437566 0.856100803402072507708453485975 0.151687130757296867455963251814
0.070871951589914009006498929466 0.170128774168554042223178157656 0.300930819468507582126193256045
0.144074761047662008861536264703 0.434207703553224577674995998677 0.904404280925185100059593423794
0.729273533678600927032675826922 0.632600639030197808843070106377 0.989452773092717285940977944847
0.873483996449876953782620603306 0.170141972721326806272656995134 0.983519832356954615271149577893
0.189357484205705250968065911366 0.568998181472743613795728379046 0.738462232481133185046928701922
0.425578886351476226579393369320 0.070822596036632157190382486078 0.490304075498586622305907667396
0.659218887745485426776781423541 0.916545298950774744994873799442 0.505516524802405387006842829578
0.482751895417806775601121671571 0.669462232050476613309797357942 0.306948679197724560996363152299
0.235165754346154637355326144643 0.831970376734501915194641696871 0.460413322466676322441969659849
0.705591375646633545137831333705 0.069656532067918483508428550977 0.938498225261400254026966649690
0.814432700866556835705978301121 0.009036652792188019228669659810 0.091705854534369080077738090040
0.605821688693084059451621214976 0.310765949682656639208033766408 0.750226971370004935835140713607
0.478940514729510657954136831904 0.163452858136025391821988250740 0.343380090405048299384560550607
0.768851745130718411402881429240 0.049054473958143822442945491957 0.931406151978522500733959077479
0.647146065131872338938023858645 0.559173137896273320102125126141 0.762295966004830849449547258700
0.278427153797194126827463378504 0.758375792779794832831896655989 0.873366014950279989648151968140
0.018555397164715353719444124181 0.816280407026266696668415079330 0.874071674947011767464744025347
0.922839659647612609028044516890 0.156446785475911953611216631543 0.027055448407070911004401736477
0.184405839958840300774056686350 0.900983184282455717983850718156 0.690417817838767877702821351704
0.227856542563426828218453579211 0.411263496394805805334016213237 0.120673143753442971282119344778
0.685691884833158460388347066328 0.908241541103461225148407720553 0.202151544252259091072332353178
0.476854008219426306336430343435 0.478122867785674254825778461964 0.493259844118828505443730136903
0.987830459713967434787207366753 0.501005694795215839043578398559 0.995331611382787917463588200917
0.647747078037505974457133106625 0.952264931959376004222406209010 0.295189630327663321551767694473
0.497339772658141332506431808724 0.673195690086892728487555359607 0.805473986454751766927984135691
0.513878423701958797487066021858 0.360000676756784987464499181442 0.145704227877543474045651805682
0.809442510157920014357557647600 0.988465191189827119266908539430 0.427303324990754518353242019657
0.865278580967919097588492149953 0.910847547182735639559325591108 0.706759407572214559678513978724
0.861097165013461451898990617337 0.253032674717213468262855258217 0.449390262295358888788854301310
0.562359549784868573141238812241 0.481345799900284032624142582790 0.036611911439318071959103662039
0.532993690890061766474161686347 0.630739315426651847573680242931 0.109727415991263566041880039847
0.425277520190632196683822030536 0.701714553048790601330608751596 0.235585754206198733085031449264
0.640776545126094054793952636828 0.575134375875884784612424027728 0.222251598375910380811504296616
0.384997534804641217132115116328 0.976585480725713050986769303563 0.705528103968969033665814549749
0.550459307122995733507764271053 0.523080587082750181338042239076 0.400154346539242533609126439842
0.621584080340499611772031585133 0.090718573282311754102380518816 0.314408388607392619285008095176
0.508284349418648528917685780470 0.911360781572844724784943082341 0.626827018335329277931577962590
0.337700270173434291542946539266 0.883545748206001735347570047452 0.291478381404457920211825694423
0.149467031017281148930209155878 0.520107692949598132692301533098 0.142418579081818069687059846729
0.126827584686172195604925150292 0.951965784372106549326986169035 0.289650881261889148188259923700
0.090085402774554790283900729264 0.914504557649730154267331272422 0.457964693481952733744577699326
0.933298941280721772173478711920 0.923405853496485407028160352638 0.493270037479632827981390619243
0.330366820009169948058058707829 0.806765519010800291610507883888 0.578054599302041394182083422493
0.070598841976252518781720368679 0.513739633253786354138981096185 0.374882712915984517287881772063
0.835855573761357106832292629406 0.573270544700686834893588184059 0.920035683953388749856117101444
0.936461118443555728951821492956 0.266359248702761508553749081329 0.707684332456270936972941854037
0.651799267841504548215425529634 0.224381369275454739531383552276 0.655390654688144169703889474476
0.932421776825533399346568330657 0.456004506073458604209491795700 0.554309085628845510385076522653
0.197312069249752003452513804405 0.739143672605438561973301148100 0.530972712908868271775020275527
0.053224209661368669654901708554 0.463769874106135737701350763018 0.641171713697270773124614606786
0.062507041458445627979401137964 0.766764158230007542016437582788 0.254466086934824364806928542748
0.678567527207309284520420078479 0.274977592728884001616052046302 0.385093977547357746438194681105
0.151767179916726502320045710803 0.504608905692620623995026107877 0.727480512724307581962079893856
0.800576562251254397750699354219 0.257387342602247770617651667635 0.850860457046446971851594298641
0.338084632797362671929874977650 0.227359779383663918039815143857 0.901480017987650095179219533748
0.887850715612056640146931840718 0.784456338273907927138850482152 0.442449147856694535718702354643
0.183940176480370753964166397054 0.688291707095391225301739268616 0.457824649656438376066347473170
0.903427174744237282411063461041 0.298216849467276390317493905968 0.327120128604996396326498597773
0.455061385568565457404588414647 0.368399379816138794474511541921 0.190846205956613945708966184611
0.449002811808920820890733693886 0.189870306351914069908914939333 0.870688763709534740975470867852
0.506157144089998789482365282311 0.816851584478289982627075005439 0.014201968383719615687810211568
0.926781092965317188081542099098 0.519069289772705499963478814607 0.179912172463541741862513845263
0.364003237777947408204681778443 0.147831151993702863967072858031 0.125692646069796881702629320898
0.145560702627022225952302392216 0.849014157015473558409723864315 0.739449343716508278312460333836
0.362478989945327678690034645115 0.053834471471959750854541226772 0.800546339076726010119955390110
0.420588281787944107126264725594 0.757031256595306567547254417150 0.950124712456037578967027457111
0.760003435742193755864093418495 0.884595350745994157826146420120 0.072491546498383532814990815041
0.427071043502809721825741462453 0.986807654379746046480192944728 0.030913041275135701158038870062
0.253889023372645517007129001286 0.913900620808186792132232767472 0.697417910177600575138967542443
0.097820606907334850532720338379 0.464818439988543441465651540057 0.742851897987664155920128905564
0.557347143869037608965300023556 0.806688445663929942774927894789 0.760789141778769106849722447805
0.610218635411330700968335349899 0.846523496811705356002164535312 0.263888110367035577663585854680
0.376480621693032369012854587709 0.851311231268250034887046240328 0.577158308998370617182160913217
0.268754251369004604210743991644 0.391807172920059398890657575976 0.419430959248566048724882193710
0.423696768021003589144157785995 0.903340850698499675530683816760 0.732671649414565751001759963401
0.526720706155497597755754668469 0.258162401413674857941771279002 0.713910326096352743086015379959
0.741283468311877413725596852601 0.149659917544072013084743844047 0.751289849874285375896931782336
0.638137418041237136634435955784 0.490372956316000474519256613348 0.245680548797170467123507364704
0.369928211536219408994696777881 0.863008814268229285104894188407 0.449317753314558310240300897931
0.119263162047264975607063774987 0.973127607332092470215911816922 0.001413792426930497985598789157
0.883404221129767797116016936343 0.086122425138382502352030201109 0.373302664610699330705045895229
0.621244150461878197333476236963 0.568554607568837355735524852207 0.484542573667528952974237199669
0.883715258160566841105776347831 0.616653267743753619178903591092 0.335502058674613357069915764441
0.487056772119657199748843368070 0.390787455899182456509066696526 0.934060188253737933017362138344
0.072600153922310159404496232582 0.189212257292683205811556490517 0.135362282476748002624233890856
0.731443489825851500540920824278 0.932265372112058954279234512796 0.576772813202254819309189315391
0.689521527535719269685898780153 0.872191677141075816237503204320 0.450987159831880035643081328089
0.301830668845562199997800689744 0.788972005462164172051586774614 0.412288085814634774894926749766
0.617828011548945066344629140076 0.382766169206968431826254573025 0.400179055216093593205783918165
0.146554745668863478647025999635 0.611781915787937280448716137471 0.261780535999027841320696552430
0.314914454792419029605099467517 0.369240529445316933987442098442 0.008143530598521998842276303776
0.360873046230171190540403358682 0.797622043509694234053597483580 0.096709643987221802219345079266
0.809032118123870325199220587820 0.457001508236390296957551981905 0.134650403386190137267064415028
0.669878636989524767209047695360 0.934076107302266867016271589819 0.804584345242498777395212528063
0.140706213199690233217609147687 0.545495789865647506822199375165 0.188158077585925315178272398953
0.780115254225067222826339730091 0.484209347064500750246196503213 0.270030105384888918784724864963
0.111142732845875211178388042299 0.668889334630389020830421031860 0.689863339948982856597581303504
0.197197730657063197146072752730 0.303562434368460365430308911527 0.360791352464150283374522132362
0.270939737683832559955732222079 0.684029759108416013368980657106 0.642429726595868832994540298387
0.979486178596426837472677107144 0.164346412043544332082234404879 0.022049077600487205358392728272
0.794094059790425910172473322746 0.057167614515854607570854994947 0.865477705333926428110657980142
0.293884089443861684642911313858 0.069327053826111414980282177112 0.093771299547500491788909471325
0.015134392021640789838254903543 0.332552600734085157530017795580 0.887122947669751749089073200594
0.276063222040327904682754933674 0.454713672987806183378722835187 0.887663876253789951853434558871
0.361977355948805201713014412235 0.927980649288344783265358728386 0.850949597880058083987364625500
0.587561616860760804748053942603 0.294218851228226330185577808152 0.777421089202792403582975566678
0.412285290099207279990167762662 0.097480828788262599560177079638 0.977597419594915750806762844149
0.983775430128898564774431179103 0.878464574755111859971634657995 0.198982579926494929090097230073
0.559861166026375478566023957683 0.337042093395584163584288717175 0.894325242856325974827313984861
0.819754447740967506774723005947 0.701181885092638235157380677265 0.974058197150753701798464589956
0.102083155643015552338503937335 0.062561352074631690345363210781 0.631783201323167120655455164524
0.145095965841762680748061598024 0.867567010067264887673843531957 0.049394901815827778335243891661
0.285800804134491603925027902733 0.425499237690008580425882200871 0.970635207847316827667327743256
0.890176691786979001896895624668 0.154861265008353204963853499976 0.671514987960927234311725442240
0.329838141742653467858303883986 0.165972132998243149248907002402 0.076601968292080505062990880560
0.318644244575538637676004327659 0.189473546715620361213794353716 0.951601156255083457935484148038
0.273769893290859434031858654635 0.548559733318002340496377655654 0.046861719141114213660337384226
0.672213405426410393062042203383 0.081006245856297953711333548199 0.186478129276765824950956584871
0.242679767841613325263239175911 0.598708857081494461027659781394 0.019838290409720328588694115979
0.478519230580381815798318712041 0.378115074538570961060202080262 0.537840080994172020645294196584
0.947881400175476951375230783015 0.243187072582225521921728272901 0.022303537493096530636149665838
0.823889545173384196807830903708 0.357945295177788280760466932406 0.078206022771236644031134233046
0.623227968420498434909404750215 0.886540076585428660216336993471 0.247400336696168482442104163965
0.888063519495718933782768544916 0.446186821404728817253015904498 0.380641153475018145790897960978
0.611469620722644768839870721422 0.229071419538772802493298286208 0.237630265386845618280631242669
0.103604617055143816140017065663 0.970003701792774952750164629833 0.553186600392168492668076851260
0.005112104892536008769743371971 0.466315859616269035026192568694 0.056229052993642239521854264694
0.063819437567541298372830738117 0.902728570914494432564367798477 0.818436642015942017458485224779
0.000486614445159784265310110030 0.602427804900820595968014004029 0.170484000705967059241530137115
0.395132965043810957528336302857 0.929933815288761733697242561902 0.359329516749226918204129788137
0.941267813808034037315053410566 0.279518865459970067277595262567 0.198791820146437148153495400038
0.090430145604071185405636867927 0.177003220760878626771628319148 0.096319061440612752100776106090
0.879981644716122723970386232395 0.196928257382763177707474255840 0.130096242081204543916683746829
0.811435802415534146447839702887 0.523354578867491704308179123473 0.049684150918891570314350758508
0.026761203364016761946375666525 0.212981682041874426092320504722 0.335743739992741874189619011304
0.985566685794051933200421444781 0.206840341837160046623012021882 0.233399424686027173736491135969
0.978921999306027856846412760206 0.458702231438326279988615397087 0.108205256398091947955819591698
0.245468381332477281198123364447 0.056665134117102111677155562575 0.544827842354758340448483977525
0.234339335878928439749202539133 0.034999185942549457251082856146 0.752899437912368796332884812728
0.580444421261817167234653425112 0.057863072950211910661089120822 0.097607613270614346223652546541
0.583520658759557386829897041025 0.181338852454872356823045720375 0.831098014688812725125899305567
0.361169951790548893200138991233 0.143846154290032723910286449609 0.858248095551194745134182539914
0.192645822477886086154796885239 0.767181906013177816738846104272 0.204885589519717831175071864891
0.536464952098447356299004695757 0.899524306381247584774030201515 0.005999165701105421862060484983
0.991114064237824554659539444401 0.167583199386162229327368322629 0.369007135569269395514169218586
0.084851491906606194004503151973 0.960978303769198238803994627233 0.169276549425671274384797015955
0.575647199089356909063042166963 0.091472253807917805468186145390 0.346561968590417046609530871137
0.631179274512142174380358028429 0.744560232589756010312953549146 0.524011833128749660026812762226
0.632192742411066044283529663517 0.472882050272873000196227621927 0.448001114309917680689210328637
0.012301539876065836418006504971 0.140505001796528999902236023445 0.983395053633101867696097997396
0.691057318902098205448680801055 0.369890380402882412713694293416 0.335790472499303549458460338428
0.487042398986934410576310483521 0.315503859547756948522589937056 0.750313414453144145177532209345
0.556432546640595604436896337575 0.416846194668941516514593104148 0.016002052135120365533582642570
0.507106815149230616412978633889 0.788765386164771098442827224062 0.030457783435037452668403545886
0.645106051599884877667534510692 0.234072759861533863379179365438 0.367169469874088660876765288776
0.047992139522149701580389091760 0.502711115137529973573293773370 0.964508500667773271963767456327
0.708223836121598449011571574374 0.934316233412820218440231201384 0.564220536095883740124179439590
0.911164287454391930154429246613 0.525256057125541131469503852713 0.243331196018894468924287366463
0.328456447946686214134359715899 0.005934706445859775844620109808 0.040984486182115933972092136628
0.928798443731784661991923712776 0.748900121396942952678443816694 0.331872113786526090617456929976
0.650152704663065406087696374016 0.883065173114223056494154207030 0.852822222320154921249013568740
0.677031368345912376582873548614 0.521147512920969946392801830370 0.571914476419412398655595097807
0.707305443285494050975614754861 0.337849393005111187093802982417 0.567208011299941694538517822366
0.984138243164950909935839717946 0.286739385741425212295041546895 0.213385317539831392830151912676
0.507387152235745153561197184899 0.494509163877775492768051890380 0.323571281433914337277713002550
0.542008181191371840590420561057 0.689801097558249587393675028579 0.219879398009364707133883598544
0.539057125335742348681833391311 0.638176002498981209676287562615 0.184362749844745654748123797617
0.831381770229741356992292367067 0.996139928348658942880433642131 0.197960471499861456745605892138
0.279599327008033970987099792183 0.143468934730773822749938517518 0.896342610394674332852105180791
0.121783048122898279741477267635 0.101627998448972051148686546185 0.296991513287541308852013344222
0.935975827202211063671200008685 0.853927080420632367285804775747 0.241750885116505553895649427432
0.090519485848276348693985937643 0.711066304870823229222764894075 0.648469425272671817772618396702
0.045733111642343428349111178477 0.736051459545356001612503860088 0.963289997821138554989772728732
0.067487024667849365711091991216 0.660831027705847451336751419149 0.737570614966518545152496244555
0.638778786124677200319865733036 0.024472562826168157978923289875 0.071100068596298401923938570235
0.960549426238404224775990769558 0.280147723757489697238298731463 0.603513491110278743612127527740
0.792211264068056419951346924790 0.786628386223612197092336373316 0.769219995621640340033309257706
0.962935642605014963102405545214 0.496833273095515171036140600336 0.788986013136017128033472545212
0.710403376508378037179625152930 0.882266785250220841874124744209 0.027089801784539409290619715875
0.293398271018110279317880895178 0.210421744411238315075607374638 0.307461824350299894881288764736
0.332971993882445360668498324230 0.390657873794498233799288300361 0.309603571924940479398458137439
0.596918378850548325686986572691 0.520244852683804603898920504434 0.095708274004627988396087800993
0.813344448063744507315675491554 0.255753089731221461278209972079 0.364623068987043053024166283649
0.260274974805496439600460689689 0.825726068766634346829391688516 0.196001689039113691226390301381
0.684540381176595769119330725516 0.882193198682583723524430752150 0.477526614143200966999813772418
0.253451646565701405044990224269 0.788050523255028445568370898400 0.921758289289095422702757787192
0.038220110837179986640332884917 0.701906981785388683903192941216 0.051961139030717737319342575120
0.544694957237268795324780512601 0.792273111743678537521873295191 0.644935854310508038800264785095
0.161467279783780115476332639446 0.612373361131532734091820202593 0.662370544878420952628061968426
0.131238422942115878777613602324 0.649276852776279445045304328232 0.788065546727901189427711869939
0.553038288278851153378923299897 0.257601289257835264212559422958 0.289879564651629006988287073909
0.382568824645285077146183994046 0.029096470938891852431318341132 0.664295260802889253604064379033
0.734296027327248745919519024028 0.367508322868704773167536359324 0.554654219282497473741955218429
0.614675067569719346671774928836 0.826230783858831752120011060470 0.267082427584722947866424647145
0.329259438952452687665584107890 0.311452945252091439876096501393 0.068589084528455163125570948068
0.840857914300428666010134293174 0.753996208274733237253428796976 0.717022370258980856760899769142
0.382613891336643030527397968399 0.864405955977307738358206279372 0.147341525757087365988695637498
0.635702298579623126251192388736 0.888736172558600490134494975791 0.332938341636050405547564423614
0.354287355053537256210915984411 0.323307172040702750503982088048 0.473902448710957824307143937403
0.446374280302932358033274340414 0.228122400088493104686193646558 0.123162058632279941550180524246
0.957777832125001338248182491952 0.460554992130222717872101156900 0.113163232013548192833596317541
0.926189024924141679484534961375 0.973894827358209425050006302627 0.999359716176757340022618336661
0.617827850618588247932905233029 0.854293118220203262502820962254 0.229259494821205112025097605510
0.568304195149812341192330222839 0.033274015092878743427018406464 0.123912801842259667761680930198