0.317583022687250742235457443929 0.453551741643920341073915689760 0.093703692266797143570634843188
0.936817505687168993824910251549 0.294128519761303401379117602491 0.160896580429539605630964774846
0.149740445174138782137448517609 0.902592016253117334718831754100 0.992997115315434212832748338821
0.798879053145569858368216332935 0.306890217707792300768380985745 0.736453637560084722840197870679
0.860769811786766546858135554200 0.973382412789322995084535697036 0.362247257627618168265724749389
0.638720963749436286646779813629 0.065756477559972741189771724956 0.336016776641060818014922582561
0.819541397529815287556365531580 0.248036558444094696490394532782 0.197447995883470134038337668767
0.575477513128164336128362449135 0.754344088018780848225310938315 0.417531581815887086083022895534
0.021243884352549212042700489016 0.606479794027468789207639795572 0.845839693423902851153417884513
0.407162720355476837135162345739 0.144064792457917700248497457116 0.067377873637462909499279376727
0.315702877490836720070287128384 0.481340357424825639489998141809 0.998732716137882170211144161041
0.281849280639276844333731187396 0.873657693241754887506629328953 0.221500551062202968153723188804
0.939175391372316252164655198712 0.390531078053712824841606637348 0.169749859803809023804588656782
0.856049284726025864899709551968 0.158780914613715883496216106638 0.074141814833298330519739113457
0.026962411772473312188836327564 0.481153242889945839031671304635 0.787573493159433710305103209792
0.963874797165261227372763757219 0.972476799905844956382881897765 0.735724806255463414099024795881
0.570418607760729856283438104582 0.238056000333827488618353295978 0.703057907581670956005115461176
0.893810882127905651365666424311 0.510767126681600702378710463007 0.855552497325175852584376823536
0.558628804613524780135613994039 0.877963729309039327981910053245 0.535387285673167268751002657909
0.623785429302333703888381253731 0.015120821938015310442622807284 0.325891695849369948398171517185
0.116081743758858426002948990668 0.088943419407573855590655104212 0.333564300511960051723028760030
0.975813693401627827348648627054 0.961932289537398162992793579746 0.465908033159899530303143093940
0.597531421512670409105471814281 0.703415887995870667016636838763 0.901487954072683283106048303030
0.929516339232491592429569307398 0.946829606165363515199649778253 0.222342005924606821694935017707
0.858919488718056302251394455917 0.596297181603401354214597921098 0.257290112475690207361458818632
0.174423515894607921982763652575 0.609360994904530163727439792718 0.249052939383005034086981622505
0.579380883703178063494121804108 0.369859728637705916160658584647 0.113230491677311801439393266957
0.536632637421692600821490184298 0.999390662320528131571766952111 0.448395949314337987641406749652
0.043051254805654876275535679483 0.589094127586887722526603928256 0.457165329350563812101507068801
0.657986332978944540759939981836 0.511515038110119831595051571084 0.311368954983496573750029153468
0.033363700691762492023499607311 0.394446992716718730023993406844 0.875185600751436629258623538846
0.283516592484249216596259720014 0.657138347262243000108416698295 0.299816880011682647383565346453
0.088209839770388359211960700520 0.785858107781353341058976677164 0.205947208139521635421833631570
0.644606801349178900695028128906 0.710692827496814414263454664325 0.458077039140225823395677051367
0.385206611745230439616302010137 0.258754586175958232653475709403 0.365672881362945025550147651013
0.559375700017719645593101056799 0.490810556593542334289489456350 0.553548288953254222321073346318
0.223114799345383499140436222349 0.506559465880883888362654738896 0.911773352408264365047097845739
0.985195615464750871553118973039 0.583169129025135512781296576235 0.271590047273846783278112795939
0.712502507796858681915894008885 0.449964266205810910832481836821 0.253166433478135164871648215757
0.157323606926659700880610104555 0.775977184614879308463147971514 0.122257494540106354449451200559
0.458429715187201445796522682332 0.414340482405250768346606117725 0.909935961758921991714580541646
0.125173590931003445009057910992 0.653143661943486003923769497392 0.699818040109559596029000924522
0.988950507516738075323300557349 0.458140312134886394891478655606 0.261673704790455584925073747116
0.134803165840307689925771708413 0.501341637507844527926650416170 0.764188058712038217757403724549
0.204303189833925930918309648304 0.209554157643817941336856977105 0.513435685761843231756355905164
0.549162622498317103617630981763 0.898778418553779308522026765057 0.501760801006943283909573030207
0.186435983198912900312091688538 0.452242863083353790536481294182 0.812504261600674760563010672500
0.338467712059410383467279414131 0.763128227920929190818040043415 0.384882020284083552143544017219
0.737169985568340942345122645286 0.007073298281581943087630474504 0.404099368249167904688652174929
0.545991788109450602069086881462 0.855421382931125552970164887238 0.715066231603996457443351174541
0.655924459746388955089411473513 0.017461015676998744715554258920 0.089581517166119973333199137681
0.423712808120914353333220100209 0.159929870060771550288310092300 0.076321006588418437663768502688
0.540995437577023968083404500770 0.397792013129877771904597748678 0.480014760434648399209480305293
0.588440892730100957282497488127 0.127180929805960432304689455769 0.330203274763835079805829451641
0.730991683661540785866374408336 0.132700247233186696119274127130 0.243935986661669764117342800565
0.278370532738964640047356515078 0.818270052352763299071298464796 0.425202378220037594337139561835
0.000771665083419956796803891587 0.794314262185943958563798257277 0.744310809278207486014134163070
0.858856023814627488552606824509 0.646534847657773405506385854065 0.274961824048433058200799982410
0.797249095129929922412455044352 0.462299910720818262779084674578 0.931963318446590700712860793202
0.316787599635935546004054951981 0.938429081662865129443075329992 0.528363973738190581464070049190
0.998872371402051381893643934887 0.514251754886830319382529574739 0.044568282944267747469468185015
0.059710389421187118285280221593 0.370347403933089825702398401089 0.947800678438222897194115565150
0.278843226319862749719216291033 0.080936032487603313282151764914 0.248290273565349540897859130845
0.386246968146434049346440661452 0.826110011814794750121721521225 0.637414676648652551593207011564
0.717808287187498960801891067433 0.455752556402917568599806307862 0.949240031770075065438213164663
0.746381345914110894246836971914 0.302317316487811226428795187143 0.436791969545866993136281221287
0.331515533771483478107034999335 0.978389877356914686286386351199 0.860289232296266374283657871971
0.050543548374258636142548647088 0.278981875983924883470963770869 0.149661109861090500740777781293
0.095981002729974089590853524835 0.211938689845887365207236987875 0.291996167844780508103748440706
0.267733980657191853900028761111 0.967853247938977450172231625309 0.228014753855130006546436663289
0.307379011150382144567517680455 0.897592459093363766869051954212 0.358421877593612635737669681063
0.797976416894793071571801100089 0.583768288668303508554595812393 0.155757239946905015281307468606
0.449209669392606448833108631726 0.200599820136777771520472314195 0.309604774089975804688818582656
0.040368039181458585394252653129 0.393455643006660667110880351287 0.044430669704644493514186730592
0.240859789340951790338581245123 0.147654177827392914401575857416 0.459119450937346322936370756813
0.454452272039396510727929208894 0.909842435208898067254896665176 0.682362321808363734597653165252
0.191765783934637606831807127690 0.200484394574319803402967891946 0.490926156832231276868450184069
0.570426818669952456928711929918 0.141152228808466185407452690678 0.910965884219153119124040472484
0.396935653633821987292841313570 0.771817707764536006138739451218 0.317479851394837108888137199619
0.801300871863105813176252232168 0.104795277000732694261610310587 0.541187328662775615820693292307
0.682380656875833679413492918134 0.460448487024970808594043601793 0.389161112781288224107531926088
0.092184090954094714092733104592 0.347075115943628182238680172945 0.268694803796094912653107983774
0.014184368727949199961380867773 0.529211836023491966161728073116 0.986272438299456665182982995613
0.813703512429844460832366097153 0.352787511298347978293193243362 0.115029856146445720326940798311
0.287043342343808856906734386847 0.360805161329446536798765595118 0.383257721604252293499883287038
0.977002627364243536469469623956 0.758875404484942271750171748550 0.430927782495713907030694947076
0.943700513647699880012039768466 0.096231866264788231223986474201 0.840768171896640106094434269579
0.695314358766516874182552345112 0.689527864535175101102856561717 0.018731635908560481701709857082
0.955464593442804228042536412211 0.192348695009271000492560434067 0.181266149926968683879563330923
0.521153656571641594410881701562 0.382043591032381800034102858881 0.664417310684612575165574572151
0.437452985775600644882289293625 0.735855639592450310304094387948 0.002656109592584634288016818089
0.151701439227957737579558966925 0.123394981583585831103808083748 0.085674322919489088259485533489
0.175901156351126666026229520014 0.369088863906519719345932229335 0.674761582062798973226754422612
0.710501107160317125725359760848 0.095919388561869901792774416048 0.131110689775108323813835436169
0.067932739874748333116576967972 0.383514967682809815559882342810 0.636770606653249763625141947296
0.051328638168714412704500973008 0.514969268636145650316087830050 0.663271456806376232814932495903
0.145545082113040861822139688765 0.107716228387796634431406942554 0.162974817741178687104898278984
0.215521306254170859193750414609 0.741632429803271688543553547830 0.155720446905568792505536294359
0.371860443491173162869186788980 0.614169920923110487809057685903 0.061967025120806466569118038051
0.479341133759062487984128668532 0.102376517239072894730031636104 0.211124569993705074407789791035
0.024412259731366080622581933367 0.174618874650682383020544119277 0.534454894754381164531102190735
0.315757263611316145880952678599 0.600697228520824016983870975461 0.497266474550763355746988192584
0.304602879032520170165094061595 0.966079057957240247607406172504 0.375922323660691533120261476966
0.834851512824508480493201402297 0.244973962407828347492911905971 0.271818239895192217448349161410
0.920335693605190852075439824418 0.953639242260736438529336096132 0.951212782560067609571813701215
0.241666829706938159296943191464 0.469089946064893862495434387295 0.723886941306117113831039564873
0.934986018698341281544550528107 0.119881571618321348754376959530 0.187463362493688545305306759044
0.261776073476189674022457299544 0.766862275612526844662424279250 0.493453456764080837307127313605
0.024810380618978709048376223601 0.319944744384341168132616417522 0.030030914609300835045359437835
0.537990286605421873296378170507 0.188007202160563005860440969081 0.384568143556234628866804980709
0.833060989144907619690524257475 0.755202582881514044163603195863 0.906964201802704418163658132681
0.579486343926343209008043760177 0.145098783707557928940895110570 0.746066743642475080870091439010
0.083371517898988955239734771169 0.574046908426310843292319973549 0.027558502231284358769015737806
0.577125043956223879561734372755 0.385622222743345034422117261542 0.302483725137836057860231286045
0.342121980851793101034961235713 0.506105043951736130484184822817 0.847801383488120711245002405192
0.140166982559339631946709976030 0.519700207136257130735555148624 0.184556396333561617208894695682
0.635917926298785146228169481979 0.228399029183024450776369574009 0.384576716240811898828145613919
0.886469028452334508096964759799 0.572660668285448713674623510335 0.640194901217120145618271765005
0.822600865582134663988319946905 0.783865591255356874153550117802 0.357800556586150730988940607100
0.921029814807277472424015083187 0.325000949506712739594823034295 0.318852976685531960633839894761
0.467993409079093776376036896799 0.733738362580157618264725268405 0.097919542676959268215046398055
0.523767351894016681182009094309 0.619608703088690637782846251047 0.096233864820643890583174105273
0.885512987118454809544404607760 0.976101907453573002630072309582 0.307743383713743890667678197745
0.107184393016426999131624047583 0.439995737610117104770366908219 0.352122132165550690477594743849
0.694604377789631797847759743759 0.856068245082977817031920322802 0.761639543455895109604899195112
0.908330522435002400097681215569 0.094288225675036045667581009214 0.186562286474710433294507653066
0.434795385633682628100718977989 0.123993678422072239791893153789 0.133091120014274993532717913976
0.994220845144121761045839647785 0.248916357026499157721035257840 0.864793196125938048413562396346
0.787857238326020516577316240522 0.747513275774780923237775438470 0.250067345491663464241560763380
0.826512216352939612097782765011 0.317214774998457628330744885360 0.556739629633680863157282622709
0.973834906692657908193117029177 0.191148440874302865275190512199 0.368796847132748511816060628912
0.052884785594313797704348667290 0.261700310510764302352898673721 0.456237738474479798975570469352
0.664818006426972958529590329804 0.336813408340971560663491452433 0.538355374462327232689629540595
0.878292160312450479188170728062 0.390109095647634099546789841690 0.697021593358368090174756818996
0.868666797269993201493174384802 0.309193741259915764557801156219 0.073102391287445739406468439118
0.325564634380415528564409612225 0.347581025473254237698893463823 0.039355297291572141006177214077
0.892538535090045879204396434314 0.458329422781400637395589787115 0.978997271652658270978532614768
0.625104429534408224436752163128 0.872389731675766388755244366063 0.376203245368713322008483046831
0.192009964942506144087628036918 0.756350848717036999971081265330 0.721217618169981909563805688562
0.345325259779957269323758663751 0.457887287392198817036575465740 0.209581274036742985827127342650
0.458906845600156390898749135302 0.089495318080475456454597925834 0.784378269944174007614458719410
0.942543808310913689716050842291 0.644904051054043011452991679267 0.752267219751447218943538854756
0.460983220149481592149506630110 0.781954423585187652875484065778 0.055338057438916380388870712067
0.705769074435627604641837953506 0.896566204205364665626249424371 0.882404560478792466324176645166
0.143406958430566100852053943172 0.993205355264969918426506572904 0.847951814671046318825169001761
0.794075822303963284366315395046 0.744847363546652176498122758614 0.707391424996254437731851554027
0.442072612564699078520152644830 0.915900790534920550939837580129 0.303941389212170477970056023549
0.438482827703369839878814337253 0.231311180628356005110709227749 0.345771924693691387893282231103
0.710004647710933968824057470036 0.642689786961798363720120356994 0.842187844724019744333212710482
0.637496464968705653826689965078 0.590895292588037826364352567041 0.514956034113659153655196638384
0.434755992316716341381810724537 0.922451925163771121455451974909 0.917634680319346382983380908108
0.594010486719001678933954830178 0.157185954293681509808804723545 0.099166190241301555354459780423
0.589809818518582391161580543578 0.726103346000791483911169870206 0.696138177669162721213660601061
0.722490143761235465761650680612 0.609036420723340725158691775369 0.208691442499315718118943633018
0.437504024849714875431515837105 0.217855021531699758507242014517 0.123649009740320531026449984216
0.633771707499990322540759831602 0.461640528712402256855811592745 0.821420976762175559312540626690
0.746004768005670219319059063025 0.198165255369866541104007458109 0.500470739816360925548958719421
0.184168734603104898410905273955 0.377390468322232281842864338240 0.270752969537639425021700760856
0.818285487297090670361548052282 0.004710988950737164005185855555 0.403166627999844940289124799394
0.253279351337028816380069435948 0.504525335094941659297766147388 0.378895542930720412258885701938
0.075544834002284179277797445309 0.726201196903276675261276496134 0.098377834303949884888586110100
0.023416365824556933827860398245 0.033777307529122744665021179425 0.305223559163412850710614326297
0.975295107688576217131621279570 0.753528660406557362715539507076 0.229611502671519977669165046353
0.808297047990691429731387619581 0.705347057812475453590878344313 0.047035041247297653957571329293
0.112579809540144007571681743128 0.692094417609878504340623289791 0.356708050032329641691611142545
0.690450898771320541806960433094 0.296873611244232559609083567372 0.011647761531461049022086745309
0.236676870330899698732006627511 0.869009468049873447071517207524 0.550010870169352153445505066944
0.340106111186870051388736166363 0.549797339170383650569191217039 0.944449338057995559814216414973
0.199847794834211642165473223191 0.758149288389119502111430697745 0.187678490329089490694727480472
0.429634351570971303574613719555 0.546651903681690281889644351672 0.869387678082381591703312131335
0.583841998078356498395592168428 0.104657565827443892698457049190 0.402500673243312382316569032171
0.878180092543670676458391272095 0.001690707584804513555267077773 0.327485799865189781724851905546
0.076586117061455443008232573488 0.273757108474964780062812565430 0.164920213950286705698408786611
0.046620147534154165484441217371 0.971495865800571476642214273935 0.012929902210240002964939535484
0.867337451454728108875008641174 0.074432954897185861132270374969 0.522343369425469403002865571759
0.556850723322466999875402279699 0.671660360031977851543914314015 0.398493847161852912990910506938
0.259250979514049590588873082999 0.090428997814673391902529158434 0.134431302293269340727100899432
0.687317778341742074177550010179 0.750231003402898429511893749234 0.869537454154000804241457150244
0.861633436918421529794350819807 0.652539046440996269683522412212 0.371805678185229077501703123966
0.137994552486054483605426135726 0.593291503512574852783429186060 0.678843345462772345500982905298
0.380214952570603203372526987802 0.500907655554931434924467273216 0.442200933104364920695220353990
0.623962144990946315981578472291 0.048069849426976639260628087071 0.805775641426741415421660454186
0.986634326812796844363278173797 0.877618241586334274791035485279 0.905133235101039269592267049029
0.217280639406479300663243241000 0.780189007121199500562050163152 0.908257477916417485205468192485
0.650507955313398943549959250560 0.749313786685708149864217412917 0.718472714273868475131918303747
0.068388664669626333437781433871 0.465598942865954087715216381870 0.707937335276527287222454765473
0.963340414499298120359303647652 0.183756268447850172368232870657 0.793427241492982135007952941513
0.042211147500197146359133137311 0.635103477614376861661119791129 0.262696419462466656565685626738
0.079342418279531987825855422041 0.927298310950345811237571316922 0.662182643703729648621843152660
0.687105910786399559903487251548 0.018858395202246646307304867817 0.854641911875186524013691213019
0.377424193326466814525311403108 0.287762757685775458864215917528 0.916020318443672341285594250902
0.156244939422814820073467593842 0.466180010057626493562062212523 0.977106883054180959855454798728
0.559918672954826751106006389546 0.986057117297767829795481129472 0.759088436181654718105739031330
0.573273722288509485644382410942 0.522147148402067807093728895515 0.731423260110117990059658088831
0.253412088393299861763269011035 0.969209596562994267151057833589 0.042809414705204973067955455890
0.711743079886500372738610383974 0.290829477888302965020731324747 0.883415962694287280506255502853
0.793527600666570900317318143719 0.504811435066872087547386103157 0.352610649539524348539584931503
0.060043248403720276595595147339 0.141873462223260555470218987877 0.590817125820254325885804151821
0.133520607924717584659928740391 0.100940612178178323489536302388 0.560779597784087944528037151325
0.992383087271976352732993547687 0.499955014225182960046736404364 0.543723569818371959697734391760
0.961791091658171699142624329660 0.199563706516530426963249045691 0.610132281403962075935542835447
0.046744440957910746775209863757 0.772700994118690111727033091144 0.493004468648046018549097556616
0.619282824810539857380240212963 0.351284779270543363827890721912 0.289033603187447534162885667442
0.093856791755689164039545401618 0.781782127093571375021724262779 0.463126821105602320648501337221
0.799736641802201841962147519779 0.368178768783332775956554737738 0.142628904949663121820579063245
0.835400287006430798987647952782 0.947223861507471692308460151185 0.087804535531949054607887531318
0.446862613530535442575160094125 0.014431523649366261976979765425 0.245712983321205996092885898994
0.567357781441661722378813885210 0.759043005190342143744913414263 0.478845337380278756640497881905
0.315863969320275355299231353997 0.213973512352615958358129692081 0.400169724456402814128999387608
0.982896559457543462048337804238 0.939799180115406820268375625453 0.892436957181744701129937468879
0.401966500539888246999451917575 0.176131338868482233343289041697 0.982335975557715165986580585297
0.418934630537406195726958063730 0.172646330819296526074421605286 0.286285515255627280810097803226
0.278423220276921877468315387635 0.830712699217417470105027696781 0.312567290612461336733896820663
0.629682802038444301229953134055 0.865269396197383105327428942859 0.168450128168767563054526155951
0.422643922517284987821443355254 0.889486503852908019230321581835 0.975541117971185572817906016001
0.674450971592987455280891926606 0.373420647340485652355167851217 0.445188788986001388892087139831
0.136728083931467681451900979894 0.442505294436922480740246752068 0.190111915440043287875468096661
0.084157511128850490208487882062 0.927469087747529979963868034493 0.806255195633375183102780043983
0.869825861953665583444987520609 0.801039233259613672420591939472 0.726526712397885701846295472498
0.895190502456229700677191290720 0.260481387854761897783672472111 0.288811521765677849706240265741
0.771174233948364795798439670649 0.074278252115436769878161549018 0.642860583998579957145263877991
0.252360381706306229472173891122 0.888289233300449138780848274745 0.792750634779820502550054548095
0.281890649016745827297884493562 0.539343111281257311524638078660 0.648073545848315505042707081015
0.448100675687029302019399211073 0.572470960381836891456233572001 0.324610313905497954944714727320
0.511092652936678995647821998898 0.917067658293028533293154881330 0.841361138925005733360514574437
0.209575959466745628296692252438 0.332445605975990724439820181820 0.616419579029788559159035281150
0.273892962202156809499817889368 0.028967339977613268498584500670 0.056445946959974917898073371516
0.715731895638076202220089541198 0.610040450853636870179218597302 0.201358310162763059639511745551
0.728868327249911325492860116659 0.671018149315386318756753242903 0.328697512038700708482114687519
0.105199382250799637602160597151 0.137009783517518120938520536543 0.482770955793583907643192313903
0.835193315437251906487547765792 0.321862900091595002072660660164 0.943486105874798014536367755768
0.087283169147712279385379058679 0.989233738191364001068663439681 0.767284162120925503313382817134
0.148861127773371155898643268300 0.733449168894490809100569282376 0.313905503720823915122132237662
0.562017945628173928553478949239 0.608464221022355742451589055951 0.913026660411732198411467665224
0.584220776898476794241618847093 0.261227197842613179263473486480 0.091186442670751214777043686085
0.902992323547086753216719682756 0.158961246493168989686305846600 0.765775703860028673344559437121
0.460274676821721343504462857762 0.510633595830806919205701271036 0.237056544102463586148537652081
0.242726900700318292525644007328 0.577121614398534047691245245987 0.362872262474048719471008659150
0.605743417844363329651631346535 0.582147627287013247640544980257 0.702376040100687202319192394171
0.808450393444610695714598618900 0.332560939085601677342063225401 0.917117394574425774441513190181
0.831936270053529854647471010425 0.960330883566026277118987070212 0.630514377110295694983990570593
0.800323167462577016786675860924 0.457857013728165864515003741410 0.854396961324834546879012429655
0.676815869337956811537225351503 0.460470082467164690112585842496 0.846308961662547298214132211437
0.132873448604288578534231499156 0.722248150511397806257706067225 0.976267278623972460165288188400
0.581112532677355143642269411374 0.517680205790149669203092197199 0.560120724997368393081004664879
0.849443891229767688996568869896 0.750282331489171217748361674921 0.895790063390122467150928993271
0.668095616952242058921243608286 0.358102946580663524548742080444 0.888551427789649776420170279559
0.166245112082244769590392969613 0.571762664866050259229977472742 0.701000282728495474232185884138
0.303950574099793462160856591526 0.848854543474804180598068627450 0.241310459461679252341696703950
0.240601067449674752477720872590 0.216408816079892281338559815407 0.517179975399650076677692418281
0.447126530773453883277411462197 0.125849975453824463801413824530 0.720140292561401566958377673904
0.712980576345988967044862192867 0.655937906400534021977536741106 0.607942807123836897981497890127
0.829656423231147453789067103252 0.542341002249295334697042903535 0.364425050066884802851591769193
0.055820442873317217657954068471 0.211436948574329989876810955608 0.589465786671659034561514222005
0.784977460127997800843286823837 0.759723120656500145343650373200 0.255216600928649681366347794059
0.352931616790841026620827961825 0.761554184096050561297957737885 0.271028324980755663832870017107
0.984168252503826529411477842290 0.715362774563889145228624568595 0.432086198182024421344982480753
0.160496231756691805268235656687 0.569496679530682690526258009862 0.709775511813088582161383730811
0.569971192976336581901883737828 0.674609502211590629944037287944 0.106572928587387588252280413603
0.467959941756002989283399802287 0.632285868536959016772790366763 0.381507905277873248727363719271
0.040328276423044299629604053472 0.403884746401211783808709890087 0.705586179264395418066633736996
0.585384938140325799441776986721 0.835842618375147336045344040071 0.536890280900194383201157931597
0.675223922296789131286374935352 0.702991640431804702437539987599 0.013113345045891817400731036725
0.379186288384135975228756972633 0.772385865893272120111289255164 0.298769991619921989602870829475
0.340642811404865219349746231608 0.317140173654569297808148605642 0.511072594041658015632025730347
0.600494419643585939766986786789 0.212494275406830198105597833215 0.997069549692264632177874104757
0.349538411100982383073878006935 0.893536121615410973873942241821 0.316564551599026184145592227616
0.775736726640148554356281303485 0.266949716407148001545358160984 0.620550054497857483995015994783
0.792743686413917547700847132165 0.611497190392070762590648408581 0.167462533829821465283885121101
0.811936059229859019980324677990 0.632978432491772134102275118777 0.059305902672850103853337561900
0.750558383467217788808036983231 0.593445082303763763373631154513 0.985875415471892049994285853832
0.934933314296078789459557860494 0.983622289817980768946470859619 0.654385208624049547432036882882
0.464761787025580102126783360736 0.794641896150197924250719594602 0.173038843794260209427771589057
0.638304626762561364908239627950 0.435853931900086830674434164149 0.822184233327032691006579231716
0.188271530567501012810083722635 0.451705337395891113680985261276 0.623342878602117813253481092466
0.833438468646969697819357766814 0.894242568385782455835847652607 0.621396281186386017990106296258
0.558479741488628884413563649341 0.312942059344150082682545315044 0.614459835077789455276829188398
0.699942561327560996717452729910 0.233055160450008110432774072157 0.605730114058967754502912797908
0.940876036244134087778328898292 0.903123307189420721331288342541 0.052979192335150895834434629598
0.472690506526785783516543534862 0.744450258618368399851165549390 0.027135801069759849762366970781
0.256555508721459398555481751803 0.461641614259989079651828108085 0.247748639819416538643987110028
0.344239931337041784703356323080 0.945631355641222390089847085887 0.048976410418957011692587614351
0.573445930349407171088616496870 0.375860655643820805768631185975 0.445085641797758816938567278709
0.158931930391871466456246408721 0.285229703916529666616205767172 0.522868490263616305228091487559
0.938146033289348403528157296022 0.577524363414545154119410134705 0.186483466150477346120803028558
0.441162878676862432901913123589 0.462142020784480794666335207624 0.748080553192558566359157477088
0.823406493643095886745669809144 0.485386557745429967483850969387 0.032732761101151391830137144855
0.249036416584834722047695824723 0.273922102082788530580613434464 0.268743093925682275147246673923
0.869412573434186996653879131504 0.583769006088879203433460064431 0.544406492605663611216664435036
0.969651958242166087727068067790 0.066872514579777583071899205075 0.620955978944508300005405793571
0.954874975537083186933079912154 0.213253840716069930881293853505 0.218951087528442680108394215833
0.732746862182441018307037792287 0.550599685762973491158431767232 0.124175633870140964418031471440
0.962401706038115673346217534976 0.520425119617464039161861244563 0.140438507513479774153128588971
0.913819855759715344856002368952 0.564375266101798337580796385720 0.047711028142136087900864589508
0.382529071156905268971322173075 0.128133114179209704362597639123 0.981069858180388079087542745788
0.092685508654209805821556387124 0.146507665917975759017130226374 0.834244120023208835883256114836
0.328734266463312242789786033989 0.569604296895435892844159651166 0.324915682729809678984027642523
0.046040320328104265988144702396 0.605508339684065889759727417812 0.984426920626789950002014768971
0.905208191723935406752145548388 0.305210610591559681546828974673 0.156474568728322430224647770759
0.132610887606029666964404451351 0.802394366315782186481005787808 0.247947281781612001809101160317
0.025397669519875822987170115566 0.925147339904946954790303617679 0.628810473327872310195414159212
0.433145901072741322036051979346 0.368524824291956420911686027588 0.116414924329767406615759929705
0.811105098758349632205256046855 0.569866435134765918635568009319 0.084069082645290483806869451509
0.802665776439465959089062586663 0.094980978539189141184783201025 0.307120889177110994372380434040
0.466930629742852848674474715691 0.899610778165535858221929417523 0.606893941210005961002643050516
0.266705590307474799501603657934 0.280066860024167346914506062087 0.486862903481849969260184094502
0.549631092943157526478209403525 0.021445869377095162814614853772 0.178461100385982043382170612288
0.195764915826799826516309064341 0.108559017371791686866653834799 0.992638176222845796948255365201
0.034647023870699857464483257823 0.306744018552804477455334532830 0.770614712717054752670939971737
0.413005615024317163942655080529 0.754463656035498401134155985052 0.884022135840535161688862778564
0.872839745175374927105127334015 0.981327830448819502144249318923 0.495842125554784136561777220836
0.903442801563653355858679062571 0.709900115961996683705866483614 0.944588526518306474238021867071
0.033117611022869037808809729681 0.446827560827209905763877251925 0.072023216585577649189785320219
0.135561052285233838607382004111 0.123320866096135590198751453288 0.308788943712203370286230861924
0.459971997403740657577375441502 0.060928612427669619803882897420 0.653109411121598903692160310119
0.907984460106248947185767882124 0.470028068714981959588310430411 0.397649388297755877552120568012
0.400250699050751312757257610428 0.068968405129555654368812925650 0.905565311239975287066739245298
0.653317210113223276078904426637 0.086404319231628696483440755858 0.449659041605151422162994654684
0.698332713152115900502916451679 0.134664883874803955800992867509 0.050319340368686092651750469913
0.563193147806730172345735661640 0.375085294845098341812722597937 0.745915135299877979667555147032
0.966489613354573339556546768632 0.047452871790519496402632188322 0.777983306132821558994963503218
0.056372798748939344027490296263 0.907819861132507371537646113419 0.899498467970749395564718302515
0.352590571013645481161050352217 0.135251915487358037360759643913 0.725546431492943964122831735311
0.956615578300088658618114218845 0.971302766648529230736712665139 0.368312888223662440937510324488
0.868616806959922138073754567223 0.225515878742485338229798968898 0.666573273646705447109604823668
0.431857093548434128714984085945 0.432683170815763149033052069693 0.473821627858485035859923603854
0.213157455887413980262816893819 0.252989079546778799670898335874 0.227445967552791848259461699206
0.350944701841932799618650349004 0.009709161353697942114125946030 0.268104665078091442376079395275
0.783468603884457038233933632125 0.667358530995747265782125459690 0.468174934896385172502600239974
0.417972129520443126958509542141 0.844509643179071324769792724813 0.657321395240862615887082883900
0.097163184222185527878886002643 0.626986873117904839925116620818 0.902856838087704136488642777320
0.382085641676696841146843408760 0.313308550547419647141390795266 0.054520362594306949658462317655
0.382666788645057753204810546848 0.727202708837102410416324062397 0.960884893713242175467717129694
0.753247912325925857685066156810 0.588545892461658713281772650195 0.243192855789493024263665138841
0.406367650315080051135735204926 0.537085829168653620122669499605 0.623231918120205506287041191884
0.476274811017335608039083347254 0.496210947240518860738403019497 0.022347743684059711606481171311
0.680242144119754221643945974498 0.378354964420075109619035696045 0.909645951497509983085809831571
0.486043121492933172803382783712 0.115977565323063384811252691179 0.376457309455804034602816778389
0.597624645947891235983477652684 0.974664395701461547921284732855 0.260117715731766706331064557543
0.725421410664974539866058914768 0.351696299562942408638985929229 0.112563913792038180035447809185
0.930248854706427990387488744056 0.937817504272043930407639035403 0.100578420340159548946052692213
0.779079573153241387974356081022 0.374579965989999658249352610475 0.151886717375774034141717601560
0.774292126410560453094220402930 0.215940036678202275169701497637 0.488589282725841114516626112131
0.064962494967978269156064905761 0.942309024835200635872336453895 0.182325468144773421755727887198
0.090022214681606205606697868484 0.256094305008717236983038170498 0.478305735010840837206219116440
0.106524663986564910241438283634 0.540831941072964131044161672120 0.012431897397730977582851572716
0.532951588119271957163401280818 0.351907776054576341027455772378 0.034255790931298601115928235846
0.837706695507446226525947880812 0.317680094761672849672205214842 0.448342506426637092140034028675
0.363716729995724931353786382037 0.990891140170470120596307594185 0.969966204065833362415284391194
0.183834698919759275099497774239 0.449643425562915149408657239871 0.753593611520676202665957211304
0.869657465800353060593468248748 0.600350688263615496145162752186 0.668215792181144487458664296909
0.192352773012899181289269708424 0.231485145893908237836231768787 0.446662110437488344936824257092
0.284042158019740549101957488595 0.554201820831851497483148215547 0.986254242361219908927217103131
0.473583257063013750888586192482 0.640934358000698651903401845737 0.636929972630235191707554917304
0.912611686213580261156492915678 0.861937424157007213531451982462 0.931545217071724712335033694718
0.006498005250613658876571964394 0.902794838805831395280603317153 0.358652329240711603350803154503
0.747011902317606640823706258775 0.601759950072552790173960618292 0.178059369963839693477313168543
0.936828141888547352916895114334 0.820062234754724358110870269558 0.916667758794791307479917643653
0.927555510678694941675786982423 0.648889189463603684161705080886 0.918530810674125104712224312189
0.949984597109529770185116360717 0.479844676961448851288432074555 0.220439015294679442279842412776
0.723794794496417937563859019092 0.897916151049508452267867741208 0.768448995835264584996912453763
0.462157395941573804945403058515 0.599904678127497206719030672302 0.720722121267147564213042452911
0.371096073461019269177436035236 0.655344755551895309989187994291 0.723657215544000726527318879816
0.058503762187038329214202135463 0.495749306077904826980076913077 0.193306382198578691316418093332
0.562368314983893164682483127245 0.833881929620956555625603236513 0.183015537065014732601420730671
0.652662419678293211008930757683 0.748453063918685159878248861322 0.180578265059594228171778744567
0.973987159106850909016692227606 0.263475680815915317524274499480 0.547652231864504501367743878123
0.347373832377708506139222229766 0.676558495020342079579051726532 0.466621843138832310944456437106
0.882730535415185399838595620004 0.722387349507004414122986422689 0.743845794948431795569492263655
0.177527173704447660589631042004 0.508273631765015360351387623302 0.074540155202052430305669322784
0.585650180086049904975894102905 0.424937049440332566267719994030 0.435014684753161269112775875714
0.632567618398724772333226472337 0.036277196247356131254339259885 0.730075278828674676470232846145
0.811206383797246273295443934213 0.585675542367457555028637397482 0.007526828990624525978661476293
0.516693741459865467660187751042 0.890822139637947871332070581818 0.748155133667727200245955942127
0.277922876819845216562851740086 0.180998952562536514964129661093 0.811998622529773955613209829547
0.804117540366434622331093864105 0.452147262118545994877666146164 0.495789426153125497747909334368
0.481424080863288552096072649851 0.277051530546714839739554504301 0.508030954760710964837806759837
0.190690403305389856497210714778 0.631847328706535689599601076379 0.288104442931172442287050599710
0.023492870429072111937295143674 0.276514755778330081317105982847 0.455234518148242841207829779621
0.873756249454576518321257716193 0.803170141585392329832084768470 0.725318478850978683457423798746
0.644680758003098881130987929179 0.567823459580001448917578629942 0.607019397553259592020952037801
0.260526855959355011880935695662 0.547492855330231419214178917317 0.112706669597594057772010287258
0.317827200644864798366490300816 0.664265932015101100793347041227 0.141174763818166927430219642666
0.450725948122017036994949099165 0.496045504808163642262197243328 0.756787416382910754045965916697
0.755482660521149177723437386247 0.466024766233776454339730222176 0.101530342065767991716093106318
0.927349799541971423395118195500 0.169165246421870183916087484817 0.970730961903349768409601941553
0.647057084734176929432495351505 0.151007417741358442731431593452 0.388425932608469463830412842117
0.103175149031140778191309750627 0.054073365978538376429798985541 0.382553739185898126455088551649
0.913916707397477098212808398191 0.193285194984322688445858236154 0.052175572158736879322445401721
0.080106760597652749584679354810 0.017110207134703642170084296538 0.234359003266604734557390930976
0.047440234477718757331562961153 0.450810945113500923620786405809 0.789037111887034158600368701422
0.889200838381501982074397528570 0.480058510940476406390500898567 0.336457360515291836983151899121
0.022319318398743774181368487493 0.477202289125612161239518744341 0.926800675436177090534919699108
0.570552944429453402623233141110 0.220050945822007952820670796659 0.070604708833228082644694517326
0.743144792010758023910965627558 0.641372227872595462384881302992 0.706721472238971081581281382134
0.838096519447051387949429894596 0.163018211088663632782134047434 0.955412348209259140349630407395
0.847247257595557223597265145194 0.920209270264822868871357621951 0.890528530510132577613285160950
0.119768957490386972759739073290 0.498562392876694924012032730475 0.311920241182144150845075992745
0.208492646850940092351783471537 0.107768149654173236849914899812 0.826127969799351981798137393606
0.586953768766951476234029041179 0.376972658483896251375064366323 0.747039006733773937242495257286
0.888486331558523287019349143465 0.396478547822525189620161678367 0.747399499292525241938575668555
0.889639353684792011687431500933 0.257041002023424088957954334332 0.430178190514653884426864973996
0.247320138253048413483507489921 0.869655716178671110758770810080 0.588782954039482552865028618263
0.553970891896985119331643622084 0.123096236949717466601778278060 0.644211393710814483170230816656
0.897370633981938365016271221192 0.484391713185289244908188042276 0.140501126935587939869339235698
0.086908176874479805690513973332 0.866784823892837324130347348772 0.534349497511519502478483742441
0.891340922822915912938919589768 0.617989319191082790287114684723 0.093718743873069583176676272884
0.179232374117678487497384899372 0.181826016612953325810533787807 0.550256265237716804418378893456
0.960041404223823890707252180850 0.861364237533551131862413358262 0.228765527953122699359877898405
0.757313594352416843175299996534 0.983213376072952248174171194243 0.003661705343241550526791147440
0.553823092127029213464691892521 0.131717095651824776012075839967 0.609842610466494045070441680492
0.517771031967638840342995898507 0.790512620367210214406964295690 0.864131726888298710458465964371
0.007974242768357531336369810201 0.941434077309554162841757480660 0.436695866117591645657308363919
0.197940541337896468851739501177 0.271837771086414537475225536686 0.164673115776356661322709972386
0.089644600358468695913329732644 0.862484162051616494369997677592 0.530604528498227295791764824079
0.648264534968260457712126251719 0.760952602391737082080222901267 0.822791579696105816608959071175
0.424051845862649354756443848150 0.173141000785612237702916194341 0.657430171214775681974042898462
0.477505301422111983628065314378 0.933275652685416746533618445308 0.602922351835438697052643612057
0.233655428236231039315068545039 0.351502817795952175927711965510 0.045077844388522071329929458392
0.491234358481032927593508845820 0.338900874956214067598243784282 0.682006179128485054361967664887
0.350727136481154796648956858887 0.301947062192136873011440594236 0.762643832439177689377466617714
0.476325428261594336055947633136 0.488073785804581048360157248899 0.922251938727385271668688137891
0.588506951825210810742021734773 0.543763658303045696274088204874 0.556943852832035405095779053537
0.668021847522378437083982526049 0.869563179855120027303893799855 0.444704109458667227530038617360
0.309587741308261041976636263833 0.791000627868542576197545591584 0.680906262663378807223775189503
0.988985794158912554175897897711 0.980876296340123497191367756209 0.739953262078394741190389262937
0.802582880275576499768535876995 0.414720637889242014519735898500 0.647328476833613086852021414558
0.003615012975252270192696536283 0.302552759652544270366673768479 0.072928467444777563325362952310
0.718683501506325709957556941551 0.736743714310936619196391998497 0.606359060440514586254539640295
0.818827874973689661021159226432 0.090016126396883110572157316331 0.121834548690927534562458123549
0.967894197805109855370265940424 0.484245229654911688644288598715 0.408750773394158833115528396181
0.136482965110174677580755815168 0.412478365403605419141454248747 0.864417465903522492943419949293
0.354368488461093628740874905833 0.367265624838900226749116062711 0.193142732661089397676467351028
0.536354718471826961477996094441 0.541999360971976931636916900651 0.817440395960655978869813854946
0.943697157629342374834884141989 0.884868812702054705316012124204 0.246050446159609158845868965688
0.468119460525871838012633962486 0.939900564152104453054670825280 0.219977106916165285545149281039
0.607311421446922256414384322872 0.672840242325477470868866802544 0.204776188511364417193659897576
0.824868926718231443925593667052 0.895465208192638904335113805688 0.896691057346161192551439716493
0.525793146182821565148666299375 0.893079627138167019050445965053 0.172992089281628022314225315843
0.384425274050181143320747235424 0.766730470655016346073112152592 0.659779788727310837949514933302
0.401234905646576763593124768938 0.110061466664937944189477649724 0.283459889452456840142576538918
0.803016850620071214007838510351 0.981478260985267721392465681163 0.921847349378202249120915997533
0.224535279785761400936594071331 0.857970618375630926155041536928 0.225907475796874642368240950891
0.697893032934165717633310229111 0.799028912240826456665159483931 0.920389745798939916784032292083
0.045110850729906330547167321579 0.730058472776597456849838229019 0.937456955947917640997001744305
0.028383134041459766518464956021 0.473022520198277377743413901431 0.414704554899629804131273948045
0.785823872485819114917969214992 0.988885573934126554177773648768 0.025658985734657743121710110592
0.372665236165846721086342837975 0.629827866367440597063310831343 0.850411880546198686658456198705
0.233503943747120807739145689764 0.529375745660248397193290616273 0.812292872770363214263109187782
0.502033358276044271735249894508 0.775823493063559292619630846892 0.164658780777459091806254918358
0.793414655702247360489293640213 0.463228075215815418224802027134 0.271946901058426454835168943192
0.886819958524722937396305999522 0.225840755867162663241348135685 0.284519563313992845034108958061
0.938762283015135297714958769554 0.630674406445006325251713079232 0.918445558715063003065355471874
0.961557989929920869737721662207 0.809086169452275776955456014865 0.715238435956436939677992613290
0.835720557288556661471166096682 0.856508719405904586433458107255 0.874190538400107643568991038354
0.561876568230039602324578041888 0.677156561665794284507287445867 0.073492796611774778895418857086
0.517682841107912269219907519502 0.618338278956527890991121162979 0.610600302047664105827449209131
0.696645908325440127161475647683 0.289948734383445561967626991295 0.108225064031517839471055520036
0.829482677481381747965788210920 0.581311655873553517539066507383 0.747407403179867687463774149555
0.034908277682825277482408109890 0.672613246031572048321438214742 0.900712589580566947216291483736
0.151038364387152649428272757858 0.578498841489019255494433745274 0.430910147343705821588325019711
0.289893313020147914525561465661 0.927860814502603352125918582510 0.143464507116143644581167538823
0.606321679015029668260795120849 0.043450074309367618750995651975 0.031567272847931339274299692773
0.786443277052127614477105289842 0.822619659011391378389988645630 0.350117493432986820110211841622
0.619224363745392583119308330703 0.383565871802263036582544381752 0.639767448213328408409983401620
0.190299296996810435069265909124 0.207839562186761872964862996706 0.169060991046707353327337255810
0.742447669653238068925367407665 0.239474578931070647794679405776 0.664924967427048994086040034781
0.701477372891678751575890857324 0.280910891982795197575946371540 0.247072073860703865400072720893
0.890235856221140536018174905797 0.759614713241064075675076076011 0.275984505992880155032731879172
0.930721149754761617200345081844 0.395678748214213626544957571842 0.891875068211184229965489773641
0.936381291719852321437035201711 0.972271234907750300393481594793 0.421353800068869925986202540022
0.254519375282397212902156631075 0.020331972675042314991483230597 0.844088024660695066620081054426
0.550770714504144285614293774738 0.603686755090634061373644345876 0.472011342046560960814857213764
0.452139112130212555615988452438 0.848094349290757076121231701173 0.798345551085437353209987530441
0.805957476467370398163539676985 0.259687685798211333641971024126 0.710382498891001371487081846429
0.097326757077059027137803157539 0.487058815468652178189884426979 0.301927012842441785407882524104
0.179057930136278127360217156123 0.053382455231771015656583104634 0.909220959705311376820604278088
0.145263928166055557512868013016 0.859098006418788348348730122891 0.469836987134973124277178267679
0.548469711213432842105538001138 0.223762939858048613101135464128 0.640377618187472070090304785993
0.523026614320098359980774056052 0.057819365109643715013103891936 0.088003258746311801586372084867
0.697527080742590842530310359659 0.082819257583366636167615059887 0.043803399766805449376959007632
0.636825553925138046435568873399 0.819953482233201966934123889059 0.051501258286427990536991832784
0.300006466942123113568396686467 0.564584965141574053427796667790 0.935025092837053473334044663099
0.863894897633274189351414573330 0.196825368317515058156561185879 0.349380728220680790362718646607
0.366347237441714713999705271478 0.210440268484698111777085479632 0.266658166468295627407826500181
0.023092352072069549006414576431 0.384896267245696606264288391673 0.025159684834929101310535895734
0.795000053606606182679290593657 0.023278996605726802603271325574 0.619560565280902629779865545894
0.268533080823845471316227011784 0.155114563707122852687295354412 0.178704950153503508404707680413
0.858230409946411507317801798237 0.083918487628933512762469523665 0.768738755990056974074210037845
0.877305059866274602715220626479 0.042248187848019859779997108380 0.737847322391623633821621842127
0.863641688562175768465746496389 0.351701107313951135095207276008 0.553114278355730475379756510616
0.096984214680922658252990036263 0.749411317887838723250761010405 0.346137835253307740075635270725
0.874942678435442216625974099745 0.393511689690131912318598187804 0.935457141144883605327285038069
0.724672595612712134050440727234 0.128553014676176312510548820883 0.214867880722237751587500793139
0.037687480391018751501961969187 0.922472265335066916957676911359 0.586637192138312933984252390221
0.933606937262860490682683755151 0.673900758388348843549329126047 0.154090263917114408292933228610
0.015032808551708350545698792552 0.521720061208792345147856951008 0.094828160944058905101553665805
0.500020653946391224917437874927 0.644389535655257078157444251902 0.200827063854239927501138802146
0.919154743526537666526548019249 0.866840077875853719231581861165 0.728455394601694512943237741803
0.181775074628842768145488066109 0.332233761876412000747762028607 0.360524070299640284007539717740
0.929752320708758967026695947152 0.223059807882052605273903874175 0.619366555077591805784137681519
0.309991844068131598549172504598 0.326659554664048857958933633769 0.870552828765071156800870943151
0.413340376468490861908394312175 0.885592524286842546474291165220 0.592832030643344834571382449370
0.295093763529751206314940650771 0.109107144774379867133128404404 0.910160877525791412055621386836
0.364763027213990289101612358187 0.840566434087095620513049675581 0.063726152461163453605680644122
0.620923955635089926494529280438 0.881531778332478023296865505021 0.694555881243906820317273102378
0.338654774544728095740921990016 0.355332462219430230091792109054 0.263082686696981487981023901184
0.252222136146318814085999635120 0.441557024729566988627561042692 0.960190518073936645262855127590
0.098268042235601810391244860179 0.938677448089286696806915000384 0.015450131214459347198258758405
0.178513970753008519619623272363 0.498039542284743301065081891117 0.215475558190824499174160170928
0.412551016866304217793461557104 0.866997616064557357947402890825 0.537255498681140699711300831031
0.957900473178846573678207548248 0.601422928274937877549325640454 0.712476525376361738652104776310