0.184772624905470575815367627691 0.805605673990739343424804281877 0.825354032644085987346567497776
0.912408669239250530779094055240 0.235943593228466969513709391901 0.067495882660620205568448217100
0.908292477312646716925251226301 0.576648448469434021882083540802 0.565239411992080122993198763488
0.747392812682950341559168697311 0.667334802740350892776573199457 0.601514568986291644376715682689
0.788253586375853287001368212562 0.733985288260642020814356333587 0.525748580885762078460016174570
0.992706747526809341795223671370 0.720130369479859536914602300192 0.060130281119514687047368953153
0.304466072100704555088177330749 0.287730100367496670490786320080 0.319973648331394245442522147573
0.023590623540935642193676257310 0.883262241746833064361494200545 0.256947828139953304471831107908
0.682160283835826973188639837898 0.016227060830279078129974125351 0.538950958177360262759798325252
0.728760236643222314875591971187 0.356698406077884449458069921054 0.113753566592882555058612014644
0.484622174907299947327492636598 0.694844285035026427088117951204 0.275172265739803595763291273599
0.958341704530495301591177364787 0.377420347338731637876420654642 0.596443772374833647377686306085
0.267949660850790062171807420608 0.386940577480814262367524393858 0.451509909244776814319300607844
0.511955661897507046939403446812 0.993134727556086714281782249712 0.857294748310710610655452826792
0.364383962947991153620437950797 0.310942513033083181027544652779 0.243195564900409106961954175943
0.529680025214233606838251307260 0.017158803089278503379403973177 0.434895038909181218014896367269
0.820552937416408904643832872334 0.841846459830205463599089483512 0.550650211598244468843322125532
0.631787601064813262452414494972 0.051293481737074297180715513221 0.972881092019858643994407669852
0.852876729804801727491349301742 0.374021340613275318937191859929 0.699851511670733408740443854749
0.783404062325250431160716325572 0.132185688094079747507788145783 0.547303355398848920837640070332
0.421210229450231688097056110420 0.855975302692393783164055989114 0.598557434795460430440111879110
0.727731279553271378471943316290 0.694923434138837591838600647434 0.953972098576421853021772575965
0.320473495439936072718506684923 0.004889493874041324862856937403 0.806148725571839678190219973130
0.567149078361674358887663581616 0.012664699291596666892100998678 0.001371869015789409661486350689
0.572247244506925220069489472065 0.420252618675951849757499987207 0.984626748630421876000931259245
0.898766843125964675986506704964 0.047507947230871625720465346763 0.423765367309040887508024373589
0.612149537922641272483547778111 0.675006932142155716682333279432 0.922750883123397752448168846897
0.568847364927694111769041207525 0.372065810278573873906756075310 0.320899757035171751302768639625
0.544087341950445606601409235658 0.910990151278229537986045198518 0.924260774219619051686688956995
0.306324610272070425646435391765 0.414237210449650121176283329610 0.164470436693206625296460805969
0.181637494004288712492984348562 0.033224694065904848646908843258 0.549710840767557706865484303790
0.753965957348995906559655955609 0.175529631803205399654349438194 0.716859001065556317760410670209
0.164156224553787900298509135734 0.227972542206297620139921283928 0.221181380830620382445527898888
0.083109660906968235979170144447 0.423700541638226078853512603670 0.326297656336136293892723482754
0.826585304279660184147817587737 0.034187034946699927587096685855 0.480192935565394290909857445502
0.343519994978950961796763294700 0.798629788956920144586796784559 0.451961161861544685672653483280
0.945779561319375127839505825239 0.269483420864077392116610830110 0.169431337723049801586063026950
0.483410415094276514333983310907 0.311927758513381830665602522574 0.561873943098101367025316132883
0.987342060878587119885730650822 0.265651566520523243675019573487 0.785872204128607360551584862045
0.713779578376412003900321834276 0.603834652660887715091423309129 0.128055051617418721240700774652
0.174057395769483254821349645287 0.544388490846040861680549754383 0.130330428545412545962836980292
0.051536915405698025633587731199 0.057206804554382114032314372470 0.645510599895707432903132987984
0.088194607725686067057153634161 0.886377802588955554452427786166 0.109752008105028792647509610372
0.840799490622459056459238095385 0.271356552391422173049634788947 0.652524274857903891410646803040
0.105461902594556186795965005431 0.511281851742367631572891936780 0.369181098683510036647523602709
0.190428321239627480182577335954 0.992892735234933078131962969816 0.673961395738996878227003328702
0.198141699114015886963153822087 0.511470829092062670597051283181 0.833241297212719828781434863521
0.895739941087727746130237659816 0.539722812261211358887096968428 0.272535254176185715516209781277
0.025975576061772138246527086497 0.693474194508822212930213393822 0.658470198002057631554732847516
0.113098918445564683047977251305 0.034596072886485344162716241195 0.537152497757487302853677856856
0.286531114902366276924211241206 0.306150384285842520665293942035 0.892622120990648998892398305608
0.293609111036598954453688900144 0.211561169342866157088780915378 0.192408695014341555111695861571
0.247707734348400019972501229496 0.677909723054230674766962868829 0.955547539389493055796836069506
0.766299366102434146485584641625 0.947083916283023148574561327874 0.299409900512367180239931160047
0.033181500526412390235115156047 0.818319947023037182413959055708 0.684360295912524959045083917371
0.288532200821689885859159976484 0.475669744353869671335535305070 0.224093195450460610645049997584
0.247551798525838383158228481911 0.630260958855032523171182977956 0.833544692445727911811601660314
0.169144544186824252797474215834 0.399747904278452801163691567185 0.198366125010768938983354739449
0.492073635205774508391658386745 0.985684068771761925871924364225 0.452840891421057622655846838135
0.211056957966913969834972659566 0.040508807815477035560744421790 0.724663449846767698186675384480
0.993846342094219498906785698318 0.105024998072338825379992134311 0.809967218276403741369714864549
0.232165628035643447757633364091 0.835090480735183496677753534987 0.225785423724342024952233908156
0.787452504441690088160005133488 0.952300469400621918073967296009 0.688374863956640801523620860810
0.143911205327609835337623390069 0.854294466654551692056111706982 0.306323071425987663656580993282
0.159077222494407932415167125231 0.783191240002482015406988053363 0.417538669777625220911784950969
0.770464004999020150083824889169 0.157565680783427508469208276390 0.916841029219491347729427563918
0.941182306051645383390065599198 0.787329018399780406854768178749 0.326410670568942317002636003605
0.524965069969012887926267734343 0.878851524489803811590219758509 0.781498931640176639505523604396
0.069311739121639851192032060302 0.188798100037251685304634344308 0.392019918713733696211075495401
0.315464654167722806305491661746 0.787302166273473849455676426500 0.939954267313320328231585401908
0.400660180240159100305718732687 0.075968364883986577657796120916 0.896707831206316495087102142227
0.612321129696562787486231705125 0.801471297961784212066000721675 0.706289781794559432716106425956
0.758867155247834688313239918033 0.781853878952429546687748676052 0.456508813454449562019064765769
0.063198992723588773699321189963 0.597099881884564444672161074071 0.600344113908009683511816880143
0.772879561766470272864047929915 0.595735560389803490018486722262 0.932457867970332345402808013620
0.733010558028202122621435938694 0.414077771620971673115852505817 0.627857140576078366639267894193
0.723870494808958880052532206551 0.849561581275313282645531419819 0.137775692725726856550000629925
0.742664707514694367893942911414 0.839749104763773931428548610295 0.378043987696149756087715491134
0.391669958751392703842702241490 0.195373582984288437492902022778 0.119992160790045055244714930769
0.899111625966926774024174099536 0.756202102200523724867680738231 0.877103922393213221258016993528
0.477555223658592064034410767655 0.343598995483197864191588297832 0.262003086003430113225556477212
0.477101520726381144632266041184 0.102990089547106686458822968201 0.970509038329746097143438054364
0.657122724954231274114285566012 0.004892628011764380004095304572 0.193223285753519660494410448700
0.136068413322768864838734918660 0.207333610380762360036778642780 0.558484903923773900030717864928
0.860933255520354040664361544394 0.119561571791038067895612842289 0.923079757747713379448907244736
0.969543135324212736667764607523 0.747007457376082621139391574146 0.829025233065521578276477571175
0.721636418399897347073705713385 0.097278173489602354484526085789 0.922528617184694249206492895959
0.145037619986522981751470244450 0.182562916318038848785353410364 0.400020803788709011845741691075
0.822869397051244755474608290958 0.274225971076767721410236440251 0.605063714204352633131567081328
0.756250492843011028003109451743 0.476126787960275706168146866372 0.128060356706030356472515028416
0.680785694713275133311117181261 0.323043072768993029660591245387 0.917599323993307274449738798051
0.907895315945545638158482129542 0.539740326316250215010979011303 0.110058801963513605300137558675
0.779600813458072905556004330538 0.818086259089306882213324611447 0.475226258629679647351462941615
0.613773952434154548206549939677 0.142934063161281566705683409481 0.291065385545052538460982097591
0.611362656232861418189106143123 0.317301861307881456985141195517 0.534574733381661655690563548418
0.549505454056251583381096056746 0.481171880159598838175237328731 0.252126474300732304379498355623
0.127452545217783314812659720580 0.455073994744048390023766876956 0.725278167379271536623811259522
0.020412538833749277396012105898 0.050043101603946883559294161178 0.113795091160846337549260264564
0.245032059467356538065713203881 0.007217119351366910483153545400 0.528140791398498320639878379434
0.016319362545170310316938076993 0.753337416477060687020082727117 0.533056593287542819976311952432
0.099210533817792161793715429206 0.402222429546186197890525704183 0.814680607049227971555516199927
0.593062411877274342495570900264 0.184016923773762801637778471526 0.879665762051470701734200821510
0.131428631222784117460457582837 0.440918579643548192334010889315 0.263288214196097828878731506008
0.505241888688294347832832140465 0.987608116404201822634322619081 0.927337289326125452745504682583
0.633805110336456032957863624614 0.312695426532748350023611261141 0.757228770228487141090700101200
0.068255716543545035166071351861 0.806099977887877437296191473723 0.846041595837869220440715584209
0.197001401106979603673391927454 0.785140085719746627672135953453 0.356982000854430329085887595548
0.147326539428762744529309338346 0.634240462250976519598985066119 0.368739484280062045381785057700
0.004840317146477649054247889361 0.494329653491071246927026973086 0.735801394882195645720207428433
0.137765545788484311324190230421 0.578801467872791590116351229258 0.043983266246882085653710241242
0.848757317485971718019509187134 0.177765300867754497395737884617 0.072837254056602154849924249718
0.611713968527614402129905927261 0.728228557352540217929615734329 0.240090435467786501015226491530
0.897823706288795138594208984609 0.326095567961366160204440020728 0.703504530851910330589524724811
0.904618493938551322139849242154 0.053733581987050185035237212636 0.731209187274019358250205497195
0.052908058506218458826071361110 0.116091175045460784990894736615 0.266491957906919278714985118961
0.107829734519408730101323105243 0.226491638624994015535649555321 0.463421306341825155726237809657
0.426149233744195405944996156243 0.851865567559469087865686242215 0.113327923658970509339871383454
0.925449966838906251616800264608 0.444438923085042386121732975115 0.913327706940789903055871086404
0.343040815330978029279774128179 0.032413043434867572522474146377 0.395102025543064625986573031145
0.931155355808418474243375968027 0.647370311976729810044463624527 0.437891382418914074902248084318
0.542957189947418916009229719958 0.069002679351328069932027513880 0.616600889151344643416604886420
0.478320431464822648340763079952 0.269177377357523556360747451864 0.611896151033561668719785255572
0.363668454181235150522178859044 0.436269615525904843521676610364 0.168982510342882702253614828810
0.146844019501382149367159450400 0.142498787740752771579109350688 0.542782024423439594797183008922
0.549481446497447989684173020211 0.374448029729537634125951998136 0.348396949463285499840820206285
0.219642563116037833379781966470 0.445949147433427837086116639915 0.874248157258416746976562550973
0.617659189765941458355646011503 0.356114799468920746858762993111 0.202428645602338469637878758616
0.599692226163324115615007030360 0.013330079309065721059742625424 0.088254619204521303586980756487
0.166105994832270138796095727489 0.466090616160807174373746532041 0.415123791289192136292585342601
0.134238809814203125839534552340 0.484048599652409345518818732917 0.777343202839676819984142638812
0.435274214463973242688267269650 0.455037161821067230537860393978 0.597927239362668846194790264608
0.204606606049223418430465460070 0.387288156464794589746132331779 0.473988817615510283723259433072
0.091070348866012343618157377242 0.615511436306095823935402539953 0.455851385893554716021815053008
0.966952386578322066372689714028 0.680236247555778651842188037950 0.707848873415736676313861364427
0.038251912118341240414417937739 0.610803248565444045530324132659 0.122749917288082602408267961825
0.670070773575329678527108440767 0.676358891570131452701306804852 0.635706060861245689152535129409
0.906645711638514681138043413933 0.146450649413088053497615384393 0.162895461237616266025973962895
0.795575565373878168144215966117 0.447936479433514943341387983781 0.593803338949651508491351809306
0.058396104566894990120011293957 0.976902735852340436804244434002 0.914630670561549360373050241604
0.307696191269412825361181844971 0.607596174542878046154091627273 0.426888202259369602342927241335
0.777224656859115964724314981783 0.631789630341902520868524150748 0.951438081993784667542865517009
0.530161920653713523451281082954 0.601758857477780119565337711948 0.806939847074395027959325150347
0.444013405439293179898413944450 0.814741511985015757074896326651 0.977883573682730819827970413958
0.742181880698076518793203124791 0.955945012768126500891386797425 0.600493047761746920463594191772
0.713128775100495297519436802094 0.269561814458535472386268201652 0.741454024982374396167861845794
0.256787240390158184541984060034 0.311784931898321769564713970889 0.963580036806226939714460497899
0.436086792763629440648315219483 0.628350835006514598706148173227 0.533031097469944031026140813187
0.552615880053827235057793156971 0.906160923913767725482134244601 0.388436346653484929363247501990
0.982235948155005606662254414285 0.880775769077183071699771500801 0.867612522784318610886017000991
0.157607383834126027266884819393 0.853124800623792925506972497213 0.938409905150204214868258367699
0.466342694029246279339461054595 0.180233774582541629766110793219 0.764888902472773567277545747834
0.758090505467734540098381701129 0.372388346771870295008138270777 0.300591133058515272487239380953
0.109098788666555250280101539295 0.901402130597120963741229616222 0.100252832602888895338502076874
0.649193945567329752091686722072 0.415642195161794698226890106685 0.564923281294013445424195393059
0.191216294958087989052690198555 0.470638283222218073007337279212 0.704509064072511449996560066459
0.320585735610513626205613286183 0.366130335796758144729307038773 0.606681858690189751450489887694
0.993909450759850583025702863605 0.141955741504895276637348812788 0.397996926831420655450089023467
0.456485075204813510671678187477 0.430242604817100552324684881652 0.802588204589856167393045939055
0.439987636546183045749186283442 0.095270653185260717434285577799 0.858446166933553334592608889445
0.197436635769684954629802019993 0.398062121516627696958067518834 0.701534951145390833476199619927
0.784762803001466351620619711559 0.614444421471217488850922540081 0.893683986750593305853699117166
0.425132472715222193523474268093 0.371100212525834934458146578142 0.511807908678193706056385365388
0.249705509427893556545420015777 0.050311765811674637125492475781 0.160027529578095619392330579283
0.283368522063080124162864395121 0.853669431357590395076131957993 0.540868933983955664533236439491
0.457148319079977488146139458551 0.792994137830171957013188452742 0.033549389919625176989486181620
0.818764888068118551279436301233 0.466182466851743420913303174914 0.769202962444177562695057406183
0.468461555634265114412289714438 0.229097458735312049417843486252 0.285838775657437248514970099725
0.893424295668657886825580326105 0.892365389522638784935805284686 0.880376495758701514477917275109
0.414923313999448311046955395268 0.622301060846059672616225124957 0.526308145134401868483690040743
0.412166265015187823588694155052 0.594024078274822466558529995157 0.652633237546046311838437374000
0.243239526605394251343261556254 0.206260325579188706852097195062 0.926431191344538563848346946320
0.365260830146209752224067163820 0.824536824340475697243732559826 0.108887077728538600636900000186
0.599054922101833210359234369624 0.812875611490925896705268268533 0.402897072041296852146851523098
0.478641612241980951697950432841 0.374156874725164849107726924786 0.735115601447528535571844034956
0.343743109919957474884013826792 0.256032707574392587165903712818 0.266185526977736161203439516869
0.909555163483382165711657749575 0.460100980189286115676191393234 0.683237830635456982126751362908
0.774665532003142994094202107384 0.314897644655304418098539866920 0.893170188210230391865492731436
0.597275565940421543708298841533 0.754455543275676641989958830746 0.703009150016072299210942173912
0.584106431652395836783500920044 0.083752589901712616405302475333 0.008883027398563862372248904027
0.237634412900062525826438942371 0.581845042363707358597809334608 0.330431740967180456516130493742
0.271030458724455457055760482918 0.232608191871421948028634723459 0.166359780244824250880864750392
0.598792640919032076415473923194 0.592290443936208543594647698493 0.500324802317531036168110578090
0.575037779291666923562268275005 0.053145345181694309996867639400 0.307626573345073942365491429781
0.512555833294574776331926511639 0.752252031494920605535710541808 0.815252944322679837209179712576
0.043197986169862832299897607784 0.247538326245209813382567287847 0.021220058467184794342942559241
0.540262275197862511652758453671 0.920741743816963167530414034858 0.959817770845913635754154508385
0.054383678887887107397788775842 0.038830704334456592154164077863 0.445282483023183068747713577169
0.313465313302647322674875941297 0.607802581756097416604861837980 0.888696440493741537143451568370
0.000566714691459927165268830860 0.886804355230401495912911002240 0.560628931660655092343072456755
0.113205955806579097257672470440 0.877618864941516286688634139549 0.034611287370866681800384344174
0.018850753525623909621165866470 0.616494134117482371816713583817 0.122897892512310893698557182387
0.388026385048977609381609978370 0.049092901202381738860067695270 0.529079766504921878329933295650
0.157283722182800614224821260770 0.883061814144981650004821680414 0.296131185882466337725965683904
0.445311290988218913079291883360 0.643606073170345401415200553066 0.789749775463319652716784432289
0.817847421307187317254021322106 0.904531762211033552644058811429 0.992762329680143046213878395749
0.559672877163154849980317583733 0.389245312715495409552590414690 0.577492979206946612146044698779
0.230913553674642418568288527844 0.429551855712988028620378459489 0.322928791539689897044333576378
0.686447425002237533939419830074 0.910620594803482198922660432466 0.699768009696286926031158326819
0.769624402243890996393248772933 0.963321980234082201359094897108 0.435416662346997895854473249063
0.718567080302134914348114118783 0.418635813307742219224322928208 0.634036137276061888334725069546
0.311228265541122167354182870797 0.887678337722282114354009143809 0.268878766651423496746786881651
0.752274855814938877450751182356 0.194232553064121169490444089326 0.772232397013641941392536023154
0.763133735414794515939394486416 0.981687277348958685261860443805 0.534435790323892467707643357084
0.882451599669824640228541751074 0.372952345253134263566833717465 0.095905924915050425730673410814
0.358410705163621175163629903600 0.723943276959968216122814366342 0.459368311081537422846221121138
0.813957611197283679789815835523 0.795686981837130099716577035409 0.617753095145138161368343572288
0.388002019040586297566533635182 0.449617135160520542500146616747 0.995555027654930244670983596363
0.406127330694885035290649959503 0.824991767798943908017311090530 0.315390807158279162392453499598
0.997694760142652692013562969447 0.644234578561199869450988227260 0.392514589257013435943655910792
0.770525126311475146331091343432 0.108903504915120211280503558805 0.995439328175790988148290612049
0.563121080140167179029990691351 0.886387990210549228396057292845 0.510654352016361192829510021487
0.951922224559580707472288175524 0.415405698267474569506340573140 0.129391653210068192650831053769
0.095509882931093433915325786348 0.811473482820426431112397526626 0.598119702518507637118601177532
0.502819070238818575191377308390 0.760539281292335579395638741079 0.323964153790398531410604717105
0.888433332949137024835386391173 0.774147443816899188217551857581 0.440061685236500933085044246502
0.449632787858742332879435209135 0.328028479257602475694931241043 0.338231401280835924803803377024
0.903534346608798996918263071956 0.118781366443594344013480071398 0.809594141162572441229719851570
0.262648380595498493817415351813 0.466228621442994730418051874350 0.325051668222243756357621447355
0.718931807871805161595330101870 0.091553404640813010864149188555 0.267680861259001509370952336296
0.613207736967325212400286709635 0.482731493052302565838093798738 0.688544935569950530270626788587
0.694998704152589534412520176361 0.774056087310974381365123648935 0.239447087397880524328755662463
0.214189151411709474601447151466 0.549483354286998294411094510412 0.543124814530342596931706297273
0.879589588483405354110591022738 0.937935838017528961449671336374 0.959640975588871235775522725831
0.943247616470362232734723299156 0.990182622277273421972428950455 0.255883874466444533036801530079
0.727267539025159099214558148748 0.635373736097919278865836083934 0.532550352006780029486160504269
0.274779363841488568569302374258 0.153017357975486828043078276412 0.307485645804484009810660087517
0.791504572442839968288790792283 0.758257490682603024048864343142 0.266112315643500058865027697103
0.621482813296162786881823207728 0.822326596008656094312845902556 0.149257721039389488333405524921
0.901961994966003499975568651022 0.775948249915322376920790724637 0.742228593146749023086580750416
0.875321352321711197047840781989 0.985764808719032383269528246376 0.606388778709737217760796336397
0.265427899374591300119239451233 0.789584527001544029512791545719 0.400430872478265244867427492358
0.833565119199780690626806247334 0.602074758379664907788701177756 0.134649495940828913629203852585
0.181030659595782110316115453972 0.825070707294362003275828863277 0.019092822777407573806208433750
0.944073772149255296488723959041 0.199665870138495210224860388791 0.152613927613114211902026997937
0.753720284343186354347627312787 0.363849451937053678456542751376 0.227049006564075660983310666329
0.552602503838033754624109825889 0.938714636906935693192914154633 0.705785694485969360475195488521
0.174229796065190198312269987996 0.667689004228766930156276665026 0.185276451081061343373478553843
0.641638926851745295492613554772 0.293088040196903632063665930044 0.138683174731899440255639839117
0.589760686806197057128688286243 0.807668743554477833697744529106 0.953800001077554912016657443936
0.073023143226477875167189068954 0.063075403100827073506534231057 0.568249660132902128932328937535
0.621790442889291127612822041387 0.285768600231507705138213759016 0.369242071358559744931652589880
0.959172327273424564089416467119 0.915849078566764604698472703577 0.889061220577991205917170152980
0.463623137051391929652621100218 0.375172053304674061582034303723 0.637312876418379611184571554374
0.162876791530270499819817492894 0.609029190241740165791464891843 0.048429404613738986783170336761
0.486716924450808739890205454571 0.582844978145679335198326892210 0.067530131186458556998225406334
0.716890183211082806466773628991 0.578184476732531365104520272242 0.867978227793059919563522586063
0.598021878225244304475949654349 0.682687568811139723910422625994 0.578728765702626079716707229115
0.467295361383730595284226132558 0.760757343970244335175379726727 0.359452628458564677093143483764
0.249198100026908295733120090685 0.561776054750973311208340907043 0.217718762389749804233375881017
0.708737940525421362562097031178 0.798528128051601790917258135092 0.311693396744269986452470242376
0.160680366637803315452642307138 0.725886239949274718098038456258 0.545016626045167941669377822190
0.408385089180798095245915644903 0.892647692659238397247506842771 0.210427893255338972568696277698
0.301078636355251898318354223199 0.882980165415684921413332047428 0.679871094026252990880190811625
0.019229665233305748373240658640 0.771647753532030670612868017707 0.639330035483035231172549044019
0.992806290414413376859298050480 0.795817642733483041257540570076 0.621498284126377339988248750394
0.646311580664686133287830457935 0.717863897969803234163116905226 0.935263245025910507817668251356
0.137041670205401293021731832822 0.627083859230625501897819694355 0.166806541465192461621981508205
0.350433143885858437595225028236 0.120691274288801733532162306053 0.685518802113525439515777297583
0.277778152168538111930415698605 0.579443444968378597076834270287 0.360673547614096212853342621549
0.780468888088777564445344601309 0.023125753619521370195171797412 0.728139049534830185900644637144
0.919556216014656033321451827699 0.096066570871381209828587053008 0.504199705313879089382750256412
0.529546945452684147551832840593 0.323998264653307918961103644247 0.766820891412709771147238553630
0.026672738105548085356246374757 0.827323866453616833770455113825 0.545117194046703327149448010680
0.224248693764594549354318648990 0.764366698936024724148219324954 0.538259808265927517087689823454
0.695682258723077547185146501229 0.805831996485640515420621510607 0.560071978330875877437301732291
0.371056520790996557479598760283 0.726004624969068896109033580418 0.867372871981624762118279161637
0.594539371501901100919749900894 0.905103281498507623453034631286 0.363223511889138156312424832827
0.431896803761992654273971768287 0.116969945426350897031166749589 0.949904064731176335627922118686
0.745295964029858079688547731390 0.016576963847926931682823775963 0.301034092887507093219450260988
0.200149568871850587395293405948 0.831298462162268956535207817340 0.053722485627563577546034011384
0.426083592144852815677599105685 0.404687349309150814584247732904 0.602405423008689306333914221615
0.803984791467143310190866869116 0.227017340093437692875121023368 0.378435976086914281531803841280
0.456184435608822558978841920264 0.290696589057714962771938852975 0.865796195620669174043714209876
0.091323312837199427157248578445 0.621948517463072590999686510455 0.148606470166778535410242834388
0.002626175271306307330614399786 0.355762410607357702360521510982 0.452943796497689844193913870199
0.454485340351814354465206049653 0.367451247803587500977008930515 0.428519448136081962949259565575
0.889546022597854188882187859021 0.379463140105554943453735635762 0.471106902493900428782183620516
0.143284778467748333701991540815 0.885898162025033587970392768906 0.396410150625527587318965989526
0.682298113016693423309496426836 0.392524343702943645296836067685 0.037952727697370508249840105350
0.637530593111717186749331129983 0.337928262033427260342141046136 0.179013110563896854808846739753
0.340834638601190641063242601922 0.227161941402139785926267668439 0.033210285783875295200740262258
0.672098645670410333364660327602 0.142751805848880655301451126969 0.749790470055785598194005396270
0.616477678454232797871485856431 0.689710107929940372819246022641 0.766834108162730317013444223224
0.896835717574983761469083354130 0.059245131103696041267527419464 0.878642756586217507083045230125
0.919583060137463128035641047802 0.125600320571869393765237350800 0.307719019576675641383938771521
0.093306793908427845816998796003 0.821108821512539609963820801543 0.066266513154033514725932620478
0.926718548632324831124839424757 0.301240156255271002909144347551 0.963348612186346918052876445563
0.247179461140860026714499282860 0.922969701963345681968853256853 0.578910029704106608588041033544
0.549277132817526517162878039653 0.628541536945247434487354356774 0.645617347726845570776149095480
0.864497164537942405677953239303 0.052240669847707128610149476716 0.259406171085225874448360364061
0.516544149134407144456847340413 0.471205511544074662754189138585 0.819928794631695613599555532106
0.179900578563934092767854674329 0.987015641487987887395142530011 0.736829787569694425838017905326
0.934154236765592912831466355461 0.061348071365650302815161895115 0.268405538897446906486727235027
0.745285008458377761665568214953 0.040978926340365047201861977273 0.896669629402513953276400581653
0.269501784523686507531418508269 0.560699942200144631498098465241 0.906966623761292299383026576306
0.831322779415649425604513746307 0.919267210379194717116788369244 0.987109376521247993143663059131
0.708285725173849365737098585452 0.317547640678500252367071581238 0.375453374306380359624519913652
0.304854605072846968183228237613 0.895733707820066704307370509954 0.395036854119224048122034346596
0.667781461597152935936797028620 0.579472294406837353536224328278 0.874227973454867773648526996525
0.306965414884974076532449415582 0.024865387888590001289499941947 0.097572553988582026152029260529
0.126697748335425696956144056271 0.137198465540775549215696143332 0.179615814406766855157331568251
0.468323944839346282722646270837 0.710192791773582670881111473183 0.548069498970121097865526814797
0.695551827707307211264527084400 0.908769580460632103618382690704 0.458297589377665877985717006411
0.604416952107555425800812978514 0.983241236174810183067707300497 0.707618501946665888476205567163
0.430645378517454543491541703920 0.461297126159078218717071791464 0.635092442027598051436742111359
0.676802850002676080326427867063 0.198505688246928297133568991456 0.871232599825022400471625395354
0.889912611837815512568047284294 0.862249355301932374581144877007 0.484635853233940298401749372441
0.914033121988420181925906441784 0.763099221700035821823005915414 0.930574926300639196096616401771
0.826052010631154857949417126397 0.279143175414869780448752138858 0.480017971271852952243644227304
0.241232784767716698813532250625 0.079935610273728304656705360985 0.820165578895594087741999010415
0.938354278854256808475460152064 0.452199956948443995024900994743 0.080280488767978767796826874824
0.257373701297366309870291852381 0.658697506946085738894331068148 0.477688127645324143105218129936
0.520529499461504988249366393257 0.937557893928406230258630229860 0.384461645154427272488050551262
0.592451971439007266543659651013 0.407900450123869084332029330895 0.841483785344957160924348547117
0.941113348121684443845612645004 0.214135593217028334058436006590 0.206300884814901155689001898474
0.958142558889589568212250499033 0.762523957581827807063514679168 0.760028919923085838730892619409
0.929769945566865766481286420191 0.091035219891377064304606965472 0.964209275150892858640326576425
0.047305996057241588402206426018 0.412310706887435048429070929430 0.383562969255658513983243550104
0.326043866787787897809429400690 0.104507443623422856152293956283 0.377564117498439558366724756446
0.388365242843458566248555819623 0.577372247927890600913052157878 0.612843533719565539212172154047
0.569921667446764362855348099966 0.164000513909322191482173356301 0.825096471480973977936814099945
0.486988459058595590586469370418 0.273238838561411741735024965065 0.014708495312029151971630442649
0.029675314285522757835494668483 0.017657284042797727099832907994 0.748629937121181823053336645103
0.693518689726133843198927900494 0.602710286062787582535436100759 0.055743030144107921355067414619
0.428452146214394998605281216823 0.704170153510197093491209591014 0.131923377710444010180242107347
0.277496055800843194554678362220 0.776132234614329782760071292726 0.710515789048517713748616830177
0.554074325822500467507283269194 0.848724686815749564893814468728 0.719375637893108489566422326393
0.108915061525488444405503067094 0.352960696768745937411524415357 0.818846655066137761471136035044
0.464703101975602405537552280507 0.937394557859979097943770518567 0.009484105034133717920588511330
0.707924666681983809979540054824 0.591558244413790999236778982576 0.232935264554064248061250580143
0.570046979817503068662685991899 0.747004509888037623883287182279 0.844783482889165759181950779872
0.393622409154873791784133628724 0.987247240940234594725827024927 0.126420075373280943173453564439
0.770963725265324381488251479817 0.737753292304704873305989534505 0.694127810932929128382244607791
0.500343773120764706537286676138 0.622210867602085267706812718462 0.006075715251728031630704329400
0.538462758535714602641510368870 0.073197037333940033110626429315 0.076966470374751625355170952488
0.528445958269919466819964518467 0.761377555372939902154852200299 0.822067263424979743182369607690
0.657449668005670993957714215965 0.624049571032652046272754436719 0.056140363961052590603034252804
0.574921769658662071046341336336 0.532004488865806190074570346976 0.640837500233902432894275078556
0.328739310690689594406812208206 0.823556098339156157557564461495 0.331803714147091241871343983366
0.493693356606901884828691701172 0.626125338345524720902122396644 0.354461925064091390271373938163
0.361406999325201681491637845278 0.230029077784952292415055504933 0.415142847399420835620768987976
0.403898141636752676650416625298 0.585512439666091984979174992102 0.925197534338939182412430040125
0.092611080607263966738918734061 0.783318144638527151421427271286 0.292246649783539768508573663049
0.673731348688257392005178238653 0.315520111590325017149807410226 0.678054876189960162949396600024
0.406460484305435748254959603584 0.946709840788036392866929880053 0.154754882186420642697393210938
0.749144868068371318226757249153 0.271497570579020013576959934501 0.425919088435230526331276878284
0.369309015403466117664051773247 0.903091672578676623907281518001 0.255845275146541661854567441571
0.752764832173516937445618789804 0.365202802427953443879154229943 0.824589573220158695140787203348
0.456209372826155571645122649383 0.906532841568328995507120899183 0.892489053965677971865038704561
0.405587010547593921943131980646 0.260960492036210387978481624814 0.671759147807689727585791655543
0.400573361050753410400880877220 0.641921165093056744005972832048 0.986045894026665547654528631144
0.792145638308531486863235073627 0.066089009938108120984071109459 0.354407585448781269136102912606
0.778355412655651216960213060165 0.975252820679981432906714315328 0.543751791607707405868817884751
0.870877399536909718240581337871 0.170281309307276986366938842434 0.205426785618675092433534091026
0.150948459794808081650623691270 0.849623414547280786338672384936 0.323966942375019483098817587545
0.084484037404218380544332013217 0.136757416687162137222436752068 0.160457450010544762217743544877
0.907537547556037671343021744490 0.183029566948412728504495261996 0.537115330869755168444282484267
0.129368253175545783473014056236 0.198952831018049765554725084768 0.211901852441362811354572810203
0.747363745906094438985319246563 0.583415301321172856550975102725 0.194008344173175883159073381758
0.020675244917864275529576806471 0.415332100334959909017638006163 0.922264087810960881257689075162
0.779001569234200715524673223885 0.478497252290200638895657064914 0.664770810222393032750247658289
0.288398746525419175111707689198 0.744542994590822222639239344546 0.415674877901102700110146138319
0.051808277494361263157208800018 0.788490309944894541494953627939 0.694857721303361656640214245239
0.176195343993835776847573536364 0.269516448441759320965017959042 0.396435869090846192230642733141
0.726989098762279596547164278391 0.257709965063460548482101209347 0.786001197800455042544893983592
0.464186102980412026820626377228 0.110102771722906734618963335450 0.548441717107114893544368241401
0.421491383781056613941084677628 0.817038131128538960115023700656 0.401769172439841382275990361721
0.208754090938326293521086361655 0.142132415286346517685871631782 0.997227489087128778146121326662
0.918354987240269226754423474173 0.145451280738703645886471650237 0.475133578449595377131130993005
0.449484811418510100754002537500 0.572102561867335426426598030570 0.352601175779397134795940071265
0.601346961764708795723302024530 0.406935814132161994171023182632 0.980070415920980180094416550727
0.652273739877620319309780612572 0.342585374893005743555444949092 0.307620119052281889418682836736
0.974098080814649757765870759844 0.429757839898994373496387629858 0.856725489548311978125973897642
0.013272421832489810879750670001 0.282743652417626777721374277852 0.840340312698584192060487000005
0.682741569975765661750502878812 0.644528303656277286051304015813 0.870490352084686385677499940072
0.306387753182592371208003676384 0.877981625307220695997105037560 0.537737379329821450538439139854
0.924049436330933672254417985374 0.120598963651951170739828813560 0.796288483850693294849161733495
0.143352740727868740220687580585 0.990810528257923878123795604777 0.662609757525569028024947571154
0.193901678096696645267640318930 0.616438626416027834850430033360 0.164800242045926373644524853557
0.527349663152748972248804432831 0.188204328523672125791884886985 0.562563954268028307713282370795
0.834133204984410396776198768066 0.816746001494270729715383935949 0.415803846150798566281866930484
0.114147068856721160991315665517 0.491190683079358720384601237231 0.415656838027359656732755890873
0.040924388983050672634237054015 0.820023756131551791161639335004 0.711690822258682090514871400492
0.899890478083894457812394995457 0.570255268118207883634107310139 0.082222479675212064752666397827
0.045507953879918212617283645963 0.975371339801354209287432487146 0.344081798518446565720485518909
0.957021240307943385410487756666 0.043572330034678634637105788009 0.865249712551039036119420072111
0.737769049565726662961170685911 0.949506025401706130999530696935 0.148297232926249872524522349774
0.282964781867690595201756827382 0.309558189592458928056933936235 0.826778209649757775327354248333
0.036438388132484773852746766070 0.865284802690502661036351121883 0.941409109624704519056049091329
0.015583701304107881167787188816 0.027864289874439371807669864392 0.853599432408988304565554170257
0.605209172151969987486019266734 0.184416741452226352045608859464 0.917935435956289308374778202740
0.981054810684577686628094623745 0.505616951476289402756502732532 0.955832140720625879750000129745
0.655117176906584534993921908488 0.678998239734727198662945770331 0.038260219154659740891104281515
0.685503067289776041929854195424 0.645616265672354268820720968912 0.178941801914535684590535213988
0.842503072718127093285176878707 0.430305577535586441573924465509 0.234772087438532244079660364550
0.183894941527665807004295672007 0.499065403930532332741925662329 0.219053837202336847259712125266
0.971197733753058223793821873554 0.164168633387974836459093410025 0.512950015783389519817022774059
0.527389364016458317202668463486 0.677517009111969895203704390910 0.611641249365691584576808453816
0.054004447205221957569674324414 0.484428344379991389226055670255 0.466956841269663868133320479557
0.412954373062773324808003983238 0.510090829095941907414618998018 0.870998984723553798692823500772
0.915563543156276142609142856546 0.805460024820582735532711197642 0.523405235650224643905558017746
0.723607329898027511235045182007 0.181716653688031925261258287159 0.628849577619094755983226743077
0.965028557629683269095596685054 0.057124324172072025693788733846 0.822264935359902545568234585783
0.662021636577381037892852558188 0.480958648904407637739437662974 0.087477236061371308802945718297
0.766938937548714493444190972106 0.454862280867190825087226968371 0.429916513885070855218105125660
0.541590941518580327654806994813 0.919336312137605557362826943879 0.433933197581993934014284844066
0.744077111371765846161703054351 0.274973503951150645169302224805 0.848541660815931154805333919419
0.041057829274919315934201667176 0.085486111296637908833516083560 0.094339274125336327817189989784
0.619712610450376571449886874954 0.074334425737770877280927793101 0.860518817905702856295473871605
0.894018969612128988204107835149 0.384571211346285190731385475374 0.992251261242016787143294457832
0.048304107321665341629716615009 0.957457309646540932406099004312 0.945202991037508567186579429524
0.554782531511147495499304682131 0.438967529204049085419072504887 0.379408198454461316270019539787
0.002416981465791485400375930201 0.054060900338309341767086957604 0.886578129516541091612241763353
0.420611670000070701841557979602 0.509147496852389400881994918444 0.664435204588038240544514716334
0.074362288538608805608190810351 0.576621276854012486605966008767 0.356181313221213661833334936356
0.214294342241548236530547611811 0.993152169136289089694360414577 0.997709072495355170794540850869
0.999792176670559573233505674322 0.275675056073284444734026956672 0.379573774246953038616140133839
0.396926250784535116981718422745 0.618879167384864499698151230303 0.645748625309131576295982466583
0.664676150713712736418173786293 0.822300838997615906013276407262 0.177477740365755016297721881962
0.810691633519446969841835696639 0.572876714335647457018172565424 0.778651794016881249753819979170
0.604825474392220730089533281402 0.173208853050124452431788076291 0.212338565439881876510716860193
0.269973593328570480608915164165 0.194324223509496930950059471004 0.209787895386715813901969042542
0.999589481015511754288901619682 0.967806297748145843954995314738 0.284906560811078876667254822332
0.262196764385477528252236540397 0.249235614005759718372752604125 0.706999271312544388123702577118
0.734172786512815579638783452970 0.905349251451034614973147493048 0.149430345742482935427529756326
0.488996689323416628524671212406 0.330317262789882052745332696690 0.312132171467874718538175583490
0.118164620096728834597615763762 0.603746646730881616319878732791 0.612076932225023199007846682083
0.411032004000049205529452841719 0.010147156837395321833015379732 0.512500090574373294855771866700
0.057076913882809189833441139126 0.924516552521477466924409166648 0.599839691195049543133415769812
0.430580543254035076163144871971 0.664740156782094985457307018184 0.817921003506457914886033008626
0.501966473216527273751062084267 0.140251810435329056760913024523 0.280319200718223300020531347598
0.824839053977519901947068408255 0.242704921880480511762688278766 0.929289949404622198451148359096
0.407056165996542934178039445859 0.182672700087079813189220399300 0.420095605927986338462074464527
0.939550380228207250161067170285 0.240024242174281676282009210737 0.615635917111591846248308233616
0.557589668499128370926230759251 0.014451671639110012902299527949 0.504904554612267465218959598564
0.513582003060192617067988313590 0.791145588406633713299561892422 0.082586416624767484207464912540
0.671865413596901453849447198797 0.610846687471179613185939052037 0.853748416974242061454160209817
0.521465754262160116781358073137 0.794923022555307341921984569689 0.968587711364906182537579491703
0.083508849460309177105948901424 0.813826980966545227582201348276 0.696028045169646484986856816595
0.754777179731251725826380734973 0.619081339073113179599705948211 0.860817144783371074773587739103
0.708151380179165525647307834756 0.093208346734633991088612884742 0.076078881319628255589192701490
0.014715803127947944763568762703 0.579507554655471409707457528656 0.911715189399792088412284715439
0.100644605733493791214080826582 0.023378067274336430790309549959 0.792365735396064111779767666682
0.689090978569792320426397670916 0.355264447242038423798131771196 0.590365513554932211983414025726
0.394062053680013482945989557198 0.527413547335361312984962890066 0.697052435690579222132037187119
0.528104536206410301198083377213 0.363910328993838371525195020035 0.326461502768265593922890748202
0.718770938718837952641932723033 0.377925182989516540450677985864 0.134383807618605800012934066139
0.740971829694114847178175283616 0.181173859421211399372524313260 0.540611929756892869730536841485
0.448296719390035527901385977873 0.216590857158580505262102279922 0.218281931101071147605657592256
0.355773742819442406845902884310 0.391047657191805884735890608748 0.531425295606585244447143434495
0.697230815470440052984857588131 0.065527720095160145815034863772 0.325164339555607682701971354537
0.205600385723167140798124850217 0.734451888393676663981323825927 0.081563156470265584064816635018
0.823971531146331672432937845953 0.335668674327503201253210937446 0.939260922358788463291418215258
0.170663793129473328491281051051 0.789839923398538628627389437269 0.277841044356853824850532457831
0.751547827109568026593411628890 0.068421643789424623423271304270 0.069752500120687762741760375045
0.743854971599502851491855448483 0.611204235258675728956167772475 0.715000868049163720690001268174
0.671457326639543675042146736253 0.848273206779881655620337272594 0.421765393639386333620314675169
0.406204483780541230686441175581 0.715133172784312864704889597452 0.575417448603647413358427715873
0.853075961426704733158360583541 0.720313125554775622583839593894 0.053076614851116530654317770405
0.663192799029798189262030969043 0.571120499598009680878576001244 0.131981172977941885894929753109
0.387632622457176594088200155556 0.899903268518821862638778477247 0.227721344426394156835956741415
0.009067633977233173250282240500 0.752114360901897979267964730140 0.145607486224234911432721381976
0.049722806042939481889830339279 0.625239376849921630554820888445 0.439662261313235697287330540074
0.733298641431136698027511767188 0.554627058727218014243346232009 0.897798249326187411705242565579
0.337595401953940188987571705153 0.337821214295667605763038992299 0.085374365209790434032656074543
0.309800774810492301212041416149 0.305421528060033058223373853909 0.586558194636883631063057813082
0.716065846923585000920637791045 0.513416734795525527366813401878 0.771693952996828558313696484083
0.016713045622861777224513180314 0.689219681859507932008721036626 0.494379723195103336784596398461
0.385638237445640351856911743972 0.812948288755543881407786474779 0.342471338106712202192418856026
0.575859681679908485485459890484 0.084318240396900200688826070143 0.366586559765753305964454544607
0.140838879927436695251325308343 0.647276622968816234408164680605 0.869191379287022969434513260729
0.591388592305967355627756548430 0.813263636358798153041312057971 0.254176185177470857146063115715
0.922757720430719162071565266625 0.750349480202468548983514067039 0.517323372433720153705107248822
0.411475651756308593164104884962 0.027679171798586439717323538040 0.316536992341987883824989375413
0.450219531056397678057490605740 0.012175765928488341938930590662 0.865092064522385404412012898304
0.892157428684820759697437837086 0.086004965414089499145824532908 0.354619525304931027340530226353
0.980806370740068165720546478471 0.277747125290671268184180099306 0.954707830503296783422019417167
0.497693677789852346965798229745 0.344782776030213682187972471942 0.802342375682756542419663565506
0.907517676192529123662208863142 0.318802811166379061368849819780 0.159241681745968090422593237169
0.799909876429169423811320829770 0.315143245023253625843568533929 0.173247699226382801609250737770
0.660420559293046171696495804108 0.401972923390970285456383072877 0.869067787541867688405862304062
0.455096380381608136105163923448 0.599074192487050220156472884780 0.176305446357794977944719166942
0.731882706902104538278638199762 0.890300591979817485997679509303 0.126726935562108542568621465124
0.065261074537942623193835788349 0.046170958184319687841069502338 0.092298817825917764998602518415
0.725840070514797321736155528002 0.776140787899853356269444078636 0.281474267116597332665725943745
0.639201510794094972387151338579 0.643439776418182080458608778997 0.549999052677940029114378023613
0.006460937396996044584606686324 0.832628959507811732710089889303 0.416719428303569709344605285573
0.204401218288476717731737020351 0.779295410672416945788676347045 0.223217743683783988512898232620
0.129800952313793630474753486212 0.135912696310995717767581113314 0.853564099483174061315530114365
0.921381876522997094509889086953 0.697681764252382819161164972203 0.658162808808936448555633185090
0.011087913167045392911740331307 0.412782500101382425740470635443 0.168035752715553784363469111527
0.483204564280246987556711746436 0.411570363892687761526226282278 0.488148625790607578328896125336
0.081561703061011092368184207310 0.156041130236897225466119165875 0.795328441725458490649067556716
0.002240124727701883777133920898 0.513369113360378499527672750477 0.003480911693528617266984234221
0.774080378767375564960943037286 0.996083244834218184121395197589 0.691519497150324633589198129712
0.511785951302544257684094346916 0.018717898885881613306598400229 0.163193680967316476856366745718
0.493691342880924046461756477247 0.647943711607070985879211026722 0.504705906466455005068038409628
0.471309956680112421380265751629 0.814124248784494199670320354804 0.476758968543659673760403758890
0.622731891148279936808014353775 0.388237051377878964268676789735 0.543863262918018648894391055840
0.075404363604437045405996874876 0.064829019784995430849835157751 0.187548718051804984974517320340
0.732176523692819955000182493754 0.524494701873116259378514259127 0.263510943609377692648179852931
0.149132325737994764890841084542 0.760377051419382263490486870235 0.608880993144112059577698853183
0.076871041870471610432584936462 0.380638191770140157420992927919 0.106786566466307356187579923259
0.978412104651304951650045216722 0.813898152927461035207536401982 0.422790921702668926125131594796
0.298459782701680817231620301704 0.479316068922653480227217645220 0.077656776324505808271578296212
0.028657405603877044585445685209 0.943167810838767092453088798320 0.118281677614485157599394606081
0.998233869124909217050851732440 0.916053684286069780238870101411 0.860561081973720269941566138609
0.822818877877368724901833765810 0.990553170221606207484938991673 0.713875080379016297020946793525
0.391236642077025856926822255468 0.166785279648638564050210298053 0.314708827519935768046284209120
0.573900534919057025425914621829 0.270270806216008015686968465777 0.020848107305838789457255871847
0.837329829917582307958737107944 0.104080097238156692834343606321 0.458260850930202054514681215611
0.581825591951126901268728591853 0.578147249777431137074563303043 0.463182405796121143148906489613