   0.56949
 0.0987086
 0.0655602
  0.699496
  0.541936
  0.139234
   0.24031
   0.40914
  0.197836
  0.687303
  0.199195
  0.189467
  0.661114
  0.639915
  0.341376
 0.0918474
  0.248462
  0.133369
  0.992179
  0.907833
 0.0244514
  0.028686
  0.366843
  0.221625
  0.898051
  0.382177
  0.458735
 0.0769726
  0.930226
  0.890834
  0.406114
  0.409309
  0.943164
  0.832902
  0.477133
  0.819149
  0.581273
  0.787404
   0.03002
  0.854634
  0.188279
  0.861531
   0.87978
  0.903807
     0.721
  0.280634
  0.599239
   0.76857
  0.830326
  0.961475
  0.314829
 0.0742734
 0.0412128
  0.188863
  0.822624
   0.72353
  0.991698
  0.527328
  0.563264
  0.418364
  0.851061
  0.168451
  0.599395
  0.315078
  0.629642
  0.824776
  0.899709
  0.203235
  0.508731
  0.104495
  0.746909
  0.129215
  0.351421
   0.68424
 0.0237354
  0.907521
  0.771216
  0.835141
  0.722236
  0.389309
  0.679803
  0.890925
  0.830398
  0.274904
  0.261023
  0.775922
 0.0860019
  0.410683
  0.381875
   0.88617
  0.782008
   0.33428
  0.632746
  0.718339
  0.420497
  0.626298
  0.280199
  0.135934
  0.642075
  0.563443
   0.38925
  0.456832
  0.503972
  0.359273
  0.425118
  0.863261
  0.918663
  0.805511
  0.786937
  0.664764
  0.307431
  0.202032
   0.94513
  0.903056
  0.770317
  0.307027
  0.498964
  0.552905
  0.906492
  0.150975
  0.652052
 0.0605442
  0.955453
  0.081786
   0.41222
    0.6501
  0.555956
  0.766553
  0.805316
  0.357639
 0.0585011
  0.225655
  0.710529
  0.929367
0.00624027
  0.143297
  0.938466
  0.896265
  0.672133
  0.389754
  0.449363
   0.76129
  0.779533
  0.892032
  0.348211
  0.445605
  0.229928
  0.950869
 0.0320932
  0.515189
  0.395532
  0.479919
  0.636296
  0.536279
    0.3979
 0.0484783
  0.804493
  0.176687
  0.899466
  0.833446
  0.921285
0.00871338
  0.697545
 0.0950252
  0.687314
  0.685218
   0.82117
  0.840257
  0.231223
   0.97642
  0.703599
  0.889562
  0.567418
  0.541646
  0.282146
  0.980487
  0.206081
  0.976809
  0.701564
  0.569951
  0.798224
  0.667953
  0.931233
  0.535857
 0.0653141
  0.778863
  0.559813
  0.189925
   0.52992
  0.690152
  0.404225
 0.0256675
  0.751526
 0.0550144
  0.907791
  0.716665
  0.425494
  0.730957
  0.324255
  0.548921
  0.154426
  0.517194
  0.957076
  0.678973
  0.649807
  0.725666
  0.349118
  0.490883
  0.110589
  0.725095
  0.459277
   0.99079
  0.718704
  0.685508
   0.21384
  0.511546
  0.282145
  0.590853
  0.482232
  0.360967
  0.661934
  0.219273
  0.477107
  0.976835
  0.271835
   0.26015
  0.367736
 0.0763247
  0.506672
  0.336356
  0.860106
  0.757141
  0.994271
  0.496989
  0.387987
 0.0850723
  0.731465
  0.479206
  0.277692
  0.257281
  0.430036
  0.836979
  0.231969
  0.446911
  0.955256
  0.387202
  0.594923
  0.580894
  0.222094
  0.718114
  0.839271
 0.0093975
  0.889198
  0.618121
  0.939042
  0.372778
  0.683435
  0.185391
  0.862052
  0.135733
  0.548433
   0.87478
  0.863918
  0.313918
  0.727189
  0.754665
  0.436978
  0.628539
  0.352422
  0.350381
  0.704261
  0.668822
  0.756113
  0.123058
  0.332166
 0.0705052
  0.291362
  0.596382
  0.913203
  0.148322
  0.386598
  0.943854
  0.306741
  0.521427
  0.440212
  0.685535
  0.323609
  0.843358
  0.452183
  0.301261
   0.27674
   0.47174
  0.276012
  0.801982
  0.674272
  0.532194
  0.105057
  0.538611
   0.82764
  0.101288
  0.097199
  0.226687
  0.720112
  0.783854
  0.269667
  0.580001
  0.698556
  0.431866
 0.0793051
  0.229119
  0.674804
  0.824386
  0.477483
  0.387419
  0.356749
   0.42823
  0.475983
  0.800282
 0.0133931
  0.607524
   0.16048
  0.485166
  0.185982
  0.797632
  0.903432
  0.921177
  0.124213
  0.408479
   0.85667
  0.219397
  0.887976
  0.870916
  0.967257
  0.799967
  0.977884
 0.0714312
  0.251268
   0.16556
  0.181674
  0.387715
  0.416804
  0.108841
  0.330248
   0.43798
  0.549629
  0.111628
  0.765627
  0.107328
  0.754002
0.00154697
 0.0163607
  0.442991
 0.0681205
  0.951721
  0.694606
  0.150873
  0.724406
  0.949674
  0.777891
  0.786838
  0.022619
  0.678325
  0.712606
   0.99818
  0.895313
  0.447726
  0.379586
  0.267324
  0.604838
  0.952926
  0.343729
  0.566602
  0.784861
  0.385273
  0.864096
  0.736124
  0.578514
  0.358357
  0.477703
  0.352832
  0.372202
  0.356709
  0.174117
  0.531735
   0.63623
  0.633449
  0.760043
  0.709412
  0.679008
  0.770081
 0.0244545
  0.733391
  0.897822
  0.892542
  0.124645
  0.113386
  0.604273
 0.0135323
  0.396119
  0.797349
  0.700305
  0.227736
  0.328362
   0.71452
  0.610082
  0.941713
  0.359293
  0.827906
  0.361302
  0.545394
  0.984427
  0.260445
  0.862778
  0.192054
  0.687409
  0.910199
  0.720017
  0.781621
  0.458684
  0.757406
  0.950569
  0.668103
  0.996825
  0.482426
  0.706996
  0.854611
   0.86945
  0.729342
   0.25546
  0.251713
  0.856721
   0.88647
  0.645866
  0.230609
  0.662893
 0.0890001
  0.584014
  0.655562
 0.0129454
  0.365769
  0.865939
  0.484235
  0.632451
  0.872821
  0.360432
  0.079038
  0.974724
  0.560962
0.00480643
   0.68781
  0.979491
  0.319628
  0.419483
  0.203808
  0.993577
  0.965223
  0.566852
  0.913437
  0.423763
  0.809652
   0.92182
 0.0512871
  0.848541
  0.375195
  0.924717
  0.858472
   0.94986
  0.361628
  0.568957
0.00698991
  0.720143
   0.17427
  0.216521
  0.787355
  0.931317
  0.448445
  0.990393
  0.586072
  0.139807
  0.927054
  0.734013
  0.260855
  0.437606
  0.240528
  0.292652
    0.4377
0.00618832
  0.789752
  0.216296
  0.742325
  0.552041
  0.161484
   0.33055
  0.432228
  0.279596
  0.621656
  0.604388
  0.832436
   0.93673
0.00983082
  0.878393
  0.760174
  0.330548
  0.383432
  0.354626
  0.166779
 0.0720378
  0.517095
  0.997377
  0.167269
  0.904787
  0.899159