0.790436070584180767851420048690 0.874932512517576187693628300977 0.949320614896440503424154805699
0.687394047263959184496750980717 0.800484627412720422377846780009 0.298055599896654547762084264661
0.022085603167383917543039862114 0.816116837261384123483194969821 0.988560213989468418595315664067
0.782326850953834315404447866171 0.658860117149897779875260384218 0.876162945346040556821497497398
0.227023699201691841644784954914 0.455126096568473487741351496939 0.636512339079219565966372033701
0.642998302126994224380413537012 0.835406150782478990437920257330 0.356504661223775651062146269980
0.601797236553141063926900701335 0.264193479795637401787522606433 0.098102721669836670912071678930
0.754293824438636850175461684948 0.589720496255967571619973205857 0.603305393232219990258698910115
0.898298807264706289632770711000 0.402860109050720635483226445061 0.020342612762734251364693655894
0.691620227301359022281716280467 0.319370678528533013364254863732 0.306295841135911096543750380084
0.660325585315747430795281524518 0.238887822743535423789635195870 0.366084464787602302398155054324
0.717764798354075407637579672819 0.265657617821629660904764364117 0.776710249252431471470170794214
0.994968927301162700062367264104 0.570940543376859991134683415751 0.088257251310964235300150334594
0.225424857833832364564058990492 0.391857736426772692681703270327 0.287171329647252326106611943384
0.978608503338562074793561738235 0.595790519087719011165004213868 0.726737038748476450033614670275
0.197084966232303771820098176717 0.624588234301030962068662917725 0.743467426190796933302823724470
0.637920347583163761848601832704 0.527236572163297443896978131396 0.613323399929981318854582344699
0.286579130976863554126884213678 0.009277873121595971844069702412 0.668139495229065360706059886282
0.728145970690305090916307982930 0.194053804857245117335403013209 0.825659709149445655096805415765
0.934554001867874947864364411007 0.814145658461873303117011822021 0.599205382586127878139620513635
0.263861623241097381644173436263 0.047599271848027093880703467007 0.408779374045246992640075621320
0.672799324765283973367206873938 0.667937368814428163973803194712 0.720557249969337240064013821147
0.690688170403824094703224262029 0.758106854262059687147263309952 0.775065515359003913868789485686
0.836231159839362678122329756050 0.988477788829251690748342870966 0.874660371147004065145198219705
0.452797158834396836349141893396 0.099460077124383883109013001148 0.188783063227860730050967911440
0.743317420189410788538336335703 0.495884068399562731484216660022 0.751554774399581831338668551332
0.911059469184153317151476623918 0.599696472962839050560288580425 0.577002245387680917355308473272
0.339303731744478124667600343150 0.576625017498719168339640741026 0.142480170542089538162403681672
0.608003977926675227372265535470 0.243329593507660312079543725004 0.318316751360186605871897074616
0.319805408644004834063052366481 0.997081401399145953582472497801 0.701042899087405836659276602847
0.231467751203895704810202801036 0.284517115691984939666234468679 0.706617126462715482579152200146
0.724419716339991105451078723326 0.446052947523605889016876189724 0.420866609085083672551832701073
0.642038986237425681806045370906 0.545930010046451118459073658166 0.775936075120540646072308457328
0.061630590455630059929742253149 0.928759018566341426380960497763 0.192002835193730696940363942577
0.197861893459401245869899124219 0.422957172121210658503775584784 0.062963886398071299428064099547
0.747679744387723000018684139564 0.286297544139235218580007226302 0.372979138872960310757045246060
0.001925906693689267283747331681 0.390805906479047525871868078823 0.116850565202318508788021684699
0.963054023667933486874424753741 0.819355728809723866957224708936 0.393698896545669830846302749928
0.404757678722423150414232584510 0.467005645348302811932172190240 0.206010640019742280826868928675
0.923217603978005000521622972413 0.417846380641789645601325438099 0.431577794863761780513740887559
0.176251632612001388647286387054 0.242845017418117078537444675315 0.439102707464959405481365857374
0.959604296276957257421422753877 0.544310440438517652310756197835 0.162891343873882668717786525033
0.470689718207158553696452708553 0.981062000144506355402512724735 0.344384947945640149768675266264
0.225500877914603947249995259562 0.246465036868218445500308627641 0.132526451184256134312036536471
0.551500159422018646217441873127 0.795487045930918271530677551396 0.071030587617213865841751124837
0.207801306794412333966035128814 0.158923575831704024424114324715 0.777562344985620651402132095157
0.365920810250928284175984628747 0.701114838078054029184998576324 0.551914056223176809607829069960
0.892288280320643067874614055768 0.060306881098996629227106826970 0.282576243586188626914341950198
0.918253024051963591203253665404 0.875908475278261364129544701920 0.024718243139687054331917820626
0.858420037824613648824144555043 0.799763571557081218685380745316 0.133151734363202372042266755266
0.370523926208240728443747138574 0.996448526301753559099201675901 0.047502476983923166663590077711
0.116870766898398409417915395712 0.723482120809968751403058437134 0.631112423943357538160771492742
0.881831070737622200899606602794 0.225347002289055355541390915379 0.433821904629811897673880216869
0.938865468461167459953844954360 0.641503551360702757598608094434 0.725980600486268346098238168481
0.139259910678753604101636082085 0.181295562093154253185953307707 0.554929636775719440349104682685
0.362819791318196721944405267544 0.739386916225244547318266130835 0.136279194053224228624186184740
0.369706459899030929857696957034 0.746132654447965014470121569334 0.135368191567018721594855423719
0.914365234997264288662524535872 0.491574557494375197817012406949 0.793745282831159967037931754872
0.923765535436141275284730283594 0.295305327978181682135168273660 0.620048249040551033561886252820
0.618318485651063458531353587270 0.710631593475703473894004111892 0.357793470969998683647388639498
0.017786104814095622588341672143 0.773593094149287922453989752850 0.788615372877384248654291062947
0.290395915030365589572338535324 0.817446550079812809124650630704 0.229673707801044784965814590340
0.786179633362093785062065111998 0.587940198875273412561237851388 0.059851269577099925878658840168
0.072710882693510802259145707232 0.132882930711434629048161164602 0.669736706105651207444696975093
0.553064152964841311562502154146 0.997268055453259680399478221657 0.936711776802975003682289666653
0.426898716691781041376776283370 0.825474565618659552936860953331 0.337462671938581686330843811434
0.811503326459565870129620573721 0.362286454916181314675208765508 0.010819166695381313110872400444
0.434700328967796139977208370184 0.812702712451432722609365272784 0.740845870289342657613723545835
0.123222428679412827451600058437 0.728897357878580657051922356605 0.779121790553320814448348602026
0.088140947324950298884516002371 0.742179972211482448308051777735 0.730570390461622432193928356277
0.670652029028051470139610926978 0.306319801925471909043642597500 0.836485041334407884978905689682
0.384215766584304313281499961019 0.288114284940139602755633373156 0.733110882895658155240322932152
0.525297517864384438702537527791 0.626219367111857960551215597241 0.275694299702762832325287220655
0.018329875778890537417804590831 0.013224768255422147237962295669 0.988229470994884111228855369189
0.159336806260066673396854685134 0.769747685659564475410813444342 0.133476477457059484768040671264
0.434186362918446407281325442849 0.414768429955797280552871888841 0.630070640491989397660637019244
0.965178193993463182921780487969 0.644808059478046455938103952325 0.899643223049563844640559797548
0.164188004974529974640550358276 0.812593722295018466307473125819 0.349206628692171981130574902463
0.640565851716215850358088909667 0.564095901097756350046896479755 0.310956482532426672471839855271
0.291503075730782465859521327825 0.459322518440193539956784540280 0.127059970369589193406106315074
0.425759707884316005683810626756 0.142497907596542311499593565419 0.973369378992306071390535314544
0.638673413223173143816948769996 0.737184733197025453222464156193 0.021040647925024624032190711848
0.936560810955400182740458246638 0.756284915150553396683203969222 0.843362632519974165035148521056
0.329908563842060302500936244587 0.953262189316363945825134409752 0.718379528579299175667005916730
0.400552702928373636949997579677 0.605684131860110294507668974717 0.253840267031445318413108727945
0.056451969341948582937246153952 0.486425236728418433617688151085 0.987066197879190734215062288057
0.517262985158471140377634077846 0.234666990603993715115035230192 0.230693714976159836983804386253
0.252902341753586380248510708226 0.503190356339898886162245769878 0.514343079038005341573793909212
0.461942249038442270903501722101 0.069149692669074804063040047773 0.147229061820523318717552526804
0.800355009349788881959565501916 0.432868754037389273920123919215 0.660665637790550992635239520367
0.048483371109139187433012577880 0.475532005768014345107784520990 0.390743396534735992440397910539
0.418600553754814772890512213637 0.297221728595122163910715238297 0.552167762226699673575645418349
0.867272601683991354792866324140 0.574882036435462609952893393526 0.598595581195235555818041152607
0.255513413518408028073913996588 0.367446375936662451240099018775 0.612289993996169171110971724165
0.531526234700464825646706015933 0.315607879639314664407741745673 0.395038897401722787812529077297
0.721543771383669630211422046500 0.818401696916354429538905467502 0.340827372016141442456026017242
0.896415110008113265193242427959 0.553760706033582360985647819519 0.526835632652194102162714636967
0.916126473283693183187198424646 0.277468754034656255853606300764 0.829471351380755887491720988813
0.835677270818015187899795604495 0.368777874843563496529335223092 0.702181684726977739658178418619
0.008184400255284655916533561537 0.806665329418314788315199043211 0.419527226529040083935215409817
0.642192980369494124839739375407 0.395920372346175235401049080586 0.733631832920147329585174682801
0.142910800759312866542858707134 0.869625652649118622350310801818 0.425967558051785655733885174588
0.071726003686784496508574306559 0.878744511396538436869938335925 0.699341535909906730198862403661
0.846609622103936253745383831528 0.146120528518285750472753264310 0.932711917086645460738629604796
0.378493835375965977713564079109 0.634830355050576761772986046027 0.973255118255666127331122934583
0.854706704010723408115416889157 0.877295553831439115739511599733 0.429681565541071198693582123362
0.761073302078261163062247208760 0.998129522734450823641134439380 0.228574784026036515662332884423
0.954254188276746760966115538093 0.194490932707983431548453667451 0.920087515140183898910559196202
0.344713341733624912582394251236 0.981382475550925783104534918131 0.722660014781277352265214988566
0.715583915879275888431261255003 0.587019091981017744517111482389 0.780977233442930671016458010945
0.660162299380880305119018519531 0.662073201062771292314683901803 0.478000165030910389475264649648
0.634664147614329825126380233926 0.476699878328438830666913386614 0.297483148293554545661546385185
0.696144635017293366269081088859 0.217527099595873484626427084901 0.918168920889210786690979736571
0.166669222518586615733320112904 0.535173157316345046727046101394 0.949406434076545013580439560086
0.399039510733488166049108779435 0.018761803571128437158728367034 0.352431921936996977969669966352
0.831955086497359079316077849245 0.246638875166195227372661305646 0.322887383748374913307267383619
0.935404241342841808694962583352 0.921043146522442825816610601938 0.738002620012157604787685634730
0.015068279836523567563494109746 0.037197589015709733718906492150 0.924351017703027750707633888396
0.775125596349864020313279813551 0.357665848991026934773786831285 0.551225311133257285011626181450
0.464614379754806466189297345087 0.573429740462589325696718613650 0.355720552835331420019731100284
0.130078084838383988766733262326 0.260467062521615042405097108408 0.979319008435819485886798348882
0.672026603717839201737321057554 0.232021994330859654558182875256 0.238641008546301847854769702111
0.744265781133061343059390197197 0.937100693955884000135780656844 0.956874168290648924613054762064
0.661931306989983288180492032064 0.956947823503789401930095765727 0.440762664978828637603273293378
0.505254127875408577454705334367 0.820909981553176380155612725784 0.537440901030045188072433957683
0.957422050824132014388607930963 0.808557240319252947530342909707 0.423617550022869448292450269967
0.707907626302619973067303090177 0.305237368413446953964620892910 0.751572983457568382962823019742
0.855052936996989660842400980782 0.407312480948735235510129119313 0.011031184394822021957470881573
0.276059006661523849622869266469 0.455411473074977902075341011535 0.906401326096897254529362782751
0.817493686913766279926265527274 0.070950266688557580584289199402 0.543420375573462794965684164964
0.718122507199594200008490405830 0.537767235871694816316978826935 0.166975758708050734459966824201
0.538252728106178132769705760909 0.283968764303879047416656554102 0.636640390449260271353574773076
0.535501780046807639385274590887 0.835154526154557453454817391117 0.329164617099688283418880082080
0.191255328814692273977620640585 0.108203304772888136434766263372 0.872523239536421574706073519829
0.750697874289571243570583750706 0.868310561039047686711890021362 0.065245235759190176956964083934
0.975586698531973151240964519937 0.233300054307564875827593926142 0.884815516780129906827201105716
0.279862140205397450005227441527 0.205648098132682506388589617854 0.541442016111598026906244032516
0.915087796206543733250207583522 0.718531188914567701385265428410 0.904662059577199840548938011576
0.217129526306113427217539750630 0.336142557113758494891269873795 0.500198211585621328682385952827
0.532949763155301626433427331542 0.599559915450940847118470059467 0.275037780706192080499891307695
0.861464048219800216324733512174 0.302166520780200521614729839991 0.095027693571704370824877051131
0.121268288355819509386297170098 0.642315107354292957390141480659 0.448484981349081036378626599776
0.368826844658576396791738631257 0.105360954010380283578450444293 0.928560986524763222362284630179
0.335628094103639617078002816791 0.932456018629575735952592367897 0.380888134973701015118864983472
0.202282821855446339603821907974 0.401171835304960178323012739313 0.452554405369002918626615610632
0.685486956593170664857000135009 0.288237049530246441928005988775 0.126841078853126763431077258938
0.878795671229465561413785154796 0.335507830514938755031121929944 0.697641232430684740627423008886
0.261815833430827003618433369213 0.230122995924866934496444448860 0.148080823134851965800993067353
0.292334824418699843587514439579 0.831021175740725735231571942438 0.421069174515524850594457959034
0.475145785959559700982237195905 0.356916115701179076885762823671 0.073222257994525525376179870229
0.943180377592846477152429635501 0.622006462861533766925582598126 0.927410406856265432241785130853
0.073005608852414056885854932518 0.132067756623387008111441779860 0.222273876163195162203484788103
0.319099290777194933894286620100 0.751091811804839446827395290010 0.312549651445891307553268635051
0.188907810780442220541961868254 0.994682616481676299195534632496 0.980457162204190509781747548104
0.631947350544572418911451688110 0.376722544955749291926554660202 0.346746364721982322774103695590
0.455079798403243677839656268363 0.898883779086960267240749812850 0.673133200978690037472927840360
0.588641722732374629068123819985 0.206425114948451146703528495257 0.358615087454533949264198220218
0.906362546160266192740150293013 0.823725749356434754995340699975 0.861087105047283193520939222686
0.744220670097408548941596092407 0.042241536804622452810731787919 0.724498026498452152121093962039
0.449313892499945448078024147561 0.768879568968589462679650356868 0.643723995473156692631851360398
0.009111672405894817485627571636 0.367554857386769858095358612460 0.379580402919401380392159588841
0.412001735252614027068793803733 0.312736316530947277093218600588 0.127069020225671654369351940279
0.337865309763178147696333550424 0.009427885517909173721482229037 0.754377676664243161154672743578
0.300252791078438688472623387590 0.656513499305785849951150515281 0.122519782768196737556380861588
0.354561201815333054416769235124 0.453038257357432088428309744165 0.994857515710308055430771735681
0.641124379675188266161252226738 0.920278972866679518991686462585 0.138873020111879455484996395777
0.015486026623114229119928172527 0.304712522372086548919126267889 0.383977669377347205508993609936
0.684334255352035607631167571479 0.620402565781578902814398205612 0.562068280784676528714643780972
0.513027718861705429332051650523 0.790905444035041826041067215457 0.417513174974086743256044357717
0.589061720850480508226864135730 0.917008995696421584401876544010 0.786980225554337139510394712594
0.630296817771655203720860776466 0.689960028722173444085609967853 0.958574371979861928167894577963
0.818531604960409423878546189683 0.126338664600025404252205728812 0.984177224165085460637074708164
0.823038580231400422049505443518 0.100121056861915905033515372299 0.262674106631446825457736866787
0.669740725573935479275877552346 0.758705330978301580425346845012 0.837931259590536484071621672218
0.948027895608533979816806738528 0.829851213522445688581133178033 0.208166983842507695894172035849
0.992450276103441591230337256840 0.460601455311335580063140193200 0.237868694207536652339750759745
0.388468135908118772734449247364 0.694273493666843521170495307067 0.888360298825475968008349709417
0.922308188675199788990052610050 0.139061047428836971902584752550 0.658878477002983308161353911434
0.942961473239489049021081110864 0.258459962218005166336889730102 0.382196069801847036921148497392
0.653994372379491076789419381369 0.534905527116161915831254381396 0.550480708467285736090336620143
0.136429951311586586453493102963 0.591620039043689919081361001226 0.817520584791699716844807160718
0.992412749694852252560936666931 0.384038839227220941629262255236 0.452096703348693332732629826227
0.699060460683100513457034267066 0.886238335709634094273534351180 0.463545705800294845694906701388
0.235390632162954749343593456034 0.948415655162347547948439162165 0.168767905034100136984266606347
0.762781657826914093805782222735 0.358386626906032222929069660668 0.549375539518648521152006794405
0.495604284960611144790334605598 0.307368429332702528452920266322 0.345143922485732151108681304729
0.893820130248910853556317602102 0.034105438349172329009590255557 0.609565996631867787094009557902
0.862165051916303125516294375684 0.014580529718259678778751263288 0.458777050009260919087581423334
0.160555337736293609230197994639 0.719560874699251505264496153751 0.150460563810871140591739360082
0.791589932716997106693466003890 0.310167145344684371462227766896 0.444476167375411797314858883103
0.667729675334716075416050312982 0.814555020379690960637559743367 0.580646909087954467081816566891
0.974602665825604461274296943234 0.551136188451402260700925463288 0.057819696580061073182613987181
0.710201961320249276629593790824 0.288983543930473075726479623425 0.225843550111702371965992662989
0.055608910669308329320648428150 0.287476410675491046118281702488 0.626948485706826924040219504605
0.466515819673418005502695658317 0.411050790049090544792570437103 0.152632850860832315170734586655
0.891125730532348911108233545926 0.286547939352769331426179928517 0.022246472736004054863758747853
0.803676139594298762519160489634 0.058170280984564977631316544031 0.433118828691123933593273060676
0.062363448697772422574497484006 0.066057609758880193583649352027 0.031088197744799549363311452488
0.930118811221822276238246283001 0.773155475039952108709974634121 0.125868270761427193486774410763
0.653463908959080090732154907333 0.291362629689463660903045192313 0.322882381523400272927827577159
0.721289282469501634954213204747 0.055149045378340195631223039575 0.737846101231898994392307544148
0.551941783660362355951319405445 0.346173232486677212378838519246 0.183194237576145791958177417529
0.892861160068081095495277924912 0.152105206930277260157569265149 0.495867159777701536069009642486
0.704996465747571274923851697074 0.535710989797159655937046539145 0.775712322852167898626942050499
0.329270667160576609847564373321 0.554463180153827592701819310353 0.383823121178547978518642135511
0.023284577769733810997363446777 0.753300367631235876530586743614 0.823809552557416169555936445886
0.867028689073041223840757412795 0.490475234378490971823915693564 0.454418667397409207303963785873
0.159211365044005278752018215936 0.993311265230336277926974371432 0.902579384650438801425735370416
0.971722293777006314027496142333 0.540904695944895079988700406347 0.014959804616629911286369790208
0.926017055980737436470633155486 0.590800165080932595682520363430 0.504041656980008882413207798857
0.017716906837915467487682935262 0.635867152365862514750196087035 0.173376272368361651161406326621
0.648603672045113075644344752035 0.334802672298195584168617123233 0.212158388993851901019585289242
0.844416914545271382083728022331 0.858752309233314022492783163267 0.583035842081883160543677094987
0.800147860698271930426188961021 0.742958926963581830737048183941 0.621190845843598478737144312604
0.279922130746577715368144969965 0.284729166252736442423508991295 0.953922127332647574400026031019
0.367805094148261092208646566186 0.272075771868204785416365075850 0.999988795773970546344749233416
0.182943481667625115602623972362 0.664629439989997684286727618590 0.702092127919971342462044128902
0.608256362569032112406486247528 0.007015953913533678305862743819 0.517235822299550047311826078345
0.276438251735135219357497508842 0.243192391347261457059387482563 0.872141564720290468516783278234
0.021638058322641188435279607541 0.290618226739130610351334521711 0.587386232445068175360398424331
0.889706665429593418733402114020 0.672162251152846411711425212224 0.852243477109191188827916055981
0.194031427469672369784319739594 0.687923148483399276916100257432 0.736343075620681335780701798530
0.772518929994673273622953891749 0.060684125146032514353855141789 0.724896785164216342759681962426
0.616754113134173285740479444963 0.727718320905973886760651726904 0.949716287425423974647664267168
0.706515256642867107315267271895 0.043723455860099256163957341981 0.842245818325097186544085828816
0.470862541301069550770058992597 0.402980583489027484004097811056 0.673265147077354898024211936577
0.320022603565067942656800352171 0.781218155243733268148532789715 0.202699798671553511956881726892
0.796683088808496632521070985991 0.225422231518933689963090816778 0.303639135663857175884421316161
0.157764089539829697223376438473 0.531639059941957301485032868240 0.931392404637673374768861707200
0.273907268298260354946960850888 0.359322019910891322001550260481 0.561355694492270812702759179052
0.791338009851360917759926686561 0.775033510799037018321642597496 0.018763542723197855970360277070
0.180079726070764532348217561130 0.797803448782742526492512075279 0.739135062498485668863879574019
0.045964460552232765857897811491 0.763840539839542684197273815752 0.597235851895840056388063760158
0.150498899833284200240191183648 0.291516703306358958980652368510 0.056629033330920342875050567673
0.690498352968462410510071297017 0.330270787053382309059124335432 0.368481913598346763343522857522
0.860614731034552932523059318509 0.556073291545793270057683120746 0.601660957239843644181717947175
0.349455648069216183082074764975 0.136779734533695612254610486315 0.373711974455892779912037243067
0.924052222630151038676363298461 0.794204234530493939667706493712 0.731860878231627813410821102545
0.573458644494078311262806344084 0.896073700321882846484821838449 0.383870217440927975994369306644
0.507584789669689448705565430681 0.022853143570586737397340527871 0.591206453327123509657306826285
0.963543953428169642321199991527 0.938984579100666788070778790463 0.504619859306958785554991490128
0.704361495485631483903346932500 0.412514200313040421374209648955 0.732436612115003913294775930370
0.879159475033174019312290662754 0.576362205414394855574079856342 0.699513220929385514662827947307
0.680268257184359378179563605748 0.065542297418505638020895581928 0.248546345133342841603588495232
0.119178373756649065933228087869 0.684012831090753799363409306693 0.793880925181900945568532228066
0.784171057797082757679959330463 0.565436207135350163553037473335 0.274410383855852110816124450618
0.066605611699050954519099226811 0.513447864851589834234894622089 0.326754517221464702084800156956
0.028769756562908511031167634194 0.488832534942235590174008420547 0.506791125464430004164092254497
0.526920149232545444469846088941 0.904166980942125884268097546459 0.446150158602181432464978777130
0.885780574655363969131324688775 0.793075937493869331371281702313 0.493362735746440521116360326587
0.160809832150612137868463208094 0.443161616109596132733661554066 0.861640164142410781038602504211
0.827038558853873746670545672125 0.645112763747525778050678016199 0.226524692403608279967116379221
0.446274636595614679281397525053 0.038735966966857615954172282812 0.631429399706314074244833927522
0.073354907249450738840623502858 0.994134667728656862318076346731 0.757785367182148829962359504520
0.754733729869372029424401491706 0.288014910727255922727458956580 0.752776271537626925584991991597
0.925106033538101336397614852798 0.246403643944109705682245233742 0.553112231667645356537147293115
0.496403304753599854725970494486 0.195752524159871835902722133021 0.911704643626557300932637055869
0.931696359436616940366404432980 0.203341124377069617685175423056 0.205085865272230753548260967209
0.445875884251887046466416677697 0.515062738905383463167696262202 0.158302512333767823050820263903
0.705086612602281702467309280176 0.838840785890134377872722505629 0.545979713824193849132136841505
0.037619951332252001340719564956 0.768305567532326100845946420114 0.194112896617264409594276682129
0.805062751473968538280858261118 0.654360796760535557417393379122 0.832585751668652300205611212605
0.466171115520185165174288567957 0.650165915041732376051983439976 0.550297496198151189009088501707
0.562149085077826994990450784965 0.396269055792645801688654739319 0.487664171901023981620774464956
0.395743490187592999454864192696 0.881068127160836014049967858268 0.811682172578390827866376551760
0.128841716301134009467301905000 0.930376279704773559788779561085 0.618293226139947505804718003938
0.883090662533174666255411120039 0.095233488947955914938037824681 0.022894873653974298522248125960
0.710406058602928313816812079298 0.878678194566128322326177879671 0.154570837029604602298705111090
0.802881137319274684139062838417 0.153855679080167838503540325982 0.312685692968824783673551343088
0.189210386881468202782778654633 0.557115559099538604712816266105 0.423524680572547596031352635815
0.440651244140013595097802209225 0.205349530849611732757989699425 0.382862936138610201331205410988
0.948992315605151433573976384532 0.845897629407407383557772505460 0.831982528692714515350046822768
0.679098012723905832985181668531 0.264681632227203976831374903258 0.649906503376432114257092088400
0.760527806912219206691556187399 0.759547849656201215362354030390 0.514432163883632292007563559407
0.726820149442261856310347219497 0.769937761196643732553886246555 0.250194046823488564770860254102
0.914959886552540870729390466434 0.817468379559210478512909336140 0.993124736420404457882281595885
0.007889852132802745596705096355 0.819604530374882261861534140984 0.540071709544506694053079814784
0.914853980503768782384931665140 0.980299064564905961979391892064 0.972763299623593670014272173476
0.063677437147641395734179643607 0.814697315903526051279536846552 0.840980971131074343905564374460
0.837613601272211878797878992733 0.843037062630840510418725498289 0.338947827575117715220196535097
0.070156405033593696288857841454 0.799584987775238602213936334196 0.302994240862995428080083888980
0.482621287710933114251107922897 0.253558471906027163124991585992 0.642979175370347968227399802059
0.120715256526489352915843378222 0.450999919933126061720072126978 0.465801002655645656057451963103
0.304387736885617986430825639404 0.510296979555074205637117632190 0.282888101020397473968509719974
0.950207905384020819562661608351 0.292892480262796910536787476899 0.431669107640689509488507208859
0.733341100782991698160862996905 0.451899963405324186251894026201 0.797513181089350130413167513445
0.700013799697430271293526801304 0.082083660738969014453912710439 0.041370098902675092767164737151
0.624878851827515931064675619849 0.196105479255062626455756336857 0.165187296577778987143749159606
0.247254022145569057251096305344 0.307182136834276181687109009603 0.735176544167238929404243515755
0.461368233382908302800259119758 0.666923108113074342772928343278 0.129774512959423038609884824224
0.938572377198664614768674733698 0.961680188700292923454422435257 0.893043756007964576650834109296
0.922199999216645639239893956479 0.148171102012493260053076872497 0.696454175877722408988923151243
0.887468831383164073130745828216 0.014393960697517281664642498273 0.895664489925733652270136208454
0.321127553802792295253476235108 0.838991331154393555018440746348 0.842849749318232938587437595283
0.631170220263473341584185847608 0.908110823032343029598006646338 0.783088962502476466045245993098
0.406512090284438317137598203110 0.322100030508409034071318655908 0.077133176043378017954353542999
0.572645459971254067915261494335 0.594601182827572905564237224361 0.457201735354528584035231575413
0.095468162833731278738328003442 0.719286130430272187515371166974 0.180780245528094808774663661978
0.908122086817068182466919795929 0.301171903277710185864744997094 0.026288179343904051404938012852
0.221133437983420768964428070482 0.737834416062326665709171127189 0.230931018492165286692272199814
0.463640645205230883610309742767 0.140879499426097289147311625502 0.280737647945686424207817088407
0.111841974432761910410801159824 0.357422794370392102262371480849 0.789693227566476701195387509702
0.724732072392497895513752101008 0.209547148796727356972864170190 0.418252256729509195659042283326
0.218417107609255568449306082446 0.631276620428799797307174054352 0.422499708678276643985493293372
0.251467813412013618466738363907 0.246975196995319121618080703869 0.280075059962656301609527282642
0.680832468184587062924065743625 0.601662136883838049969408227293 0.553212798494469646915629502456
0.947839805879884879071075344125 0.567823070182414086961373230630 0.492665672874574844444167491181
0.118885491022005350382127259744 0.633829339668639011542669118917 0.489048415886086405187534191117
0.635192442453383001765111521502 0.252065144816938924098372840056 0.614922780230211548353554001575
0.019513561896728470313883066082 0.979806185453309486848808798764 0.174782200323318229357745265043
0.882764378536876475028094945040 0.392851610086882440431617917019 0.680908329327202172622098193921
0.717788084778173185837433008518 0.745774299000219592553651672388 0.435849650871714580807182646375
0.965179796366770844760650315474 0.840807167557325217970286202405 0.646405753834435212522950177272
0.143302396498661141271378214000 0.232055508364306654688238723776 0.520963841537312855274854186725
0.971606643617054275604885663333 0.157101078175829616833922490678 0.047014215633996204393460147505
0.310013904882743231979420669560 0.150861245271257309586146760104 0.894612405787940202128044070666
0.832597644469257991537122082833 0.832127055949738527893220772174 0.441975940418034710062140607329
0.316768590924483546273986166950 0.959662117104072561268949417430 0.751156685182454946513887165360
0.289903683755228079696688133330 0.441468342718005272476134473551 0.690345415930020936344128011842
0.567386862427072790410260558288 0.329525631543768657565908596654 0.722780104630432335888232936353
0.373748777644462861070145186799 0.016439818216526663566616513993 0.327159645524671126780020106263
0.970090820283998637095672360892 0.279060137024513481189791310678 0.117950201637098917889655744152
0.136684237367934654033148366214 0.721453525486854213346828496754 0.276534989445922680306562306523
0.598127400861925390866933941691 0.075497352516159625988867208169 0.777190392139047565882080905805
0.558355361970248703603064950691 0.843968869700144500069510579457 0.691213196874645359196663406987
0.277792933212951854157437472925 0.225672975385021484976746315800 0.599393022100742223435569747876
0.048397355087784006349396948580 0.269072686654835924280053158142 0.179937506273074350546509134363
0.946628038281627009265504447077 0.415442000667847780203605901481 0.023186643974468267066598085629
0.940381573758408373658562254224 0.508299461981004877101722765328 0.327550652870270518606966110351
0.539088831944898134536843329948 0.807238189645628716746215395812 0.431786909923778946907694197903
0.935412431567050800981368986218 0.088643613618245484664166529305 0.070993087706979677125154684673
0.472495909555654960041865152363 0.087926169346298771795004081701 0.384856991446760378009460558246
0.170142863011483997497843570777 0.631107037947089025164766797123 0.677638220323304963369512341272
0.345933426609051779884237620976 0.182228524570649538400973948286 0.902541686880123378079059993990
0.854247364635233207512863908207 0.905194645421481621919948600654 0.011601699353022737322602197293
0.215214376316721588385586376378 0.271692613931712039026655795025 0.582873363247895631870156327852
0.487660053159608478957260407527 0.919610673567472674258719289454 0.256177336204950255675639267942
0.779937066584530953062815241176 0.534225655364683044151253270883 0.758070842158463584998340930010
0.106548544920293422124246634490 0.812841636163769494429076177888 0.487078041928668377684668901177
0.808437327469495683159534438430 0.141355289648340274189878337930 0.138603520100756459919229375633
0.048939501829896351439732756921 0.643613624068211281064271462059 0.697250572503293207560177743427
0.291616912837086972431858231836 0.548519788602730829728504365813 0.252276982624380619606780308598
0.111135621271105210415260480290 0.500121376229136941274985706530 0.700465600374092795281551712552
0.691601758350154654515307229437 0.938780910134292965996956983454 0.590636748229557562031396252013
0.740890132142488433939064071796 0.258577528311581363899629890283 0.282141260468570277660848642729
0.820638297370965141421076549236 0.570656199408050203534226828734 0.684395644425486700213597047626
0.766215646741085356803673319509 0.950745953504584395010429602019 0.398086442659286064169374780202
0.501188143319488597925687260015 0.563623708415196670308021349816 0.334114383473149286961924784840
0.441474085311701628801891771965 0.763245289259677367811275305082 0.942470787101410404251630446024
0.881656277303093533354086229501 0.013604863896348384020068067676 0.949713219073376567766014478908
0.706486124329228084559669616383 0.688276030885241879009530677919 0.155935485161099575912718448865
0.955873686973750412434190586009 0.665315111885192368174661178920 0.501421476129340914490998979358
0.145736016339373705256191887808 0.090156664548610486966867361142 0.567853018429687940747598402231
0.272929730093068063141877544980 0.339567144197091942385193938288 0.998510153286533191586217566285
0.579321726900928971473689071709 0.480686583182463257429759680071 0.357958807253173525284753295570
0.764815626253840266857665283470 0.060715373188015200444540590448 0.322041222033346841523497373393
0.397419126169933860396881523200 0.155999004979399483950308149457 0.465064137405212993817731386684
0.712177360777797629265027215179 0.197285044357541970130656257994 0.692172590615816417553587290486
0.749309502732611501042106320598 0.372551459866874572159950154152 0.312454179563112873432992827865
0.534236429761666774631570716835 0.492861249195601695020128366922 0.853808445956461857357021503834
0.082511654288582788548656314041 0.122676133909394762549988688284 0.302648400478487803544516028009
0.392839941916310161574985972973 0.400971321510471287034120032268 0.118037457459024084431316586506
0.020127707007829881887670989701 0.670426862781830723505925115365 0.686266869147941963134297333147
0.373027767614703162897947994396 0.872142379404040846391294251241 0.683440970453740690394483612086
0.632641381189546259433098351812 0.516173393623434958260890154414 0.900209749233597634855344158331
0.478744662325630550752526154455 0.056917873742439280154283718466 0.621955546635050746793753170778
0.043018791039082451102313653813 0.948403599847337508659198680655 0.245655796593049113539685444374
0.886775076397193829974095418397 0.235096226937032998154254610551 0.545351966147909732777365784204
0.437446268520588714911857998307 0.066725028537949731467138378219 0.640375368819137609658946828547
0.033003431946731199510050321108 0.465582419176443336217647110663 0.880914294132392223754169398418
0.492262884450899320714954465688 0.834564206748317379683489142687 0.770363818208687332163842587664
0.668997858441957652168617103761 0.717680276939114281184398610537 0.493254038855377973199334643485
0.999395306513989807859259431007 0.943406670033682445608156155717 0.828994266419968242962744881470
0.285375218493468967347394397180 0.543208235085563069045578209547 0.205932067114724130510048985880
0.266857730546317162221003345093 0.190885881908666055763138510057 0.573560403996179460381400767400
0.469375981410618955908115573487 0.565338300638830007660363539923 0.952010162992931874963405368964
0.923156115682507904462156225676 0.988032376290113922904779108848 0.771857974794834187904738834063
0.718312110706909718615899108300 0.927667065590486998484627708730 0.061351682453011763108383276568
0.731973841913167419492031495390 0.479532164177478585189701154749 0.422983958571770271951510533530
0.778194361038484855661693416173 0.178063477672414983629750385046 0.365307746879130562422106477708
0.822493173893790296557140039440 0.682462674085465508500908255387 0.267281618536725766282724938441
0.292383502056990952132971251375 0.147551279527271287049480629966 0.392008732786955074251836019244
0.599985898452075597843249904865 0.208501797542945789550587820890 0.692366688324351809007581901088
0.770033528429900509347369854061 0.209380194557837521771090838703 0.867105976559078568384448949713
0.936092730148259655177773548204 0.509777858690956969322753697633 0.638542987047076984326310134435
0.929372815254850556273777678010 0.924100014036733455314072963771 0.806138714188277738292764034042
0.804758037083158632494870082058 0.857535435601640118197126150324 0.319343536728675824286982525190
0.664502167641616609610859498874 0.048534438846697208393384056330 0.968593401237817797634279797815
0.853782784157049165655511974588 0.414626522271372727763073656402 0.417330073667837971165845143115
0.597383013435832775285941652932 0.643156368653267131061600018189 0.910431155975922956441784951267
0.957584350509986386189696915134 0.145616157328299254472508197767 0.988896017401623429758891327378
0.704690866166970446322760121026 0.703853732918055166840887040069 0.970886809388009442938534595238
0.813435877829857545071569229353 0.703391605899205853668132207586 0.744782266287430695725755385806
0.436431057459036341222865583848 0.887540009025758787999525106256 0.469496584898373463835616232037
0.496541770018847629473238711485 0.517498898059235482604431310308 0.340977986120379694562178785208
0.999892396601898313210282273243 0.447988098845623156964610712512 0.551297838341252661246925634034
0.339257303107947475698409074152 0.584061373950239221766051764090 0.578298517316325538437165945314
0.098419997304885959579040541328 0.356464552885656018550240055075 0.778250321459625857792138353486
0.903842777740324174883195411952 0.397133026339409875253418460679 0.682833888609303179378552424779
0.029638378557583879694071715891 0.056559085260740310697714216035 0.703963918950329800798236224820
0.967015934433038791088698197071 0.056763364820809511696099126032 0.945058617717205638146083874458
0.626436585831090807489816162764 0.276607728302421635820973100926 0.865985458568909429747544423505
0.581525104011888189141292309188 0.239511316719493521231689296793 0.145267374957828302403453484640
0.594029193467263749541344540247 0.070617536303224130422185103215 0.105297594952071739799647903745
0.076470491806134003811119486788 0.437325791614894615366275478101 0.025182741005371957905129010077
0.961374674106976377572645119049 0.838902074164192509504739307469 0.718120855111569104088009307424
0.141711294320732658079357919369 0.015337083273453606936871560520 0.334210255835492262657785293571
0.084747162378849902789317740167 0.808523480672864080437503481520 0.424852934031905259193011698731
0.321570825784717133994162954249 0.742025237313853095336022773159 0.488978276889072076298731522826
0.871487508364293291609040543725 0.735320333801973563395289874467 0.959013206408714213554713696046
0.516262451335643572374706839287 0.874672809894183974066205437006 0.235336606603186487152089652950
0.876773886578978729657898358591 0.974869378928042786091438888400 0.202566890525139421875965981931
0.120971082668298932136183767892 0.362666316348154209527912289643 0.596247382212572833378964831695
0.621579588866952536976569300325 0.514557562326348144032439543692 0.261224707153032127052596462133
0.137175142404330573507187832629 0.095272658165122156046007450328 0.399293689324766742709664141696
0.463929876738651084275897525718 0.731380064468236999322377237570 0.357240965521376259095822266779
0.762031030951164641757972172096 0.770412402799884115737684315022 0.551879873287256915870853605146
0.746122041259816326557532943064 0.227540017251263697805477007802 0.212954374485493914594333381490
0.058385123129292346902468936939 0.970823839136862670808543236070 0.671700662618585584970706146489
0.662094508900547002766452695520 0.792217392628533416692813005594 0.723127941680722429938405753415
0.138666331605606067072791537729 0.124300396760292161893954141721 0.691898184176870747894601845541
0.613154737709340237846851502397 0.481193141576283867271030199017 0.198542795501973813170994204096
0.011436624758919190375651114864 0.591855208656719651414404100149 0.607456679341722812373044011322
0.463543553712295210451455869126 0.845725452737473670300270184883 0.643676779017795297463449676631
0.756138709647795488952271097534 0.833282748045601091552108816294 0.604536467893154442586229821370
0.066007397896602575701569774071 0.948863092333544601756096686150 0.376427139806637998705003668748
0.448406982986252924867228851008 0.240573958973279883395695727528 0.081992827440640900678346705551
0.955529641470861684478242467794 0.920911635344130980212033415767 0.414745025723744056857976277486
0.231714334198475268079092553205 0.947334790349766561401788378668 0.729378824320696047490843067715
0.774509483132984474665447232998 0.189415653936370678258963628090 0.309633029582241622647633993478
0.196440356379486161231091354258 0.569202684722793321286046997796 0.698049453769099632863604754040
0.270793644220372183363108000418 0.307708995747469719263909321981 0.218506235302213436205451351345
0.367794944629235826119772696493 0.319864803560708684118169161994 0.688717660386481674020334670050
0.437667160100193073386832632922 0.694697285251378790536216587055 0.884591047317698921082331889201
0.591496451155378290862839233262 0.383347978437915001739136185808 0.566941740624322532565218928391
0.250767263970219983878162445994 0.359151235210676113446938872717 0.942293734304671545180242172480
0.313726518133819572030394109609 0.221832855060237062397132179865 0.497802858302731189781353356937
0.559265031565230639022782635597 0.065757145907160716228233632032 0.125354910309921371221271378532
0.399113337452488961120764777636 0.297793007048762294376209360246 0.619567702442488694324224707293
0.402488793503006738362329147906 0.767891494574514062659845399482 0.574753288806476214658235372107
0.022537535373818331446960685665 0.560264984476451773301927079864 0.782218899571033464654366487969
0.315410716618710659442405265124 0.591342220811905440474971381453 0.904569818829309871017268037794
0.067013773890028467308853339164 0.650071772351169984024686300754 0.942220039893188455319954925072
0.832983258129370125264221317998 0.700047902060748137297141173838 0.396909868404835771533266844414
0.872777058302851565932348157178 0.673801735078262439932361667199 0.564045799731705076163155793029
0.094851877073795683805792019207 0.426216327690129747620344584597 0.697155046835190131565105216581
0.140563344923158450443309797327 0.208740830873937356838287519251 0.691391891341767987093375970845
0.084877870372449654608578199623 0.105962971791365005220662802235 0.587668345769066814487967996406
0.614799553106872438089019258742 0.804938744663440091546473150399 0.571611125084574643388330838498
0.483155812427222663733352794572 0.353373655006209995253221194733 0.716935780850420599527102802724
0.072377146859380876090324834177 0.115252989240303795821770645292 0.318932321567015995097835942277
0.507386822998563075464338945843 0.738931653039864045668067173429 0.522238585137323004382986609819
0.028643534574426298889434479290 0.445709793804963249858660128541 0.396893977266204507764725586292
0.373903209278969948353047971646 0.038099009451899686387625433297 0.671705364833355565798941534707
0.115844178942302954654461201001 0.075212368594409927832686830386 0.464089398371879692446029542120
0.887604343992276155634193259576 0.497999723613338709783372819749 0.491481131666666746188548743005
0.058218865231263550716402477037 0.859322286469079926507838069164 0.171478696706640663639527427582
0.527777444449506602175624480863 0.914001670468816866462950737124 0.646987892399319201537566566416
0.627075503987786687969953232158 0.985413551940106179232630311232 0.913814331952271099314927511983
0.094885317219742235159891724964 0.061312688301417709987397076008 0.742234896019120950253136597943
0.818639790724733786873950721810 0.990501833199243522891464801441 0.700756765361627061096674370103
0.347641531109492342719771511715 0.475663420467806435877623082373 0.911328395319889423782600319017
0.941550873461162660731986497898 0.372394752252824607736155240358 0.971603277811502185003567878081
0.935560688836768018737871557883 0.311009859672713952723284191957 0.925024659199945446017872583271
0.115398535931608546712425133067 0.886275288451329705199702337650 0.480633302520628891639976322281
0.410630011064130270434252129364 0.574739520255034724677729454226 0.262753353642188367923738162100
0.613148138900871836724747590146 0.423683495119666835396193463509 0.085066762463230867257080306766
0.550089053902319588609109080647 0.805918607651883829990822560961 0.861288809013590096955327258035
0.268171136814054835400694919908 0.066952679563388036050223220914 0.905092872383406773987391305297
0.445502217599701272108639950232 0.104701022075750295030070376194 0.597220523889300787060542694506
0.501629615703156924615502787043 0.004151981384524480369992143773 0.100902808036212171859485820263
0.147003628287937674155077926666 0.468841446964099776713623424200 0.991489952948170877822728701019
0.258507646511884458803573390170 0.747827419172934070067611834437 0.631046118205510318041652965180
0.612033404696287907054753724411 0.380464114363211682758646886820 0.796436557337415393124910867509
0.354261368199888217192287500077 0.803208378492691453022804047721 0.882951244527494026860785914761
0.970413345643917844827874547516 0.200290542605903616539020975414 0.905081795419200738131724544597
0.100418673291491631046057600586 0.433965137913388637534684260455 0.724047193161053925593808040512
0.818135975471775680957166243264 0.020325679900365798883071456099 0.949496341609960555097460356484
0.295213138978724493319324081836 0.524896507582613184713509193891 0.719551621737450864015065953109
0.784331940278030000561499861981 0.927884737091746103079162775000 0.151276239585540208729630969798
0.662578373289651756696718657060 0.732156522821724000174722260793 0.934303916070475074383514533667
0.329708048289935874655124354243 0.669681044143645112897540412078 0.675737211347525937516192488914
0.419475430892935333655167848432 0.852792438411172496657868882536 0.461139935678150746779881752702
0.008909391358184910320466062837 0.121812931012914793344157565762 0.567428094541622377144795482917
0.568637320187952049266441113778 0.836970441064705247309697996383 0.882122852931921234801438434001
0.549523594450688927458573383658 0.584840693717475024435474785669 0.148043549891904916967962434959
0.450695138764985597589501778852 0.247301167480527808939909196443 0.939865853534026859038378827124
0.831740556230186377005553559356 0.940178538927555760904240450824 0.636080495926297138239474588725
0.337660247728450787457118294050 0.280266655869399319856857751805 0.105825649299867752441751347240
0.068462207596334642473197115375 0.867930322697147886342193054211 0.519474162762875321022640700167
0.105194236676139173333590016735 0.650465810597467750641951072760 0.732719042459297972855264414103
0.110036803982880230202180099701 0.598086876742867511858624512760 0.474691755644316193422076856460
0.169135448977322688557677849425 0.639095395965410309165586915701 0.286035242106424932771221319829
0.341652643960338325766593857358 0.701058090517577444262662773572 0.153159498987011022560214665050
0.509398446433933886338127915988 0.506118543896460389216947392235 0.337178833315619187438925983619
0.975570850985584895944431631341 0.517064631524964738503579310828 0.913647519752531798348345551117
0.072302697302444909614048756989 0.763477045196875725178516567594 0.726150676712999284924280448609
0.135348914853218253086180870343 0.531506636084118228553907983765 0.149012354288018854010393078018
0.631774102373615467079268507934 0.574529861304955722712935730483 0.025367957841760524793394092224
0.606052005812713621232850028457 0.933068347673384246833199005795 0.229886160526663256260248299024
0.692697053537675816737642226971 0.778286258058686081995561062905 0.584315655609353387031619304790
0.752912079368742283482870198944 0.624903869768239872920533910414 0.243625217343543156148125176110
0.103624967538976972815965436461 0.562862370961405590893351682654 0.363594518781740917369522560910
0.138021635533091034351750738936 0.165660655441849310229752330388 0.096523185421261628534622052762
0.778794007145483600256895638540 0.263760071023018756955014072969 0.643040565501492854591907735362
0.906270153842174194617471546942 0.108970209992402704747139075269 0.604900495932969559765111216299
0.740758165132210023208951347031 0.618514730600171907054503819382 0.041137928219778183415117783343
0.348214242835756459390236707674 0.994996046927249054491478468788 0.259045214268682623539868539509
0.029336998163292049892234766065 0.913283634442949365606715953860 0.794897228170215876122228900676
0.113097216381782111189936367752 0.078898225053204698645742029148 0.255347932713980571749559283591
0.770187064556352889817885806215 0.282940289795683844427329128995 0.563608220521787785874476854659
0.345859764738641751759552292031 0.411699988985714283577174349137 0.427226158193657208805178157438