0.278375666744545744021662763449 0.797010430342413672240682738467 0.418926350252880384003803094296
0.227982883480134551356929819252 0.340988686105814052993092977552 0.074042831538682736486778312145
0.044847381143986594649077052498 0.065917654183071853059210318755 0.981744630886038578175654682360
0.076926877918028149249119792053 0.295222351041634571771408996471 0.957579084787991852015386641861
0.914603551365472838255898395030 0.915928369615783358020303284008 0.819514472747014516377995423570
0.678834483500574205180078252647 0.047415895436414669883652623560 0.502330759608601148776350063620
0.513604619423149052348194678663 0.739916673709570404324631869112 0.364449281424344162894971772705
0.369478117207728338218210704202 0.359818286831530546483353250058 0.107834347010724155154465515146
0.452066120063627229257725606020 0.017229771345979851740328278528 0.399207448172845181726113240017
0.740879253101766814523365302747 0.544029732194308745407911310509 0.611394032820084846361392681031
0.041964458410238889518916262945 0.498840291015070396189404321512 0.786213836908420228313289644620
0.754368846152207033751650955815 0.316433476168194251430259024190 0.609825857220580837907982232940
0.458045475327836961348273169018 0.781179551064459710544370797381 0.914937314183233906692529918004
0.580390591308251471964089909986 0.291286385984679980169729313723 0.841753893409450984139233389507
0.360807942897709463214668341738 0.895846502193088701956049593072 0.926951542779550835200153567147
0.629232940930067904175802703139 0.973059572297414357002773537514 0.314599603129098119646796532510
0.639620518466366955311158365186 0.803864755019039376800450180940 0.377571227990928610831908013683
0.431928703618965777269616144638 0.071839449961462880201784488048 0.502717592781174189998431540733
0.958194974479057871046973804407 0.536335549607742677150274041125 0.954109698824964049156767676089
0.536572737714035063748828173321 0.635949898348921247421006416604 0.332224194326830434444649984879
0.390356998955109560314300061024 0.918935508991166712222162530815 0.934207185249566150282474537298
0.046257110887446928557721800649 0.946452468983947602811472602477 0.016801971715049528060868179954
0.743363139188918007040860312591 0.857597348030536386084969874437 0.912695576395316175428088755683
0.705350279407035446185287216927 0.533644229826200942402783957672 0.689900207675514075894289163624
0.504816676205548036200264390862 0.915139678014714701206716687732 0.961449069547484611138372362401
0.240558090886918422267426698166 0.800895705190788988379109490901 0.186133022489839601823480208260
0.631324749177936298152528081150 0.467516206267727769523838784389 0.290554726460318419564744580878
0.840231128874562884357905751036 0.273003155653921643059450037192 0.223650976503283964236160656200
0.490525116438000791081617163986 0.160491582034141386027166681363 0.132538819711866289017698421152
0.028764616448297625683928971263 0.252157191720301689058244018953 0.297032755712959425915051863347
0.043095976731075350756255395876 0.404129451920127842801342902974 0.487750370752631736146531414437
0.747673280772982281198492392514 0.006036944233260201174536658998 0.295166789666766851824179286572
0.843303166225714308491625664399 0.418072067944647756140019706036 0.702254757740990574815664803252
0.822847561413476994328894638109 0.641065491496478209488475610457 0.363603442472025955991117816532
0.870911054960266019206055321663 0.417909710877355591170575196776 0.841615245358701649980328543109
0.075627233561685955333821139322 0.795050969700978504232622788468 0.721990936977999627958392485604
0.836243168481023307712145018028 0.131386038627719697666099157558 0.087968429117827063125745148585
0.700419205820164266365020719061 0.945226615198974408466174924439 0.462201166958474238457401073640
0.438197547880414343032764199990 0.367123494234467665208184497856 0.607620822497302694699602928087
0.478538840571854552463853665326 0.560269417585900988262403051264 0.726316612528004505584683496010
0.301997592137504028103391850836 0.735912120455850304152577103268 0.279529545524725496313974189709
0.265106672728461783752656789180 0.840956792979419721675375896156 0.592217489023776809954185896441
0.664707350522095332395083719929 0.425341135523067750156025613123 0.047697227504124480602008267922
0.705329621634977807035538290008 0.718691065591555349829756038363 0.055076150731529261168862977590
0.932914998712911150601729325311 0.554381890739363877901392263881 0.419532824043507156954732258228
0.925510483234163365964282658251 0.842305560230600923004701006646 0.700141834120559306117367543827
0.336002222543973854173664119058 0.855594303074001357325619935346 0.612610238652678006452726406565
0.783819580208845893991662908650 0.660283874091522962301740076674 0.831624712222306943837781264607
0.589134030803181131881820480408 0.497453869406591572892374243940 0.020295066831267203501426074710
0.107800005873850702223514491257 0.756911575849260928145148257322 0.630714347429806887510249922442
0.873322917598262392075793028079 0.354088849191126406895620202295 0.681712346250234847249214637360
0.025272726019965747095695616101 0.997066813435829192612290131653 0.850545741177638175165388177964
0.286030963806060443678512977605 0.172796544841866331750934215713 0.662360999772961687238734629409
0.910305541983511798511202503041 0.346829335812126845524666394592 0.329514116533167566863936165050
0.576990321249561824266107308829 0.861725668190830279971932761740 0.806873460549262393106054117230
0.183246222639534677826949353583 0.503218962529785617320314857544 0.722740018233501787019682511766
0.617717245159529818138222006484 0.676940140070657920071189315509 0.515424088856467988462611006327
0.264950032054431802107387650295 0.515750966105428764848475445193 0.181508211509015411536744930728
0.346765496719332628352226767105 0.609489166800376892960609845509 0.634873919890426820361052082948
0.822067176381629994084097676118 0.206870589986205944229707999438 0.218423561573648895967826909009
0.311440245625649383899640365702 0.741842115575054044085237255923 0.296437632297477946971761462681
0.692695807969860991953305518086 0.969859663558396995704298566497 0.734238996133567670555339635942
0.914336821653630390611700598701 0.982480712557593610321810329390 0.018846863557658046498495947405
0.253443904385314008208826990444 0.475704667253518365307020977397 0.393459131214010236478929699081
0.888943263722769543476236414917 0.011574444232732234902950641721 0.843157126916363534294241503413
0.794543859886936898993984555449 0.205169628456698675548862637699 0.659058897402122153865193299601
0.878494504641154502887065451837 0.041993385219393671968910855867 0.520212788569927200740039893855
0.178048281899554643715454818886 0.026080067897718819196416151924 0.781294436224463771359171270804
0.327193017262405227724913427048 0.799480104955109632980407769583 0.432881335787429906940326481480
0.941324615341258182358268680013 0.091711074155880148262053311171 0.426118858285659278353123087537
0.008194762231762867782446933371 0.533354911018033639610082060574 0.907043303045552768433969847418
0.741702470132256946195606000921 0.543283859723361659316766104609 0.548722495861754288243392872656
0.156280567741750178561087677506 0.809063571289404370441819458971 0.287763390851592093574445974627
0.571490921527831304051655425407 0.894324050887707543648834806491 0.691812924671384937350192260519
0.241039127406935515280352196780 0.254782004737084432188544170338 0.010610446205080194407289425994
0.841995895342876379607670040535 0.044733132584218322217172549601 0.375029423935128131494252461431
0.343364921607710051705134226875 0.517317166828134063567180788084 0.068026621830805796554317280914
0.582215410665874083339825527808 0.962333429327059401308139249338 0.793581647437820530046971765090
0.196456574803610460770621286907 0.788458537671251301474460012596 0.109965551370168593365986566176
0.537800888744320336371450999207 0.245181691250288366540358153666 0.067383493920771421633560755175
0.650945538366099579546505012261 0.034748537112318239095754431272 0.326661958886920514978518741791
0.618027743631817475291282520842 0.773913679669161651603237321355 0.331013989918257449227331406378
0.480945724249118622500064509208 0.083082030477835579810440389106 0.154566427305606833084603292899
0.879393981180590884654847075931 0.101114610023166269517414695637 0.995380858807570822361121911845
0.915566827751742855845177419953 0.404218439899381707472938272219 0.712558931022423438442431688775
0.563942108630360382639220167562 0.644737902647944680093690363301 0.317735198601150921505398448891
0.783592094793604230627952343853 0.370001842152720637923326942516 0.682942395524072510697480555352
0.189854400802592130900643311553 0.516399609022274461782613318944 0.979391926404116118687642334623
0.425658505094010760605832334435 0.500379347013010064042658836210 0.439421644498159768099656466188
0.309092564377392650610294831129 0.350462192942215655081518044728 0.483651917241721744041170740748
0.367290837360170906747560967604 0.965522034817199044287029929244 0.127887626885757463793789429936
0.138553328168121029683122335785 0.522455054206056229585498935374 0.443508369185480702066147874028
0.958165690371069217586744185033 0.213802280242412280038602883396 0.518315995214486955635256434359
0.307338005844916407713885455138 0.185002897198990031514212678566 0.370588142578281117377248019036
0.534034543661944822927184640952 0.947954854758231603457618315914 0.623437789816309558357353646276
0.678150199573617479267038460769 0.604474181422159168358071765788 0.549642569352050346824661821872
0.462588626978451220867336912701 0.090043801632471031446427962680 0.189806867486114009587545900253
0.148329708130885255219361783630 0.740028772095364402066753003730 0.228806485945223519701504866086
0.462872241644723034412103149156 0.465161198065042407110867958532 0.506128302594536902767918150502
0.238456199781597842964998426170 0.917305522171323554757532035484 0.509661111220146762968834669271
0.723190644133276787527406968683 0.620422879532630399006366919865 0.295852041307336460476051112174
0.109753595724516486329688840790 0.578136545309540110195881305710 0.052032959627376030636393742378
0.424627353670172515491175121105 0.258020696613652099983246184142 0.876821921726133855757465556828
0.032689113019314271555551794262 0.756929391955400419895489119941 0.786685001347535303997166248861
0.698158356690543755035030313476 0.215950190191523914489901780611 0.718060357747459934901164509939
0.557772091371317069663431959721 0.636306185553720156583265422117 0.439392396346349609663332983863
0.361142907656488627608100468606 0.202384690002158975125967547696 0.489962983756899598282172549364
0.604453648471569843504086415852 0.875576924869383581965062067008 0.475848271992623717593203161734
0.332704509309515636585759880685 0.287056765162577329053368506744 0.825282470467814424195292874939
0.944005431420321790770301194554 0.439316148155600115442048011001 0.753362469341285160437522782930
0.120420350167022976191378004372 0.101545889741649150242236442736 0.819891926450121244729267476789
0.540362592878397287537103820318 0.349978562901726101128811499026 0.118392306745721862775965017786
0.801133732045315846067390725823 0.082959690389610039432213987778 0.818856851552813011971418383414
0.040988721358137213840497055364 0.374301726380184999207885034139 0.792703342985326870089388786424
0.155580292567994421934385330125 0.672438365474067674213773569658 0.824365742651349037876176794649
0.253328107092845817609479318230 0.146998679530274454547537670965 0.509326312549150148724114988027
0.500031996515072206592095692638 0.473498029820001361721599072369 0.798969746740643555260402645161
0.202867919560006779943169167911 0.921148474686716613718853108497 0.312797969728495272726863510165
0.194663380730113674343242354982 0.956219131549164016430500470762 0.059671686233458453144067798672
0.499432869052295856764549428236 0.305074430799931299348282326094 0.024325972255672003247681213548
0.457638084166139891146213775461 0.729295796532638297646808250665 0.118829002996228730629196103919
0.844234210015145956887516687743 0.206075902207189205779590281379 0.195207844889600922941428729178
0.612019930145722293702129152949 0.368477293023522868106935333535 0.154967764465809602672546887410
0.420034094927939614617047008072 0.376344430409192124624781542696 0.012002346555216109580548873985
0.561598610888626276357631834490 0.567804506983032311986234122126 0.978622056127902633362602561137
0.211196057231710097338816120876 0.886277658581558160881248949994 0.788805250780713882513601663898
0.380175566232011183345372027483 0.709604352456835000099575076752 0.936447373826460328269408652761
0.337866267725348156527650220339 0.991354251356243467953752788683 0.000508604333547812840637476479
0.768730303132918255220100213696 0.003075219793882368817881163977 0.408635279813517105633480358871
0.352275716658795917137306027361 0.096020198563660075294502289343 0.518186527454234603412727702048
0.160633422154110661348883032618 0.484045159239251305294779955211 0.546435998045439211339315694240
0.516148415203650094584187009688 0.055626474341480474827751628657 0.079554719169207161375603096209
0.536550648343554080033509718136 0.391589075083994717893349918377 0.270550602671213621314996119708
0.066580988366059086866064081912 0.445856411841645885653715570500 0.083460016246185114310472736066
0.862481662866994431584704193624 0.954670400757177495054509962649 0.161352783345093002171447005539
0.772350743775707331980334631610 0.408284038604416389825374661448 0.087498781409933184019967482327
0.993340397224621400819338684975 0.702926477199901452777669485547 0.943286300828967182569015392299
0.023202931687999125906562076168 0.043384207900361860337586171715 0.516780195813799809483587207687
0.489190487504897837307965515160 0.079941463081062653807927608231 0.308092720968525710316164624101
0.487731294631709746809417652290 0.805311718506747580076204431329 0.533606567542772111026470908251
0.387931988497893976896666848049 0.608613453937230490444137009680 0.683793950283215679811127087405
0.710597312944589010864876000973 0.915708484514506551762149963174 0.863953596722107162019842138590
0.089972551083639064287020551575 0.190937339379876907055507918013 0.983547851525519470668280233491
0.529232351026378936426491694207 0.241649922611611961353715291459 0.870677379866426445878755683050
0.456350412241469512129572554408 0.712581112373970527237496630530 0.675546051787293504002199392989
0.513726387083523146612067431831 0.698698505791460094328120016127 0.462305224104138384403209639813
0.979228630126135353931822026438 0.145256028897969261805173154532 0.044932181006164704115322961827
0.952065100914741847063313545295 0.952176800208900400332254478279 0.832682779175606834980300121963
0.712681821731377330106384922505 0.981334471843456355390223441281 0.472889909627617423549853464539
0.766227142330851663138484569161 0.463733193330115820634535081865 0.815257828465606880279577114583
0.596461219424998299987538800962 0.666898251373899377617958719407 0.615652621382278638855423468835
0.911054292892202221083141942521 0.225796058859772856368816299386 0.604630398048620710315476230611
0.506066623733208530685786474178 0.860804850650797565415798970001 0.991976342973656266273937048564
0.340125268913932903490163946567 0.649578686558051219431936204114 0.971967477994316860815356011620
0.932443338786947486155365626254 0.246016355182559047399393221639 0.570092367699869052268749445668
0.238750984519579606628240175234 0.252604382815690702754933541615 0.288218469735784411512813614156
0.448773331794193480855831835440 0.182822068096238400052176818749 0.489942936178391620230410402978
0.476841077829041769212881732463 0.314547417806503857575865250296 0.750828009622838700890372068262
0.395028605220099100414256070322 0.788807086021067579014582658537 0.209831546330027136793701544940
0.274117241666138751428502644741 0.466439757261271384457228200900 0.163137008912784376083665486441
0.349722917912633977039037067966 0.234486033070450902163357447814 0.622186631894958372974329389435
0.693443363074310562294177250585 0.079955241354223748808952321943 0.885591745609716866167870488767
0.874756933742408095164177517445 0.242617108546412453532369976831 0.304409877487443053325235210759
0.904330631686570672421028132021 0.691429743617083135095401420152 0.461712496681506480276734212644
0.260171689229852223486689640602 0.595616285699006261405641663726 0.239947311828028803719459215212
0.519218383919191286577541305075 0.796109158344129584685110972252 0.852575341878840830607312731361
0.059229438995651284722047016375 0.394413521219373941141931846656 0.899814122576977957285424378512
0.808140450804208162045205032771 0.991540066917683080096742749479 0.889290550825551045236457722454
0.617051969220515696331051815897 0.637339627591023539356570233838 0.930940090519331553710253909463
0.889446558954561952717233255647 0.451206317270130338092642733256 0.908963753330111028102566070120
0.330862971621087659151301287817 0.819175040386241119466907402415 0.044234151922155692474064499370
0.671025090660651404971221021205 0.772096674937277676896190125813 0.424446691591733934514834327607
0.554098556287796921622892063273 0.133246791261709047669047958605 0.597452038728526558924707227880
0.257823844325288548498476287524 0.236089548747003447200571731287 0.460945309430896360421190025900
0.409443926818624599428626880001 0.543696508417592828394201500793 0.108803887790058960841118781756
0.913738125879007490089152771856 0.484595499373831093768129730118 0.550731222400191973317696717224
0.090179348007685417656310458787 0.891659038651493708639011596140 0.419593105289129449725486789119
0.139549784651298312426536606664 0.566104899025615157374401307128 0.892248776826636194916822086882
0.192055080977555980398510393504 0.784609364346301718306190822161 0.684486815634105152303393023489
0.047458579582549497594884557614 0.653305319335636443244548925728 0.340536196969370888789565446864
0.987785971353800913326747331806 0.644778244962228402851458394034 0.965067290642365516061024947365
0.563370003305647143294716071236 0.127440836828262545495941453970 0.486894440990737557065099224639
0.769251574863507117070256938181 0.781894606679171462795619638198 0.262777552007023450953373994807
0.953966838029808826878146335396 0.739163895312516748982265599326 0.022673076973585831556167072357
0.511056435471616011275198948769 0.964168588902446741831920814834 0.821836851375811196855403114388
0.029982276552756560935232350757 0.661944546560335446789780445915 0.913971359938736376671489612554
0.202099379507117203827064825790 0.871778259858953613096401728657 0.776801247554832122081229112461
0.795741352135017291231839772997 0.186004271825298989604723474503 0.105101705755573822155554508018
0.797566034062098532691915079305 0.862871735688646099931193252831 0.098156194103303178468840179387
0.327618938553535545845093942427 0.649186421205598883568248216101 0.362460193460876692466269006113
0.230972661950502308289305944608 0.058065933136824978086739767261 0.395120993819627933918543126517
0.439872917953992897965534295708 0.505933967993415392505212738846 0.263990199687706457667478546941
0.170584953479215409785061728084 0.402163633439695646018237864076 0.447834344347916515125628003556
0.244675547532708315964692905938 0.711385877179484315493889150039 0.834724080630063289861667335416
0.078966525085952959501750760812 0.777065643102410657447916386771 0.341410557400893544172739170779
0.789804189658290188835785259296 0.830721449654999084946434877196 0.390201239397164188465565008389
0.042016048884888697512239646739 0.454845138556754405344389948369 0.247510299865017442978189437956
0.064327958864799360315151598201 0.941961033596368823557917494890 0.112981562503217657018364402333
0.118499668359109199828106882285 0.681250137108058703919800959250 0.804515415905408748591123560689
0.901864679278689208472024555256 0.697708594899598113710791184123 0.871929602007378400119058705343
0.109415520149016140153107867175 0.027190549936451791501775104497 0.036196246928290203167211916975
0.863425854332170079647237613475 0.090404517466208260326209976944 0.582339138662747938347715165169
0.472989271935302823535903821598 0.116110143138444228349794931860 0.050635491404907772354151305378
0.685163996519326248490079773686 0.883918992575048636958717858712 0.062293901255742625314846988454
0.791506965207292862455040425708 0.846505370773990407193950832717 0.094793560548962068929786201068
0.675707910783748614434502840172 0.919567436594532570552964973367 0.177579243777252160539730279690
0.059478476486103163656662270405 0.209239790346247386759358581601 0.712793778890901178069094215957
0.841809679611010559677759639554 0.720988686325832789665896031433 0.200920288024403596397487862922
0.745957697671210957616860546421 0.048839188346376947398266198447 0.127713891077755169670517617600
0.099163428403227268196332028356 0.484380742596410318866954714247 0.729254833966092000335054205665
0.090619547897854424604916885633 0.421811210382866249124231030323 0.519196223865500625778366277638
0.795199464949563333862284023082 0.859462668859460558504907558300 0.123856363415835077783208718547
0.921635466525163199471838174752 0.974320953770163071373253750850 0.027529573832004761119556310914
0.842596281513963332247481307601 0.739004479092880973264440779179 0.446216867079235846798622219600
0.147795109539862132274563484707 0.566820831237101306034436066973 0.141319443861886678577702349435
0.383056449193898132353648675853 0.887666896696195218663729799264 0.226194356486857865596147165030
0.365037982481287638247941409596 0.851554261576903280419394883149 0.543027951927805988696064125447
0.908075186844743435520602957419 0.912244665405272639243533431874 0.399550319803464375330808394891
0.738080555703913519719388663423 0.488920065605361890560559964850 0.423744250195666312934847757181
0.687498491970518790431304642227 0.701543861741482630290795155209 0.955064074894447005495646367548
0.846383721972015071138770302983 0.486137774711154209835180772764 0.519960466762098170051079433263
0.887425368188707681711785179089 0.497200508340567700469777102397 0.859839571590989738704582914303
0.755356488703402846706969545574 0.882288933423911956490442982453 0.533797687441256059681098236614
0.370468984181060665498797092455 0.451612049074988764679127427932 0.579843581314256471133446439700
0.714008116853265359905085444993 0.737769367138756419627035711984 0.730637709769689212504929167286
0.400817813322415360837306448688 0.698672612662660964561333893396 0.120202188502155281968974822662
0.119711574531312492198908362316 0.686840759292352261371114340483 0.462632033891208573676955522869
0.421042595176628967520025561515 0.252075584801690017753633104938 0.015135736553396088017868526404
0.422807124496512588618281463134 0.051458831491025948361242700309 0.231806184626140345137410077988
0.916032113936105335436292761290 0.867573012104151958671950839554 0.638708467550883349490911181362
0.450764944545331901217253182353 0.327926448603571675983035647658 0.029789956869774833401272749923
0.970729169048191217278821667056 0.951893748852278310676693671590 0.797860004713071228861130578442
0.180194975038306518946005832216 0.206428146327526797028414665627 0.720935102226752955662060407596
0.740360207408105227921788214280 0.032385717799198939546986147378 0.536793883562606635717158657724
0.992427576124072227509719526952 0.820707296648128903476518983766 0.399539272554285928021872111303
0.772627033624699049932758050236 0.175079151354232702744652782338 0.455726545581688133818744704383
0.186005067859237287148002845651 0.287227313970539513934055228353 0.238662490839084904371959929664
0.790594243504387125244103820060 0.569472421489559180810192204766 0.387461618120311798116035703070
0.713249025819132974878507411914 0.226993457815080801514744025206 0.153848125772158036028090943136
0.148102007124327004251093383313 0.497520081774640681812152556224 0.039000256187504663820030343783
0.256559294966554863433792506531 0.138360065941040949548374932270 0.326849582344958056563788236539
0.251955047974926659688205430816 0.583710923296753573450193262783 0.362059932024149602649592036818
0.320782487112748515606569164597 0.897799847097015809609967912638 0.471633846807589795791392708175
0.065979945398731698315198946851 0.206461683861213680703900847720 0.070275655916099567235024805618
0.645365490453249986971621850277 0.926204927955048465334645160854 0.011847890446177811469314127134
0.967321449047797019562822372337 0.335648757902732888937061208733 0.570307003814544203906782076141
0.787806084450524733492575346907 0.984663242312889041159346699658 0.985783637529047753208292846170
0.073076198261434861367428186532 0.503466079087711600246768888258 0.686759351292563280747452222912
0.411164170304571752851554214659 0.132049653456595828970485991152 0.318009749844553400130220786738
0.360211776946006929637273980802 0.380801226788576301732223545716 0.844205409205188770518972679327
0.689908403380400521845511965895 0.459858925904208435424344142586 0.847286343499404671155343762631
0.579947527500624246277857500893 0.268103525630045130444081840573 0.429694805030939737893702233102
0.448449628823784083377167086461 0.793567042326814083574353824114 0.193755639764875822120677085895
0.590012714420993833757321415448 0.599885376171984276768288125390 0.697892608849954175534662431256
0.829564749573284578782155768352 0.014185086815646566209980928757 0.986606539233554752452040162819
0.354502145588349212557882129205 0.913438246776061179851345277906 0.527659563978301899986919476032
0.006227733232104129084933815640 0.807073221471751377676087559850 0.255815881928620052063950367104
0.729175154767174428884130208836 0.688558356246938538427611090324 0.073810683716403596173356837934
0.199169269228629795017395032402 0.317996900556480383209665278339 0.102442186055432856621770744112
0.702982900957979707576696505054 0.520804577379254517556150101000 0.070243189598996326334694431984
0.918095388541349678059566742250 0.523502198093917554512547195972 0.361198033277923556169034655060
0.846170325572363140160111391949 0.116514849001884479224086383388 0.226982090126619175663410176699
0.944691137237149828076307883483 0.414213908914605466119505365057 0.034859674519524046237800605330
0.896352522723767530972438934420 0.617397574583604807879222374470 0.210294633736531607588378942997
0.551251487183147340055429855728 0.031414442973753604044680481728 0.434078493082856191843288515738
0.811119226388881647760964318280 0.878884039820765889717976780453 0.640034555148404853423326538405
0.316136963587701231610200627368 0.225797652132175184496493162732 0.788697869339568427413555440937
0.648933076925681356657870304840 0.581064977117517655206977344618 0.703317318837403552988436460402
0.819425267009618227345811634851 0.498042809200352718810688526482 0.542101236563828827868486413996
0.787432220326657307727231645386 0.288508309096225128568417452717 0.238527999056823120376822238549
0.243646096463641407771010845514 0.808840766545206144583954952811 0.276657366669758981012129023469
0.246668159991436072014382416987 0.798178744196594121732645840043 0.221742250372957028447373661342
0.419237182032171823498299340978 0.133551327149007918893085806940 0.257147459590589636212641663722
0.362139782507032469642299519791 0.608587982780847273099149996852 0.671295858853778016897879962020
0.761463781874061914773984286650 0.997330559133188115241845883832 0.360110472266254425931216334365
0.797923991944487501953638398993 0.794219721258585219257092630116 0.110469763714491795883631745016
0.988075175598941423183717138788 0.904147853485941231852714254820 0.230546192699860526089891329435
0.780527306671237148463745913289 0.837303446483298216710241607759 0.530993459945427351173554503602
0.819632422401700825642760528201 0.669675459437889172346705575248 0.750932810273968177659211945065
0.985108788814419157037735314562 0.630747800717799917533077270727 0.951474504973003727252773033849
0.389003549440419368115586785785 0.040493730948582867507818724075 0.780944796325181181382794675162
0.425573658997255077035400405527 0.068284969895438320614674034333 0.239897320628167452704491252399
0.636494383949281313434977782392 0.425393367602832742541315840204 0.770089316354701604915404059190
0.946919157572089069605893558052 0.180473158554694099132327834514 0.276605217625717463984251278753
0.906342559694078841644402689814 0.215518914115071692211661277735 0.748481539244731556668508340978
0.823132245484983004712487285216 0.609526396964797071048749846964 0.957300913142620733575141655479
0.155440846409073315168097633497 0.249573295165201613382337001958 0.198889263446515059845249238610
0.755675838767474894570636732913 0.463308792068337518936266920284 0.421360000063242597995247315929
0.489095209125542872032507157563 0.569245712653102594269351956469 0.979836250975308331055811170785
0.550663231737350131722456791794 0.857897922520049990049004116843 0.726417625312668866666617066688
0.082664905497216689944104014842 0.958686423167909743314924022104 0.993368820795212657511014099018
0.423410172203529285392478281038 0.019848214020828391687376886671 0.240880135009165003601197710895
0.710267846045206467368766274582 0.403554826469019672301126354623 0.736448565424357961482128082212
0.686309001213749612654363127270 0.516873975117092265882567008778 0.744718379999511438625597273076
0.603153872650409719483722178189 0.504972461296991424348988913672 0.479405752878811861815089439492
0.719347161671034530905601432054 0.252562871981688383672335548380 0.692412934063015528212175742252
0.351155017452452926249307238152 0.568990744956308192770852282728 0.118180780766341979224431197994
0.579212935594691634545716505908 0.144058678400814226909193068959 0.869438224035620146536824296989
0.436528728685087278200398670688 0.817794263678677074035041591398 0.982407042908477956143387151213
0.415421666103708565793588441444 0.143100313684576605055816909506 0.168858257383830928166889526211
0.953394345330802435864165657697 0.163562267165540477064269414937 0.683411642332444495647763633696
0.658622946747959826488179177137 0.588022974397996476852980982764 0.890906620351425084571731894698
0.976745357768613626193590844322 0.476574340432848946165488626905 0.157945231077270335976207397550
0.872081075078747213639461074485 0.567805498556899726349948474877 0.485895888205643933117555400385
0.499931764535894698952250535937 0.119159561869241912920456149984 0.642023083266974368643472351974
0.061082412606066850900698395968 0.413676055443772230999499436614 0.903405032230247671783718580698
0.581187865758952672973909559715 0.179849604885593227772355948924 0.279833226121808965898185322603
0.273743795709877598126848776439 0.600425436555906631477612044924 0.054611413711533373991841452898
0.455691113357514454303416472395 0.733648499871366621833471009816 0.906864642428672077112170343265
0.739952614010603209073788991075 0.798221047712788134937622136688 0.643370374802915475758312126242
0.725512493960986494418972012756 0.902713979824772627058105867847 0.690248346129685477835667740347
0.638661665939945847297264819520 0.003743792939440579051378966940 0.483438002926100002521022637363
0.698335631910043928458799158806 0.248883251536460262211577637953 0.577685871449013294952057226176
0.117157417136281934602964533347 0.584692279775768288927783873638 0.404733834333463498420856667362
0.275105264660103045306188301468 0.105824274611279520729955426160 0.173562889866362274691442412064
0.919162223703772828758562457656 0.275992962593224490549994101453 0.432227966337283073862722364899
0.849305301208373878781393699168 0.822666987111015871044297857081 0.407996122785387110324284572580
0.952102002494886552396158636624 0.203136025639594559628983788672 0.407082493516513413108543792875
0.855383178132626974980929497105 0.980217424349631558046336601867 0.130444339573801017014065104801
0.176642428974167279277818987178 0.172291259914007374124076461559 0.884332019082557636118756586719
0.642888691358740889068678611999 0.371465811633948842800986528024 0.305019028135174369114660583067
0.840774814410132152227369554561 0.024082577135826190918044607079 0.040124275974261393369447458790
0.422012313017132874209260745459 0.302003170036133718208214807784 0.898763343767031169735399886655
0.019168187990891777673658709898 0.185064435357128947547495717086 0.028378054273964029576178058827
0.194305439259788517565139238440 0.337610487688095101517777489922 0.209329073538081819401090900728
0.568648973349850755470461970160 0.784421101646540763109810739140 0.386732109978244526837929631303
0.720531334305066414631313055173 0.085411455093548808923281629444 0.424873776174699175688942624024
0.015753177869938654895246865563 0.256282207190020632232540449930 0.849579600902095695804057773598
0.899356184087273457675599801826 0.464892243876561682913049336728 0.066623078998716378980180807949
0.030045604062075504787832725627 0.106427010402486846472721150936 0.658929066960495554129821344453
0.525685380366248628376467593540 0.030314593387627968778462234814 0.489607271614296721175919653460
0.041733731145141334913150920967 0.137027677053769815665642162396 0.434000544771045179067687325386
0.303042164324721054488561134884 0.478863512255174457940756869265 0.992918845863640996709105233467
0.636749644929590705127168544953 0.847637260913694344717645089302 0.428114031586876886327188840857
0.399179701579038253969450973195 0.371348207564389243763031302655 0.840485877514012807997284171149
0.546528780045456634154240806476 0.167272286682553154067266654558 0.113161639350723920300851125028
0.811292326787746408538894142696 0.668518293552062176230162859710 0.616629301082639735756018080518
0.880947178019911039696211774936 0.257885872995936821300391777003 0.016822021139474163881300957887
0.477514736131529760357456879134 0.627597774733285995741674740662 0.019685799165429780188397896643
0.515801043310204914674626379366 0.882354506241618120934497123848 0.698293993830763422936886189028
0.422287003936111683426446459316 0.086704717894669675268465473785 0.634673844621718896232582574545
0.569652791586077771906721455626 0.342129918885388680272734150304 0.616166424492521044005180076738
0.685721846054346469122338266590 0.197591648272239841634856856189 0.564521313089452887029460421388
0.338503649655358404209426375655 0.067874377946211848070814044938 0.320454524863619166537081888118
0.461801055155560886429750022189 0.932794620325774375143655095080 0.192625206677037166098522650322
0.000513640582698968225971951038 0.296459485393156553840789880662 0.471253608937607367435493506292
0.567762519598672558002881366426 0.030787006995433400729465064015 0.034288919790856236812656962617
0.806330370458254818534852531520 0.257332099485938352443552789875 0.210313176421680852471465245219
0.970581507324276765531635257147 0.579154297451445702212184579490 0.619130160714684958264380764887
0.328874423637880067328565478330 0.276806878422396395439848021805 0.529650142234876798785161991815
0.739770417970208410911648630127 0.583871849538114864707777571701 0.279377270284789666219490407890
0.983525661310126881723201471909 0.816809631962798657014330791547 0.778045312684670602373563347028
0.490327894100941083272444425931 0.893399644985265868603524795907 0.332171787849344446275964876299
0.391430929190134336500922863390 0.834437475691308902215389009032 0.065944624470718287805570047774
0.322274271319267339920534920516 0.924452948202196938596058266451 0.840568365733443814325682010729
0.865565102790077840828187463764 0.390545005944538807372968090442 0.311572314097129907507095082286
0.134480909553231551788592160513 0.521176460258433088837428358413 0.163701565338774004837839350296
0.739590908481503690590552826800 0.925286674685039358974261098042 0.594332205440324449275266408866
0.318293501453125686443332444003 0.893013076534159299792271281904 0.063142771863210172049203895277
0.415857164354996211912097353076 0.846256018908008523239595111900 0.399518738449541182976330383493
0.351806389997833975817479000101 0.905197213762747507879108529980 0.256501110758598450610375683744
0.322049719477102630068132715034 0.707016638710647993564555014792 0.058685815611801496869239480488
0.920359690097790920933634411406 0.635384149469244349479109789023 0.680203725033387642756358695882
0.717644718574327892467930227079 0.391637484165385559740180783336 0.174637901965974123158480140861
0.698138657218965051038878236958 0.027399850860929663632296034349 0.926105730495410091840963471828
0.137577343483178701671782968580 0.987294133845435014887448755846 0.177639766989132283767914504001
0.105823769831400822184371411534 0.545360176276370697563698468121 0.647975541414304746094734906373
0.967821089075745363363244556020 0.127169705842440087987277483115 0.695950554036530054046610043312
0.204123576997607628962410230971 0.021362802685258094062985451986 0.404820624526806764533607242052
0.242861437730814418211882096510 0.791121661800479073720533405491 0.255026410270349391903308503907
0.961478293046371632667298450938 0.768612880538779075060774029006 0.344772248412938273933393709651
0.474293502977622716463872153991 0.590021337738606598945968521134 0.028354917831855706595950746792
0.689502895287214464713792483046 0.708522687061471030416145892124 0.849693942520708101521895594945
0.972140837852257046722880706690 0.840763462260856224554037652636 0.459338082172559498579710632599
0.277062150172189610202626145412 0.966100696346278781804967120101 0.866426560898333007274787704423
0.098186332634249680845615103236 0.890427122232374583121724985059 0.827513915740889573124900107917
0.954824999548510272489382184198 0.854465883477777582931545670492 0.075891358999291181556227513763
0.678079291241411805329001349811 0.236977468672845679647848872368 0.028307463888116609186147059378
0.666701446850448711331992868043 0.772645559127488193686869322945 0.265775051860483813230460806641
0.576076557123465505837891466525 0.795486634535481775027409545538 0.058002543772060296516707847687
0.986111387824433043481087921689 0.749176564631495666775698565139 0.455329893370296859697039248520
0.572366840340484955719050197345 0.653042581493377658375166208028 0.991124297950701593445732450921
0.686695518441437457804002031312 0.792162800688651598922185277138 0.308319208599800478271395513543
0.107537113905542908715804042116 0.797036606224054360062274942505 0.096562441139983419685309540223
0.712375538629320689909460917604 0.865407449895587198203765312692 0.484421256644902146113893534446
0.928796986710965395462900003932 0.877206183694821037534208843091 0.896455124616522303871291395617
0.684048768630630122727345155684 0.413439778635987120198703011401 0.566547422876554761452326919525
0.720495195181178223622752707634 0.255881284697858351221071378391 0.462288359206276690852075024092
0.716609311679617824402118023910 0.495431209891927055588043201843 0.070251408984810541066091220851
0.444627776602056071636727335265 0.339241306546014740683319203116 0.520899796787910377541872928503
0.441880297382853479492131361631 0.311541312052901917562385304983 0.490694249480677080366261980590
0.824552197768614118480589248396 0.893921556264449143600588253583 0.069398344498969798266557260580
0.760622684681963965369975961796 0.289623040514438282143852056856 0.501319148266890457409855543316
0.400833456309940403640562013362 0.234013115383828682099904810364 0.133917766036172280553263016705
0.266155490035794746874192787428 0.729637954902626833828785804540 0.050487303442484857175572016804
0.639100361967071353783730884940 0.950974899130798050980369276593 0.218192872718074036341094762704
0.265475229121637344394632616922 0.467886313879498857950153496592 0.222713458919669229552693773482
0.065318647342126639404988809960 0.583390820601262580109718454936 0.104707280696193911958654607084
0.808412869309987197325671852588 0.576611242285879040227426003868 0.789435878823622357486113389674
0.558827685536432899827565106035 0.126480479812529828296875823447 0.973013079530600824176559709783
0.683657320102631027681191401512 0.811614635350307945656404542315 0.610004761519002013602746236712
0.947992889323605989112264625467 0.126353093365970348995571935504 0.991694121481431069084126425759
0.503034019036513774253742573720 0.483582400269878006296738658740 0.798383041177976572381730580761
0.986861699142683727734819996122 0.335427434257136703482196792814 0.421099312243959267702720152943
0.932386086135195731748593193346 0.766654330527309938922879167821 0.484706831740011821151534146850
0.941760323586790644065564021605 0.005119384525274024650675225767 0.288704422686038420075706264711
0.825590138788054383693287437778 0.392845103954911208702331328869 0.007132735114928812489179205363
0.800776790726216220118203313513 0.537987514501394740050518649813 0.425574614161860615641021650868
0.279846024640286849203947824415 0.122934499294456862068847917886 0.797370434145265576513956783909
0.695786990713475904492342792163 0.859804629421734523484107255522 0.827150316019185418141658005932
0.061293536795559280336457927925 0.329559982735196728106182069972 0.026519528775149090655613406096
0.046757210732440735636953783221 0.242548861630477246937473594798 0.784199589187216793224089382390
0.414539820871267437017013277461 0.319499426474094911801916121246 0.955605618720741467318823555434
0.750645410734963631376253797545 0.000635123404449771122705989943 0.689488966503843276388820011217
0.264631107318051493102544193602 0.649381823306642818324529269505 0.318554928449984698718344463259
0.319396604208565354375930205364 0.368314363354752142095227330887 0.755150700429228556870285490163
0.179543389740724051774076779871 0.205958928324138265872801001255 0.488114372308033891854753274934
0.734259753604771804515413934996 0.244893565108497650555215656327 0.239116739715751506414540404815
0.075848843241307874180059121715 0.367941907690582854647206860950 0.921853079971385911943135182895
0.936101588969962813298178613701 0.050748616817806891986233296090 0.880008137653207309472218141746
0.153287799274941402900719483875 0.088936406938022227572789826208 0.885487205901137230550489954602
0.308829938335376653113953030407 0.826899656166709860647084408199 0.388333235949380340620347575959
0.459662690046316420342380815790 0.074209081392321266231302544789 0.521015300956272933441067816684
0.254220223914559032956029345605 0.748039780233463859647587171928 0.432391104942013580044726193905
0.283524486271421293172468966986 0.443812915788825466035210898819 0.771082389959548844873505108390
0.767356022901397071502003327991 0.043183670941790642604832239927 0.403035364204154841514380187684
0.109683325722573281026597253177 0.370673267665056663011631044252 0.871388956957070797771023356902
0.151550810625968684620782079339 0.406480754575683550765723804232 0.422648783214547158807398104802
0.692510711290046534152784150776 0.521539689542666457231750194630 0.649961754852729107891096471035
0.934592966089014993003480025463 0.544205428085793201520765725907 0.093936110224156323508447755137
0.532162225795179702257887577628 0.719004507107277009615578622152 0.018777464748207798678599711185
0.653358168809461671530760902772 0.743830218522450181973237413883 0.134333547264332956760447766744
0.120479397758568767240594585694 0.227810542996250331125785785215 0.600990280555350674213688397421
0.452403453101042452458184695065 0.552987497773991282339060793780 0.076539766299104637321506058760
0.104459664667921064723553106847 0.423551891465826889083650221212 0.255539305652818969893129759447
0.998948595111323077411218063961 0.648112858575486062303947381581 0.681133580499042749106262064266
0.609060778763540255862515563429 0.679921280470538950223168240080 0.266183637677448463499027172398
0.931696795154321573266231392206 0.666356190324529845742866870068 0.144742889897260300725504940628
0.274202623714761067030955627631 0.456700816135447710560069882626 0.903711179530118186872255350490
0.857795303547373926458102952115 0.234583753939027485007492728620 0.342467307679615643209235077359
0.390110295144698062008377277527 0.131654774467262495220783478820 0.116640776709764048062389725589
0.625745777511419959764570783842 0.917179823354388928931258308951 0.695011038470912835101600861507
0.187475187362862519588323065712 0.766387955228797441100142280042 0.820908269807438890671846603094
0.889277604946376109134594719347 0.293091723316060905415600508287 0.750679206148523386988096773893
0.521888452208439402947719712285 0.853567461191824725807832180611 0.930612433367825998402238832284
0.417782630850774299806758330574 0.398716533763842588832486595430 0.035566567009789021470864764961
0.409853275235568485062888350299 0.365484537549880228871259591677 0.242301430251642184435612250195
0.982713369495522757271912892379 0.742020800620797501621945865768 0.367575013777695183519103691073
0.944950232086181257539096730733 0.798196253906248275843459769334 0.255637043665238984293398270319
0.067968949898565720536663210146 0.837063788442389686929151985574 0.060225057781278945424911804558
0.788388539343838569268052134409 0.061965844544450506770625822138 0.097401635543364961546293162777
0.776714447099500362517231013908 0.965282952079921132130765230943 0.108202504721935190282061698529
0.208561455898702232655523602454 0.661745484927577000494132321472 0.318985120076645215136370160780
0.017096771623515685455300749286 0.138315448331711998215185608904 0.653614657798404935411594247326
0.632977585031861369143620695561 0.063349329803010506523189228859 0.708573649766330368314836601553
0.147537584988278289769382777672 0.320775926262208254436026623998 0.235151044605270964877962151706
0.498000300092356535200629405805 0.287377559049883618673451250614 0.785437166503163886800150989108
0.892545523962421859681691071518 0.246193885305817144198418143576 0.111829834455757342273213028581
0.478602973551807036157627937730 0.152099863653429721086822869083 0.075237814360047614573971238586
0.050163537228467422810916308116 0.723984264038376482744836237230 0.883560462710734710788796466548
0.745141339073722509795321460579 0.666614959586247055224670342101 0.680374180619757668726448091691
0.681090048569866916317818029943 0.735289274320080096874634073043 0.202406713817996229895374270403
0.302380018259878397786663945540 0.174664181687197040237312296537 0.506428652552098736505122926836
0.431508493093547075782857978640 0.416708732378888760050230013636 0.720732011668976195427335223598
0.165351786450575279914575947023 0.599910400594456593601098326766 0.089688731780318780592388033204
0.130566226652685040218611993321 0.375478014784613284321451646209 0.911606687305381466940445347680
0.113255946311544385700613934450 0.367921024092722273917762663971 0.104614619159098248352074763991
0.558212549068251210209536744338 0.880750990865551918028480979983 0.813291113676624802136119396540
0.752610785068185444589830999826 0.001993592704971090915550183648 0.950609527406575778025565430761
0.350430046860353072884456351324 0.122151421047156144411394197569 0.567732082856883908523282416281
0.952499781150657368809130992295 0.114019090744885546769325417125 0.887681952985851588153539421393
0.089089913242307959010851142919 0.321143095919470266039230008669 0.751373148641069694870344997119
0.618424146623480944752495513596 0.265872317795506783087365367910 0.119863284960873508743987458036
0.391920901962101652043867292859 0.302791452474623313468289158820 0.534714931403983149367568789344
0.743118236484736090465441926696 0.260411117197081838693829150267 0.808588057756363552194358077549
0.901091186780103140328334682917 0.538938565296220208325872514948 0.960012182407125861270260275876
0.464646181576810560640997867520 0.532546810655656417570629781432 0.685454718335615392603837935334
0.599530136442349425831276439766 0.183609808042807901424807549500 0.675473577433211185105339966469
0.034597018491238504965091720383 0.257392635206524949839321269238 0.073662583960121623659452371021
0.486164120468898382051990405705 0.332681626333774629866156817783 0.268251490038967231214998562920
0.559345372093021242779547556782 0.597719816756185512955085507044 0.177958106822604978984821488513
0.313242743837237308813965236224 0.970422585670780581611610761315 0.928586416248047375996969591197
0.808943417348001321560653974377 0.262636270359764308164234168487 0.961379257430288871097730175114
0.568663687924609994379902436733 0.672738786856795765033904150368 0.203891213155130613507390166137
0.652613560111971642847947360218 0.498023614612982904804663081553 0.368889018156667052406490546191
0.443368457623558928440555244798 0.900513053119321270326586856485 0.123291187774295522865346555265
0.156937117751273860749402150484 0.786485185443733767603015992370 0.166558318793571140268785581035
0.297612045137657854566213931999 0.072667338789244131920988299359 0.786941529190668458010178056192
0.017708806792017939658730991714 0.733179780000823050989277205593 0.221529359996365665495915604473
0.131867803897212179027854448011 0.221332636581586648014198998924 0.331307113396838526981686418995
0.793429661757024379426080531412 0.964006548118652256093731230097 0.593411256829306087870103018641
0.055021949693336020903908452370 0.057565383569998002858625795550 0.387641268689337065778715468625
0.923906475971091085544847012220 0.829813213601189114360393447575 0.830032359003140749910447991352
0.008886468506144697423541131510 0.684873786013966893987807853050 0.792205355064384454617617358708
0.503424801178692866962347612187 0.551992644952480526046437721418 0.187409698151348598963866334872
0.830431930214985471347050391641 0.905423183782491172019190765620 0.240692065169023413495936825781
0.201147725796078574795401218951 0.069349991249738362763497612011 0.693421157775755571303325524971
0.457551754742021754802732103575 0.005682635945661003833134082921 0.910704488531243456359020137162
0.800945229548656772195652567730 0.888107481546915144525436907118 0.988540834504278545296990492743
0.610426739887219677704111059871 0.394902705338096122304693545504 0.019550358922331099873489305149
0.748166875836254702306405883185 0.509800259096242843972173349918 0.828579761476951796151778209166
0.920831404486197711381339325759 0.478480672192605431429933375269 0.059473048027618693811240293370
0.629156454718216902541202005550 0.929993640932084988753630928283 0.494036378931085991567631260641
0.179445267894511634616973194981 0.537423846313505960390789392347 0.528695016076515588632091851584
0.717960509221071438944307725278 0.335228433857791501725688048313 0.128092691383123465555972630802
0.854827942111587989046844473491 0.475906781542327911065506212650 0.131030620146707554847110992442
0.346029089851994444185161124209 0.817713721394832353121063558067 0.934603917906337334109681000478
0.410377648839729442396650247133 0.177532244570599271204067316294 0.000729563855211203663110740701
0.362380390883251671049083268993 0.409454444900685304808274030493 0.100218028944760107912856094536
0.022981832151872952721616663868 0.534941740778547979995997596945 0.773420984732237272914972094312
0.062451025391203976857050549334 0.803532083586612695021693265739 0.095156744568272879956384701019
0.557074114683425034590849481269 0.512600218041120045057632363866 0.509432555338516017424657527477