0.615648014777697019143609181083 0.773630009979513428091948976460 0.044918711128120392995412588425
0.224023710695635067508949558217 0.406621130127170907446604396539 0.383683996385103927506908983864
0.348110070490059499312828132763 0.788653611177076179569998967808 0.665920301092720027288970063588
0.480476210415647034456267584602 0.137564500206587651370797350118 0.420896294945727516156566873755
0.471029807265849328753777050952 0.044845711343311369465957859681 0.793126419151580146868608690659
0.939877576007021146237495489464 0.984799788972878398936845704262 0.221230985357906312750965698380
0.983039115450574867192001224040 0.275607076247079042963077641961 0.015521685208199849960334953877
0.509289075059232751258717384986 0.515445546423198591298058442757 0.289878768736094808773348020141
0.832150730216673026794319628636 0.311816791902798817414070006385 0.239265398182617341199549497476
0.951645738716032466376506112819 0.585219625343192617687376226794 0.163834448743701515580127800580
0.379410100870027378323220379781 0.060622799872347245420269993139 0.681989947376350295288284646285
0.075962885854847153713160604668 0.741067539707115898693878620620 0.700154893650770471635002235349
0.969366808305758464727842059501 0.086484558373184166507825798246 0.476323509968453997935233501197
0.296189393854464491775643439083 0.179365065384444336344269106466 0.486976825285980160695929180267
0.072349733280073415993059407484 0.254666277836804240291550480244 0.134699849899961779561105698595
0.966700772520521276481219498158 0.101079204223727220084728843554 0.745905597314491279773123489141
0.501702576698292992352946029097 0.902688880402321449724065843194 0.956870937853355839741661032785
0.934641065558786358245544941616 0.554904612268345981666196204073 0.709854887277656127481271453778
0.698018221323985099212026102984 0.343029364151172798954581407153 0.627640200983345234647998804954
0.686235250424789750033200308001 0.619747747879030269063929391624 0.566972362184598588358626011974
0.137915805923189664019864119954 0.810216557646467739515555618432 0.797140085797840092615412845715
0.596138062247025203792135611616 0.896119094450848382195389331195 0.592924908516348897584168083254
0.930335742061678151880161716861 0.391528263789968872131088692187 0.093432022345236569620149680348
0.122793861573873311219905109224 0.219829795293730045216493605120 0.844620909132235404521394406278
0.309194975051727274527529793291 0.854961364563888226971229881258 0.959063798492886878617156314768
0.746716077286015983438164262934 0.886219558654544868790095836725 0.075879724857541266208423417660
0.029073089191932435742123529280 0.338228956883293513569804715063 0.874956459049859976545042427682
0.853502829044925603466484051812 0.018495077399732643805309336036 0.735072274142095533215599785465
0.332206776428046246977318402426 0.115039102756514539730386872611 0.629035976171318199255863006801
0.485177006438177901036795763462 0.440612512316843713140350232410 0.808130052727713349341470245561
0.954500692107896427915593047135 0.345187716897232307821347316891 0.641208257974143897496159464327
0.011001724451329915916821931313 0.027485412287740456653722565063 0.099758677746932307565662833132
0.032215691839210421630025817314 0.065832791331890953531417697688 0.268023329123087378772162345453
0.680721742841026171937332767190 0.184279961014973828280242608826 0.885528773700687306638250242700
0.997032386183913918712925066181 0.797523155804719567402367262164 0.666955667996464692640363800743
0.530374799776966532809191959638 0.603324363635495367404388540446 0.194856694704483472838013319811
0.526296847465746529641458938545 0.532716623214838905015181721015 0.648443586871283164731335838960
0.981679350395588608525160220373 0.900640688845371355119465710478 0.869564814806053110778949394767
0.035382495364956962543000508761 0.126638295499919870941584168460 0.239834173870855211478850233759
0.115797122762078937938287842197 0.697345194909441674656166403025 0.342785768864019656932272015010
0.183381562655534902714861079572 0.736071855378390262128639753833 0.696367283320092436794432187992
0.389567052225278202637343234777 0.778574890889868329309597394918 0.466482664042591748650926718446
0.551787671654409387162792264190 0.640119477470190860643300295096 0.531855428245808225369696344078
0.982337720688076458717560532410 0.542629846363478587803374240409 0.057666645976406395324794789666
0.391273678814457298014087747921 0.652986469642060165097298634031 0.266803360700521965168966548860
0.694566745932934812145616113185 0.905871463464386076614261174787 0.473584215008744902876259184246
0.920116264552221466184850807705 0.059154363707296696759988657940 0.318279852137052353978440299435
0.820204412644833277163685649707 0.881836821531375622280805017564 0.273374250020937129282668293095
0.634463112659602368654237932815 0.174753698043192542873007577617 0.759246904644105546826365852611
0.117091014168625433237141720980 0.091069813424456671976212442823 0.930792586414959014105506085369
0.215195724884375523357017798683 0.512578928170610837104049292931 0.816806433665537504495782753305
0.383932714689889675246732636278 0.103338662966373438953098992890 0.260391937007857998540976585162
0.815559500616043379234173960697 0.859158943918041876880098740496 0.751814544165986293152794598861
0.287496449892366595469317931047 0.417008130596187735326278994728 0.328687142522615462004685645406
0.601537785173725815460423226427 0.133859996449540711193348843269 0.429427026215104851012612583185
0.721654738433630856415412149749 0.695251286175222816095644539640 0.792144379433944555111164482314
0.286181043907092819734106547683 0.815726999267211415753224517857 0.975354720193562849250797669710
0.353294900806939963726438436200 0.645497128273412772051469937060 0.613315980754424660402922513995
0.378792741049147228578314158693 0.865722093357268258077947091620 0.719409863827547885932332320633
0.788596237197028102986210795774 0.244994033759165827863484045653 0.709354062410678654058920148102
0.516413427320824441304782930762 0.021735192522722357146905529583 0.099739196877735630006976043976
0.838947431585549887079372909394 0.847348578892873620853152225904 0.069502568197542997775032007896
0.155869168149669468932443231278 0.191671150009941463322571953311 0.052336025721069996422377765180
0.550452867078357022252427125122 0.859550182476660249319662410338 0.069932839578700237637768953757
0.738645567566987848211388227191 0.682529072451615778060324096058 0.239183016832407460216506874355
0.478055761456891030953952441154 0.653902715748026832308674105807 0.219230861112222260122053494983
0.572263497932339786288743041331 0.701433733302293680846697313623 0.526561530416638801121966065824
0.776874235842455580385662211273 0.291785408815232452639851461970 0.124811351905053124622766158956
0.343103342421352872917748602627 0.482635538842495885386009162507 0.878426442085829444299240144926
0.928013086137548627894035111879 0.430713772990038992461532543642 0.233947458042736839011307903599
0.016997814211381410543120996962 0.968144044505067027097373275012 0.497402760314809096229018127300
0.249488057334425059558845265871 0.729556323432670520206120382714 0.165508183738775531867931144744
0.951853527718088982907614753314 0.792216315525087078599716728657 0.113456693247439124021361026801
0.255217449359183134798257773833 0.762488542387787822778606346437 0.089767554996032704036667412456
0.581816579999722786151918102274 0.014575112218958816458817331054 0.680663686730402589451345319958
0.518762414711544642221516678888 0.631052944005328422289261815471 0.375541252700717311039915147988
0.313144512989722515945507198275 0.462697326630489231401411271903 0.601374589965751428372899673957
0.153129442342975713765535702594 0.178393563381805550590591053580 0.758080859757281997172357514686
0.398092018615583573074766410572 0.907629206217022931815419372715 0.780920957563766521281419647153
0.147210779845628617082878824560 0.394697022256144964316309508630 0.226087834256055540909901469489
0.307282202952213881921781861499 0.422163239836368128079140525281 0.261370524509657328822509374926
0.794808443619109597816324006335 0.721848080138636471235083602539 0.711001302940015408005631667478
0.545804191129264659797342907112 0.565764942218966795248559380332 0.353808558012034455486160518315
0.903121888520240271643909823240 0.511344529547703931593979400768 0.612315245192453001877713045699
0.588843199957864947292022506718 0.829884234680919783380528123695 0.431134213083558410431885070730
0.185106240836973544757505883998 0.291816426307147815510169631173 0.698153751994614384303097709478
0.049689692940984748415385360967 0.231220664507118708332260895263 0.360486872289808479915470763042
0.978273622760514183156166069299 0.063796383201206887392280881428 0.470594309315974731318450934917
0.895711885041943507578482634619 0.413305996211924315913496744100 0.389452142339662565938256901109
0.472910657475348265340953644441 0.176712054903570175289629177807 0.122811575239574190049515081593
0.021003896318103027746553910027 0.619168821287346395433102827714 0.081846218905239630556049228085
0.426188539154077238184774310091 0.629489730635536972877499370490 0.822518438205728306890323400201
0.066076710164532414279492322390 0.050076246200548464687804853725 0.874904275358125455169458342580
0.995906436477915194179641952282 0.566689619302389338792636053176 0.979383896101339936326936945702
0.996388397331616439203515867662 0.120802038279157908020354081800 0.790440659749867067199988566831
0.387528914781035646356039744422 0.708037085030793504372425529041 0.940177231546496429150189297545
0.103373462146667922253572445505 0.890092918314714217029899846909 0.129873790809281747342879134157
0.680086120404503536174764715805 0.164052818233109111067385947920 0.696265581707879791544743938056
0.822562594144831209680906430816 0.746768260570082935352117213410 0.428924822657958180086736829505
0.212191287065112918860329375158 0.311036568690667578031843144703 0.850943283763733904200744677695
0.941239392554188164641133625291 0.793461876079031643251264301076 0.856978338981923417122923984189
0.353472964523379499003086901477 0.690949303477959062320329833093 0.036477679207356715511071353208
0.801477919263296201558523659003 0.026966330776455733178065367683 0.082682576353530193043845812483
0.249867514905635674524700421412 0.317601487962902967116902052454 0.439704521728818154100233746208
0.442099609963374337029087126522 0.064179026996777866752524107605 0.687915674324361367179332298716
0.861822133132515540897380059703 0.331456858103448483060287308717 0.556798853550027563939193675927
0.869230205044903556289991429831 0.219155961322154578938473932151 0.209468782006209651392311515749
0.102576768565453260932873475884 0.720802430487759314357996403382 0.001568868352636285781167910973
0.696682390835374329654434958086 0.375998323213536570156288343858 0.270218820273409620773216661594
0.375664365474285916457782878360 0.038682316505405930573641140697 0.939322204193881962088083328133
0.643621779174577117527023415860 0.729036419123346130123969428833 0.905432778872364961813395959515
0.618218246291324035220836253585 0.075385053040356036371105905417 0.088329639990513921014431430376
0.009520948634127994953464748879 0.354864215221673999999627148970 0.146352871081759141628976142990
0.617195453816034831851219507976 0.786877366875073063379320988895 0.799800797556559145978546736828
0.126069731421868159712615603924 0.246075173096871587246376242206 0.904179385374991545636466852441
0.855835831775782786779404451391 0.855546975552174841954348352799 0.409867437627943791307085024852
0.476692171043571175375262320588 0.268216311700025580808756404546 0.174548358348891805364417095975
0.598190454623682680811644734793 0.190106560709922454143241381542 0.079178357011196285303641884577
0.776028825071048323667726151305 0.715121539154042220972624865364 0.976398392988042269990407815486
0.972253686847893292822091163551 0.522339012160810407746245274531 0.116758464829313838779340354868
0.786364995711417895841210277387 0.965477783183199533675440046059 0.741379364839035614161728596761
0.382536375884272771239368939387 0.472055324597189194816925010609 0.968050400304880179680424947118
0.465789889955818237338605566717 0.117499453864913276635946081416 0.591934158651895138049421157221
0.449769698256940711632624087830 0.872260715698024053548048272561 0.546486519169445421669438820772
0.214834984905862970496925435316 0.412221069870307794112672920258 0.379270304144793490998607241115
0.171392745011093555917671875545 0.270817048268420037721078263709 0.260029920059652929733581638397
0.875238824042127730148955876275 0.030933370343777631422162738644 0.081832493033675034431103448762
0.423072682182969492876308535307 0.330193602941230538971235269336 0.313760043010758950389732238095
0.811059308153422499226626873155 0.286549221523272194878389293804 0.700136031065697963573875724336
0.532063527882408299505319864095 0.400846501511908125240779678009 0.327234721870513674447526162079
0.108199233500030280615549993963 0.533944956555780822154519390027 0.038564962435171106859135039469
0.941815015385442737590036721464 0.382469123649927371017054280578 0.145924128058879834851449300789
0.437073515447567785520384109044 0.666783517033655499065634909567 0.027039634080452526839321033148
0.613566128975479975973348790181 0.879056146576194170200843890741 0.180427232882386469507882663750
0.514531622234981862209168264838 0.882668364502968452355438036254 0.449555659780767390476530078454
0.908866507231181243136029899694 0.198332643862262461098493041397 0.120246260675796626870391055064
0.653871575212239853362565469869 0.909894118913546256176218935148 0.307895304353414538405460216443
0.078457885635479710555779936699 0.069496473569593558533748990774 0.105963982627350861142967946583
0.209040829846555156249229629414 0.936596095928023546164655044281 0.440742673792685449414910781643
0.807523485024752248184570576566 0.614281215776878200491496061086 0.624562022591698162141414387777
0.645349482586126997011149554546 0.907365048688555529148594297792 0.867164400771248754161309575872
0.500283801563518077162329178907 0.225277876993263467515129278755 0.794760132947342481584985506494
0.537724975181476665005333867821 0.174154137503819854015925300049 0.254482708354898217016982676097
0.875605389617868358370041124562 0.337502073591380624217643280163 0.902893823781997938845506539505
0.883708085370807404302391759089 0.806230204074463678626208967432 0.137162355901854046881459403115
0.715753997422250477225266702750 0.890573518701089658069610919023 0.145681961845431755472465392673
0.284080813872202464833597496974 0.629671485665203872293957833293 0.181237376917727271731346570189
0.661188417112364064169894956783 0.465885165240742450131230068683 0.564092496554875266345413197041
0.984701751220861213858838385602 0.204918132060714937501534509808 0.079986105113098747708448764958
0.498293600592387986664575104074 0.368000535425950295938340064998 0.648809164636830201297826690978
0.124442551916113213943118798214 0.777764442045683321320311038059 0.179548211453092703736794268406
0.284236997956348511401401381197 0.136178371790348705278154021216 0.992288753508750688738309668527
0.382773242983816156984398297858 0.272889604778817808790897581707 0.954420671870115617456748608233
0.640809750364477767027739204121 0.143525787303467396327943993887 0.205166036203120282283489527692
0.766082473897061711753597141871 0.576808907789316261681478948590 0.637262278512404021362469314958
0.704217999825853784556760858338 0.187956573394052412989101148633 0.010100439745799046384729133299
0.288870959430628041809843785371 0.646232441691472238417689579467 0.325253228009510813942347712115
0.841090148901908766996479969729 0.229900058435260410484034723047 0.740469654042856660233307972202
0.146071721928857768883559467204 0.526512973151983753376746199228 0.534500039483478885115156020147
0.807708440941410074645729738578 0.125451349369855507931418047887 0.509941000297981798745207010120
0.101747088568482449980128058576 0.905774121181982419486301785790 0.413214006471500651412372844024
0.327756891677085770918245603423 0.488492538942248801017741707829 0.578107359352498409980561815665
0.585306173874171675933301319606 0.669338917935308604200957026925 0.716423430194016214894062894110
0.574612068931866637096773834780 0.795570207491427799540728846267 0.006350145077549915451724405734
0.035709261761928873007370613231 0.641486001798710152026054319839 0.074278128100031168868459978739
0.024573894656508416319530051685 0.668957768189719337752104503989 0.579273053839506879278048475084
0.046617001465868132294621568167 0.300433733283098524817794176100 0.309997886900402673303772014543
0.000530234099001872283254090332 0.940709164636323053750743429337 0.835126735658872146387899843446
0.260955434332158323211256668489 0.640445193047078448883359440103 0.662912349391372951885908885735
0.929138647473155156232940802198 0.569767875390810233298811664783 0.509654485745222783775759673962
0.344435212582904405517227351437 0.642346299283982975986318499646 0.615430624305356291863269491808
0.767738521588077674000471620517 0.502969172736379152542997470721 0.087099522905093677211883801184
0.183718382135668790173522445974 0.866194101700966871174515752613 0.966474197589393648343024346461
0.745468177624980370673814371674 0.289227635080716660705532467098 0.912204549791878871646190307375
0.679236017840381593071335468299 0.348228509280183034571089521449 0.878583315273128691164710629303
0.866715641112965863844834936638 0.492299968589591303968027505468 0.644615197612349959548336003572
0.832047169134167876255156423495 0.001469483360721192093413978523 0.343061073076522227006672988541
0.829912111002005163494362602774 0.736333255461578183045606610272 0.479371979228262731539825413310
0.162723904328263658794667077677 0.689860778479708877565936533264 0.750793164708276097312025038146
0.841671211068272686907704532697 0.937043912223041089736508285218 0.090746058694139985712239515453
0.177929704680755509967001845383 0.822786135379962839492447090658 0.638742187694877178196886950529
0.473306883996556595120145711640 0.790791795160960317788964522525 0.277525523218180237873101151964
0.815480159229608126360913957484 0.645530602275929885945251532560 0.659499416109404910826017913846
0.483243580264895405455752169013 0.631106201525569736208719628957 0.624943220667564642074328288262
0.820499866652891604722259219104 0.539060113690464024447768130261 0.666240555569308249631774989189
0.143812393275978944742475808477 0.589976415331863775819010405923 0.610513609561471368633548791360
0.020838215810715498491200549175 0.846729146602198518187734239876 0.441546217032281020243419682547
0.655731564918927990160777083397 0.997069300830509526212758737266 0.899842873066359250270041337858
0.980950402347572661982348097201 0.424346684531759882834869482568 0.438237700375269584732546697898
0.493459156150280583192806644214 0.836034023822939035801253605951 0.584117181151331889907846870572
0.123816196459543951814702501027 0.084488125018710822945319915924 0.033490024233235857763202447951
0.846436295734694235895949616420 0.268744854470231130621862278501 0.324072934477183781200818544182
0.777792052160753882858146496305 0.013329898410751744454992243674 0.618282646313313640659287040016
0.493655406580882177943815971336 0.236603369133490947184581046666 0.557033711542609385239489273696
0.452155980236352442132083287667 0.839791458151043434489934306126 0.011837553011186018592235417735
0.081282353308340908122847456498 0.349015210648553570317934798115 0.385807807799783636409892425370
0.011215278336887752572966544931 0.504336157257098797641975083061 0.991222183019347475391947484759
0.595861760282022972930136165370 0.719365656008475212190548931351 0.019745704373049145017078998077
0.569872882833757858968741687620 0.972003575867918485823231308893 0.855309298873539130561008557279
0.383501062927737330952572918138 0.550952164467235447488307074159 0.732960337227971580251041672889
0.014514231456863092243515020997 0.320633878303156442424256539981 0.435081954783788675722866554000
0.223477283151254404875913488253 0.723839369762925447314932494990 0.064622021387968345398267011832
0.102294892119575359847885082254 0.523538289950333050524078179139 0.044763453053684682817099092788
0.593712775856108492256760524768 0.801878474433781347039066165994 0.324089902169005059377728606291
0.578694697623535323418692475222 0.754101248493115328933351512869 0.227709869011894463149878723950
0.424823388226160763418796427877 0.181960106426157434690970835843 0.429098631779808762953192288982
0.387218801349746786784167044056 0.101033747209649738189695953576 0.334788564312885895415144837403
0.135310883505411781459225576996 0.070131684776837612661554559135 0.921838632964245240701572748183
0.543863790385145627013839325742 0.686796886389974821816236459354 0.678786573009101465376531766845
0.800603955400555399720596960346 0.833122207941273734450680558014 0.770449488871176736598259663133
0.566341080260767444107720885960 0.073010323149084217500371752941 0.076636763064587708555055272983
0.504390891726400116515022607250 0.419563612973272174057217434693 0.137499221256900659868649608664
0.901899280344435060627047451057 0.417713094202171738165754901416 0.765055666383699837349406662787
0.527604678483079560317447888316 0.670871125590545639514359135591 0.076478797609416011583592004752
0.507228133070414682975500288823 0.158670491115976353603355527507 0.267131054604317717356572394046
0.698153745704377354918811877249 0.060824058652144235516811404581 0.635955478937095460380870189942
0.656253331066586694190178889815 0.152719411936587474222581467795 0.184146387281227471155810157166
0.701798166613330303981746451820 0.777862475575197275297610642549 0.777253973797005434742538165204
0.350784484210095535899882776038 0.496364483470398790883384929108 0.807948492863070295542868528880
0.225883273770582600068546295843 0.892426929411234819130199281753 0.637054464217744071195578813850
0.266018948611286868473555098794 0.373434601485128121606442770375 0.968142318840905485979170000331
0.703068909473653875613371449703 0.353572393415355566573013848628 0.977942090985882288986224576496
0.056386518569301655987521412817 0.213303603776315081059690251150 0.811856857218551705786833176949
0.810873858268044144936674538688 0.352664651762306209846866022330 0.379385602150154765690272203756
0.186701620738396702423842212411 0.872350073824293239451826865955 0.220388679933313150746298890648
0.505097196079004498460112014745 0.836708352296419237081336930994 0.913990080574044520399628388589
0.581452893970072000411101981426 0.940712031582020077469003913321 0.217428438487320843226096678238
0.696677511215233011232096725944 0.679740351331917501251484647120 0.572088429072233165491153692196
0.037726503142870631185923278686 0.394140833055642849706606759009 0.227888440773411562654186324944
0.102303897403309564396600397297 0.951514121388830785439477024350 0.780882720725202761897406029145
0.077136685804650384887612943492 0.452300466538107426150740177581 0.360820014801038174723761438758
0.545544021144493983000207223193 0.352841827452634412510042465148 0.859672012297427791176466482146
0.424145702602248791983023408645 0.221586019951827979787642670793 0.685954672956424676839576897828
0.167957373805519944333871709661 0.143375351799324961474226883263 0.485141304583581286397704682037
0.923168526861762723429443946539 0.192158670307086266805420639053 0.780372264397473435004112190884
0.807383808990799987945956858452 0.715204073580282187979913959607 0.826647607139140342619301566707
0.196723578936708392075605825942 0.705157988436623542289651693381 0.320942206217010529537048318254
0.507842778616949317501746008480 0.353128154597843606781867723508 0.140075550934288366107119863569
0.668841582055049654213536901853 0.561914220154137492766934144663 0.165601301619744396718118987982
0.029018244048500202999998745243 0.005254318534581562626321233045 0.625590925660086096793135050622
0.372491817381085482048308912966 0.419359846694386261516273480989 0.344473313583351117463557295121
0.652340824171746047164389417984 0.601113323163015406377500803953 0.943379755924246829563677275990
0.695720267990875982381823366490 0.315362748645958534055367118582 0.448743090335797450375064250720
0.269615673598639407831964707067 0.181984073170619058467440557728 0.792828349864112834462639134534
0.768668031823603516660397698570 0.475344588847887706898840971955 0.745049756938644773566341907178
0.670365669440675921794920243860 0.467460198955028469136620809643 0.145597513074330787376443820751
0.691380237186736908881277118966 0.001384107835670748336519012807 0.118485348609696738794573592989
0.733575670365769442853578076290 0.225548243836945775828515562241 0.749959601899228432068271832841
0.341900332954476695309664076962 0.702269388491123860901486895819 0.675332296632829181996542715576
0.615293265058605196942266226073 0.295638211105738157724454799520 0.396024748072035878847529197601
0.502680310833035731719693926116 0.779872156950641777612545171061 0.124424825054220831010982345009
0.421665097491282471352009554818 0.869370851333484756965573598555 0.488583468999822112198355875405
0.323627251074498242639928302767 0.452331750602824724580789341437 0.117729206277759686294056118786
0.364067690758539626307272141143 0.718969671946545190286406957762 0.565451764434646901828370485982
0.994848188022575685582789676799 0.494799633495632053186764171667 0.355204390332792011765185674581
0.650222589110887909395058585568 0.344360853265550664181166947306 0.041926773517867150734959243208
0.810490270572213559987902935481 0.250492574683584839580996567808 0.792595959395340592302150455844
0.035857830840357979772969734760 0.217193103292415748986720367270 0.007189371310045971220961692120
0.897069324415228123721589219519 0.880931974161496904714119974685 0.327789014638539887301683208404
0.751557582304898646654420831829 0.288805755528101090365432287081 0.814978242302778229998733412170
0.342429449393704751679632033258 0.926567701861497379799834147688 0.853392198341409123799536891728
0.219184691499451448556580169598 0.164310302164539762949848319728 0.344638469279542812399971581549
0.874782185422981217745840746451 0.492264818084837654237485264112 0.764322092525557927082132434855
0.220404821215910397197665804742 0.522574603851030533694412584783 0.451579686835512677192136623522
0.547231608919542675934056540001 0.234410232566105268356180169082 0.893265162506138852387465917143
0.948090869742158897581383715829 0.965717849970748177955408630555 0.524740910575321979592869086371
0.473060275196508203425967990069 0.083977173790862567053381750056 0.374435282426606324063990016783
0.586198184406362255739992937847 0.763726416500264532519557187058 0.500819594185873099830793663216
0.649940067355028660105661714553 0.269543342289191528751222747157 0.588011905517681922930011125314
0.673462792604724236911118829016 0.430606617108139718422032247298 0.351292866064824435596464198793
0.763648570963235256353324786734 0.831451340045916912262815314177 0.206751221052493282387234695519
0.799488637222424060401465701551 0.516042796348243795457101897555 0.021976201684108100288830813230
0.364212990687513392967050348103 0.279664169743113266877950170306 0.800726107517969143236495693581
0.991046098974008639252794470292 0.995890778498731063325999311280 0.567114594787508939415914012661
0.518422156682074555498541949950 0.412404140596313486121114878752 0.797025406818711494289171895091
0.544273144310597752538348472367 0.173960101619328006658015181276 0.710968243743812406898966876803
0.185170120982463784938114180100 0.184859507415151076399663718566 0.212198832262284012576216922584
0.134254799363984222493975490960 0.163337860373916937194823759410 0.899164312434195410149093836277
0.605869710385609884108497199404 0.469765665197397034247133920843 0.494739891162309752452613764178
0.894789330782099818546900780321 0.432670045213744612153236313656 0.943796588435024001537863541429
0.381074345175899263213373098006 0.196195176766984022600810431002 0.491129780127093571990857641486
0.915625998687257384048945898025 0.606614982949889595295811272770 0.551720451601933506118323164381
0.060728304585674445683873415335 0.204314193427713203631192407974 0.389368590195694085033690122892
0.339509456630323525969873323043 0.328816359024590323766014307346 0.016483266534415799695132364890
0.188886398421289028200675104969 0.553369727929687217920714953652 0.511608233608277867301084437898
0.511711452179224743708503711047 0.898670509457455816102926374086 0.830630758684272397200422588293
0.117764404711150826587562470478 0.785933081863341111705596091181 0.044288148798790625028699012934
0.826958805241067158710644773505 0.347876029057012143643361517737 0.291223780535227685462576146559
0.971463942285078567503724154724 0.921316090294941529349856370643 0.184056979132825942007184521826
0.460984677613048951133010023952 0.324022730950029676350801508263 0.219958284790513930543301380615
0.932572384326114961178449016098 0.518333355707901639693812517087 0.191027630206349561131042211507
0.286317838077599482703455094237 0.445447765058034163560190895527 0.134019767165052560349608484324
0.406926403350073539282370616680 0.211276196527251113007664279814 0.986134376313370187718481268488
0.128851461396790986678663333204 0.831504894166694243160934431495 0.362394505918314508569656007991
0.020863200760800614452416139527 0.820119346850255654506486781539 0.594465534120159647644668029812
0.673376473846206847675594399691 0.329880358010829167874576573174 0.853324896594481065848242275552
0.699676509217765923382431914791 0.119858845485016176333154466717 0.490700042951428006970042406788
0.925464048732052869981886390321 0.943464614747591555255572696627 0.842081496753591334451170635164
0.751235590645671313794670613660 0.103127424025890109697187948670 0.554810778262011879043412950219
0.552650781902442343452602450195 0.041833319363316052087787172950 0.414628097311101512740604197013
0.760824394803753585555851943638 0.559849655599129246750063821697 0.223497929717047991258299863244
0.399685836175978094291580441215 0.831038471532871126559521304114 0.113722243690885410336116095732
0.439998273475537582286790741841 0.851721230301949180937750856430 0.054501680054539327848303466699
0.441905554342382160903539745574 0.731056433859404166229124822692 0.285844684450478623632943440239
0.270424432906887130153412846744 0.336781372868399087404885847133 0.886975826696747788484430818578
0.636837067809271299252272205669 0.355994061888128560878418308119 0.716583906749226686322341375612
0.648327551108298262815021950937 0.629011879974207638341162966003 0.773598526424778125770978556136
0.055706834146234481461263326179 0.384077982600800553297107845458 0.923597684564178840602204490361
0.483193937932638315628815318494 0.508543041865656488551105968702 0.221000780938263056904483020198
0.333927876303889740646374766179 0.508800898856436732246271617779 0.567946081529588312644303363778
0.869730247732756108356800544204 0.473445206696929362720868038000 0.910205386819221309676890073269
0.871205723815714813771002364681 0.290553785434986036470246342988 0.702873198005309372520033203564
0.590623209252495479335193105604 0.835405547821190623844349092926 0.732883265181349160620926216169
0.851814377004569158343642903590 0.541236390020661236088484263655 0.610079167667006264645358391208
0.192509214926000218536882368238 0.196054230112861750804545669837 0.233575473243640632499033049700
0.080259906567089790499761474810 0.600730632628697402777168700142 0.069178972935793067900904080777
0.670246879923080312501383806568 0.472183561681085974806756436530 0.342194956622079362800745459993
0.978918745994647624806713709314 0.973208271983842413373924210776 0.069571455438515378847893308953
0.432064691954650430516149461603 0.584053547942317849008539807116 0.878669873753167981324866906795
0.520890898591462613757601304457 0.761950058120957971484922088706 0.884816622163091944385305591457
0.158941335182321423108601150596 0.048000775118985299881187921164 0.166162533140966984919110500987
0.120434703632884627654391492344 0.214251764538984504071039050774 0.009194011261789524464354151006
0.632603243893961154625220104604 0.995930511063304263610797173659 0.074987577296515673035740671419
0.087599280390104007653274068835 0.467458490448868924675932404214 0.514099513904106584926901781658
0.184216666915252160125984415109 0.645565228276624988519535723317 0.333696652237511832678900289200
0.723176863994967941350508107181 0.049036085842035107690766593545 0.249618403786392454490597433850
0.672616848665388573467330277981 0.311776754746737488025285904905 0.965810372123834762780480564950
0.790596584123497594934140266675 0.251811461359553463717534057269 0.255188951001116797343196314855
0.149107835720785640664459273242 0.579219577290111590141988158942 0.372339709997323821142777897195
0.300191723902132654400347697185 0.979431013877182458054380202788 0.003899572894411857192412651351
0.785097720187363561719336806100 0.740063894846498121365683125175 0.272490355080529641566270063362
0.869735378596622494112830390765 0.007509275616477304457052002778 0.589417356923078824554920530975
0.463127922256280358150355909211 0.402215364089517459179467365559 0.634750924807245864414220536666
0.999220078531105196112393654376 0.677631790659909938551402313973 0.741523348894130559593320182328
0.116687882198044687859062291588 0.723596293968101760572264893693 0.938365177887727283895232465114
0.241465442100718625300707781510 0.591332883381355452492119113261 0.723459743601264973165642338352
0.475781713596123904248695717587 0.257831320661262455757989124625 0.857652349484419250169307348064
0.269372124823634573515538878917 0.819174435703685644057667962601 0.000976059158847905714077486406
0.834904756581696015673437009655 0.492476665966931724320808023991 0.621836248759042688277252844284
0.625365864790145714136562785117 0.730407980614620723138309396623 0.711745873588885723107779069147
0.537517396306921986904947869022 0.348297238321279176370162866302 0.851068566679032347071131864211
0.769425043348316136708236002371 0.068335801241544632529558670676 0.726292991559634683731852615265
0.051214859578057300401266114773 0.471539999826949824897047395891 0.710690729651697000350741160609
0.459899743349232579334979179408 0.034302518593079612047901414521 0.335280438835886746941009490479
0.162719342549384671963552042566 0.356072205426137602992183617231 0.131691241641423248415991628056
0.149342568902628657606021075638 0.868747541011598039292937829396 0.220485161563024766680224058894
0.610353996102019616900481079247 0.638727078181568366102110078540 0.930314055288541539775313837893
0.168482182527149702024193910605 0.907472507044803406538722880083 0.405537540799210366096868605192
0.012393882866550142041361425761 0.851833638084831166747238277369 0.933265561109105873096111010261
0.342600941619166215328292619573 0.752516585018729075422840077662 0.963741265083921194076345356698
0.023726913904620809242960207102 0.476781706119198930993360192959 0.941959914866419657849521954592
0.474273570701293275203557676823 0.576648792191710111411578995792 0.004842401296246069142075354250
0.102369765556403074393162472405 0.860929164432645177350265128831 0.488905090349306998465467724557
0.661569192357141196903058479275 0.355665220301565831338853861236 0.458275325613793897643060189841
0.397189224664963953931885299218 0.508564421825257516950265003039 0.124997204988291488843534174958
0.451046348245768951599209736620 0.043538752740168282903332017466 0.599856308752851695940967799872
0.713771625017138242282491370563 0.027586606344308302097583478205 0.022748223872004706695012575083
0.894126065697403264363056534276 0.336418476489204899187859012853 0.417354586183301378551723674312
0.469689467885342915017620776690 0.856381217845807268832185878156 0.723817824660593049100195332854
0.272381094993922272226437567545 0.700432403447637947851102527756 0.029677499807546297311970847100
0.693455164929646017570996259326 0.707104117240212016558864439081 0.498914018780383282801439242185
0.384230622472985559207878043517 0.238555476652075960157034015330 0.129089042616678018211721950641
0.568987196418073816863485586302 0.118766266900625616971795161894 0.721398809120773014762603239659
0.619631549094243047993992858446 0.738841772195203412162598880616 0.505343635246621916553214008370
0.002597547721167211303821109213 0.887926599889030712054612002504 0.665765013319607472341997807586
0.565057989056054307385211518593 0.688013784082858651199227450436 0.972994412011252738199107636077
0.420419917189314443383549371080 0.306003457758334607831304746220 0.354234928156546606079899076248
0.370907930059871929717548743284 0.825393035737032509043032011053 0.084968125758748425339447397140
0.000823904366495430719678311966 0.861155999283621871638034124890 0.826578620976921330373872382375
0.213802419420760263189491081222 0.550021273441691777619377003527 0.677280348056818807286661236075
0.943556167945471633331076399903 0.959147978912901608782433269281 0.858340556119726074437162266323
0.973332459299157909974635347858 0.448484520067687995169216840118 0.241519945259603692025819438745
0.113142759376984358058074959072 0.448168899125487548526581783532 0.275297122176585860930214334228
0.818195205177685925290854882394 0.004266988314383979745891525408 0.594454032172874492305669469577
0.024232968186143069796910935625 0.811510740425033477750201169317 0.902972499314639412244549804830
0.110639963846832797880932845739 0.340919593333107770356185972772 0.876574725733745429196116752199
0.626187722784227261734218058162 0.438237293936099561436247061010 0.022700818684179579041839154287
0.138347607170272507417572748526 0.449157293234616600327394524898 0.750033300147980610627990200039
0.992029867980739045328735402974 0.215789437288634930325384329396 0.097968723279897681975391257045
0.809566333600275845490049715845 0.373357517589679369799726387842 0.562147865144093959489553349717
0.990724898950079518435768343768 0.032693923334477110473734831717 0.000877312286728223709088912545
0.371305752214562802177204267758 0.264050571944186964880493731123 0.283736996982876838271639192476
0.858924376994651972457538965173 0.738553103551915142826794381475 0.690349869270936887555282928870
0.486004448542031275593201097492 0.949622685455656471031986233441 0.277545139583408688531902228879
0.215849622709813575836471622010 0.576913190261076359339109397127 0.892972941136100898444195713064
0.837822972678725454209333615947 0.348098485874635451324344241793 0.364720393347935852590629959088
0.037853745929485323365592470379 0.804611996910913772033884628444 0.228369776253840559650468336688
0.832872967847333455570858735680 0.296403396382981174054482260055 0.148121824179200258313992094390
0.638457773001251263546497274892 0.925219970487185727742032377150 0.930052777709546739107706535334
0.179436752136728098015111372547 0.164621906452137237089434011294 0.696333538122227446800023899395
0.633103401509685391414264362521 0.984479147431567855062373152219 0.061550666670096703865154339413
0.110886231323383615032237071715 0.287229170554533957575726094380 0.918336595171279081406331652882
0.833729497027116318266043267180 0.548094219421215699239097636727 0.666845435941845450824910232849
0.568146625537424893531905093029 0.863219984690736900005462265239 0.600670835376426155942300543676
0.287487344032748157773087020223 0.168166681838289940223190644429 0.194200032302095691868053239083
0.362462852270192111993599001493 0.466910276392362517523873655256 0.639334384832659435943367944618
0.507681496108199289036673513478 0.831533467706869918381174776290 0.770431698888358123934055019433
0.336991898694179334398667490237 0.491862287667782652279785046495 0.155975974815714634973378282711
0.673622782550999795733696322907 0.350949121619273965316182366207 0.217178957720139155113120034241
0.657677794026456473260428296559 0.214941826822266756007929274633 0.705197150113782302999411973564
0.939894224883560670720107440259 0.815158146070813809727561333594 0.185463107571575844974598708408
0.491962673750673541313292891434 0.694087860771641810373417022436 0.332557438313792174891022842627
0.592503103986612689670182724775 0.399285309078420325131490979292 0.921410129171650727035142459615
0.936716296596981554743452836223 0.632357479614977051634423196635 0.421719469463797178481159223458
0.594909197038167759682510156058 0.501916717790370325368029775361 0.077910011488622629322789731460
0.092316574925491825644722650568 0.102324359589953658868862783016 0.873809303829849323651148400917
0.184214351976933823611069434950 0.733615162937403110525037446739 0.187701843321137740123255800547
0.553163166964279467939973083518 0.276643241226487979585721935552 0.950366303677918482133265562381
0.270466051188446729484950896183 0.300781681121633985812663067969 0.951411284614258352643194128331
0.488092280511713123861719506917 0.358794571247285166885447017908 0.023052352314909623621221626893
0.271082838898102314656762940408 0.085138655403541308304320732885 0.613800961080463673546704861289
0.619522112588668131766887172277 0.823651916305532295401591570045 0.508746851312112389851010471626
0.734252323678592449887862656041 0.240143853297498693769963095832 0.819268291928240601458043532880
0.026599185872209613244846366386 0.862404048207846258798962034581 0.500611062100787684703032038381
0.754068406301767906792661486581 0.575079321373271609885136922155 0.863023701865304328568392013403
0.461394608698602498920606280921 0.465209318274086510445095468788 0.782663154350734503568797351620
0.068582858674257578768866512897 0.970152460668953403848825727678 0.906537765203259795820834156116
0.058791359056015904316811234705 0.461537319605906299466232108507 0.223635544806781556760394770359
0.943127093430584921590563274033 0.959861398907494051736557282536 0.099749853667575321012976636894
0.369010227683616600012454696717 0.937847496865309712687304418133 0.794417055276932401479542131839
0.274024790566512454529422073511 0.083109588337573429686997969336 0.703528888728617707762614178291
0.112165869675932195446803692696 0.226230289770456074893157502637 0.784543736583353664398836995414
0.925389641264684451548812673557 0.754594206340326230058379473977 0.500307378603978584470690853154
0.628287587009544028100822298010 0.260208091507122924145806553413 0.929383736215867788365454729135
0.539806000691362506881879805006 0.821856773252457393666227992859 0.016327621056419357317320022057
0.248411795518389753259504326416 0.234573985949877325994170174726 0.309044688214100225911127957902
0.321776171792823778393530463599 0.552401805651018742905153177208 0.201451338939938722089350739312
0.173024252316070177016367849289 0.550088764755914120574646203703 0.723437264088348766027531385240
0.152578256439706298512995598680 0.053015414673562691576580874706 0.566954315268636210184215714486
0.982975627814810349508384884058 0.880223184526259308615956637841 0.334710252983996693351770391307
0.569558641715633667541186105539 0.387361717186912703830366661965 0.174371914449573487715122928661
0.231208540675265432534094958208 0.285899513029788004158950299592 0.305356069103562445584193646242
0.774848163673188246744163450629 0.878767582189563557442291408095 0.039363626416805859690694182655
0.500694819904358045406154078556 0.134727130170519055503849397443 0.302323139269460080776820297713
0.556226612298479182452340905718 0.464654448292594164774456655386 0.883140276347991608759553846818
0.525353122427491381243123657723 0.681389696048620697373611256667 0.758806121739100066533768548655
0.527591320931702165460414854744 0.006847033447670893164459465605 0.591553474991643837556451302543
0.531167956008495411220905347611 0.936672735690149742654163854938 0.931495272670815060025173914215
0.130539061651264078240932307103 0.104951068271829742298808504354 0.293554572010529984255298563393
0.329718183236554895961412044476 0.741830513105140162059035017034 0.660293734242976795391983403851
0.166426369647256970725569765283 0.764304799867423555335814564219 0.988333339636712564427028643726
0.045349716488143742953853340837 0.675484876846265576296546635889 0.613837768495396049765713623682
0.226628948033212930575610248571 0.161647289091568966223808741973 0.990358837394166335659539201362
0.327143677240704668872657583032 0.461679011553854920166660071437 0.452074068652933406434042848064
0.541751509821734474038220088088 0.626959463517039776435691143350 0.393032529689539750901391373846
0.442910650038913821326950103105 0.513376832128648152411223355789 0.194388588037216373361820244465
0.582810576709318322811838107232 0.244397686514308648613784428694 0.817392946298379866764882710308
0.763830441830173017343536180827 0.447349971114368117695253422810 0.183048975722380083738386386191
0.297626405866219459964442524893 0.605924007839854503304453113743 0.160514444715777098309474703447
0.339158056675602436358982914755 0.653875768136333092285310001444 0.885424812207200903547411817341
0.924572371894826524250430915873 0.619528236981231259625696271862 0.317103200334514934916649363262
0.826593634357552597967325269050 0.371573460085661740876876113006 0.172415388525143866087317715770
0.234003378046248048860715822604 0.537154672259680454791370993366 0.748417613514956889729395708064
0.646397307528934633420300469743 0.612178362377058917654654105102 0.506585326081788860864749564386
0.094225071817134706313691371779 0.559545586677420262998359499808 0.779882410287810578096960701523
0.500706365674109394001741905111 0.450832016395114005320239891871 0.383014053617341218377746861184
0.648993798367695559906453003060 0.800599150828393927609776517483 0.243597737278847678776791425629
0.575654391711312867899745131973 0.763439520430387955019177748630 0.202808076155077604561558430999
0.087091580492247169685350588906 0.489770995416129885539709942455 0.414378666284329441247469751082
0.468076604398269034424724809534 0.942953533156838715964830803049 0.316138910717856769522270691603
0.587358499724532774784859339391 0.814849176546810177386383279801 0.341627884309699267680206670484
0.258008677940201268495954400276 0.316098853192892043485398517537 0.008163856207918518006260572187
0.829419691537249935424670931960 0.437437488430576645182867302075 0.017061637674792185750192992889
0.904974733857471560620702476282 0.606405466104860606962004274007 0.855203569103288799595645987700
0.616762412273178157718441801306 0.030817777322889724880920186457 0.725970587934608490872653027354
0.987168254222379638040466384111 0.092435501057604712296010595589 0.127963230689842611362627461620
0.974403277909492969673043618566 0.304655525492760456808181364608 0.811952507367957999063118999727
0.296256702270681061763025563923 0.556957093597288307187492207300 0.039900185068616057014378076393
0.128844532905711478568410319052 0.749844533564047238121081075117 0.160912786212425770545765475640
0.641265695205902548820666156820 0.624300050365625023503841048563 0.683514775810646498247040499723
0.040805225443207415302358946567 0.176879906206308383911467414767 0.439148547864162082647174830530
0.588572585174835510522923714222 0.297990704438927980366232562227 0.653975508097753724202093709383
0.559920910506597574103301453489 0.413189226649932476345556322211 0.833124702459444983034161245300
0.135983934349391290654001368531 0.932715643359829936309673196310 0.090052939049996614842454253497
0.792101474785302345100810900101 0.245038306465385317083352993629 0.653160065747530342927150485498
0.321324390429653314225941941845 0.974810554879722135487693847684 0.568391623788300678471633006802
0.071448362727769508978320022352 0.891055079408482441365499765505 0.556185939869739469556512816666
0.182564748398564271097519667662 0.267636116932289026930429324788 0.732043375077906836759688823343
0.667834728193459733230662246816 0.768998797160301965568439078070 0.728022767621031637539996093269
0.753361633534528816344819157708 0.542675192759671248626952166950 0.671106195647037873162032709969
0.462251242125010328654682410265 0.725508324607360189298594323854 0.854817181037929200680234472048
0.051050693241188503800205775474 0.524567126067104462493437476112 0.476004291752646384557132471776
0.993859163135513222975667657119 0.649934596608853804981219608317 0.973255401241744358710418197825
0.249109440197279189831146876143 0.517843023124454387790561018770 0.699665192289188700240745168648
0.288748657241710949882820397703 0.857724952970983033374391563374 0.702643219935570549110303707108
0.947714813140260586083560603829 0.012635136816475816843656307508 0.312545107128905900446175429124
0.355905083149879243002686233300 0.837270821304165271183956821027 0.872014760199161800690256665273
0.193840070827129844557176945459 0.153361388675589510512620489032 0.104912271205617394155860307817
0.185750273996130280012185027025 0.693864854187083104738895892870 0.878966285658807840562131789756
0.346399288765117371391327137585 0.519246736555455549386103958181 0.538489477405222918065405216030
0.125234602659046776377924121866 0.502027305369833396312802442657 0.544731701576733922390969298064
0.438587406560019033863652967995 0.979764699220425733034142211299 0.643857660085295905024694905888
0.720520245661055769038427842994 0.691082874888179533129415885072 0.242037932938253575019227703443
0.493085427000383644881777352562 0.013056828619652263050795694530 0.522839831954765247588339101106
0.208036583071396944233923423711 0.421985708655357852399764711101 0.772703074911462894575065180198
0.172385113708232661343030327167 0.899269864367857194915743853588 0.071764644151851032772710097419
0.100243513049012551394457978658 0.335377780093202186098573534588 0.970656020885659496107759835838
0.883417732187442335663425114832 0.769304261304480833510715337824 0.621459656141111913600937664252
0.914427270491331095777118095135 0.541128404609735873460288155668 0.571731652252666529762713351026
0.811350741361802752827429544142 0.207653696663978455698417564159 0.507900363137110523423751714028
0.932823910307703137889630031555 0.488374172390273213846563795443 0.883009754661410751716733270128
0.698199755554156332236586171437 0.042633717582231673311679920943 0.000606505267139135545268053152
0.185620979049155974204656641979 0.244511159092365177331672754333 0.880666802587348523087024837147
0.608653543207945706050598911326 0.154229154649233473467211045188 0.510746239903056483863178756315
0.683292486363589335421937574362 0.532184125724257314039437116894 0.145654748610654885492098951598
0.339323756061832573594028488170 0.265219877379581064854000942485 0.731674050881155715407670479671
0.441403325220225496921461402847 0.656984991382008053210778597507 0.725207783407492345580400774845
0.456024402548754230017872112557 0.550531202109625129983909994288 0.314691495799820048461343551153
0.019431578063407236219233505559 0.966974560159060018460057714971 0.700145593229739874591608237771
0.931050552808095303776735220535 0.346958095047413649513869678013 0.539174328216805883280338050416
0.551113407682729515137610101805 0.930209003912958895940991165403 0.840045414335456632418163250793
0.836437043204157767459785737510 0.115424755918560809360168940145 0.422127502931031411392794785127