  0.0703665
   0.369208
  0.0880306
   0.311922
   0.622729
  0.0781128
  0.0368733
   0.457021
   0.599154
  0.0276716
   0.539102
   0.822824
   0.976313
   0.565893
   0.242427
   0.186601
   0.220143
     0.3264
   0.117414
  0.0927841
   0.495249
   0.699587
   0.593876
   0.732922
   0.301782
   0.499078
   0.567987
   0.840522
   0.381448
   0.305568
   0.963139
   0.775366
   0.202768
   0.430281
   0.300855
    0.70154
   0.817953
   0.981102
   0.101778
  0.0614187
   0.100813
  0.0764352
   0.941443
  0.0796833
   0.790669
   0.661047
   0.949654
  0.0587096
   0.798099
   0.605982
  0.0707352
   0.439307
  0.0972025
   0.323006
   0.162197
   0.876747
   0.847696
   0.860966
   0.621564
   0.186504
   0.140627
   0.241483
 0.00782535
   0.897395
    0.57794
   0.384621
  0.0155717
   0.129368
   0.516568
   0.725036
   0.330894
   0.567592
   0.247263
   0.754151
   0.795414
   0.435286
   0.283031
  0.0139042
    0.14069
   0.140713
   0.816888
   0.814374
   0.648521
   0.871961
   0.556472
    0.31426
  0.0597453
     0.3549
   0.757389
   0.531784
   0.990363
    0.92253
   0.731035
   0.902547
   0.536553
    0.18391
   0.781312
   0.768814
   0.595045
   0.267321
   0.885473
   0.168381
   0.466375
   0.229616
   0.708094
  0.0205902
   0.549021
   0.899272
   0.711344
  0.0700938
   0.583887
   0.516679
   0.275355
   0.801378
   0.511968
   0.536551
   0.840407
   0.516436
   0.842019
   0.673486
   0.890577
   0.473125
   0.792301
   0.754897
   0.766675
   0.685555
   0.500634
   0.585333
   0.481273
   0.465679
   0.887765
   0.959349
   0.466349
   0.391044
   0.122646
   0.888147
   0.926832
   0.404968
   0.843794
    0.72509
   0.230223
   0.639661
   0.390903
    0.25432
   0.990002
    0.57813
   0.985802
   0.490957
   0.327719
   0.477595
   0.857371
   0.599402
   0.795694
   0.527854
   0.355797
   0.115378
   0.539363
   0.856687
  0.0158057
   0.365825
   0.232518
   0.741357
   0.846841
   0.429626
   0.116398
   0.698926
   0.554968
   0.352636
   0.651543
  0.0846905
   0.492213
   0.254028
   0.275907
   0.443272
   0.166098
   0.919661
   0.427074
   0.672906
   0.191276
  0.0929861
    0.33785
   0.187536
    0.79727
   0.180533
   0.275025
  0.0350714
   0.249719
  0.0961732
   0.234034
  0.0863619
   0.341824
   0.702441
   0.814203
   0.805623
   0.403243
      0.386
   0.123075
   0.486552
    0.96089
   0.395744
   0.685348
   0.947324
   0.886016
   0.543879
   0.778467
   0.824735
   0.467683
   0.556443
  0.0829856
   0.441822
   0.518633
  0.0493641
   0.544736
   0.337063
   0.551971
  0.0595293
   0.865287
   0.288634
   0.346487
   0.235907
   0.950268
    0.60325
   0.643836
   0.229909
  0.0430741
   0.402979
  0.0871501
   0.520605
   0.352297
   0.181945
   0.731294
   0.553079
   0.730075
   0.413803
   0.196205
   0.274653
   0.793131
   0.780649
   0.206795
   0.277118
   0.424762
   0.593131
   0.480047
   0.815637
   0.584221
   0.695837
   0.944671
    0.62778
   0.306923
   0.427505
   0.374399
   0.470334
   0.852534
   0.129543
   0.723352
   0.227049
   0.861596
   0.206119
   0.111593
   0.955914
   0.209224
   0.445594
   0.694489
   0.428795
   0.649021
   0.144901
   0.546415
    0.22626
   0.215769
   0.782574
    0.16634
   0.543381
   0.990886
   0.519657
  0.0135107
   0.243202
   0.518096
   0.778009
   0.132695
   0.320285
   0.618343
   0.060059
   0.548804
    0.42402
   0.813233
   0.864202
  0.0845518
   0.269921
 0.00470974
   0.881707
    0.29286
   0.456215
   0.953799
  0.0731479
   0.921545
   0.953734
   0.434306
   0.581846
   0.755483
   0.700303
   0.381778
   0.896165
   0.232203
   0.705718
   0.901895
    0.79014
   0.454488
   0.234672
   0.689522
   0.485816
   0.826802
   0.426451
   0.935693
   0.845326
   0.115587
   0.328052
   0.509472
    0.82505
   0.690235
   0.743966
   0.160126
   0.418994
  0.0189583
   0.542935
   0.167879
   0.599868
   0.359141
   0.269694
   0.596414
   0.492196
   0.892296
   0.958634
    0.11726
   0.460442
   0.825842
   0.235239
   0.182148
   0.792489
   0.816716
   0.403772
   0.454297
   0.471605
   0.560819
   0.700538
  0.0552381
  0.0585306
   0.619868
   0.245025
   0.391705
   0.694143
   0.563396
   0.587584
   0.970698
   0.557261
  0.0210296
   0.693665
   0.364151
   0.365608
   0.131689
    0.56627
   0.475429
0.000682395
   0.909202
   0.267642
   0.984112
   0.147274
   0.962227
   0.477012
   0.879631
   0.296707
   0.195441
    0.76174
   0.466332
   0.512266
   0.457633
   0.438277
   0.157458
   0.765871
   0.792352
   0.155583
   0.821351
   0.314994
    0.10392
   0.168339
   0.247261
   0.135905
   0.167001
   0.757415
   0.971886
   0.656541
   0.376655
   0.869287
   0.238397
   0.395962
   0.484229
   0.213137
   0.765759
    0.48285
   0.342201
   0.422474
   0.877981
    0.43025
    0.94957
   0.051495
   0.196162
   0.631342
   0.953808
   0.701957
   0.179488
   0.530946
   0.189203
  0.0450211
   0.844115
   0.780285
   0.674255
   0.810861
   0.925897
   0.913364
   0.823402
   0.996261
   0.493319
   0.339214
   0.346681
  0.0172761
   0.984421
   0.938718
   0.692714
   0.154557
   0.973832
  0.0110882
   0.760574
  0.0227555
  0.0746715
   0.297312
   0.847138
   0.128736
   0.231739
   0.443545
  0.0698648
   0.263409
   0.414552
   0.221185
   0.218966
     0.1039
   0.835755
   0.791373
   0.452899
   0.364812
   0.998497
    0.64958
   0.199569
   0.641443
   0.589864
   0.215241
  0.0257837
   0.732012
   0.357242
   0.510309
   0.326298
   0.776907
  0.0998434
   0.620623
   0.602998
   0.297158
   0.653938
    0.30771
    0.27479
   0.951654
   0.919167
   0.796437
   0.214659
   0.492656
   0.360936
    0.22762
   0.795034
  0.0230745
   0.779503
   0.996013
     0.2848
   0.955821
    0.55152
    0.94191
  0.0124644
   0.831971
   0.852179
   0.627744
   0.562153
   0.458773
     0.7958
   0.324296
   0.243009
    0.79912
   0.793079
   0.428984
    0.46462
   0.445599
   0.459447
   0.876215
   0.257671
   0.615788
   0.184107
   0.846351
   0.853305
   0.726908
  0.0756338
   0.257584
   0.126596
   0.390728
   0.780002
   0.813265
   0.430574
   0.222085