0.388431306312338774047588226978 0.891335958050050423966889469161 0.577690866959491430301830081862
0.321798738071771590096063245713 0.208037506415555901978507588701 0.829428444245096824656601233588
0.158620978659609392036787320557 0.530054125389258651826671706390 0.029684768628024282465297426596
0.014174693008854738926797660919 0.406527007835465325894182389209 0.653032499048735184802861493602
0.187735181851635197433730241336 0.761352840983804108084601094665 0.663506057914328254125715526334
0.779603983722990277932460855062 0.523468201300521846907128312542 0.842630667594730831736985997472
0.194077712177535976403628827756 0.850133453039589603359991341504 0.498934512462426022463270648166
0.549928302938142318340817990462 0.752953244134750670232783026754 0.139978291103885266658025021026
0.341717603922020793340329844986 0.513787946387773630394496826626 0.403748589802521281536050978811
0.350489619384640014108728328960 0.730895706627362870433305155791 0.331889014449387736440122899402
0.539531927774858899761539686364 0.437007273183941447164853529370 0.543833263201795057243675918374
0.785272496372301713333393825730 0.474598189309928943456976765175 0.412717346352221408860849409799
0.232170259723569866271920686283 0.296021588956102290023080762032 0.146965590939274474528319425966
0.028887951359813307120726915047 0.000062490144996715258145713152 0.007433746659939883576397380777
0.532268430284946319019510132442 0.228124172388634609690453083861 0.837909877591529297428462484193
0.585834200633691167800050144167 0.199849688179977238689740427081 0.397912473115367704507946970795
0.825779559120291169051684181831 0.307328341721175072260340643729 0.693071832983580818543456561689
0.488550162303438280696992441740 0.421814385222671898948631166639 0.773132889222685260813339517774
0.792999479708456926379725084068 0.584151329725477908608404396739 0.981538478227320108994990205237
0.496680551568535390405365844193 0.771204644998476839655876278537 0.364553972466947386364358692340
0.212704020677248186640200234978 0.711622056499276461662581296504 0.858619412322815519630699913738
0.880328318206339486542777015512 0.803258411366944766601713370529 0.129611538070813967285334351835
0.738536971257643693298441912030 0.535399224574904629171422568689 0.602763943198565625888634671971
0.716194526046297397189863787356 0.006661802117111637409705924096 0.027203929886548486472216684503
0.034934054279349860297047021465 0.271571729477710509543460846508 0.530936922491596090358981033915
0.441903293930600194259686733409 0.493349348506920572721300656526 0.382222683209648251531318218369
0.914338448032069740502935917885 0.461536667399210370310476053071 0.199946357548912771998682296402
0.956501096425412598890738865125 0.428259241810705545489985149892 0.645182958520493006708122766021
0.000336608514454740217307332306 0.179164863459567267719067823752 0.040938943697619152264196269866
0.430067668578878601318136103925 0.335252993803597124647706697124 0.303983358133861059664074414701
0.829616845895215998758012455071 0.089767057314414793290863282717 0.685109509117100470540673476274
0.382625927807723539494788616551 0.515842320473930000979026553649 0.613372421455391152979833817870
0.459087845945901183575331784489 0.256149438695138982901946090785 0.239832671062233562779177477013
0.079078107484852454061759299873 0.570033152641294826338163151500 0.493707253424758275027383289665
0.158477553010419445700369947460 0.725388355969632593658418394274 0.171590733357757228697288797591
0.539805599084849070201283382611 0.541583500068887950229937524638 0.588922318977770587307185892098
0.974089319076138935469698941045 0.634288656492272015762597656720 0.768247963043719805000415114336
0.194537477104214419575841440983 0.975416428699137083824200989849 0.110217970918535366646671432812
0.900109638624220060637564730641 0.433008933899223716268373391472 0.857466387838773497451529970716
0.043006158192192621582689501932 0.197369268560556181488743360787 0.501046341413164545555701368441
0.383420107414217294880525239185 0.541206312552697367064792610977 0.563502029871553287953329200331
0.178182412327702192212531945275 0.195180108129173219956361187035 0.499613342570300056434411429908
0.135309553024520250614429694095 0.185936310210923136676235474913 0.151411371295796538287203477251
0.922372922334767024085178048280 0.303770389067935981388941271128 0.630980092098840582925259274559
0.738634534456204639128692395601 0.143636454552505910056088802888 0.004238729181502467064969691744
0.144606269697999965383981501291 0.645913674086128856007993991175 0.757801981431859287157089377614
0.709667128963385381750957067578 0.202990552013206926547506068663 0.805665026555480974382311615420
0.387411938233562326768166880119 0.399500365663526840872005055020 0.167722796666870690401639880153
0.159635352412626455771892299013 0.107151839634125745253685191798 0.302302973121741339967794263419
0.547743420080491816503251695271 0.699327287525685614983222555201 0.214147868627971180403074404579
0.363508367832708284225400768597 0.787365321187189459662478646872 0.528849285801352518905922493613
0.492942490518157465350485310418 0.182141001262896473276510439443 0.438407026786837056294325190858
0.203225138371637209764990068520 0.850465795138422868050848891644 0.887375618625249557228631935010
0.178776652009058338846442724379 0.575265166242373359730595097690 0.042734483264213268349659693008
0.160980826907266417282210738962 0.567125310241238743415203743465 0.706434448403802627381451018171
0.800917497419829788621348688125 0.293746227376076633938414512609 0.618378834407932657535754924412
0.911843137978120062614037108352 0.874716998910009070544826027013 0.842973931998743077415974460174
0.948770619343399154873477530908 0.068252671985659446453098582666 0.743900041638107287215502748794
0.708533537786603778799279690565 0.400191704132351185768450879104 0.792914436797536091734750662373
0.558278198820999478572664867732 0.567409548205219414678231108016 0.163970197091204946553561770000
0.973744278237185481046296335133 0.018889239523994773511861528179 0.038024817877088781776791897337
0.349858404071292504174160158226 0.230161131201514359886004347033 0.346387877986888450284167413313
0.575011930181774123300022696546 0.367028312422979215408283408356 0.813372222973673339900991317441
0.346477500917934879050513079885 0.188216075525007948133965016527 0.009731736136013704367857034435
0.429293905551415082456076528353 0.645639671533937900036366146807 0.209384925801052268731478650072
0.650662009638391098063464220889 0.920620021504339384860056544984 0.505482813149191386295849196021
0.202258835293329662483780090919 0.603367628279501578995732718975 0.162268189888664310197197875824
0.053269428106014091169749373567 0.344565017922823793752618320186 0.805330815065663274692529778568
0.015807004034898932000280630310 0.111698686762503450722035691732 0.149715174642391059000619662428
0.267005883421369309370537449002 0.647487040543071094374273223512 0.168572621140489470368832782285
0.623451526900026663539318294166 0.019503433956582210274120878669 0.299084986099152857398532208143
0.052485256640195859744539649971 0.595542211595720653105670567397 0.236569963298658716333460125851
0.466441537280468569791323491407 0.705964580547728827832748357622 0.863655748740264092061017017985
0.210758379155370541036349743597 0.100727943742727305062313889882 0.076933660069786404664070089271
0.899726063527411393449048564840 0.052497192755856722931588663066 0.422406685232723070589494908188
0.563661568345319355723115413354 0.304554558790008265534962410554 0.505358923537311587746777865278
0.393259393729784623559125875808 0.836662246081429213138200783474 0.501185421366934158703672348258
0.611011077209957738884585427650 0.676477923940418628719618902011 0.611128262180530973605575118270
0.066655455764173354772958653934 0.984258029704338217603546825721 0.300405957782887166897532706379
0.118874803238354240443639578150 0.372936505544746891194975249387 0.523772388078915714777904113102
0.268804172620631495336569743259 0.292596054343265070258931690522 0.821306961226668162309139249916
0.788470805243178885167564023554 0.601430154273072362215550132188 0.355751913990165375107562371805
0.166402018104364845496721891437 0.768461278619393344210643744403 0.194325863695739152545515680297
0.823098080223085377789324350294 0.274808995951220926658480617154 0.011984745861969170002940813023
0.915584686968868018992673561077 0.545098862314783118167940701294 0.096938986501761657406774905391
0.486199403674576212310189980138 0.444818390610677758653868035543 0.946664142819589939131782406853
0.897322449285779232269986824100 0.534011881980865442611295588799 0.959277101138400052500787285399
0.124528092048976201188934520718 0.285394736357049103986300511042 0.249964690027813983234403842231
0.540234890614817898194287052170 0.495992590299864927562840794423 0.146883619004731088703684614979
0.267704877493256711465466728223 0.632931761594880044429769029935 0.900010704446379965259261731331
0.247547782642604194228858155578 0.804288464759334111756856805750 0.628508332123534459902821362246
0.615363630201348530384295357010 0.157191624452910220741495155775 0.135273401309827578488848834086
0.986729650297776731768405456461 0.748768897661550373832214478551 0.138475003949213933618240292771
0.869081323906129292881781012622 0.395994191201668743697295992859 0.764500580483117715002121756265
0.522649084706304027571290717065 0.269022170746022310870673111957 0.179127340686213443876188863825
0.911998505236196629635545783441 0.179716187763209356128677781170 0.047547639408540728537024385197
0.088128360923591729924025333014 0.744404973659863739980105066479 0.842987599048164599693893828934
0.292391114659331687952527096679 0.481026226573779522974077012849 0.237604730456532459977122146735
0.254984365512802487986737254643 0.921738596553143384101262695032 0.594936934835689226633963056731
0.195606559046115660940561726821 0.982008652594346600454595933853 0.450789850865342647057803308028
0.138992353436642630910856635464 0.662903070469593358011642787289 0.778812509726884911115896633525
0.195543017411346626241191861301 0.249772766982377138959720976959 0.022429078009627456324606094163
0.708579575581712078845591591359 0.197686633736703461490597292120 0.009129825737539347983199623599
0.005268175953948754808930186493 0.796774309714212437217625980553 0.362224874644053408031044505675
0.068974960174571015805640046297 0.764824255536104393044293647643 0.913967510704731105235253503803
0.023112841850290793106550749087 0.755789424506898138288373932367 0.480359233715270057364631423692
0.274531284161420490108485918654 0.826559054064069884140856803848 0.579278295127865877920694389042
0.178218404334422260421559062846 0.326422433171433515937113577100 0.293749111021107830639953457803
0.530144394368397709346827864832 0.355660624515198295505586189795 0.355257568977014361574374191940
0.879017392471512050241773373006 0.993776401177174931553078497597 0.719308027617132106048750133968
0.416646315865958990440420105010 0.140526602301034155515338146963 0.370187101631308814560396782259
0.545181160476341056627021459090 0.205960022555942485592489224495 0.401556704627749427216974240984
0.580508830341094651566958596027 0.235137375878596570841606134990 0.680253759989943044326260062020
0.231835222691527648015663046197 0.258612924762550191123451123775 0.748806303515683984396152591279
0.150763818814786719599212442380 0.727517930908474452094614492100 0.579742145042824263580050634654
0.464240341026717967295041066354 0.514235836925132514343378713862 0.738160334530859248613880670800
0.516649013636892266857446263608 0.964263612126200849772625527116 0.149802380915874658943991207338
0.133674370620722663059890664544 0.917712284317788985094542524598 0.168267343010629845422878903275
0.647502924331863331234695212329 0.540434260235631706955301724774 0.775328052205671989926664697671
0.293117038603688552716469895081 0.666260082908668562627311716311 0.455759605954402096605133434703
0.868043120391766715700156595446 0.429067289653276463397950969236 0.831318756233032877134560279040
0.112963522061329433857490400804 0.958389816300249948896565439160 0.545233358528127666138833809409
0.755459547569005416736209994147 0.580583550037162794241740138044 0.653033194042786377632501474296
0.636237707779355817522578930138 0.199896487008923709456478277509 0.584576677982860708534164029666
0.953332286454254960644390828197 0.305201420115738832880271625039 0.896594342624053964631811245139
0.523714999291698008726783726133 0.303837915080551702513939431050 0.358531281223939542836273127624
0.199781585760246700764201044529 0.010950523262032907814609122520 0.245722309538116753892843390344
0.163360556839414111062128006003 0.586869779655502344810747286939 0.257499277533646512931470170114
0.685072788274484619913566969018 0.461469600715748933506886593547 0.633835220342773843935705154577
0.531388520071190958100249324663 0.894073687995154068849838447380 0.026773665881743789453442538002
0.415944850150892833283059577111 0.843470078412669274263857081501 0.928813350212620738326132434386
0.264114287539502397751024950490 0.335424332881418258171354874225 0.288655724658621399183589151123
0.539850269916784209164689764817 0.000884789570288484696773554658 0.668235923165773028357526103577
0.469128115520912449629992327187 0.188766594058675705728558844496 0.160743775439991428670207603136
0.446434555341271254223349084582 0.508992243141210934471109904150 0.340927896349144917505457408029
0.329567832073828389828990380593 0.963498395575359847736465596549 0.417257702164283034732180568811
0.303080075683303331161874102523 0.660770747521035173890334809477 0.404110833483814715788899204161
0.645920170193527240098272601604 0.586083594849285914417856585717 0.122031508970560254624319220154
0.919646159834418115464844408831 0.976516400030307289394154939865 0.515637788212274471263166085382
0.962106275758151404648790493073 0.272452666636624286338139326025 0.496705990191269131983117817166
0.844548737695026137659115344287 0.810720868736454223089295869817 0.812530296469240212984176403784
0.991402044431531454742432574174 0.015530662516059061098661774662 0.178722934496330000024375469757
0.410120583046502981936616565776 0.806675898495911477647502556471 0.932254631586810486281510219627
0.014327563163578993572077144306 0.388480641884529401649618270255 0.271232336387367393518880930242
0.833597198868584989351779832875 0.501392079718576788151066715247 0.634624287135058344754332830410
0.843294632757067343596050970195 0.733032858503613899537479425616 0.720159482373383927228993085009
0.460062133184532908881770000704 0.657472435368593102463571617051 0.450475256815329050908363776062
0.606080203583619532001027059100 0.250874976769393717884021216600 0.386563238319777985536550447691
0.600791687707887944055026148450 0.619177194443588602018394351979 0.486372948227837202684111318782
0.713690587316038163630371683909 0.272496719328863155244816660730 0.611473181077802048427503351054
0.493169271970087062691655385223 0.069496916126172747347862053710 0.273060727887902539888090321069
0.854927520149576039908799578872 0.992515831099240231829770682556 0.907048442355347063323689934493
0.974954270149833127694297630791 0.920956818095766263697242562214 0.347658510622401273854313439837
0.854014547898863523154960385774 0.404618854463243338669407346156 0.962395195597864503528581712397
0.699099670733580885683001423616 0.628660627013507231533088576446 0.105482542324997958225438498990
0.613298870368825226708974942179 0.375017397016733953870646114926 0.055306937468110586599134027863
0.194910951570590667574472013308 0.084756017423441036325118646090 0.755954340951999719551391365606
0.546888070033576208526564523101 0.323517838618398388472456530690 0.065005118010323033941842578975
0.160911377114325137723145598208 0.865369024316657687450370446263 0.197418952148808027661703356619
0.616945248031707445334510244865 0.651511118900753206810823173134 0.943184168446154389836740892865
0.061134773397443045564245988763 0.514024129823077199900738570439 0.383265695111848728464210649587
0.356276561803386729902576367425 0.416387552298283412333547788865 0.177528370720027969099429357706
0.641875192244561678760731293707 0.776547103161620991721638141992 0.245827691991248178609323549237
0.713134992171088592691914537724 0.896258331165083181390316508573 0.286870104447308291708963615877
0.850103825399509246400842526425 0.614703985062688323510326231231 0.788680102146920918132016359718
0.420863335612278011827966222789 0.607467973192697016278652523937 0.718978550056170288802639269811
0.300821889413064455388100731225 0.193072181694853010331788350863 0.394704628326351093978176398781
0.547607219163409765251314912434 0.952737970792713584422486240640 0.760944164952146985377982285735
0.882897971403959357896683076984 0.075848631618595468963628248851 0.801862192013301760916432082129
0.976080344058192955088363004949 0.394194257961543532779816114346 0.069216755088367275631549335168
0.097544040447680013616952922085 0.833903507636800949064215311773 0.958860503799132502578220326294
0.031944135806611249662092564059 0.205942166195547739108041904860 0.112264834182731331356931031523
0.308850542543286089171672724048 0.387906624053289223014816248161 0.683619286285957174760482745737
0.006555564455089333233451742033 0.415224423628037887117852344789 0.475137652353427151422528301870
0.329049314643986605603498853491 0.387082112559521069297826913476 0.809797254223464302225290031048
0.593244800872834248498199353418 0.318230119602404404192317727383 0.700258855082358909632756898320
0.817146327614810517884093576894 0.945447686600099931051431012497 0.539100428980595330673003710308
0.196892218442946957376330020944 0.393389660027778108150896950551 0.667894272005061859063651268170
0.795648393441422905589480360356 0.113527809646711450715098994809 0.233594923210542036322023372521
0.759891835683354723657141949687 0.140702838605806955118615166709 0.868468313693366665790477957779
0.233967249184876626549004929696 0.502247541772273704488669421112 0.497591485284150779401365098109
0.997124257793564374123428436711 0.100473164737130622600385703561 0.384142269560901721017836964654
0.938043856978124770713945890527 0.659788844103390430353758557500 0.015758864021437415971247870966
0.581795562350488905493814167124 0.997743112453050669533823292290 0.734872758662218546551797497992
0.152182739108986354423453596377 0.908983510404748110301923572462 0.088092147859597911232653067604
0.775934910016113624352330238841 0.657453991229925036978258749604 0.858497474390211644509558884313
0.161828044524943520063169183042 0.863595771269051895646276894882 0.889527784936977135060938932906
0.903674550916323950296967376491 0.015187949504948544926762310696 0.551739297256272193932009715829
0.824245319939723132500711522749 0.289214953682239229349537155450 0.703726148314004069564049397181
0.251297105293650413722301032967 0.312833249952165419002471228763 0.613989638376145899126755181099
0.108680739994010386844083514104 0.741568464677855132232673803678 0.969431213533773572247708019946
0.242249192347811415696697559283 0.499181588785868418143537066601 0.777051317628936814943326125872
0.865729943179491044028969736740 0.596593042055886211167069750326 0.603501242702306340143478252222
0.236599711196053903974296987779 0.831281219383639568674832333165 0.638276689019036242477328541924
0.516725462243061574826470035703 0.665265442576121105634898120874 0.798970612834571920042380226818
0.889127523488682657146580074368 0.199892514574360173825267048875 0.041716126636307118718656902783
0.464143326285585778984895677100 0.336805651447736773709160831771 0.869101201565627940400640468197
0.008159461031568698005042619500 0.934604143114711394067373574873 0.009945763392149823390876731691
0.786588578147420346481297426242 0.205612249843876629013115864749 0.296768408211896176217649466383
0.380112881076035553994672867942 0.647732829151045366912342141262 0.476457503770372694139378287806
0.872764779372485601489815912068 0.413801809276187855145660372929 0.341856831251986745378811277487
0.416596144762158653923074128112 0.798706001589962271010284023516 0.200626257530213287783234298195
0.486071098000739772046767272583 0.461348285224065348207453106386 0.742931075916943520302958122861
0.260062598748265199798124093093 0.944708551935963032060036248626 0.615810035488507808641916114592
0.968740388582657682275416006755 0.619482551926344992550641635153 0.272891053321201534186335771547
0.406119194921961763933520316152 0.936619144086773899094030437444 0.091930544590346755182754527321
0.366774101632910136251919332098 0.751611687387463199647126031251 0.593352265881927258765491982569
0.418406822438276155509683631998 0.989746299095207093040839493774 0.004308250695448877864743799977
0.154457753760098997482961176216 0.039106432910566144015636128547 0.462668842543692404921230203987
0.431378705823773555931348533241 0.938789210171050976220269254352 0.457242498745283606027772743602
0.260645229046332332624259373474 0.424179484378447915958542007233 0.014798182404767578572490956190
0.836581386867157111496335931304 0.970281950967957018642786708003 0.777310469803015850401269191426
0.754492729358806010344154272378 0.033374199088002067608135265957 0.692218436876159823322485961356
0.161532184756602614026249939316 0.354391089618993114803172993407 0.171593060400449646802100661949
0.803356992252206702970062763313 0.772919002785772573384484545027 0.691353859935978078433895461330
0.935934312421367385542962762260 0.368382026417099870581335288975 0.533791431542795083438558476050
0.338313206988915528599231468399 0.255166187962764660155150623490 0.389313352957062035102202571165
0.325013734131865027605845322148 0.438616204731530926386887705947 0.956195209943445879944049026859
0.675625701294355516553302042493 0.013820144435697883543972242262 0.453660886881039315892331023931
0.106814647745127221419111136688 0.194228567428871333020008679900 0.036902233602183910580091366966
0.301429892889633603315997388876 0.883370147199375953170671350888 0.369033889700935331711887847144
0.823314319362992331278025271712 0.913396937841968037609803780800 0.762868711923293629962466410440
0.098372172576860458257348083270 0.782529489810490897963371219789 0.558988144233338220091580175740
0.625929608471698154092284619551 0.442997775470960725001452483287 0.951213764982884816117923696350
0.505859339071499015674919248977 0.837850407640965615716716409625 0.469084476297031598354601262066
0.344998344626899077906807047597 0.641660826809800174157074809705 0.906994623451871455326721587195
0.974304977389983553154723886185 0.436212618476280075177309838258 0.181643481521648698038269453509
0.412335810417266589692570573141 0.665603735345429779933404600331 0.775779529938908540265727857356
0.422836291866204057733076511977 0.729375591898243017288129950546 0.845942157517582596505342877554
0.566341390091995531813933242407 0.242894585917466051204766584776 0.535234184553751239969557968441
0.069420248946014858827756547891 0.182806288963356049111054654823 0.834502212391945991120972112215
0.137117594767235704211011199184 0.779255319818151935860658152700 0.317568785114573878879113178857
0.653408373706117210135104204842 0.734916782686475728423554922479 0.573943738732402764456941440817
0.407128307949430335863355154131 0.236718561420381907186848611758 0.937885539071071537139458392604
0.860753089657185710841489865510 0.871734756898236945213794998995 0.327545040749645237337234469446
0.967012999939621544913467436312 0.134710650844506218159214550290 0.817333237463181880101687233808
0.854943255008658040404286867540 0.471345778534516825067165849960 0.204078184994499311467325484292
0.935740361356817443870054975040 0.208966909849366853404675803914 0.759361424087688545390658578311
0.284674172604482980493720013218 0.885174472888649402365934505294 0.693934921507857370305860672792
0.958714276972973730319397800717 0.667385074006120534829194810268 0.155300998975407321888634795883
0.924566391933176311441138109819 0.221616245894388140469349150347 0.795893680980748635952729557872
0.493794349349393689867215058979 0.381888857343224714142174524113 0.786426287339867407813358899708
0.422634266935943769211201955983 0.468739269235200389861048023023 0.921981233447539045185280389342
0.292240777934066477252550229096 0.206992208074813050362436298648 0.346862187322686107977492958026
0.370637528924036084882349682393 0.647276732491945830560994120001 0.021946155833696077920901784701
0.488576098877694157457945882637 0.730246962957790329174128650994 0.082492415787012575844156366512
0.034358545107756094152950031245 0.808675931698694583624110065206 0.409180881506987814440347038638
0.150880650753836263463482414586 0.253927559172170153813381005098 0.502412091221677206968117694461
0.887592022858436180626493630437 0.499006616908136220318926266347 0.542510849532408143338765918849
0.133775466933289207668819767994 0.425577273261912547985620910464 0.816802027313705137103331116350
0.829007948985478466879129432892 0.991047619566354088322967121340 0.482748733801733337893023599095
0.505937832967535954947094312542 0.646443578768479165525126372753 0.353988073196666240498613247696
0.516180713234256667140869374080 0.518123653842394486767396441772 0.781452461922957752615524563423
0.596003131702562700042762925500 0.357294852097584855328229055480 0.234412979539067153954152887549
0.220239403942221208870246293802 0.286221835586044857163462378223 0.222546433375967038053948804387
0.585928150578502110250741838296 0.216773480624219119527847671325 0.286773789684651420097565242881
0.932374665937801900670954696363 0.612619219845350856647557574562 0.906932450312153392093332809548
0.182619067239236756847860387810 0.257169323373929802648247515404 0.596676777316676125282222389785
0.958648991683214173015834039627 0.893122086490605425145828037195 0.335493227943137364423754527900
0.501046399147513321118184437032 0.806297786353541242144204683992 0.264222801639596929018533606261
0.875672745926998559362126310901 0.997217467233665247656350951047 0.585415298953098843562523706907
0.421525635626641024121545017473 0.623376240363399926607773523245 0.711490809375150618481022362502
0.782213895218438816313348267321 0.851702655554450318028558342124 0.970902892019822310008651380721
0.433300987212018370846678219184 0.701598599414621802349941693086 0.753521782826674779043169190526
0.975229957586271806090496789287 0.034315762809225472504433384262 0.311852889734059215807333560739
0.349755938545929689010162703869 0.409186379030550731769238498338 0.634521812857254334100839618762
0.398871780925892435763689268435 0.093032880506520067509854402492 0.781856518882270279745554394386
0.400029336803686248413522566777 0.514166543639119971161937497280 0.759891342047795987943771961945
0.772567045986699000074900551037 0.943502563466260799751962212284 0.063250406357040152104793311948
0.322362049105845367348377278854 0.185003477279901384959424596665 0.994214851350867683110037643471
0.954718282057291675486264403996 0.122549714765961970206683018786 0.618917217749621658623797020787
0.498889144992240598401492134043 0.085545721847126350658564375418 0.083315530062421862613526947722
0.580969235776160162528581656922 0.926475384446876395022705540313 0.105644121827041941076129727666
0.419028034685990933405276779059 0.456189160936743766790276213424 0.554401508953961370337928942509
0.726791125583908999898873406359 0.106431641392792515624832568994 0.240528291780153642753989556310
0.352777312226214129236660864050 0.898635036362634229792432434584 0.683661075201332768920583941982
0.771337771600587494019039256895 0.273649117207289916368368183337 0.350620344608539477301591965185
0.285207917405286142250215281274 0.492512122032407843214470413406 0.670236914442588540757601600090
0.330384172319934511513839101370 0.559074947485089945496700951449 0.603364186851405490392149698551
0.318403240906805072734453567129 0.258664592417950396611085996677 0.808143956790235570421320524675
0.977795830084098151575411767950 0.128400385898859779560397252904 0.917901147318499067091627882401
0.872367968316290595812507137073 0.709868319026046917889451457303 0.604997701773419248402060648200
0.039682762322985450367637685146 0.650839813201449250270637107580 0.932734043117774620129513207017
0.141561069183072089721861047401 0.251919631692385662166080160752 0.778337031492237974787466407965
0.883857747664190279170615325670 0.136897822902308200898554256668 0.294343976025603840767865972617
0.941001003955277893720298752373 0.109801558725877668136085347376 0.429238362724229351263183613828
0.349891219112024226851766477172 0.800803879607368575090783866315 0.409661850172989004258521722556
0.143574711473518252977872026063 0.890441335669469758255487325663 0.276936189039972612804662500192
0.856613252212449861168134545097 0.892766593852033860822130465900 0.012422446691341944503330570739
0.532532430551270183537477795258 0.254562594885399041741579559546 0.228309406080523466089044958208
0.397257364518275246226725025923 0.971892421532136100489052217017 0.669856586665450269473678939642
0.170036691051305294712051138303 0.839049128024005732892425860497 0.022118097063924844293116073011
0.928233350193410124491419805320 0.242547080540109849131268795925 0.946194565730759140483450972538
0.100539167713262092587483035956 0.809022993742584505228922400345 0.325438642086279671430823148890
0.077759349898499592751613498716 0.030461322258102246075884102584 0.147411104563782099904465587060
0.659526799811121630989477186798 0.372907627059370722199117382846 0.639952603289321679641572155894
0.030871334804673656957726544956 0.912586387505453877731609891270 0.233505016306037577269565728065
0.831400092569337278938775785553 0.745021826327561779291868140763 0.574032596283675937371670903305
0.792706355416837803001360735025 0.908517895910990873638382012932 0.399188647777739844124549479016
0.495693796987336735435097813966 0.841083948263651214987164015041 0.678000017818211308456945101509
0.633243681848326247805138429652 0.528178018864495129328727763329 0.998551997413379848879577713005
0.286602546720483580868571571964 0.028990749471445424047764900283 0.931793986848960601016354321634
0.755092950249638064229124707720 0.380061918517089561861793964406 0.077074979764230787734990833967
0.221720848951807208913976353668 0.923902684895665758652815525849 0.456056264245826442647556455754
0.187922659776036852785955944675 0.019470669014188022102169032335 0.938276589950824890008944819476
0.780456875727811111821532429184 0.672566660418341259575721680661 0.488348737180856816218221849255
0.243866398736785490871621589058 0.205930017831319994014508724840 0.101980822939239934164581834157
0.933540528765427433627382211185 0.506862745149108585183357359199 0.396139683546829352651655601785
0.261467389199372930065576631866 0.727671213103510458072202111346 0.083683358616548890753030533454
0.348298401197711854105125215006 0.088828854465460152852627268581 0.582624818781991556695953843749
0.304104483773862479620004175627 0.795477343899899038603221795283 0.407724224158054710125555524343
0.477436698771530075157183043090 0.008344147495382957097740033179 0.896534847179906720108895580072
0.211570554502772945513806151465 0.466775809675997210533120430820 0.492506239653694694636382012246
0.530103049959717128467057104987 0.984298622764836839348534791388 0.153101069599489060378993068418
0.290882110597709672894388479233 0.594853046573629035972134896513 0.338405059246089593517586945382
0.411064882105725200683445418561 0.778422153308003368633007343373 0.864799650648997380161849243569
0.819148153998108152267645772048 0.212043053901310877925684320442 0.422620116468523190947110139893
0.591286764980332846619288694329 0.100661620952976184595707326518 0.907416768268039651474067225089
0.740614199866859950751642168298 0.421193716507690001048070674924 0.754700243706675941026140453538
0.947855908258826063741309544358 0.043492218454951878887220514533 0.002458735344720094237053252494
0.099684865867949749943111677175 0.881532384618223663790600047928 0.139114463067943111155075723155
0.700885187273867228450203534542 0.696084325186975738062500970399 0.325100319103832954950252607485
0.628706659647560406962614688121 0.089919548409575868947623079943 0.387619626126837592892348252823
0.782929702301759035083534818493 0.617999491352394984328415627559 0.100035808013876001328962947622
0.848794109240406617531048981051 0.896774968497973695849760450178 0.227047911077608125973995196638
0.305003457702506121189577533277 0.346453552109609548304240642228 0.538903040609475071352167237224
0.694882576809750947681816754706 0.064534494822366706802399995676 0.220711340031680752522703400294
0.452474872584051930986685130541 0.446996377603723201344294092375 0.573324807867834447792493458108
0.610562682197043639597418719285 0.962625813247301177386746936972 0.792212653125776154588457965433
0.869443148763952065140216016366 0.807656093741236052222689777881 0.793499403417376414309211187212
0.303498851649443454530574179228 0.660924761161099251883246195599 0.182024500423579975932634581263
0.046627520760320302486890583993 0.189067821883832400895172623916 0.443641486915187946735037665333
0.166997250542132116561304755346 0.082515153292179465790122062048 0.876707816439705928627252656043
0.191437342916284504388775905723 0.215814025476626135112026210657 0.030558899879451091789757932475
0.259939270980268202094445615129 0.310653222121151037284223149136 0.672184547502798695716616320872
0.647390764334994299774403282780 0.313041049053813309167574888724 0.096553197297085336558268947205
0.126434444708128399812029885069 0.359837742464628835880448698218 0.601601727514646039360440891893
0.514243193226749967777533433503 0.555163604246507091149990111529 0.865336763656890831858568216836
0.192202801316549634713503129016 0.006454242339573160687353052906 0.680714975711223424772261148041
0.718031282613299301962547555535 0.779619292040874848507121185121 0.053141086344848102925089761290
0.543712851245456562990878845763 0.401860426694167896566858248807 0.547352379244739659635043870292
0.854296168063609599604144361019 0.565082715741704834719087437784 0.833979779809439458668927918456
0.906700355205021085171632798179 0.770763026246770792909659992410 0.490654824781781974359197925932
0.287747055702146768070412953387 0.783116350819157210709254477949 0.804735876485108621634179818693
0.638113904493586684803643018066 0.182802324258657706934399279324 0.287472895847011765320734432227
0.246200649943560098296734791640 0.904742542487058308329529094223 0.947856657677613226479775581312
0.976238334598467531947968232522 0.776625818087523525800506270535 0.827515585331728975238310826187
0.576635836635665335478082118501 0.165030390458674879322838571401 0.611833326804370562818581963211
0.579859991864856200674366559285 0.366457888319336588267677291661 0.330754528526672390650804524395
0.139032868032212457636574624695 0.825309460247945461866375687295 0.291818715552212651899320110779
0.128137367848725056338131005426 0.874000796843156571515318407203 0.720725582437124954309259020591
0.334519539646750919563145478647 0.826628823436938870246424224278 0.249309775779936015671022989507
0.096474425542495734765340644986 0.919584898579935296789241591300 0.570607548211036438561323067692
0.362466147809609628220353347274 0.587396490355802135161650322068 0.911323169731273820595100060322
0.618419187247587974841397496490 0.589600022442187494086931799500 0.813672305223765923706486413182
0.121096422408453040875972689820 0.080182088600552035238601970889 0.344302921386149858808904525688
0.773748802685431769773116121312 0.057551281556455616170999372301 0.143841212174843201629341797395
0.932254496395258274017527707103 0.325350464497991183232014233040 0.172838243804276329637478467713
0.243634129668340122357128566043 0.062728667479317616453345040587 0.895616615320653822471748309206
0.972611217099215627919892989934 0.085196641991159746281395365945 0.591246079331804503908049271775
0.524903251693511645604939370407 0.492020582358552383425498225882 0.567352321116024222341292089530
0.477598489824685120887310810476 0.399981100570345030414986841076 0.582650493985881571477403765239
0.195155132234408031300249569416 0.078376513450719688363214237770 0.394355061058980534776344528416
0.376129251312516035876536552735 0.196520619014317128119438730061 0.281173559829029671970083553796
0.781112394449428117701075758072 0.479150910557345307340142318863 0.387951230378278258752426873855
0.329347825738141715510943439885 0.899769807381736888143721100888 0.656216802538232672473106311078
0.387405743292434527677442344871 0.109334470374934164633858394391 0.004003144053495172701645503510
0.558513056885182640356874952749 0.504908938651738314360701790722 0.750606373529108350778336128400
0.853322348727996862506519648796 0.564559406044692056464819825655 0.466842672813663319596499099462
0.491015804721244883814816636434 0.531800391294698075747754897473 0.139552706527901408294318340339
0.760502465988558984279674879906 0.869531250037701424935162176744 0.028743581624676319199579029532
0.503270567986088505415879338794 0.918820939697044286926250907193 0.069239299323264633789739625631
0.706869830347027709070897413638 0.132149011906231974843396077195 0.756580615719322754106007570286
0.566401479982828590877571365410 0.655544098191408148580306404584 0.041311378798736875687474387457
0.369369136475015220378695915829 0.022640211061836294567088017305 0.737512364168487120196415374910
0.455954932520956110799003407541 0.658373076513292157614687736682 0.911819324317074400278254520736
0.294389591856889393714171388526 0.395389825745734911363405668834 0.151972662902902704490703623202
0.713514698457096663241428268626 0.084661638848450650311026401002 0.744894718182371414953330185790
0.527422380226729900325541194972 0.131624108174388881766081816870 0.130514228799018342034536354744
0.121666459845365481017091813341 0.392659976503507185230876020344 0.361512292223889663605588053725
0.936944925528850695543232305994 0.823369147571385585982359521834 0.771401230755014430658792007156
0.578580450181115520972637621137 0.369077783133183128369018838116 0.355091693007033306042323047868
0.740244102588372921110785345868 0.794866083397027270985627225336 0.449096330505096277044075208595
0.408720008521899749397143463026 0.350799963281278750591133681476 0.012150325546466463898400438729
0.415610215579843372341135471453 0.399516469234850370388236521620 0.875393057418792348432981153874
0.651504172337605103334778113330 0.546900654506615410931857228463 0.426707465451963719284626719130
0.798596669314455504516781815351 0.835239672104420375200731965004 0.900776965858130557913663576990
0.720604065928748598292797673489 0.799823182097610567120866540057 0.988192980674422677350777535473
0.824538614537102447954499389371 0.706242959020578453867506888803 0.037065435639608049363449653177
0.716485155856442996552150187975 0.795985020358908507138036113539 0.461204886060179950167834889115
0.159398293382561092924794853713 0.189089946539403557152194050484 0.857705541758364855097839665265
0.414350196795912838087257885599 0.681400144156873960024590458485 0.165544483697160962948253815894
0.190697378209072825506472584398 0.595146675918318708009800918834 0.864153643823786628483365963560
0.973099795591400269153359436058 0.431146591136294865958475739799 0.113859310922400899702135923072
0.750285655849105046351285320801 0.556214933054565839143793251608 0.244851960774308433110949698984
0.812238065738327723657187205243 0.802304048426045033243003772946 0.136054712695484233374460166945
0.751398333428190599550686364066 0.018155196155347825050390318309 0.187550709168075033083116161172
0.063585245791552521161178298788 0.605717420269650131622769162916 0.146717324412673529405068071932
0.426137193760406038334184659042 0.046885568254657821514396396269 0.067258045887697512752455403801
0.575214146682247674497577647567 0.572611859896452445963621871262 0.737120178567278929436344306573
0.661888478882859309961450611368 0.968855902002461773137935293710 0.757364812424506676998515260327
0.532559542694483523174706578077 0.647697417959242645099487822635 0.232613580021686338192886073072
0.914106838156144079843797303106 0.749177188077162497602707395706 0.156204186783319370280087172484
0.911444099096667962180669191876 0.168846729158414149158839202333 0.515929284737236902675348911385
0.720158328644269293089507279343 0.320653900113670262416651055295 0.388117007668137051440848623305
0.176097911457226406862413181351 0.093527718116478229990208597467 0.996416218190996580564388713580
0.636961052758238777247812140739 0.145957084752348987278381116192 0.366188162385959890350736855553
0.269585486741001834765516233423 0.015487182244710715330039506319 0.462070636592302324906109860730
0.001689027042673855602490644250 0.383311833268460699027685297301 0.035434813809312494807607935125
0.846738401580309349718621709917 0.476578971013025546230629848559 0.988336333401961712774767436907
0.007741666815731018308428666823 0.031169217321006627059254164973 0.750270269575179586756634587486
0.144795992165296361300448204627 0.402155837628725400577069518211 0.131576100356051237805650428034
0.369771978547570075666409371799 0.269057818712132397770773183928 0.503052584093680140101322697812
0.100943458987937186107419068388 0.849403245465981547590252392356 0.210549886126846741303884473423
0.812188484698201969019946676369 0.761101087991516874908646703688 0.376866168814595576783019703060
0.007043000761508115267106636129 0.570891375442643217969427274380 0.469828493583909633084299548862
0.670740133782666820114152650831 0.235306980518792791580431379242 0.717450811117510729654521726079
0.403018154538868546695925846068 0.691950672805754173978664865906 0.734878006819120571660245674253
0.990482307990164044202531466958 0.132323121315903976155130451537 0.553587263601442514316288350947
0.798332895747728346116321976517 0.083577301461561857754744950233 0.855307590120815732209438526002
0.455017541963146746937781459235 0.415224362335080811836823424722 0.223061213745186520290826327005
0.259193278614002756317996199545 0.324018705640112156756061501607 0.125562540423254570083730308184
0.357502441338468945656906759829 0.280446884402380139707853311365 0.091024003479082780406559591835
0.294808108092610639352605256340 0.264243323759259363305612839673 0.895749906728303306240620003783
0.583877177280159978104466573939 0.800554327183999817809552737847 0.059913169909656443465350514635
0.179460797768919911183052141587 0.329148414392223747769517395083 0.171911843182976099977989125739
0.579270829643359462914781987921 0.143098336359803799407403936863 0.927366870307060964807772330111
0.108274070867864407788977442593 0.440718259301924960291513537298 0.540637918219680610062610830319
0.986883862066160878539734043318 0.227133031130684124663229394150 0.179609274780825188392759725388
0.866213713370203624875508124807 0.850680001440036571292994035890 0.677262854821994776040786427617
0.102853430621341583476091537247 0.398344687196751826006859644801 0.068710935905573910742331826516
0.853239007094481813609719700475 0.692250644451267257912734476224 0.824406607974137144652630535168
0.471063277717325429698893103952 0.918945428556530251073772766302 0.999916665945165261764532531178
0.577607720110909734448226745715 0.711248671015203964291494407608 0.097015465763456559676572457984
0.544014434548526396053124038887 0.115257834337880687606880804709 0.627983967080353157769743663861
0.660028476932621133963061881404 0.020117556696473980736531464820 0.047065442304178626424250623530
0.397908752173914511894975645056 0.309861942435132629353910978376 0.862624419958349475264794192282
0.086146524946820931439834604606 0.474076429106303636283171771834 0.251172715244304329369386896378
0.749756836199536313483975570064 0.981966253149269453082422565695 0.947967186325469054351916497158
0.645026710952372185388857599641 0.786119515955560261078840945919 0.971780342527817643657606587746
0.276176216511940261059276354133 0.522538196260757316301310746930 0.095805415112383633897124513040
0.784937215618708090396890881001 0.732220953941773595219282514528 0.027765976581535546505550957918
0.843540027705522605907734932315 0.771898947309837534611753539079 0.592983971270322353700815661194
0.383916254734882645809630174101 0.561366607142217397555979413099 0.737854761594686227926894263680
0.350589318091086961765213158794 0.803515725483528506248035352276 0.015492791978965933778967455863
0.157625511081524314833943140146 0.360286308665057539232297300557 0.692557387411038522271908013247
0.705012802548111014000368012353 0.887197911766218302070731483380 0.468667886357099575307009630837
0.414079321384196970174390630118 0.197719193880116690588208812986 0.154339143134494681692947570936
0.703570952657329309618167096399 0.617126532873528839266361630068 0.205802914516239105218372810780
0.426815305464894204803990466607 0.896200586536288291652345260288 0.317030665465426688771017923784
0.068422219480448934237902881060 0.127056171060042802495076436625 0.156063949779523185236124567267
0.818732275481721723936278638932 0.958896898490301467066514484745 0.137262935917330307222774720042
0.340850866267881702008587581484 0.872710219337438114969025415559 0.615889532573590343784987763697
0.433937786299821165624562767824 0.053945586529463589314685614236 0.039920029861891298511212516719
0.470434770115021159873360053206 0.351642653123840605864842103908 0.457818153259551200908313605471
0.827054085259843170399086735154 0.055520797663653318185987730674 0.753485859031162815892939052052
0.402794027572994797983814753543 0.321742628045809954820492786759 0.248069191701768599860895885803
0.931457113207967966987005072329 0.655873169601598126639468169634 0.960598716363184821871177046966
0.874582620712611193389284948512 0.806152134090326153231436652552 0.290153466342522217739404673328
0.002883013726185849096737757587 0.112939191605262187666911109501 0.637017975484556456998228871874
0.089057751925267595899280454345 0.477822732814976209190140316919 0.601970945322371879072106558482
0.842262780465031400641964439050 0.729341595481190960775494255673 0.670260281834277683783941573068
0.378227116399128701201603033396 0.529624826294658344488506260381 0.904246928708381636205788722362
0.137179395276260364466803138278 0.624140226895341052072718890210 0.071536264269720615500270919267
0.930601682953359372556972685703 0.604074907254114452996103150574 0.186928302781075553077917818268
0.465322969801821553664641650975 0.146010287152960251095332985712 0.563840589366908355929399191429
0.279816521688622967121096352006 0.412683262837636518303077737869 0.905045629066954877604235246726
0.179391437514782714400036348387 0.036329029664283599555753375257 0.270581008078673812089708111594
0.861872863135716607149092174867 0.919077609950712101622384629725 0.274881957384655090392470128036
0.253824678617453923656358025029 0.397449986860041840198940454066 0.000055768626789052461815223237
0.082444377222799354733749456538 0.416435627981551359828706828552 0.400134364578188501715933624546
0.717266430575965418302609386650 0.342103372161338017625739797172 0.374249422793809305508313951844
0.717910517674823110156916400057 0.283189296611209500279875132460 0.624467625844449176785593604494
0.266852658169550877747874651224 0.717244116172228053655555881195 0.332580999585233417548603762362
0.021144195843875040991910342444 0.112806686845328563100857424613 0.180535004176239040287653586615
0.441750771048391701013055715128 0.802071274577174308136347934171 0.126016099038262798779191247178
0.711136384984670031389743357671 0.052847784929202703110937087986 0.463028799604243581753358339127
0.330154607453635299782933878330 0.160616900716523435427041075315 0.772656373378283357797651752797
0.658019818729550527542771412976 0.497926620347469368943278410817 0.559951583065280238375546652951
0.915786321206746022597622460994 0.501667345125911603081362123581 0.224297393923212493934977596833
0.624039944840637305663947306145 0.172836213942609680763354003901 0.087015084965218166907951038689
0.679108279940234242986150937315 0.109976483416444082754760343255 0.200498849237647365385753230105
0.888431944989721601983746951925 0.906806109085092312192546957597 0.610145521781837636906176339832
0.409531873506351219264576707856 0.189796101569168404517808609677 0.186188474447003920122808305467
0.216802890427626257911353939279 0.779137382647218196591543524471 0.928163315986979654269249439979
0.668380245972844220184156828188 0.025858155717070927909844397824 0.110292865513950200826863685187
0.438598837694959770026213716122 0.416005920857892696976906616838 0.556910231291671016405336261461
0.551128714903458054967919040952 0.223605710863238549730915301435 0.809076343900564343507714200870
0.473585996776939327180572291641 0.662010405296767618249647687976 0.261405142221408428291058107891
0.847932594970551680996720679401 0.831658707943865781215591706209 0.181106999904935263354166369760
0.307264020989726853012797881628 0.616086531375003119724318309157 0.355356708090184766212662320284
0.235273925019653859717942283063 0.127971554589558798228421784636 0.285663263473124665311188960886
0.013820669462041143449947154753 0.024835801287657802583513182392 0.439733397422141844117458832674
0.877694857708789586767467968022 0.971653366579363542141364309425 0.362639994056325812480080440049
0.535605910484537505411021096061 0.624176706137928352665905062661 0.724864158399711540115908160841
0.585112631156340485813362359544 0.813926804144785617668862902196 0.307249137482825877156041527126
0.801001969566430267298614775555 0.587016183905373796759882952090 0.139764969611546467020650867346
0.967339777957646714998636005816 0.454824205023268946033695215385 0.267961861977009867887176913154
0.520215910452295490208696756721 0.148402459683373118127583656460 0.133112443562929612404648753642
0.973801098355877100166882997398 0.543052453347109466671130138574 0.457251731365744045583491408683
0.076099983761215762945949638624 0.217903221466342809445285446871 0.454640634131031274436438726688
0.164897931805662064255866856685 0.719343263806572873499831997725 0.413759579026486548088154387405
0.305698258324838256442921336400 0.212898750671786772429723333516 0.033008568571747749106369648814
0.744374542298021892607593993336 0.440162166713932140965224632592 0.158878386349577855764697100364
0.195223272675559498123024860455 0.359226043422778108475467738064 0.512172421633520119220436936641
0.483309274007928889606044628045 0.474998715761663278374850582143 0.289322571356978288893510140285
0.662883963940165696744917257866 0.022758269308526662437404292312 0.381092365944373388786559360730
0.942916316877053897332651887265 0.759124777735690838971182212447 0.915747634743868700315152074904
0.774726606007640997338919406727 0.522643103760847322733308325194 0.753875793456852924149374408122
0.767199306335863155793489770357 0.499917177053502927209847447274 0.175469760881503177812181460371
0.745339088534063541881524879272 0.481718680080952955584574218893 0.239251100171213446466649659396
0.978360559450778822649091749163 0.545790895554064962397378065063 0.756060995920989142103209620734