0.685611
0.0828745
0.112576
0.821598
0.701774
0.366822
0.652883
0.951029
0.176238
0.277333
0.574548
0.0690331
0.573919
0.323884
0.719773
0.850927
0.397529
0.66301
0.994879
0.926259
0.0318111
0.649554
0.619229
0.784101
0.837882
0.35953
0.68477
0.236508
0.52383
0.291891
0.734597
0.737017
0.333224
0.425925
0.72641
0.303439
0.963446
0.889942
0.365862
0.701257
0.259189
0.74677
0.715753
0.212602
0.489264
0.0667439
0.8048
0.346104
0.0846502
0.445981
0.159604
0.518562
0.93635
0.77411
0.485906
0.12493
0.428521
0.369281
0.627212
0.694897
0.637844
0.40566
0.527788
0.743857
0.110363
0.626593
0.1554
0.218136
0.970536
0.218664
0.221344
0.729615
0.687651
0.00759292
0.766197
0.655818
0.436634
0.671591
0.380405
0.788284
0.29794
0.621692
0.812364
0.650025
0.516952
0.077988
0.826753
0.770766
0.303148
0.839911
0.22009
0.946511
0.101678
0.962944
0.288971
0.828742
0.905642
0.990291
0.11184
0.551527
0.661867
0.512434
0.149541
0.587646
0.485954
0.16336
0.68138
0.994394
0.544504
0.102228
0.913599
0.341319
0.0599327
0.531246
0.779805
0.613379
0.176785
0.143911
0.505079
0.0419164
0.762983
0.0625286
0.953592
0.635762
0.104607
0.186978
0.0507066
0.11306
0.80277
0.209276
0.830937
0.3114
0.155909
0.182463
0.254655
0.412479
0.181855
0.315344
0.166044
0.815411
0.891562
0.510872
0.109056
0.937549
0.311722
0.183037
0.930151
0.23537
0.234266
0.512891
0.721877
0.66001
0.290845
0.228987
0.644228
0.897337
0.23713
0.841952
0.908419
0.0303169
0.890679
0.255748
0.132429
0.0128948
0.522498
0.877351
0.019516
0.907549
0.80158
0.32526
0.0573927
0.459735
0.862693
0.793544
0.514574
0.992646
0.281294
0.325397
0.998792
0.230066
0.52812
0.0616467
0.84351
0.858039
0.635463
0.577815
0.595217
0.233181
0.905497
0.10944
0.605278
0.317848
0.668868
0.937556
0.83948
0.572672
0.94174
0.986148
0.502729
0.00356193
0.656145
0.28139
0.544974
0.468511
0.269925
0.883171
0.632143
0.580145
0.634133
0.185671
0.0547268
0.644538
0.675431
0.752516
0.762574
0.00526386
0.827299
0.339852
0.655152
0.563204
0.118229
0.700682
0.792763
0.74082
0.250917
0.602546
0.865471
0.395952
0.271083
0.827718
0.50883
0.831332
0.224384
0.664489
0.637987
0.468198
0.157722
0.636233
0.193232
0.577292
0.6611
0.128823
0.0286846
0.333936
0.460592
0.269543
0.668865
0.591826
0.71335
0.081195
0.450089
0.957103
0.515063
0.398469
0.978527
0.868677
