0.696769
0.427446
0.573063
0.256675
0.410471
0.649006
0.963387
0.0653969
0.449428
0.829082
0.804294
0.315634
0.704061
0.144488
0.200776
0.496717
0.582524
0.705665
0.0929638
0.0483462
0.542735
0.44874
0.0094762
0.877103
0.58728
0.533038
0.373718
0.548956
0.649571
0.712573
0.317597
0.875363
0.353527
0.441525
0.753424
0.769299
0.375976
0.720316
0.0270224
0.340703
0.724105
0.390571
0.821945
0.911218
0.859535
0.622407
0.596853
0.127257
0.543098
0.870585
0.551464
0.0636311
0.0915725
0.289018
0.267355
0.179079
0.6268
0.809575
0.545969
0.609075
0.695199
0.0629056
0.765191
0.813049
0.344215
0.609805
0.405081
0.255271
0.489702
0.209826
0.185892
0.516943
0.840615
0.670981
0.801501
0.886557
0.77551
0.12037
0.418546
0.584013
0.347589
0.164984
0.786609
0.3907
0.513302
0.187331
0.0246202
0.572758
0.343381
0.386692
0.27176
0.169154
0.0061171
0.531656
0.321107
0.944176
0.27659
0.939351
0.351181
0.541175
0.914351
0.464773
0.0745359
0.951172
0.0893546
0.373976
0.25473
0.838271
0.466582
0.750458
0.0426623
0.792894
0.45126
0.305741
0.735167
0.719218
0.929961
0.435217
0.871125
0.776103
0.785151
0.702529
0.691445
0.419399
0.544692
0.382905
0.113091
0.242858
0.923401
0.0243528
0.197268
0.195455
0.590736
0.586762
0.11952
0.419578
0.165514
0.903036
0.829047
0.309497
0.0101145
0.261141
0.490857
0.0649428
0.816219
0.924877
0.64309
0.507027
0.622254
0.178103
0.328295
0.0658149
0.782522
0.275488
0.598505
0.370518
0.57181
0.956099
0.931474
0.710139
0.231595
0.455727
0.260227
0.861509
0.787061
0.585456
0.270695
0.405927
0.41432
0.279147
0.606181
0.072464
0.185925
0.890842
0.682061
0.873355
0.766673
0.648499
0.676609
0.70211
0.343003
0.433366
0.107688
0.239534
0.696065
0.699878
0.712914
0.218237
0.833174
0.625428
0.71046
0.716816
0.726619
0.914485
0.818914
0.863566
0.878937
0.407653
0.539102
0.341969
0.886857
0.582848
0.196774
0.185488
0.30751
0.491864
0.129027
0.403619
0.987179
0.915357
0.776962
0.435024
0.906353
0.962399
0.759912
0.608302
0.631848
0.52813
0.201926
0.331349
0.861169
0.713961
0.661598
0.422825
0.812905
0.807454
0.0166885
0.395869
0.905358
0.270388
0.0963208
0.310638
0.515402
0.351658
0.380786
0.476793
0.865136
0.515116
0.636423
0.755496
0.0629761
0.044155
0.923439
0.691067
0.501384
0.358424
0.664566
0.0439752
0.746516
0.0158702
0.216842
0.396389
0.649055
0.670112
0.738345
0.827274
