0.955396
0.888525
0.202898
0.181116
0.764893
0.235656
0.911811
0.859083
0.490885
0.624598
0.556662
0.318397
0.485927
0.888411
0.207139
0.0748998
0.880328
0.0352333
0.457586
0.923167
0.27467
0.716803
0.722369
0.0912437
0.225742
0.459982
0.143278
0.714793
0.42461
0.485711
0.159526
0.637835
0.993132
0.319638
0.318341
0.424058
0.45429
0.109651
0.0717149
0.363119
0.0368025
0.475843
0.113921
0.569972
0.821134
0.528521
0.0957845
0.558048
0.052572
0.0894316
0.155217
0.00122725
0.7616
0.0993869
0.438229
0.619141
0.592442
0.223331
0.364618
0.619021
0.86059
0.207467
0.942475
0.677871
0.224495
0.701262
0.105515
0.160597
0.463253
0.851979
0.844091
0.154954
0.220879
0.787259
0.108476
0.309618
0.119596
0.392836
0.16081
0.752276
0.816067
0.894609
0.531712
0.358739
0.143598
0.075053
0.289319
0.308103
0.871531
0.968633
0.167279
0.0492402
0.907407
0.53851
0.278037
0.761503
0.986519
0.33985
0.402388
0.395117
0.287826
0.93126
0.167607
0.522677
0.791028
0.321206
0.898597
0.295057
0.946677
0.627127
0.373046
0.179801
0.315171
0.499342
0.961676
0.038412
0.03154
0.263145
0.174857
0.992352
0.425772
0.555764
0.781562
0.33069
0.243352
0.364413
0.591941
0.982247
0.0677862
0.612017
0.506603
0.627058
0.469663
0.211501
0.650198
0.187909
0.264292
0.508567
0.998918
0.112475
0.668979
0.381035
0.963127
0.251202
0.908863
0.6109
0.786192
0.953976
0.0791612
0.0061111
0.61093
0.429903
0.603721
0.755333
0.927839
0.462327
0.0681198
0.586893
0.549666
0.467347
0.591312
0.623422
0.404036
0.622225
0.759329
0.19606
0.332888
0.00626878
0.350188
0.2082
0.551011
0.113118
0.981934
0.444166
0.638957
0.546776
0.304554
0.163991
0.772218
0.99347
0.944592
0.636567
0.856258
0.313886
0.864243
0.677878
0.114024
0.799372
0.0925367
0.0114042
0.426033
0.820901
0.689331
0.678371
0.207079
0.219377
0.886247
0.633468
0.2243
0.915392
0.0857936
0.203762
0.280363
0.914761
0.493869
0.279412
0.54358
0.218911
0.536524
0.625451
0.07192
0.971639
0.200365
0.577489
0.800105
0.398722
0.375445
0.0003552
0.706021
0.712176
0.865824
0.168007
0.171319
0.311787
0.0385826
0.0154733
0.227495
0.311727
0.991313
0.381786
0.556993
0.000253003
0.310441
0.115062
0.800683
0.276827
0.831551
0.381054
0.176049
0.816932
0.372836
0.630034
0.502903
0.874618
0.301231
0.967367
0.580971
0.580013
0.0659593
0.766431
0.897
0.370544
0.822186
0.13327
0.302708
0.12841
