0.481862
0.546711
0.339793
0.875025
0.849727
0.812205
0.856461
0.286315
0.444193
0.650846
0.758463
0.369389
0.327379
0.263565
0.654487
0.680637
0.159404
0.384826
0.489709
0.204723
0.0813095
0.0524915
0.805846
0.00806939
0.427164
0.27157
0.534331
0.675187
0.386921
0.871055
0.561344
0.360673
0.9622
0.932874
0.401203
0.690299
0.804419
0.00296015
0.352647
0.779054
0.265544
0.510916
0.927072
0.939836
0.908795
0.276499
0.142006
0.47939
0.283081
0.445991
0.674735
0.13616
0.954639
0.818676
0.484896
0.35867
0.851268
0.909672
0.156003
0.814584
0.211768
0.851876
0.889595
0.704987
0.975195
0.146244
0.326459
0.563239
0.0774898
0.392076
0.218635
0.269258
0.904935
0.787123
0.316926
0.119617
0.68476
0.172331
0.24752
0.332128
0.482257
0.27331
0.926127
0.526631
0.1089
0.869001
0.0437161
0.180107
0.758262
0.700187
0.269479
0.431995
0.737388
0.308842
0.132249
0.51112
0.392915
0.440234
0.265056
0.64476
0.733706
0.889147
0.414059
0.515003
0.554146
0.881176
0.687087
0.126051
0.0856046
0.0222768
0.24611
0.116831
0.333723
0.908042
0.890895
0.235561
0.768817
0.792353
0.795392
0.401442
0.908281
0.874013
0.534968
0.258192
0.257022
0.901857
0.0777162
0.547866
0.528313
0.943243
0.682913
0.179967
0.0156368
0.552145
0.813102
0.146714
0.733475
0.618178
0.918634
0.521688
0.00194044
0.647268
0.110651
0.175419
0.881829
0.775847
1.69609e-05
0.916574
0.0569615
0.387285
0.419443
0.732075
0.855183
0.358383
0.483869
0.677869
0.973284
0.0238973
0.200578
0.374509
0.148454
0.449869
0.733884
0.619642
0.30363
0.408466
0.013014
0.879448
0.666471
0.40651
0.996862
0.806181
0.252863
0.815952
0.276841
0.644546
0.645242
0.31262
0.828233
0.21323
0.540734
0.0587366
0.72689
0.327318
0.546074
0.817245
0.386385
0.281735
0.869591
0.600211
0.173882
0.567685
0.62123
0.436789
0.517612
0.444955
0.323369
0.997317
0.593216
0.666448
0.0606998
0.951793
0.21632
0.990103
0.00361289
0.859043
0.26624
0.932832
0.695916
0.361648
0.478588
0.846523
0.460669
0.594258
0.677277
0.148802
0.108678
0.674259
0.492113
0.749343
0.574075
0.875717
0.872857
0.856053
0.304571
0.388179
0.207796
0.815366
0.34455
0.692597
0.524132
0.117736
0.538588
0.200141
0.15396
0.730519
0.506837
0.378703
0.866865
0.662291
0.419476
0.165881
0.999453
0.0165132
0.367669
0.521413
0.25586
0.0962966
0.270345
0.190772
0.0145156
0.849533
0.643617
0.835141
0.907619
0.702957
