0.583259
0.722851
0.433256
0.853304
0.688973
0.465667
0.745265
0.312078
0.177766
0.985242
0.995119
0.237414
0.72433
0.332313
0.533106
0.354754
0.0342528
0.271923
0.495782
0.206107
0.881852
0.522536
0.355062
0.497919
0.714977
0.962494
0.461862
0.704851
0.920261
0.335093
0.721668
0.243836
0.750654
0.491453
0.0292548
0.780539
0.464595
0.164207
0.119684
0.766365
0.143196
0.363593
0.0445171
0.256461
0.434669
0.890939
0.670814
0.199716
0.539709
0.981417
0.00785578
0.129908
0.259365
0.133753
0.163666
0.138019
0.547478
0.787472
0.832955
0.885647
0.478383
0.615156
0.723749
0.666056
0.966916
0.863842
0.471567
0.311377
0.452585
0.587126
0.247781
0.370973
0.672353
0.731478
0.251722
0.280286
0.928347
0.0691763
0.177052
0.438249
0.151249
0.688327
0.335353
0.757599
0.672986
0.195579
0.441886
0.27888
0.574161
0.240085
0.404555
0.0912136
0.864261
0.881324
0.539622
0.767062
0.135921
0.500166
0.857175
0.506068
0.25606
0.551808
0.55865
0.247703
0.680053
0.739729
0.790085
0.256553
0.568527
0.370526
0.96497
0.54003
0.651742
0.7937
0.575907
0.790911
0.585347
0.612723
0.794761
0.12753
0.795063
0.714098
0.206998
0.977542
0.190405
0.866741
0.7052
0.285504
0.0325223
0.664647
0.575978
0.263081
0.825996
0.810015
0.504371
0.924133
0.236137
0.0845438
0.308176
0.0981514
0.799215
0.379305
0.127764
0.634831
0.811524
0.305829
0.932396
0.000250632
0.482121
0.663261
0.274828
0.0817882
0.626534
0.458398
0.0495515
0.00572332
0.0647403
0.982569
0.186893
0.408202
0.165121
0.702307
0.901826
0.661781
0.60515
0.415358
0.330013
0.963791
0.766123
0.271821
0.420269
0.555485
0.276355
0.222761
0.0618953
0.921207
0.653246
0.73971
0.810293
0.888539
0.775913
0.110773
0.10176
0.533912
0.436168
0.201709
0.85035
0.929305
0.636867
0.212
0.193646
0.726614
0.293711
0.747815
0.713273
0.727527
0.68646
0.734058
0.884917
0.332259
0.158314
0.258114
0.863913
0.999462
0.525554
0.944873
0.456794
0.701661
0.637153
0.985415
0.73666
0.754124
0.0616967
0.674928
0.979888
0.756001
0.0892275
0.969259
0.677419
0.847004
0.648229
0.964523
0.0185857
0.155378
0.48284
0.618106
0.0802516
0.80625
0.888916
0.550493
0.30261
0.864516
0.388115
0.646053
0.914592
0.06819
0.814294
0.531639
0.137379
0.707582
0.690438
0.230997
0.217801
0.75751
0.102737
0.415976
0.481513
0.126642
0.496749
0.529158
0.334798
0.664047
0.782876
0.119767
0.964878
0.549703
