0.381544
0.795227
0.505052
0.961118
0.00142188
0.27419
0.262184
0.820585
0.761143
0.207798
0.720957
0.504524
0.35294
0.421711
0.996124
0.331661
0.00166787
0.513249
0.725181
0.929018
0.577383
0.0919075
0.0960285
0.720321
0.397317
0.864039
0.159853
0.857963
0.944763
0.392856
0.144163
0.515312
0.678168
0.509017
0.158985
0.288223
0.251164
0.227105
0.371045
0.956507
0.308798
0.602315
0.562327
0.228295
0.0932691
0.766575
0.469078
0.588772
0.722929
0.230469
0.0985262
0.776033
0.771815
0.898367
0.657966
0.787544
0.0428923
0.755202
0.112124
0.772034
0.053942
0.0145815
0.581656
0.813332
0.240192
0.32788
0.427478
0.658292
0.197869
0.618492
0.244211
0.293868
0.858229
0.813519
0.120502
0.161049
0.287421
0.0792381
0.687852
0.93506
0.306589
0.451771
0.684519
0.888321
0.681459
0.056112
0.211683
0.561682
0.526205
0.007787
0.461051
0.503503
0.345081
0.868196
0.242776
0.248006
0.530721
0.396921
0.477056
0.284698
0.428134
0.720747
0.681569
0.67793
0.270185
0.218824
0.152281
0.879023
0.426684
0.0800079
0.0874455
0.364935
0.987442
0.841537
0.462943
0.0101803
0.731436
0.628715
0.461039
0.984475
0.441723
0.779208
0.100581
0.431859
0.302593
0.349758
0.880599
0.172312
0.503946
0.119402
0.0153919
0.101936
0.706647
0.473695
0.132897
0.359422
0.626023
0.800659
0.428957
0.528863
0.341047
0.471793
0.512719
0.0375252
0.711331
0.935999
0.510553
0.725823
0.567724
0.498907
0.994432
0.0266371
0.626255
0.760987
0.830303
0.426937
0.14757
0.849487
0.475282
0.568874
0.438654
0.380496
0.061796
0.465398
0.190708
0.414839
0.0641293
0.49066
0.126054
0.929693
0.370832
0.904868
0.380242
0.615695
0.227807
0.891233
0.57827
0.248872
0.722361
0.887343
0.0182726
0.531825
0.595398
0.625051
0.366578
0.250487
0.917805
0.4157
0.932047
0.434487
0.0797506
0.374962
0.471367
0.624546
0.0848872
0.0358602
0.964578
0.0458565
0.901318
0.736449
0.504835
0.664889
0.126357
0.642545
0.345379
0.670763
0.364324
0.0792674
0.529851
0.246744
0.778826
0.565322
0.928786
0.592419
0.105149
0.309745
0.978607
0.269044
0.809791
0.828766
0.122468
0.70018
0.561468
0.826425
0.657824
0.906248
0.408433
0.11034
0.0575783
0.120296
0.0703993
0.0279477
0.543702
0.723894
0.407539
0.663183
0.90337
0.886416
0.319231
0.427166
0.907545
0.787535
0.9147
0.308437
0.601797
0.612049
0.899016
0.0938898
0.258548
0.958079
0.0920345
0.574303
0.447591
0.105931
0.680433
0.301772
