0.864377
0.348416
0.055651
0.803412
0.289811
0.874612
0.415009
0.167723
0.275768
0.648303
0.0267266
0.0174939
0.372348
0.548355
0.951154
0.131652
0.888217
0.245494
0.0111372
0.255204
0.921966
0.511061
0.715718
0.87139
0.715242
0.419782
0.138042
0.470242
0.995787
0.294701
0.54487
0.498324
0.182664
0.00707783
0.323831
0.33269
0.771018
0.419983
0.717827
0.321403
0.720659
0.0245672
0.0675073
0.496832
0.124877
0.708492
0.766925
0.139767
0.256676
0.0662586
0.174223
0.314514
0.137768
0.676047
0.248149
0.933907
0.354236
0.021532
0.695032
0.522513
0.0886358
0.743283
0.810932
0.347455
0.801788
0.792842
0.163586
0.455099
0.489679
0.589377
0.118733
0.651956
0.135707
0.453932
0.433874
0.645352
0.233644
0.81434
0.811654
0.41655
0.0898648
0.0409373
0.0824188
0.62822
0.438749
0.0278092
0.195934
0.577814
0.455194
0.0837764
0.461839
0.791495
0.33858
0.40889
0.677719
0.922712
0.618095
0.171525
0.605929
0.508392
0.71787
0.828861
0.602931
0.606828
0.500172
0.240866
0.22296
0.412527
0.296936
0.840621
0.0676139
0.369811
0.86416
0.819802
0.757204
0.406199
0.138242
0.143957
0.15136
0.0915228
0.978037
0.191327
0.863084
0.274228
0.239019
0.489519
0.626013
0.969423
0.798561
0.575411
0.39818
0.239777
0.735979
0.161968
0.00250023
0.929754
0.513635
0.0611397
0.855289
0.334977
0.103568
0.329861
0.762603
0.967198
0.577444
0.817563
0.481695
0.877149
0.62592
0.573623
0.890713
0.725359
0.568931
0.155883
0.420679
0.57638
0.361365
0.50831
0.614688
0.347619
0.522279
0.624496
0.570229
0.7583
0.502868
0.591198
0.428158
0.897132
0.614363
0.256419
0.459446
0.892338
0.547276
0.832006
0.886033
0.980197
0.665419
0.186708
0.755586
0.670926
0.731037
0.0283819
0.460721
0.717132
0.766336
0.585033
0.29365
0.273011
0.519364
0.448509
0.612435
0.755329
0.194338
0.418188
0.490333
0.59556
0.89291
0.0360977
0.45227
0.394296
0.757175
0.784613
0.373323
0.338332
0.720579
0.925781
0.629668
0.148288
0.214761
0.124183
0.80143
0.660019
0.0191688
0.576702
0.1579
0.029149
0.063022
0.522922
0.566422
0.12119
0.403969
0.0992446
0.705003
0.166089
0.773552
0.688078
0.204279
0.461378
0.0529379
0.0197732
0.94859
0.031616
0.470567
0.980406
0.3986
0.143863
0.795747
0.183242
0.862041
0.70908
0.496827
0.811945
0.502699
0.0621046
0.284708
0.949076
0.604087
0.417426
0.391196
0.902509
0.518626
0.00640694
0.814375
0.046769
0.356038
0.607927
