0.909918
0.654976
0.297595
0.867345
0.691305
0.11958
0.554752
0.422356
0.91731
0.543355
0.501958
0.10099
0.949497
0.522645
0.651824
0.363564
0.0944993
0.0211782
0.98121
0.582329
0.906844
0.563202
0.432057
0.450714
0.0360501
0.821001
0.38525
0.502831
0.942987
0.776872
0.0547546
0.437349
0.0552403
0.866788
0.509486
0.669499
0.23533
0.314795
0.905502
0.0722848
0.996579
0.630913
0.624798
0.780939
0.809274
0.76875
0.313096
0.201482
0.663513
0.26828
0.377316
0.0831665
0.985772
0.667322
0.387243
0.504054
0.950319
0.523552
0.0505995
0.653401
0.317471
0.0387148
0.229725
0.785326
0.438171
0.984053
0.202953
0.0425389
0.694163
0.0684411
0.61888
0.626312
0.986514
0.023285
0.735032
0.117735
0.457373
0.70698
0.271848
0.0887578
0.315053
0.150912
0.687027
0.991293
0.681208
0.871931
0.0728426
0.237178
0.185358
0.457189
0.33708
0.0696081
0.537165
0.854002
0.766143
0.315558
0.830453
0.240833
0.742451
0.230728
0.179516
0.422894
0.0803303
0.368756
0.130569
0.0309402
0.453043
0.395066
0.572724
0.0523853
0.566262
0.193049
0.569616
0.450535
0.424366
0.943874
0.461352
0.858083
0.552122
0.886747
0.602227
0.863305
0.693264
0.112318
0.083705
0.912249
0.646154
0.992483
0.948291
0.62914
0.833448
0.463955
0.31351
0.785504
0.706783
0.935668
0.450864
0.999642
0.498408
0.929311
0.29683
0.277493
0.277074
0.976528
0.376434
0.987457
0.662172
0.668384
0.78194
0.019557
0.849572
0.256019
0.84541
0.434922
0.458315
0.831717
0.140535
0.234236
0.249076
0.336707
0.921328
0.0968164
0.0827474
0.0327439
0.325908
0.160291
0.615122
0.139828
0.861593
0.664629
0.60687
0.0766956
0.256042
0.178122
0.684747
0.19706
0.369235
0.0234462
0.993247
0.504381
0.487954
0.993379
0.0979417
0.652347
0.797036
0.107838
0.341179
0.107432
0.47087
0.552131
0.95145
0.536245
0.387685
0.28048
0.656541
0.590663
0.700162
0.324789
0.870052
0.0691804
0.629384
0.354242
0.796967
0.964453
0.897745
0.034096
0.0975634
0.944255
0.907137
0.467807
0.296357
0.952749
0.194598
0.599385
0.938542
0.5814
0.994463
0.524665
0.118197
0.794582
0.9817
0.255365
0.340036
0.915547
0.434359
0.0577116
0.53848
0.615553
0.444553
0.264411
0.532938
0.234666
0.248413
0.948054
0.188417
0.74515
0.660559
0.74697
0.20869
0.210912
0.961612
0.286185
0.227248
0.263718
0.599255
0.077753
0.284139
0.498213
0.750679
0.484757
0.223441
0.156962
0.850367
0.772687
0.149008
0.272442
