0.51842
0.484031
0.841469
0.987963
0.18314
0.878952
0.552873
0.355197
0.802623
0.0593688
0.725057
0.665582
0.137903
0.36461
0.921955
0.0325108
0.975857
0.348209
0.398163
0.227842
0.0576671
0.600432
0.897597
0.415773
0.0989841
0.949906
0.191115
0.52038
0.54221
0.0978856
0.808092
0.468051
0.412585
0.104617
0.621249
0.233784
0.41126
0.807359
0.965909
0.216577
0.0218312
0.341214
0.180468
0.561461
0.0453219
0.242601
0.163682
0.05648
0.478793
0.863719
0.156331
0.601739
0.167441
0.610914
0.3129
0.531221
0.752531
0.00634252
0.259004
0.516397
0.652761
0.512608
0.504784
0.735352
0.0900149
0.900822
0.421767
0.98474
0.598863
0.45081
0.958705
0.581243
0.242602
0.221127
0.377907
0.792403
0.459023
0.348203
0.586753
0.992753
0.0565557
0.404004
0.103892
0.944334
0.113243
0.398809
0.975429
0.669945
0.0656854
0.691357
0.437145
0.0361575
0.679848
0.80639
0.545943
0.182743
0.149442
0.0237171
0.123541
0.444042
0.392151
0.698051
0.414229
0.505268
0.143473
0.791519
0.899792
0.24489
0.926101
0.700363
0.736752
0.0637479
0.884976
0.78478
0.849496
0.533011
0.112263
0.339223
0.905617
0.758539
0.721612
0.762125
0.925404
0.312011
0.90361
0.194488
0.895498
0.997037
0.149765
0.954177
0.871985
0.859086
0.831012
0.365284
0.241531
0.729347
0.819756
0.449104
0.59867
0.291306
0.582451
0.593665
0.0406397
0.347805
0.880114
0.897494
0.673577
0.607143
0.234574
0.5987
0.0181894
0.87765
0.751646
0.0979825
0.6719
0.275462
0.195933
0.339945
0.842145
0.291823
0.422056
0.755277
0.709051
0.0535145
0.856517
0.102767
0.0319292
0.683748
0.212879
0.631747
0.722877
0.180825
0.819835
0.116767
0.952319
0.262855
0.352954
0.143656
0.408649
0.136988
0.398874
0.645195
0.712357
0.476725
0.671301
0.572295
0.815071
0.289156
0.0204098
0.715668
0.67538
0.499922
0.76438
0.304519
0.63237
0.302605
0.828744
0.445673
0.0238973
0.80475
0.842852
0.0558648
0.434102
0.412186
0.100096
0.388857
0.154391
0.764323
0.658154
0.0375135
0.835867
0.0369476
0.409928
0.816581
0.528684
0.893557
0.73221
0.73618
0.776875
0.348314
0.361136
0.882835
0.522772
0.166333
0.262027
0.104797
0.42302
0.712467
0.0409886
0.94319
0.815945
0.112024
0.70341
0.0275811
0.849314
0.474418
0.359118
0.94169
0.391861
0.771762
0.300928
0.118641
0.624653
0.673371
0.269454
0.638347
0.48301
0.35783
0.955933
0.0631042
0.576499
0.481857
0.992808
0.114782
0.797416
0.650223
