0.032409
0.630687
0.79093
0.522439
0.0985954
0.181858
0.421272
0.293385
0.584555
0.956576
0.945869
0.456349
0.705118
0.640453
0.425133
0.970886
0.455038
0.541985
0.226387
0.78465
0.923535
0.266574
0.107174
0.741786
0.890784
0.117886
0.0986277
0.418988
0.612763
0.683447
0.688635
0.244246
0.925983
0.0132097
0.00701589
0.912929
0.945749
0.569266
0.190931
0.00159173
0.961551
0.33946
0.769929
0.205529
0.239749
0.122315
0.867854
0.900184
0.358685
0.137059
0.0181545
0.134064
0.652245
0.195053
0.935575
0.847875
0.806869
0.101648
0.268982
0.363471
0.529191
0.495941
0.724051
0.246684
0.410674
0.547674
0.507188
0.702181
0.938576
0.688554
0.939193
0.43918
0.206373
0.50416
0.266623
0.902326
0.38886
0.645902
0.206589
0.281688
0.404872
0.146881
0.620249
0.728905
0.885231
0.273511
0.764949
0.898562
0.222232
0.5675
0.693668
0.479056
0.262326
0.707092
0.305167
0.00713679
0.623399
0.414996
0.0206832
0.573536
0.736631
0.901168
0.476176
0.650557
0.780758
0.553344
0.354443
0.702013
0.244552
0.797512
0.435632
0.834077
0.325653
0.792594
0.103811
0.692862
0.170843
0.881077
0.00335048
0.856935
0.70801
0.411572
0.0355085
0.17607
0.928485
0.707986
0.475317
0.705492
0.684518
0.598096
0.547083
0.511268
0.865942
0.928604
0.806275
0.346743
0.551728
0.143495
0.863254
0.961187
0.064811
0.795737
0.455381
0.519513
0.556682
0.351239
0.563383
0.902733
0.615947
0.218367
0.998227
0.0729226
0.0199308
0.366736
0.550755
0.730358
0.762857
0.81497
0.741546
0.250431
0.191533
0.947386
0.865553
0.319428
0.435439
0.928505
0.367339
0.773403
0.200316
0.472602
0.09674
0.579065
0.220359
0.77477
0.0203484
0.490468
0.762912
0.979833
0.69609
0.101364
0.269687
0.8279
0.728893
0.200566
0.436336
0.447078
0.996206
0.863326
0.743398
0.060308
0.493928
0.266417
0.648292
0.953755
0.502377
0.0416353
0.175318
0.982474
0.709471
0.251034
0.0679725
0.861714
0.422504
0.329934
0.152195
0.775629
0.634103
0.228325
0.235512
0.431893
0.296813
0.530791
0.0678763
0.631434
0.35163
0.123331
0.732869
0.922027
0.843735
0.921729
0.294184
0.915513
0.258196
0.220275
0.875852
0.00880272
0.631301
0.877574
0.259104
0.634574
0.695778
0.213654
0.0286315
0.497942
0.440841
0.60748
0.7658
0.4345
0.813226
0.998861
0.900468
0.707303
0.163123
0.517173
0.179119
0.419544
0.0324477
0.927261
0.196377
0.277809
0.747245
0.745668
0.567557
0.926848
0.687963
0.967608
