0.381008
0.0784835
0.108007
0.575049
0.56835
0.803333
0.300984
0.894305
0.616755
0.360522
0.956915
0.519447
0.0235918
0.326827
0.839384
0.300266
0.883531
0.428808
0.606605
0.216422
0.663446
0.898606
0.720849
0.868863
0.540298
0.652612
0.803145
0.989419
0.217649
0.732869
0.637058
0.640993
0.101475
0.0380656
0.776471
0.553353
0.866338
0.359303
0.863276
0.879502
0.765445
0.976324
0.636241
0.7205
0.343607
0.836711
0.367935
0.635354
0.0617198
0.0855699
0.222272
0.64904
0.284275
0.0542109
0.104046
0.794433
0.00773685
0.880606
0.421588
0.591626
0.322852
0.41643
0.638245
0.256792
0.163048
0.22774
0.214461
0.140544
0.859921
0.525221
0.487725
0.989929
0.744829
0.832951
0.970018
0.881375
0.36985
0.69392
0.0891731
0.488008
0.0367968
0.800402
0.863389
0.48488
0.187419
0.443763
0.545677
0.714914
0.175401
0.195317
0.544889
0.174328
0.675084
0.907205
0.375582
0.232729
0.606595
0.409354
0.330354
0.162252
0.406152
0.461536
0.606423
0.576168
0.151938
0.682355
0.0771272
0.365943
0.889873
0.863929
0.4964
0.382231
0.587244
0.564318
0.622801
0.179787
0.295119
0.323388
0.493116
0.0227943
0.0834589
0.0671324
0.138087
0.276056
0.137836
0.63422
0.0829342
0.505419
0.83499
0.985395
0.928651
0.17071
0.717634
0.100437
0.649015
0.17937
0.608372
0.579043
0.606627
0.999925
0.506171
0.325037
0.954307
0.267751
0.957936
0.800901
0.899349
0.0398171
0.884161
0.363241
0.332351
0.922089
0.534749
0.394397
0.179445
0.555165
0.554809
0.53298
0.310245
0.496022
0.859843
0.595959
0.0237171
0.293426
0.0961604
0.740666
0.0207026
0.785785
0.176824
0.10022
0.623848
0.795306
0.278577
0.0682686
0.333822
0.348193
0.754716
0.707246
0.191002
0.048549
0.490082
0.104459
0.986609
0.841708
0.362765
0.389616
0.611318
0.148098
0.281275
0.412248
0.427844
0.0107546
0.476092
0.388088
0.906316
0.319317
0.0504681
0.436272
0.494725
0.179095
0.188212
0.336359
0.648223
0.40381
0.379293
0.0297157
0.192049
0.708802
0.246226
0.732574
0.511781
0.634682
0.181285
0.822906
0.258301
0.960299
0.0716208
0.151604
0.536276
0.867571
0.920721
0.832206
0.884423
0.147904
0.744792
0.750031
0.240119
0.216442
0.697499
0.46605
0.477604
0.474315
0.57127
0.275485
0.842044
0.496406
0.760293
0.0747831
0.942019
0.936778
0.962639
0.887357
0.0231109
0.759894
0.273337
0.692813
0.322002
0.103449
0.61804
0.997907
0.741116
0.0910001
0.481979
0.557308
0.337617
0.0861405
