0.763411
0.608507
0.13105
0.33089
0.949236
0.0542768
0.931263
0.906695
0.5455
0.504951
0.39238
0.153768
0.232861
0.31253
0.280533
0.472015
0.662998
0.0679436
0.975796
0.281647
0.537966
0.659899
0.0069026
0.117004
0.427765
0.391878
0.0408501
0.900693
0.00626456
0.309645
0.135498
0.934783
0.623729
0.395428
0.859446
0.417256
0.120605
0.837766
0.341609
0.661427
0.724417
0.14782
0.6356
0.882963
0.701214
0.669158
0.340537
0.881686
0.207579
0.994026
0.777346
0.114305
0.783263
0.876621
0.451203
0.436938
0.39793
0.265863
0.336283
0.125648
0.634795
0.172933
0.163611
0.851637
0.162793
0.297197
0.545263
0.69954
0.0638163
0.129954
0.675508
0.689314
0.195821
0.754128
0.362119
0.778929
0.0165567
0.122546
0.0484292
0.292888
0.850373
0.844852
0.0369043
0.402308
0.821438
0.0197985
0.438259
0.524908
0.356916
0.207677
0.849493
0.520723
0.349106
0.453311
0.257493
0.295763
0.548528
0.76852
0.818721
0.726173
0.813514
0.980428
0.838641
0.853125
0.652737
0.755872
0.447509
0.048139
0.0417458
0.0896674
0.047737
0.412487
0.559365
0.7769
0.683707
0.378212
0.677296
0.895416
0.0811806
0.270412
0.891264
0.666012
0.466988
0.939128
0.573475
0.535214
0.231935
0.588134
0.302274
0.325234
0.741479
0.574523
0.420709
0.80249
0.920398
0.759603
0.323432
0.892637
0.0236079
0.312448
0.36389
0.560997
0.0334733
0.544014
0.415943
0.418816
0.106239
0.904806
0.280188
0.0491651
0.921637
0.537884
0.299184
0.965908
0.348749
0.969435
0.646565
0.0182636
0.0391618
0.720628
0.267548
0.214233
0.72741
0.881939
0.794468
0.820299
0.353143
0.521712
0.895591
0.412816
0.15225
0.253716
0.1694
0.996102
0.180615
0.464285
0.190922
0.153388
0.70719
0.895325
0.527068
0.794269
0.0183566
0.502844
0.53617
0.989993
0.225766
0.532499
0.600805
0.174811
0.16211
0.521586
0.267841
0.477372
0.775458
0.909817
0.972865
0.124963
0.927714
0.381308
0.741542
0.0490253
0.366916
0.502125
0.271026
0.574959
0.880493
0.437021
0.914704
0.848682
0.35069
0.518495
0.603808
0.0594603
0.440504
0.861051
0.648084
0.997169
0.0269891
0.916322
0.438267
0.217266
0.0386043
0.0216775
0.565609
0.773594
0.88911
0.0505806
0.487583
0.733093
0.0236648
0.577909
0.468664
0.155201
0.783923
0.498919
0.374803
0.489214
0.156191
0.656327
0.731824
0.834199
0.121632
0.132775
0.746252
0.501538
0.736463
0.319376
0.737522
0.693926
0.649899
0.722446
0.993855
0.985235
0.223547
0.0112168
