0.377514
0.560904
0.139663
0.677934
0.796081
0.820738
0.426689
0.136435
0.680015
0.560027
0.200828
0.0150948
0.0450841
0.516295
0.485003
0.507293
0.559688
0.11904
0.644703
0.711059
0.521961
0.570061
0.6871
0.568765
0.652666
0.403977
0.0553299
0.643484
0.919922
0.496488
0.834592
0.143166
0.987958
0.979899
0.350909
0.665669
0.701221
0.964779
0.999453
0.916748
0.537351
0.8785
0.259816
0.418375
0.815709
0.238708
0.402071
0.182547
0.234249
0.956052
0.2385
0.460759
0.57106
0.17274
0.585429
0.00292003
0.260536
0.0422776
0.868277
0.369718
0.108136
0.549638
0.323001
0.115361
0.999653
0.301308
0.188386
0.107184
0.846941
0.113975
0.276482
0.109716
0.345897
0.749996
0.577967
0.278491
0.308102
0.890298
0.428565
0.938601
0.64152
0.0415164
0.241407
0.582949
0.86554
0.103936
0.801193
0.339803
0.541662
0.213651
0.940842
0.826961
0.453058
0.166011
0.589455
0.810394
0.1278
0.291226
0.184496
0.753544
0.266716
0.301102
0.632877
0.699307
0.996721
0.124434
0.886378
0.307448
0.201746
0.635024
0.184674
0.333968
0.835418
0.316741
0.47262
0.555762
0.331179
0.0825457
0.137962
0.839238
0.843525
0.052677
0.698987
0.0148913
0.329077
0.144166
0.301002
0.393421
0.0729247
0.529684
0.33531
0.505406
0.499296
0.753743
0.430859
0.164998
0.889732
0.204679
0.69837
0.3633
0.662264
0.421384
0.736448
0.305448
0.152207
0.318343
0.284587
0.260759
0.59679
0.14002
0.520165
0.762508
0.302869
0.170365
0.959474
0.53568
0.556251
0.147141
0.27402
0.390453
0.445529
0.0434979
0.555133
0.148772
0.402508
0.277739
0.542371
0.695685
0.42705
0.986861
0.00811916
0.0668208
0.574772
0.938315
0.00898267
0.754508
0.249242
0.763655
0.914606
0.44394
0.951606
0.0768743
0.214834
0.809537
0.672769
0.176234
0.734965
0.891413
0.520883
0.0756544
0.553749
0.289648
0.100782
0.645932
0.549579
0.215405
0.585122
0.377888
0.693714
0.0514906
0.914913
0.0780248
0.400786
0.0455257
0.688985
0.362668
0.999187
0.681071
0.742858
0.0154146
0.87059
0.72329
0.110912
0.393096
0.698967
0.612628
0.357311
0.620421
0.0100076
0.179531
0.987541
0.894097
0.805817
0.855211
0.0300947
0.0162936
0.840238
0.914956
0.672381
0.504676
0.310996
0.370972
0.112419
0.268088
0.174242
0.28508
0.551021
0.155717
0.555285
0.0296942
0.889757
0.490774
0.503242
0.238162
0.603388
0.66701
0.998491
0.162951
0.611959
0.341878
0.0906585
0.571911
0.514023
0.469724
0.0871985
0.884327
