0.769672
0.241784
0.117374
0.651517
0.750081
0.28096
0.414269
0.928716
0.678105
0.863797
0.31516
0.790735
0.777062
0.51023
0.261075
0.622011
0.0257743
0.175861
0.368288
0.694789
0.0638106
0.862627
0.383553
0.47056
0.752466
0.94267
0.295245
0.527304
0.816107
0.804652
0.334585
0.794312
0.347502
0.524766
0.417906
0.826887
0.00937428
0.940398
0.214421
0.55482
0.187058
0.333463
0.331194
0.642442
0.484175
0.266461
0.600471
0.499528
0.725246
0.71621
0.722558
0.292048
0.574213
0.630195
0.186719
0.137397
0.851097
0.615886
0.116316
0.908718
0.273808
0.519993
0.792169
0.726295
0.307841
0.657356
0.387333
0.687953
0.439025
0.0831754
0.594563
0.205622
0.970085
0.995482
0.695167
0.530409
0.847756
0.564479
0.795715
0.538236
0.51254
0.744309
0.123884
0.592858
0.786327
0.174692
0.652849
0.976289
0.942803
0.948432
0.768791
0.894413
0.731464
0.203821
0.0992443
0.965674
0.92961
0.681038
0.455459
0.452362
0.045812
0.0511318
0.964058
0.558242
0.579911
0.766791
0.531264
0.24428
0.283219
0.255572
0.118737
0.873479
0.17054
0.182048
0.583321
0.968305
0.890304
0.812015
0.318969
0.487848
0.323651
0.98363
0.655364
0.150399
0.0806609
0.966414
0.808038
0.689413
0.0898507
0.0928297
0.679032
0.842547
0.375706
0.87678
0.536391
0.426207
0.680342
0.706577
0.494372
0.418376
0.643963
0.547602
0.506194
0.236487
0.0928699
0.658463
0.224597
0.129373
0.864158
0.0789805
0.859322
0.779092
0.649714
0.164058
0.315171
0.858263
0.0117194
0.542842
0.0288153
0.0877343
0.447612
0.086515
0.796738
0.758447
0.679097
0.0215705
0.868938
0.280379
0.502683
0.853871
0.0392531
0.870729
0.0559201
0.601099
0.822781
0.476169
0.542508
0.679649
0.874411
0.516663
0.0744182
0.263281
0.802665
0.979236
0.619442
0.0565742
0.682706
0.900732
0.271979
0.596679
0.0733605
0.559855
0.714713
0.56354
0.923323
0.216086
0.817258
0.414455
0.543944
0.211006
0.275326
0.544436
0.641366
0.510691
0.0971847
0.0300437
0.952373
0.82174
0.416992
0.121992
0.322935
0.63641
0.636505
0.226891
0.340655
0.313474
0.420136
0.963396
0.970532
0.375092
0.438555
0.196555
0.713646
0.18167
0.789924
0.556422
0.566703
0.302095
0.892103
0.182749
0.737994
0.249615
0.837692
0.313193
0.803974
0.934492
0.711336
0.224649
0.123052
0.173326
0.732017
0.244754
0.532907
0.619905
0.795912
0.521804
0.683157
0.144033
0.884058
0.525171
0.932405
0.896005
0.933459
0.915964
0.444349
0.0751572
