0.311436
0.429632
0.915116
0.0411475
0.981773
0.82666
0.991767
0.865975
0.338927
0.059847
0.815126
0.281623
0.470593
0.86251
0.585657
0.940926
0.819885
0.403572
0.252914
0.236196
0.354317
0.591572
0.592376
0.25286
0.504861
0.35874
0.568123
0.972837
0.0904418
0.865782
0.40759
0.488313
0.965438
0.258288
0.440704
0.518934
0.0831984
0.02423
0.0351037
0.0847231
0.28957
0.39523
0.502631
0.992586
0.566866
0.822326
0.380362
0.249759
0.78962
0.573783
0.440722
0.70969
0.601318
0.629044
0.717418
0.103196
0.777923
0.573896
0.868975
0.96463
0.988113
0.559038
0.732846
0.658526
0.123177
0.62862
0.159358
0.487826
0.978606
0.637696
0.289412
0.812287
0.102866
0.833267
0.37459
0.370937
0.607661
0.277809
0.742118
0.627069
0.846403
0.746954
0.171203
0.852464
0.371868
0.36697
0.0168971
0.704611
0.528901
0.775338
0.310408
0.966032
0.385797
0.443114
0.245047
0.781127
0.117139
0.585668
0.580612
0.96345
0.744168
0.110009
0.282684
0.0343632
0.138827
0.945819
0.3386
0.416316
0.313557
0.572039
0.782134
0.543804
0.957384
0.51484
0.364777
0.411664
0.838298
0.384403
0.836968
0.729394
0.935507
0.442316
0.698311
0.325723
0.318245
0.141447
0.506967
0.746734
0.426746
0.0121222
0.48649
0.77182
0.00658221
0.714165
0.931654
0.302665
0.607785
0.0554691
0.381918
0.635267
0.0713903
0.97955
0.28661
0.373048
0.460274
0.841645
0.574086
0.333777
0.277221
0.524782
0.914498
0.612067
0.521964
0.454971
0.817908
0.163616
0.588756
0.590224
0.0151357
0.738612
0.973523
0.531939
0.209434
0.491285
0.934113
0.516592
0.815159
0.324222
0.298532
0.594237
0.930152
0.248346
0.867722
0.476958
0.989002
0.782922
0.074595
0.398265
0.435695
0.253164
0.911285
0.977006
0.290905
0.660503
0.994914
0.430639
0.076707
0.0346259
0.794136
0.936421
0.998943
0.107825
0.798655
0.622338
0.17319
0.811343
0.0385543
0.051823
0.150482
0.432019
0.454823
0.600071
0.452512
0.421763
0.369374
0.995952
0.155556
0.913409
0.744555
0.586304
0.196791
0.324678
0.102535
0.940805
0.93993
0.764406
0.917844
0.819049
0.273497
0.508662
0.362729
0.782095
0.63541
0.328551
0.953131
0.644424
0.112248
0.217681
0.932177
0.639359
0.818634
0.274404
0.987528
0.0776239
0.191953
0.34778
0.229265
0.177286
0.744562
0.865377
0.618996
0.566487
0.393502
0.286438
0.307958
0.419581
0.980372
0.638126
0.268105
0.414426
0.139056
0.172172
0.322893
0.250861
0.520946
0.430057
