0.142861
0.425257
0.913364
0.863755
0.258644
0.664556
0.726023
0.529151
0.413155
0.806267
0.380378
0.196457
0.094474
0.151173
0.829955
0.453226
0.475891
0.0688144
0.994353
0.0384049
0.520224
0.560513
0.695288
0.449666
0.0297955
0.168535
0.140752
0.933518
0.667637
0.649151
0.69971
0.876939
0.224199
0.525432
0.034965
0.886817
0.136501
0.853786
0.986924
0.0548652
0.0145082
0.0872831
0.699796
0.0307193
0.61169
0.2466
0.0584813
0.0217251
0.338651
0.534677
0.690991
0.434386
0.341211
0.526656
0.719355
0.225212
0.972839
0.780439
0.755742
0.41356
0.508413
0.994248
0.0791228
0.0327278
0.912337
0.677826
0.816977
0.877566
0.310916
0.454488
0.913245
0.383609
0.120004
0.226087
0.37421
0.25739
0.718215
0.756066
0.452337
0.78749
0.503249
0.411711
0.979003
0.343943
0.637423
0.390929
0.514609
0.532069
0.812887
0.764036
0.663986
0.696765
0.303768
0.0289319
0.55273
0.0641557
0.910906
0.922105
0.316788
0.599777
0.133174
0.843153
0.45728
0.137006
0.676311
0.78334
0.906174
0.340663
0.428959
0.196595
0.0342123
0.809841
0.389717
0.948463
0.301503
0.434149
0.224299
0.829946
0.833333
0.500253
0.260725
0.286807
0.812528
0.0783427
0.546528
0.955301
0.15831
0.440841
0.0684419
0.44937
0.223424
0.939444
0.126835
0.114352
0.387405
0.817446
0.512904
0.69994
0.745889
0.375473
0.724071
0.830469
0.6134
0.0784599
0.433006
0.14633
0.767965
0.319556
0.072099
0.910247
0.627153
0.806008
0.828262
0.969086
0.277998
0.154396
0.651269
0.0754031
0.927809
0.265119
0.202137
0.755743
0.647428
0.554741
0.034186
0.312816
0.529132
0.508872
0.123038
0.0660411
0.988519
0.0728514
0.393501
0.158315
0.447426
0.378731
0.991643
0.790752
0.769206
0.0417972
0.525764
0.392852
0.108263
0.512018
0.993981
0.293385
0.246462
0.286139
0.154333
0.182313
0.263127
0.94691
0.373144
0.487938
0.768794
0.875007
0.244389
0.526124
0.103
0.0714622
0.485503
0.390925
0.25067
0.710881
0.743415
0.414109
0.516877
0.205897
0.210032
0.588762
0.568191
0.772782
0.179782
0.416147
0.85887
0.425666
0.647203
0.369556
0.641336
0.770482
0.647197
0.344529
0.132917
0.878161
0.038809
0.249259
0.845669
0.63021
0.232555
0.874451
0.653578
0.782298
0.161241
0.412577
0.972413
0.064654
0.906289
0.313078
0.360094
0.199856
0.615301
0.709717
0.54968
0.439225
0.790916
0.354817
0.332594
0.55418
0.552497
0.489947
0.114255
0.109882
0.000927201
0.984839
0.529458
0.100797
