0.831126
0.353414
0.557698
0.829696
0.0750409
0.185059
0.344104
0.691886
0.861294
0.980957
0.343116
0.508803
0.13746
0.987624
0.757943
0.0550869
0.94574
0.965026
0.345234
0.104766
0.0296825
0.462865
0.28141
0.194179
0.501874
0.634729
0.22162
0.794201
0.650621
0.391682
0.625217
0.519952
0.584344
0.484626
0.0700498
0.260714
0.582187
0.430762
0.539954
0.0810926
0.866999
0.436562
0.548503
0.0192333
0.275479
0.159581
0.984566
0.253261
0.0879937
0.120217
0.162096
0.105743
0.502074
0.508598
0.912866
0.273939
0.859367
0.901959
0.521153
0.333083
0.369447
0.93395
0.431134
0.421227
0.420348
0.664875
0.84124
0.0313496
0.912256
0.777563
0.164085
0.43184
0.849588
0.789005
0.688604
0.859105
0.774597
0.576737
0.0692223
0.333942
0.914244
0.0708141
0.0161826
0.653224
0.45275
0.841846
0.685278
0.918717
0.950779
0.302938
0.709554
0.138216
0.62429
0.941259
0.207607
0.554585
0.860121
0.500207
0.555344
0.148138
0.232503
0.223801
0.3758
0.628376
0.505398
0.476309
0.887065
0.744315
0.325072
0.392615
0.476289
0.972134
0.783109
0.0456285
0.0818592
0.357092
0.972827
0.503606
0.399236
0.627986
0.538564
0.587401
0.0392521
0.945969
0.326197
0.957632
0.728968
0.681272
0.196078
0.520947
0.51902
0.092454
0.467205
0.490157
0.0987602
0.216406
0.900713
0.700219
0.669365
0.374647
0.0976385
0.196664
0.686888
0.16397
0.327447
0.360874
0.547665
0.290764
0.959586
0.930968
0.423514
0.472657
0.844892
0.404087
0.00535644
0.621699
0.995058
0.567049
0.294677
0.73377
0.569491
0.288184
0.227845
0.380874
0.0793654
0.318052
0.0386579
0.751841
0.258524
0.662338
0.534777
0.18139
0.25202
0.0809388
0.935487
0.286596
0.999474
0.488092
0.191336
0.89377
0.19103
0.679687
0.359744
0.831861
0.664897
0.27648
0.753537
0.480697
0.222125
0.98813
0.214939
0.51497
0.805116
0.697893
0.26418
0.866854
0.540484
0.257563
0.821612
0.228631
0.948776
0.374895
0.1741
0.00389848
0.568703
0.0382321
0.43721
0.020162
0.736877
0.0290774
0.378057
0.0487468
0.785522
0.768145
0.190966
0.396919
0.784081
0.144043
0.102898
0.643963
0.590599
0.535807
0.699695
0.739049
0.744433
0.988143
0.615797
0.911737
0.377723
0.351474
0.526931
0.562053
0.0991628
0.0415859
0.704445
0.915777
0.695248
0.768604
0.715072
0.0234104
0.647665
0.0487194
0.699366
0.46604
0.0982127
0.513668
0.67292
0.755002
0.804386
0.391633
0.496754
0.166753
0.468832
0.421167
0.296544
0.716531
