0.440035
0.818566
0.113294
0.0287603
0.86493
0.900646
0.290729
0.620174
0.945092
0.760592
0.608861
0.558016
0.702059
0.752203
0.357557
0.679218
0.913349
0.312055
0.819151
0.782141
0.309159
0.738423
0.256973
0.61449
0.611654
0.76855
0.749025
0.179454
0.259608
0.737517
0.262968
0.383134
0.652793
0.317353
0.421072
0.129651
0.47508
0.531355
0.419588
0.745038
0.17493
0.04053
0.117384
0.0678708
0.677501
0.181416
0.819855
0.778249
0.206365
0.442523
0.45399
0.830846
0.688782
0.189692
0.901371
0.397631
0.829352
0.105957
0.182926
0.536378
0.251788
0.589422
0.0587643
0.938905
0.325996
0.559559
0.179901
0.749332
0.833959
0.00750199
0.777564
0.95657
0.130114
0.873571
0.849356
0.407553
0.840811
0.249974
0.190019
0.33386
0.43251
0.360178
0.060877
0.0579432
0.948887
0.291093
0.0449729
0.559389
0.858894
0.563379
0.0520561
0.750419
0.829692
0.906271
0.379827
0.741511
0.161297
0.140713
0.703438
0.43551
0.0060069
0.559152
0.62641
0.858001
0.948992
0.0205755
0.535185
0.0257939
0.61466
0.496115
0.370611
0.850561
0.682525
0.615999
0.328963
0.819191
0.533894
0.467928
0.704115
0.677267
0.285442
0.402365
0.937576
0.360985
0.697608
0.47137
0.99443
0.838586
0.62854
0.970613
0.962032
0.457818
0.900828
0.955114
0.837576
0.995495
0.515813
0.236329
0.902895
0.101318
0.836433
0.120916
0.482671
0.0394225
0.868221
0.281083
0.838039
0.368748
0.0352343
0.892809
0.706981
0.439624
0.327343
0.832554
0.19391
0.207244
0.199746
0.577193
0.690986
0.136569
0.528587
0.875592
0.28787
0.0686306
0.926938
0.863718
0.716844
0.665098
0.702835
0.053063
0.13942
0.155202
0.434469
0.683368
0.826416
0.192451
0.73153
0.141828
0.273045
0.186733
0.166495
0.246515
0.691522
0.863715
0.832349
0.00972013
0.620233
0.313291
0.323188
0.602539
0.332877
0.366072
0.897179
0.092671
0.0281937
0.894279
0.484167
0.212871
0.0575772
0.143559
0.0972626
0.481511
0.85619
0.431148
0.403616
0.169834
0.0954601
0.190236
0.86409
0.230319
0.938582
0.268913
0.0782996
0.000273349
0.532045
0.0854479
0.977076
0.936021
0.658971
0.726952
0.742212
0.381346
0.926606
0.195117
0.80825
0.932545
0.00485694
0.240399
0.630755
0.392059
0.598823
0.0715385
0.673981
0.393847
0.992259
0.637692
0.0115038
0.325861
0.870348
0.176657
0.840859
0.977805
0.0992403
0.296599
0.317549
0.539604
0.248212
0.354651
0.392609
0.132616
0.439353
0.312411
0.521609
0.367763
0.910842
0.554683
