0.543848
0.407116
0.485306
0.936686
0.951746
0.246148
0.783608
0.73564
0.145158
0.115159
0.504909
0.958468
0.569535
0.986597
0.953322
0.575572
0.0364571
0.844798
0.805979
0.199837
0.441428
0.0145539
0.937008
0.870476
0.566134
0.52105
0.0114727
0.735442
0.302574
0.517001
0.167024
0.750659
0.268057
0.69319
0.790337
0.729378
0.256001
0.162101
0.36869
0.0942405
0.982489
0.323328
0.13888
0.227094
0.168229
0.278754
0.609361
0.0238253
0.536142
0.918757
0.914476
0.40921
0.907814
0.430598
0.499888
0.593115
0.127179
0.25829
0.468918
0.729048
0.143518
0.390688
0.820972
0.350027
0.28747
0.650566
0.97646
0.472834
0.491393
0.780277
0.107364
0.544912
0.878764
0.826997
0.428396
0.431047
0.992254
0.999586
0.982535
0.600924
0.964288
0.521907
0.573594
0.585549
0.0144052
0.199815
0.761732
0.0996111
0.517355
0.466274
0.973165
0.98842
0.921704
0.892899
0.406647
0.915537
0.0922744
0.546819
0.472473
0.100268
0.276942
0.438447
0.221775
0.99822
0.251577
0.778599
0.979332
0.230534
0.411283
0.199756
0.865219
0.419941
0.569005
0.958641
0.09998
0.675269
0.90229
0.327765
0.184304
0.958173
0.948651
0.920263
0.28975
0.136483
0.950836
0.735322
0.210456
0.463278
0.831582
0.588029
0.102824
0.65396
0.725666
0.218701
0.985126
0.589422
0.0181057
0.979088
0.670186
0.804638
0.336121
0.767878
0.42269
0.373433
0.736165
0.525291
0.765828
0.61525
0.00313484
0.317955
0.480089
0.29201
0.966354
0.0113708
0.211186
0.557273
0.80117
0.731473
0.27323
0.662336
0.160545
0.304602
0.890823
0.579235
0.31807
0.36596
0.593905
0.208605
0.653629
0.0705475
0.415506
0.230529
0.0916018
0.69334
0.45745
0.350086
0.225877
0.709511
0.492789
0.772199
0.441452
0.347743
0.0550382
0.354445
0.0213363
0.262897
0.707085
0.993143
0.638879
0.329744
0.481897
0.730315
0.772605
0.341854
0.905846
0.771146
0.672032
0.0588648
0.993728
0.477301
0.540035
0.368006
0.90086
0.688763
0.233472
0.644578
0.486902
0.779429
0.272671
0.614573
0.272279
0.21964
0.223223
0.401789
0.760512
0.178648
0.841487
0.919357
0.663443
0.827013
0.239151
0.864219
0.624989
0.258442
0.553145
0.663033
0.954773
0.194171
0.161377
0.855298
0.11198
0.938072
0.65764
0.105472
0.94287
0.885164
0.312527
0.653565
0.00895629
0.97361
0.420209
0.0250262
0.88604
0.750089
0.184346
0.10097
0.586472
0.235544
0.712848
0.84476
0.00359186
0.521252
0.324981
0.273773
0.963708
0.381611
