0.186996
0.94591
0.936704
0.729848
0.511177
0.0072681
0.785822
0.958883
0.603188
0.0710306
0.147673
0.16226
0.539654
0.85834
0.504434
0.159354
0.76748
0.244133
0.111195
0.418455
0.771111
0.733331
0.782133
0.828128
0.541416
0.936232
0.747803
0.371824
0.969338
0.394788
0.689186
0.522819
0.726848
0.731123
0.466564
0.111534
0.219733
0.430041
0.914923
0.708593
0.817839
0.712279
0.380539
0.596782
0.828267
0.101714
0.66858
0.758422
0.392398
0.311914
0.966996
0.612156
0.326855
0.779979
0.13213
0.868865
0.489654
0.143067
0.910836
0.978373
0.162038
0.713837
0.829477
0.953617
0.845626
0.47296
0.729042
0.550078
0.806692
0.630532
0.0458513
0.264457
0.449603
0.799583
0.593965
0.119565
0.113579
0.951753
0.66601
0.555951
0.373275
0.957042
0.0805916
0.48219
0.905086
0.859976
0.551839
0.74707
0.717877
0.684077
0.54549
0.518497
0.641105
0.367992
0.422594
0.439686
0.672641
0.573604
0.399142
0.385911
0.844342
0.625121
0.337406
0.368301
0.93137
0.303591
0.14525
0.208275
0.93582
0.0043125
0.823868
0.779619
0.207886
0.515185
0.723792
0.174461
0.1021
0.300065
0.0665507
0.197144
0.783795
0.00205786
0.369744
0.961821
0.771858
0.0427249
0.976795
0.302595
0.995642
0.39985
0.485319
0.398607
0.543303
0.569962
0.803975
0.324175
0.403521
0.0163778
0.0190797
0.62412
0.726664
0.61949
0.833469
0.914689
0.212017
0.273956
0.856725
0.189339
0.956674
0.782239
0.903262
0.950382
0.688055
0.168843
0.302215
0.26135
0.961433
0.460862
0.0679691
0.00370219
0.425534
0.415083
0.242559
0.879994
0.466468
0.714123
0.792126
0.179036
0.461558
0.898158
0.494831
0.602238
0.804911
0.548143
0.190573
0.820937
0.712977
0.231015
0.390474
0.0314792
0.20926
0.761397
0.625004
0.357373
0.981839
0.391119
0.245423
0.898092
0.67341
0.12161
0.060165
0.1295
0.263401
0.792396
0.840895
0.703928
0.214896
0.0846136
0.606557
0.71157
0.326614
0.548213
0.780714
0.0945169
0.855387
0.251079
0.132898
0.327163
0.173825
0.79574
0.444409
0.558248
0.277789
0.156304
0.370187
0.318211
0.971801
0.528151
0.450144
0.773339
0.549672
0.771326
0.641856
0.466242
0.482505
0.618335
0.749292
0.80758
0.567525
0.919355
0.135138
0.879176
0.23583
0.466567
0.677503
0.505358
0.0482132
0.645129
0.154329
0.521312
0.0543377
0.981582
0.276732
0.829094
0.534649
0.150295
0.551274
0.888796
0.191653
0.436031
0.704537
0.875344
0.0699247
0.129231
0.846566
0.224425
