0.649716869915755501629917034734 0.744671900238620398937428035424 0.958236932263346274929460832936
0.861821887955340093512290877698 0.766383736124075065632155201456 0.804893402377964028993062584050
0.060988358112850103720514738370 0.747388886063180990504406508990 0.001925025321249187537989144836
0.549957384217906186663071821386 0.605053149679214641309954458848 0.036709478165458428455814043900
0.230471038694231938892542643771 0.367001662853938426245292703243 0.709222116385070711075400140544
0.215460213719363663509298589815 0.264893182959450024238634568974 0.708178975014421174805079317593
0.240282844796446015678270669014 0.792784857397133446710313364747 0.825269716943619058291403689509
0.665940145669829286489971309493 0.442946067515192554164826788110 0.466989157580432134864167892374
0.601685219410272642548420662933 0.543588004846540018277778472111 0.534656186270282884898108477501
0.337693033003261422475560493695 0.988153818590649768438538558257 0.524721805583712508358473769476
0.406179142996225372996832447825 0.044044911155766731936100910616 0.570806034353890101584738658858
0.261788044613482651090663466675 0.018231208422269939983806352757 0.371905617261837018183712189057
0.288849383534687753627423489888 0.623205541159230103076538398454 0.598805381953329218802650757425
0.276905977181678086829208496056 0.079012126078701616638255700309 0.781983384979891948951546964963
0.425148049310785869359108346544 0.829669667627778495422319338104 0.327863979207513367430948392212
0.363589145665563273635001451112 0.947728336756781142291572450631 0.836265407004846417216015197482
0.174605846939477948875918400518 0.086552344552571630620363407616 0.356077903148657837206769727345
0.437653642729570024894059088183 0.820754239198267288024624122045 0.389594471660102359411581574022
0.700873105230536252996387247549 0.606451351049051345931673040468 0.748795386428803610989746175619
0.697127938215673648159054209827 0.935955039686035550339227029326 0.887350195554042486811852086248
0.436509107448483146818318800797 0.157323110733543214401208842901 0.913308533836127200977728080034
0.093898283331700166387534522983 0.002890130000751672464942565455 0.837759509198107044092296291637
0.928390568868480592357173009077 0.898485154353823256556665910466 0.900661111654451951302746692818
0.823828876091051709451562601316 0.556743382491653115984320265852 0.966272816773407705603915474057
0.260930646268368593432285251765 0.519139959984933896386394280853 0.610775585472483673044052920886
0.497164677758581974309493034525 0.917448419962105687908149320720 0.672703784950131278286278302403
0.026021309470830880639091731155 0.327469975427319703875639334001 0.677177059675584280817872695479
0.716289743169933879052280190081 0.307728535431321559290296363542 0.085484000757811609561009902336
0.764344788506202021949320624117 0.005453101062289106293334839393 0.561678492462986067579322480015
0.982604176606353685308192780212 0.220067819499622396861582274141 0.731708215037573106442891912593
0.927694384588999221286087504268 0.567199141787956939708692516433 0.134950248557136970317671398334
0.654703284241387462039085676224 0.313996454510084510580725236650 0.690772302665421888967500763101
0.101797735148617007894245034549 0.389908965269207041792753898335 0.888700518199401101604451014282
0.542764341361378965800099649641 0.225420015561910325185834835793 0.897185596860111900241463445127
0.125962831823805382347458703407 0.374983215857387475189455017244 0.914582463447758731156511657900
0.006482287536287770907117433694 0.902144401916210370018234243616 0.426085429671082260849601652808
0.619991747790551550600923746970 0.875021296201885401266906683304 0.886923118126981546716081084014
0.061376325114178738318049255440 0.521717330650251609469592040114 0.911146714514292521691629644920
0.983269401049459368380212254124 0.125933969509817444976107481125 0.481096496563797104695225925752
0.664475377780304965469326816674 0.466922030405943155884074258211 0.795247924152885588000572170131
0.569856126982330013497346499207 0.749024185019050658951300647459 0.384304075970597680544926788571
0.060895906689465054140164568253 0.622140008206456429640240912704 0.460129475076730243277012277758
0.652095860766490842408416028775 0.785579079785345246733641033643 0.816931907298473314327225125453
0.666202607708023752941528528027 0.686924780987305361179551255191 0.911230130251116876571870761836
0.170459415616324855280439010130 0.750989286967847502474171506037 0.972346623758619910127265484334
0.383209104200559369513001684027 0.972335655638556950464135297807 0.774860075994282748723662734847
0.799989194307209383616452669230 0.331702156553279059458816391270 0.566479040051496629537552962574
0.989663604419919296084628967947 0.641865101315950870031201702659 0.792144592868751495906565196492
0.886255655679899279064670736261 0.871110782742270606249235243013 0.549335652126856310850655518152
0.311338091565839358842993078724 0.998647010390443790051051564660 0.523968235879260668674817225110
0.001221225996396080705833075974 0.706243975878493412956515840051 0.644702947993793573644438765768
0.008539604015554098925822046340 0.024280302533571617579211121551 0.831489867599214504956250948453
0.384319498099246092959191400951 0.647994003638711624226687035843 0.297584035203529884139328487436
0.710132135695220823023987577471 0.389275591463729142560623586178 0.900902408911272489788757411588
0.690225103951310758887416341167 0.781197573998495431446542625054 0.861264630797612618096081860131
0.382771615367650697159263017966 0.781307093299431487665174245194 0.524215321304867476470690235146
0.527621055117121984245898147492 0.213172222020590884650204088757 0.358304877215296524450849346977
0.851032543173806943492820664687 0.939108718314706436558481073007 0.247701360472298709458627286040
0.526525644222514688230774027033 0.174446931246622166655768637611 0.345360867695546802647044160040
0.052768257012391052429567395166 0.811168562466098030938610463636 0.350956886022953162829196571693
0.786887286350586245831095766334 0.316109418249682305734893361659 0.104726262728147889724539254530
0.489455177174541455897838204692 0.429287424996345812200360114730 0.672966703095996710004556007334
0.806625212799144009068186278455 0.391839050126265131535063801493 0.384770610643978050458002826417
0.651927072728348711017076766439 0.439150641571928124218260336420 0.529569686138923079177232011716
0.760920862355953464550850640080 0.711604985212441198960675592389 0.158361812911438776252381899212
0.965554554788463303971468576492 0.178620705550735642264115199396 0.655239533981404442819496125594
0.990317755686934586556446902250 0.896014225770162986428601925581 0.162526395081240143669631947887
0.398345466101516776369351191533 0.436811037976302385388294169388 0.631711560462054788622765499895
0.564817896013509734842727993964 0.079431121694959375134637014071 0.501812314774030543418348315754
0.146577321117796671723354506867 0.838270128470058217828864144394 0.226599175436156069496362874816
0.628625985291892064310559362639 0.316109726402714341642052886527 0.571242749510913361277175681607
0.097674049317693217853175724485 0.836688645491374893836677983927 0.420150590245033039860089729700
0.624807930079175344317832241359 0.047321702360103412576819437163 0.262357286263510514068286738620
0.330325482076240684037315986643 0.286622810382074044710520865920 0.295446599022808842338605472833
0.773075121663685749240357836243 0.510206961562319039060753311787 0.570558371844965606101141020190
0.051505213704226560089693975897 0.307901992478563313326844763651 0.699552901276547567377406267042
0.290709013499324708806881290002 0.274166376987589499591990715999 0.195995199943561654309931441276
0.465452209219855805866217224320 0.803857636449195722683214171411 0.013614014190275856505674134667
0.344088208998098110669161542319 0.145332796877554154546530185144 0.779346215160098720886594492185
0.805342875905657562540795879613 0.993254155728362841948353434418 0.396745149255233575669166157240
0.739734753391973365310718691035 0.197655933818274481827970134873 0.873112891964197501692979130894
0.284207411104604346085977795155 0.651117119777616215614557404479 0.424963249341264504010950986412
0.765267377500134626799876969017 0.515688713761657258061177344644 0.093189240082176966195603995402
0.841477754275368194925022180541 0.713615134545491192064048391330 0.248027563139034040728958530053
0.421217694562189937101948089548 0.009529438574630368780082889657 0.199787138134045971771257654837
0.815247718243511609870211032103 0.718589914430052045801744498021 0.216768178642664011146479197123
0.969162283361862608721537526435 0.188265096433834322464662136554 0.246960708046598531595350323187
0.990494600839322059115943375218 0.955654137707461104334072388156 0.253855845894944309737439880337
0.496456662921830438328640866530 0.268841272250527063558678264599 0.553327169265060980762882536510
0.832085351775276760299959732947 0.079437523383503877427713746329 0.617637456777443083488776665035
0.190364911744391462899983480384 0.125363906390455415174045583626 0.475175516543670573010871294173
0.239123026694875534525763782767 0.203162669875967705213071212711 0.365926512427469707855465230750
0.119465649340251861554307311053 0.692490392240595609152364886540 0.506925089168963283192681501532
0.883141833587563152008215183741 0.735911537404121740557627617818 0.428433457937803463533299463961
0.160946444611311662020725066213 0.149589461350653901705598514127 0.602174379238433643557470986707
0.392551148611979427993645686001 0.896455288751207057806880129647 0.435514787318812823802005596008
0.994058032731251040026165810559 0.458332813266189964540586743169 0.430435489866374587641928428638
0.370499818078688147870991542732 0.607350361107875769128838783217 0.037793877352109761513787589138
0.139144158460903638596661835436 0.547825023464049154497956806154 0.699694368723672965870719053783
0.631982286845726215496199529298 0.156002060682771170885274614193 0.720149820264444517903257292346
0.158734690906878722627126876432 0.300976546870955208312636841583 0.623309071859705410290075633384
0.590644370754724090666343272460 0.462677661032438791721688176040 0.841867627704542931255105031596
0.077648619429654328061296553187 0.523186227019334926247040584713 0.575920945356683033899969359481
0.089754836572327204025079083749 0.216101480156972836077500232932 0.600583314943267665420023604383
0.269092010718305407745987167800 0.823951470360992921371234842809 0.348738102050295761813458739198
0.755245250511237808943576510501 0.676704203430337214442147342197 0.610291152831036964876432193705
0.104682632911999681790682359406 0.531608686076903036443752625928 0.563387233320034597205960835709
0.494654485157943746287401154405 0.028740581245520785413916087236 0.693532946201728783819362433860
0.617002536166964654640310072864 0.525122228459423023849694800447 0.990079467903642762571791990922
0.783918315483632444085060342331 0.639480690785924843488885471743 0.410834687233058992728018665730
0.607844007122422369526759666769 0.475653220785799524250592185126 0.266707423967087464689029729925
0.436384657935902808834072175159 0.303684855587561419731912337738 0.275215513399948041861620140480
0.610784973378303397417710129957 0.837126998901435492861367038131 0.939395590103269229054205879947
0.823011313328380733622680054395 0.041312997779083614202644270108 0.151897885766667184448408534081
0.461743112595708438128383477306 0.155071379296144146175961964218 0.723077694757691458171677822975
0.609181816804170050971833916265 0.094909805755892182044242133543 0.881813327179646777587151973421
0.648292846141455214592497213744 0.209626283863814766306177261868 0.663499854431787272623921580816
0.117037391495342216196640094950 0.207516821937403700415458729367 0.984638472049599311475276408601
0.185575206463091918474006547513 0.545921244206275080301793423132 0.578024147578270586222970450763
0.873452865025835745171889357152 0.081939346354946193673463028517 0.717080324188390516582103373366
0.578636340124231929316067635227 0.649755788238729148353911568847 0.095178193820905351851813236408
0.480168733495049127046883086223 0.817133749017903698863563022314 0.495387393219652749642989419954
0.453758745197749779887175236581 0.927744341872278721616851271392 0.064230698599709104557042849137
0.491240186449592830530974651992 0.213295968650467293592498663202 0.983373856648537159053091727401
0.649733733825919479443200543756 0.830103677563504893655021987797 0.727982065529389821278982708463
0.576868579910281731315535580507 0.644567956717906898056469344738 0.199111188446652598305064429951
0.497211950162358862215228327841 0.983886952466538122763495266554 0.421746389935996002229501300462
0.844518287264144018600120489282 0.145267387682873061471866549255 0.522025463002979361881727982109
0.878277861745022758732659440284 0.550792659951995000611191244388 0.009616079237531029166863305591
0.637994514527985945306909343344 0.989330867718588136128232690680 0.635642475054495337261073473201
0.776708844415426535867652546585 0.280993568571173024661646877576 0.009586646732345598109770179462
0.089242106107347993204648162191 0.067719482747053041937768114167 0.466709498594913063662659169495
0.395678089339725203021913557677 0.763823276183176469444902068062 0.914699346481601338609834783711
0.865145460528704668412558476120 0.442364392085621283001728443196 0.796166986696682621449383532308
0.314785760379620971338709978227 0.659678086821429254804627362319 0.787345300474420750624915399385
0.635857932096030142865572543087 0.211406381042699736960699397059 0.741762688505079870182612467033
0.496908411939210148400292155202 0.001284005060868054692510553672 0.634763192599784753511471535603
0.582285395922839010829363814992 0.209571698842891701586310659877 0.829003271420396203872371643229
0.208172026395549353283698224004 0.505849205650740874062876173411 0.042848924193503674928695801327
0.627859484136389700559277571301 0.910321402185549466423708508955 0.847948966891630351305764179415
0.869040997288785144192502229998 0.695468233730545337678563555528 0.771130764036928151305971823604
0.729460706494612143302447293536 0.460171907773340160829889100569 0.779432308280581076509463400726
0.434329524817692214089248636810 0.478837567270774977501446301176 0.042279735961226999618745026055
0.670827493578326161660640991613 0.214619690068150570372296215282 0.892542408370993300970042128029
0.642278909903080452714618786558 0.870254085491366069504692859482 0.061509691184392124851942895702
0.425277242665501209462064480249 0.662574326162975735243776398420 0.752532455168367975240073519672
0.456315858225383397250851658100 0.321371190291428687757502302702 0.580988186964657593591709883185
0.691213320875222358985467963066 0.499379355228323384974231657907 0.736970904760607559147445044800
0.965254520465652521288291154633 0.122183724731541890062835875597 0.884213849115181749205305550277
0.972354646956701040849679884559 0.197121580530229795202856735159 0.690857656049814305987410989474
0.019200145671777028161253397798 0.488183667553161226848601472739 0.832391483471213167177893410553
0.748864411411070518553856345534 0.333632056223841177988731487858 0.548753575927794945421567263111
0.091583809557908096854461632574 0.989442841483776258648674684082 0.468665706661934022836391022793
0.229944891516035920808747050614 0.791013261478140217164423120266 0.183317601626687587401676182708
0.877896262272124583425636501488 0.289211871709093959470493473418 0.085260769986039125489796219881
0.854121970244137718175636564411 0.845692235578755946434625911934 0.555065240716229091333389078500
0.482625875849239382997524216989 0.108096157510153417780074391885 0.751195291844973356276682352473
0.088986789266264867959144169163 0.480275234885668700357541638368 0.473982104655551628180631951182
0.889719829909500492526319703757 0.309104630517292977565091405268 0.806678106526210969562384889286
0.788984119533755468012259370880 0.218919430310966361963309623206 0.409316161972149261671916065097
0.672556431104311069901768860291 0.458378050682806958970871846759 0.234619172678178805613313784306
0.001177331599761552265170916343 0.232074825846121490791063024517 0.005200859071351531838500736882
0.153553742107294305396791855856 0.084203043815315056774828406105 0.805027289027776316032714021276
0.286019957009149006221804256711 0.113618723561116352627209380444 0.681910157302024311221089192259
0.315374109499562904623815029481 0.803811529007763980736456232989 0.841544879609836038447667760920
0.643940705707562011106404042948 0.638489493280596231983281541034 0.366805369681882764698599430631
0.916865851798181141774080060713 0.789310401023665786368610497448 0.193630905401902725371243718655
0.639896854759645750121421770018 0.299960258149316871811862483810 0.559459639124457619452357448608
0.278768198181416126946174927070 0.162663874418377762953724641193 0.864030373361079018224018000183
0.792186861099470784886023011495 0.888840719295738379557292319078 0.566690047215573811101307910576
0.520141274054640057045162393479 0.324600928261918886263970307482 0.045609198612497688085642977285
0.379109663866377288865550099217 0.242513577904050536826474626650 0.763769342064030798411522482638
0.707583714685193654325701118069 0.273457722438967043565583026066 0.406456316677756890332062766902
0.955822389984888887148883895861 0.618800550537512483728619372414 0.145391473976824170399879676552
0.416224682429085335311214066678 0.802124876734877645390042744111 0.539915048576650180578440085810
0.837770539836695582458503395173 0.086329649386550758038971764563 0.452967826881407686911984455946
0.109357042130503345767067457928 0.942808785862593201620995841949 0.592572152890678327530338265206
0.110168411425169157635828298680 0.673898203890442304420105301688 0.478842750694185137483316339058
0.519207478415562251328196907707 0.650732101720957745172313479998 0.648832593763907672368418388942
0.408600176991209818044836765694 0.262639469160620198096012245514 0.366564248449111784733389640678
0.875480374508204928218901841319 0.506245628915900525157667289022 0.817024838899594318952779303800
0.646073523635545154952808388771 0.238456510096931001418951723281 0.623801403795395059681538896257
0.363115108072076642198311446919 0.859345466345213027103966396680 0.241019143006906522153087735205
0.975184302333968466847125000641 0.870961925050345642240756660613 0.006277386106262420120693867887
0.654958892390703928398920652398 0.299342520350850460619795967432 0.103211269804028407670593026069
0.046208335880004038076496186704 0.748336701369834433883454494207 0.575526617409994112328774917842
0.188336345987335146423546916594 0.824370995847669707501381708425 0.367281400534318624995222535290
0.136659634167053123388058111232 0.940775417398986735229016176163 0.052061096948963832276024987777
0.854901253930840487882392153551 0.764615303052429418073643319076 0.099157312612861092659954920236
0.552140175048498105248029332870 0.773638748355924388278026526677 0.740431086643562386129246988276
0.312711100069283376434725596482 0.811588200126647341114960454433 0.036034869002916615488008034163
0.002016370997946665376276964565 0.951583643621794150746495688509 0.977525919337563498068277567654
0.548999320606013974099823826691 0.886178315613390221727740936331 0.937526193730454315833355849463
0.015479555504050756739586880428 0.351409018213066470792682594038 0.870626008671714024522714225895
0.945340464354688547743421622727 0.516029040260077898061297219101 0.100520398150016204708023792591
0.559995958857394615648672697716 0.821385898327550378894557070453 0.919855541595954062650264404510
0.850150653932406408230804117920 0.184269757244409471130808242378 0.346324708922427171309266213939
0.335255749487197940439386911748 0.402245671840396890051039235914 0.568843711386904149485133075359
0.863315195970536297664921221440 0.508160344765166471781014934095 0.359072902976239449746032050825
0.875656994333069538249958441156 0.445864946147953022936860634218 0.130390004612540577610957370780
0.748207178549669671419053429418 0.344244319930379572003431576377 0.084389833164741342996784112529
0.175486621001775783268428199335 0.916208269737968206136713433807 0.098850331962676118990884788218
0.808142134859565652860169393534 0.171972274157518034698455267062 0.436611546335769873383725325766
0.964193269266981123344351090054 0.858684863746417614827066699945 0.280061419585772519713628980753
0.237964208421774015000949020759 0.627572729027954578917558592366 0.718131423219052322792776976712
0.420642428342478724712094617644 0.323009378310628814112703821593 0.576189275287142033121767781267
0.718540931542109295726561413176 0.584250404614159002392170805251 0.566768220542200773515162381955
0.377553226408301134675582488853 0.867961348082058492536816629581 0.978992661840820677099372915109
0.679547768285962749956752304570 0.407207057057986876458244296373 0.707673136920749068501379497320
0.359329509103139044245978084291 0.963803472897962532073279362521 0.784743377367534411526150961436
0.871829812508861601294540832896 0.242232981550740800180676615128 0.189383408193667557295469805467
0.673811400684386718751284206519 0.459434241994895631311379702311 0.896741813340043658620004407567
0.883937742489636968379329573509 0.094468477037182863043085490062 0.818553345736279469591067936562
0.671237443994774585220852713974 0.187889258060190827981372763134 0.245112712334674159864178477619
0.515798531953503780478342832794 0.830741080613217830475036862481 0.678626169010509205925529840897
0.560189252896767797551547118928 0.728197098623710070697256924177 0.761486457173147446297889473499
0.373323294735012634060211667020 0.163092781454785895611792057025 0.157789500090954881716953650539
0.262342101934743165969621259137 0.516335026012738618206299179292 0.394032824009865334513591506038
0.177580399811156808276280116843 0.327463960950595212029412550692 0.271020429519950756258594992687
0.190262012288820975269842961097 0.730027840945513872839001123793 0.101853463061150006918609278728
0.577780600889637008243937543739 0.808740824433872629306563339924 0.589501462260624498057381970284
0.345036468074680469086956691172 0.567770344261191328705251635256 0.968068499558117800951606568560
0.794762064759653275025641505636 0.995691171734498725598427881778 0.049829357816782958445767093281
0.938390299647978043395823988249 0.823799317906634631647477817751 0.428855577914755370372290599335
0.323590142438509031919124936394 0.329838425213827168835933889568 0.889104047313149847830970884388
0.966424759324912008295882515085 0.344984104192588791892859489963 0.078152244437720175262995780940
0.333284187320590563619049362387 0.837785076991958810310734406812 0.778593947647329587269382500381
0.605277719781116219088801244652 0.590415446912325392325726625131 0.016963304494522005172463252620
0.310116552148190949278472317019 0.378776587075721482555934471748 0.130752436955633849491320574998
0.180767602001940114186950836483 0.735019270552744963254099275218 0.079775006335661452494534273683
0.727433535622929894337573841767 0.242163116898167773971550786882 0.760608816400926257550452191936
0.187456717853659859951420685320 0.449506173189101965181890818712 0.665784026890789415453753008478
0.783576317188725890439116028574 0.770073565548977767569738261955 0.203853978882352460111349046201
0.778895541467504393118304051313 0.329640769169733061083604752639 0.842594380028367839763348001725
0.848516526673885995712964813720 0.219336767134874544016298614224 0.683126255644576518832877809473
0.903597784796855152400496535847 0.763252289983226139824523670541 0.331499591380011005004035951060
0.537513429973431322572707813379 0.371284852983806923365506236223 0.178409989918629080518641671915
0.793958217575938096643994867918 0.634297487220568223520444917085 0.026287134340158918588414849182
0.667090994001822923387123864813 0.202713617585395577957996238183 0.722568246506537947837500723836
0.854450574340265389672310902824 0.086246588152132735993760093152 0.121707665735387021710423027798
0.284151087044909433920736319124 0.847604690891600842661546266754 0.141337747694723792069027012985
0.910263018133017798305672840797 0.409631885149015884106660223551 0.875591617243597353237305469520
0.470956913512354635731327334724 0.276807039317858216698198248196 0.463306454657325728074823700808
0.988865096343553129365488985059 0.359941745912076838109783238906 0.406041932227606428007504746347
0.630144998333398542733618796774 0.072775863193450029964282066430 0.515148227283133475218335206591
0.652643883280054848405882239604 0.155278022940141202656860741627 0.324621002510035172594626828868
0.558088196536876024467233037285 0.530218432506529779857373796403 0.155967591122264714886824776841
0.977016680060178499545031627349 0.793914228501974683638309215894 0.958573012464671081467315616464
0.528232191488301805470939598308 0.896594589146397558110379577556 0.166599459488665446738053788067
0.253877298828961761589795287364 0.890087004383426361187048314605 0.630624294118204420378503982647
0.486779518179558556845165639970 0.699929906529985212948474782024 0.923767430958784663275196180621
0.130195853481233553283757942154 0.812794421835245306517947483371 0.811968017771197758669643462781
0.248633476015382298696110296987 0.294169407690000161981203063988 0.732224562089831554345664699213
0.515845277117581768600018676807 0.378914120583063618319386023359 0.971220357283123725267159898067
0.847769576972911997891912960768 0.874654586805483802436356199905 0.595746754775143050331109861872
0.224458045354147373018349753693 0.080061930097452826959880667346 0.142872124651958476437840772633
0.241421160618465246994190920304 0.696603816134775288837488460558 0.865245085687247783567954684258
0.660992405561486973120111088065 0.074481472418825106496242938192 0.806398076401752317288185167854
0.804756499394300384153666527709 0.585180212216087736187830614654 0.171050823097933873961906670047
0.982955036293969297567230114510 0.511824708760210800306822420680 0.657537601537654614602956826275
0.583742262338890038897432077647 0.898242204528776677641133119323 0.739521348901686748078532218642
0.768445651647581162713152025390 0.316918166266079270876332429907 0.751427002318736825259293254931
0.154293604245228116456090106112 0.930292429001234655316920907353 0.003925850394176175033045250728
0.792976812509118555993836707785 0.606170021087262145265128765459 0.803114723500321425753156745486
0.131157199000165369806580883960 0.000588403838567304825722670270 0.544959238578779814332619935158
0.574745024308446317284904125700 0.694491741294801068207220851036 0.623888408681043449277581203205
0.432339541060463627974996825287 0.034545598653710180014897446199 0.655172814334730069241174987837
0.445176923551706738013677977506 0.049339340330759047514863624428 0.564533786245686952653954904235
0.789822495616811282026503704401 0.521191329159689908934183222300 0.375193601417741107173497994154
0.003330859198072757664660370480 0.227530328615937527114709837406 0.180605751910015377426077520795
0.357831389597761784227003545311 0.125195549054249816167683206913 0.406970452505242719087874547768
0.492692819320235564362064906163 0.026812786357414734872417483302 0.819237599170946517723734814354
0.724875471976860863421165959153 0.126390821497737809719907886574 0.219961883007006059331800429391
0.235213177078811036535554990223 0.267176713910587892986114866289 0.567517204830902510792611792567
0.420006652212666309331723368814 0.050818015857545022206931406572 0.559970913921410629043862172693
0.975012803570446062728649394558 0.840629375223606145617338825105 0.619653319420180870302772291325
0.995378988942951958840410497942 0.658155175428488448119423992466 0.982526222050948971897810224618
0.721619400126521037819316006789 0.368053353101860547536006151859 0.105906149438600549750333357224
0.766838119480742874678469434002 0.647591533135357777517526756128 0.644800996054000652435433948995
0.313883117464433036847282210147 0.305295745165933052334139574668 0.982430514170853030897490043571
0.815778068953635138171875951230 0.383462775255345278413443566023 0.709838000460846885175669740420
0.965799072672849812093431864923 0.815992710846074831287921824696 0.721558114148819096378417725646
0.371074680382839416914464436559 0.042408486493249061832777613290 0.117681808786017125245670911227
0.372856113002872080475214033868 0.934323564924335769887875358108 0.262226714884027545249267632244
0.344982061153404295783531097186 0.719409794384316070292584299750 0.694729592499793269233521186834
0.461029081401135021334170005503 0.209686506029988090071825013183 0.939058837469611940029778907046
0.881916779024964569977385053789 0.602621895235013305125448823674 0.091323408751774512448484699689
0.524755274555762429855576556292 0.001956880732595074265378620737 0.447644510679298335276143916417
0.079752868593858966539400512374 0.364125130236141736350674591449 0.241403287408101352440326081705
0.382584004494131046936189477492 0.949831545102188368190354594844 0.926844819311601564315594714571
0.361352455763585489467715206047 0.615011606524817899810386734316 0.514526524164254484006164602761
0.582763304763777689743164955871 0.187086019785037860341248006080 0.536124969533247064390479863505
0.690235422245908614158338423294 0.501617281847673290862132944312 0.077924327144920688126283891961
0.922092747593948214301917687408 0.802682737702733462015203258488 0.049471820618944638281444525774
0.761891386556830862986089414335 0.333491718745573983984087362842 0.667289388246528392123479989095
0.755130701152980421397842292208 0.580208476985506926837388164131 0.182136116633987460433630189982
0.972617288875045060692059450957 0.125373158961510966502572728132 0.379768576501692767255491389733
0.131785144507035406613582040336 0.810237604245511389144951408525 0.052315582900542022259937624540
0.455970161704287557657977458803 0.028761925050531638586859273232 0.122850560126258487314565570614
0.742435506776914500015607245587 0.174635446065523197711755187811 0.327978305260647584606914506367
0.943299761382520030039700031921 0.860719175846367923199409233348 0.528096535490845120364156173309
0.087744601636922658904893523868 0.757141749900130500705586200638 0.881396507968345233052787079941
0.753211301993400694776426007593 0.552917196293232438009113138833 0.201065609283890972536212871091
0.995692431584547232858994902926 0.817064443789299765796840802068 0.419018807301611895255177842046
0.131707666799142475433370691462 0.146794451801097347587443664452 0.752890081672026534320707469305
0.618300284810115341471714600630 0.067456183116139614708295368928 0.758403109818238774231247134594
0.935208000317081511454375686299 0.806118910534099564202392684820 0.086314840488325716982842550351
0.790577066037805753495604221825 0.368684903264239582920680504685 0.297737136382738243334244998550
0.207678972863351324340541737001 0.264276071093427877833903494320 0.211996712905034107032875567711
0.463322259030480243513494542640 0.098679654036036498765405156064 0.932779100587068477068442007294
0.968692594745491741825560438883 0.876062754186801018185803968663 0.107546923728681353971126100078
0.635020703162779143191585262684 0.102453206166355600958972615899 0.737597190417132564377311609860
0.720507071604071236414768009126 0.743921233838242379476923815673 0.575029286975328290942854891910
0.686824552140052113635704245098 0.844911615528702641952918384050 0.379001096995471797868049179669
0.065601299436814905496895278247 0.942943824651979789486233585194 0.654466577247973080311282956245
0.328563452620762863620740290571 0.542487069224450557669570116559 0.939830368432587270888234343147
0.015085127381748658983995348137 0.847426549214476909632765000424 0.371301169129422514725291648574
0.261793851748395423051363195555 0.674713210042197419902265664859 0.872676093016223730636227173818
0.409956443091979816362169231070 0.432241546554751721043174939041 0.443043098458231365821546887673
0.053243898830850178161000485488 0.722006027337558697887232028734 0.852680907946495536542386162182
0.470939254982169486218879228545 0.619286046715242455285022060707 0.234505124909572926217293797890
0.822181635278230960039991259691 0.249849597634866582573920368304 0.061491419691135543179605349451
0.253702491468360991078156985168 0.210156353365947429212567953982 0.651382132605060615304637394729
0.826429916576139622641505866341 0.930577800046233361008773954381 0.200249942969550148719193316538
0.277771618440071699218663070496 0.438629297553549957200402786839 0.446792580940897188224170122339
0.723488780219149307804116233456 0.371652813214459698532010634153 0.733033297689317686618437619472
0.872008178729157257258464142069 0.800605882292263704158585824189 0.768518073648204791403770741454
0.276852669888772828787892876790 0.001216236427014998544224311239 0.911489058027215803825527018489
0.590848222434513736800454353215 0.709962680869032580766031514941 0.606483355039791005580696037214
0.898257943850630513615840300190 0.710887148980916871998658734810 0.051090676147203972767840696179
0.101689803349978388768981574231 0.855664712107093938797675036767 0.481729890023453288794286208940
0.932571956118190326101569098682 0.141650717913887447263476815351 0.662743693764866748097119852901
0.549872006995995143974198526848 0.130035161695457063268932529354 0.585499570830070537041933675937
0.156532663830307894325954976011 0.914169048080932244992879986967 0.637901108158825169702765833790
0.199762365550977150085998346185 0.434110487176798287567436318568 0.806137470000329647845660474559
0.528789598236321101154544521705 0.558558857568824729256107275432 0.127171516020899405541300097866
0.220279425572018433543419746456 0.724601557568086751537350664876 0.063131823376367260380881418769
0.733500906253724216377065658889 0.141628743807509366314789645003 0.347393405024861545715708643911
0.045855955347088271645272783417 0.475426684437604663013843264707 0.946742527548898760159090670641
0.329932095633417299396228372643 0.227361019264297609110414555289 0.226252785322083899144374186108
0.809073923427870989044663474488 0.171390462623396605534864534093 0.180262301890084297717464778543
0.018748562847721701729586385454 0.087794391271438509960489682271 0.756307234511091830420070891705
0.554224000447858244911003566813 0.636933203136339165517654237192 0.945915305099074732453345859540
0.362177681787723748652041422247 0.175020353975576387073331829924 0.240265245955824546797430230072
0.115818601413342478489987286139 0.343221491270178646892929918977 0.971401874937935616571849095635
0.805338310853857985982529044122 0.249122122446093385850218737687 0.150078071567105730821367615135
0.709835693590262217789188525785 0.810672916502420015660845820094 0.791230896551612161715638649184
0.540476935438779393372499271209 0.721713458608557845153086418577 0.479751705318054610938105497553
0.903090185187449878689847082569 0.575938867169547341617885649612 0.920885559626489880180599811865
0.924206634132540227888341632934 0.880390404626196110271507677680 0.632975364490724889954265108827
0.450557986067798788010207999832 0.207568375467377858045736616077 0.474775484633085831376320129493
0.240304342685362853915265191063 0.265566143318316738586304381897 0.553971220687674015259460702509
0.915536517020863471749692052981 0.683488201717152632497231934394 0.966158379302395897703092941811
0.185198501484628158531009489707 0.653817491792221150426200892980 0.283562088668983358630271141010
0.973390123430470266541192359000 0.559318024567234339805565923598 0.791422682621838347039044947451
0.090257885655996919482824125680 0.868459599989811481535184611857 0.219037411369161744145728221156
0.144431111453230204277886628006 0.672960022212681918674093139998 0.314116278899242651334589027101
0.123402366945287320088020521780 0.420631807248904310281290008788 0.983635476404062569777408953087
0.418027381307099821228234759474 0.904581884724004137154906857177 0.880027501186347538286725011858
0.592827727248510627511279835744 0.641211610566319811788105198502 0.406316517167207014171737000652
0.723119470622060167563915911160 0.311849837335254786996330267357 0.543033659671497859200428592885
0.615041675012283350909569890064 0.273722316727865067065295079374 0.160614182386636022981107885244
0.886697155654277646696925785363 0.278976792295299924617779652181 0.538151054858570287997565628757
0.507172235695608319971938726667 0.021998424044009392414045223063 0.128682257078839373809486801292
0.858672434478026214144108507753 0.927005358733776985147301274992 0.532339116766353703802394647937
0.245856450804758791539583739905 0.283010744048649731663402917548 0.159523856351915738205349271084
0.768981939413252546522414831998 0.899576690328848904698588739848 0.960448642576115285685034450580
0.000020173092618165427373361220 0.146498399849186944354784145617 0.694079031126128120909868357558
0.536010657161507308998693588364 0.418513393344328910039564561885 0.544701594648030140710659452452
0.612107746754366410790737518255 0.814089297757775165464977362717 0.376954039250849581854652114998
0.039976487977259965445053779831 0.346417952013648333675632784434 0.084636297741742180789081828607
0.212976991398708404013007111644 0.389260753547352511549917153388 0.146161531950967538140417900649
0.661612686680261297134109099716 0.403792974542418914296604270930 0.748856561134417786362860169902
0.198288413120043055526409148115 0.555957064035066284013453241641 0.239886313821047775229899912119
0.992099413254485917867953048699 0.317938226435252380142060246726 0.510204132108105556930865986942
0.569648356296100666362747233507 0.407906219225748101209205742634 0.770105822979610499245950450131
0.188278779018895697783264608915 0.363320001916042911727089403939 0.918634712913412476709140719322
0.515723501260281436131549526181 0.274802179684036029794214073263 0.275372304848433169244259488551
0.834811772888473524467656261550 0.154431469156561806954641724587 0.624283236306127364834139825689
0.131948443269942872202449279939 0.851000828360063299449222995463 0.634490251012921890882978459558
0.252697000253355841259406133759 0.302806485753122911486201473963 0.739712480167774133477109899104
0.795445455246057142595361710846 0.413757314843217538502528896061 0.609033096752093050518794825621
0.611303595555224510427194672957 0.887304056250499795233110944537 0.697456385189693772730379350833
0.425653528778566769830149496556 0.580037906355977850303418108524 0.910667795816061387270679006178
0.480321887545520576079383090473 0.630211311755347947105576622562 0.192151799530202588295324517276
0.885556855912050022716641706211 0.838680409214485389490789657430 0.106991088389485192178263162077
0.604122375274758538488129033794 0.417234120474028580272118915673 0.887961433749685502547777105065
0.598743246875913293081339361379 0.968284665013221079732375073945 0.779250041895498291033561599761
0.095024076709746538305090268750 0.527126701152445420461845060345 0.103272643239175163087928410732
0.677702836221563464924599884398 0.338563341116992599921786677442 0.802557621138705989949357899604
0.486596365248905371458931767847 0.739574025367876530800970158452 0.022046656281470091570673375259
0.885750318470655106928290933865 0.682365185207348567963947516546 0.762350127352744100228676416009
0.050615791347801579458387521981 0.948449310888424768073434734106 0.415898431651603728287369676764
0.347654911152926682227359833632 0.019657325484184980102231321553 0.741540876553779870761218262487
0.028430396135963324072415403521 0.727844184741118782611124515824 0.490548134840663341282862575099
0.807431945569645259652702407038 0.264785038340767608922021736362 0.575805817612761283719180482876
0.278806104351526362616908727432 0.252412049146772787810988347701 0.221721384816629868419468607499
0.637902201904085974781821732904 0.419053561202174018607280459037 0.149649224666680957795961148804
0.985002698256105646557045929512 0.289875439972551773859521517807 0.993172344001786888689764509763
0.236982721316039313119716780420 0.001977928717723620877927404038 0.242343548956192811338894443907
0.011496884455921561538072062092 0.446298355275265012931384944750 0.874349403560719662387157313788
0.442961628337601442950699492940 0.122938861352609382637801616056 0.167168711518302731677820816003
0.621616298827278201954982250754 0.228669597558290055294705211963 0.610954982350405573221507893322
0.804456419525361510203254056250 0.393502223745889390116303729883 0.604239402259944213824383041356
0.864636739676287624511985541176 0.011518550686270147276335507058 0.217095333088749731231814621424
0.071133259222231931540036953265 0.773046605829537991638744642842 0.870084509017679419429214249249
0.097993675380380590445028587965 0.596551019354583211828924049769 0.314569164785485966273625990652
0.272895146845199609852983257952 0.358987726454739586312570054361 0.998793964188253946545614780916
0.707045662804887009578180823155 0.174368789527998280242115924921 0.335587148467475782087632296680
0.879070880124542708422552550473 0.219189600415407082056873377951 0.643494727196173399441647688946
0.036151783920617332201974392092 0.281842302686939050193615230455 0.857720542961421306138447562262
0.298962133776968563836362591246 0.718528269321373147526799129992 0.509620906887870650514571480016
0.397887032981470434300774741132 0.548566187945998651187551331532 0.456077287942085851657481043731
0.285625545693480920039775128316 0.696312913313598569331475118815 0.044487687195192242295416207298
0.719660506971131597175883598538 0.981833676958454582006652344717 0.066349275882973762774597048519
0.893221657660964729608110701520 0.295137370389814690518903717020 0.533167785882271871855664358009
0.177223188431607309167858943511 0.783823496526649843296752351307 0.088975134956820578491232254237
0.803803549751676116308374275832 0.745496380841329409072670841852 0.322494877503963495168903818922
0.415106500656210353206176932872 0.908414818530024259501942651696 0.309516504796953306755113999316
0.743160706213463084779391465418 0.257193115912683456514287172467 0.723153728658531336215276041912
0.452380269758814568259452926213 0.810069531895558414547053871502 0.320639700540799710282158230257
0.819430081410782107376178373670 0.658359667162465189704789736425 0.351514953178266364997028858852
0.105878811412744230913141052497 0.218240977504695121691469239522 0.766639328072017289805728523788
0.991119488958433825231963965052 0.971984162437865117922797253414 0.480339614088977684414061286589
0.485184162104939975534989571315 0.008798213843887174590019384368 0.945957866259997226521250013320
0.671921922744530331073065099190 0.810990211176277675519941112725 0.616666542851929899704543913685
0.836247006526694813821620755334 0.539098735228964565102671713248 0.213904019526529071137943560643
0.631628968111118682671190072142 0.970838813364728103749712317949 0.200778280536098252540000430599
0.933749226280455313364825542521 0.774327081419968532571829200606 0.569145327442800219586160892504
0.453522080588486808938597505403 0.316371156389717467227740144153 0.401171834760712220369072156245
0.849363931788778003806328342762 0.862407099549619915457299157424 0.800414309826498415745277270616
0.916604295075226005451440869365 0.871295914425110895606962913007 0.027170975531255647100747907530
0.706379772457109367245209341490 0.664265059316704431502387251385 0.542986086443944748758383411769
0.284644195689503387569629921927 0.068265442430232456394456619364 0.077891660844759166848483289414
0.731129267278489924919426812266 0.561628652982080422972899214074 0.973006580203375381898922569235
0.869284548004039203661363899300 0.115512076429513138586813170150 0.281338851302111891961033052212
0.653292922195274350372073968174 0.440050472306776740971656636248 0.213728901876446941709986049318
0.423220064254778982615334825823 0.129677233930236862624596483329 0.118618714051736323655816818246
0.074763070495808797710779458612 0.320806031961845317113102282747 0.086454445573366192623332437961
0.253637031961929271250966166917 0.114097967576581388327028321328 0.198194865484368043517804380826
0.846515054531902899626061298477 0.656661893357459724995806027437 0.446012371114488936907349625471
0.538253497372829126099702534702 0.293930733812343802924260671716 0.961107799840982712780146357545
0.265129917173206886005232263415 0.113297759563644004354721062100 0.554996225665030484819340017566
0.387941377725140146282001296640 0.702449191124776328720713536313 0.845806466509019916344414014020
0.252987190882621615362069178445 0.138606825224850044309121699371 0.447442021833596437208058205215
0.759026704288635611916902234952 0.733690501880814638369088243053 0.153628447315438065867709838130
0.116629950428539755358237073324 0.143194414039185702325340798780 0.817405104817506722447717493196
0.148404050597000097821975828083 0.873732387613906258394536052947 0.037808801945020939494490619381
0.693350917810333977620018686139 0.953010001320463095986212920252 0.497578773521476169783284149162
0.290786123447355326909757877729 0.759861173256772159945171551954 0.571467736639843848500674994284
0.246378054696979736926110149398 0.722148692836240169157235868624 0.239945533030119978468164276819
0.847256343599417482970181936253 0.363433704708025606677779251186 0.778841313125056000643553488771
0.600414912851833348916841259779 0.641591226799895553156716232479 0.933407006902242653012535811285
0.853896721665426738923088123556 0.713548684121909970734520811675 0.724245722193079033424112367356
0.566661716662903103269854909740 0.448024147792108751175987890747 0.847049268462286675251959877642
0.469460468868804992048637814150 0.768996553386962378162650111335 0.410694496464587888162611761800
0.515488758382379397282591071416 0.544096559079808916870035773172 0.889764099321305290679617883143
0.565293730870841781843694207055 0.942971091281097018033108270174 0.643315712084343349630444208742
0.125700614533067772660146488306 0.206436259440776315177146216229 0.913929443444744249447353467986
0.172173247334990175971825010492 0.591106689002870555604829405638 0.653699322525286286023060711159
0.247210886465251356014505290659 0.301107402021556669335922151731 0.267741069019132416073603053519
0.798317697059131137216070328577 0.838704349956171490987344441237 0.864575543917157407491913545527
0.001587787002598225680194410359 0.340114958452734872373923735722 0.335349702258924631248504510950
0.557095528083976443411984291743 0.505783468822570747569500326790 0.687681154838301167409042591316
0.038148652305794714112430199293 0.717714426948176109632981933828 0.079615275682697064785209306592
0.069195957390300433242913413778 0.677888714881926146560431334365 0.996270866620980521943806706986
0.401933440168994959851289650032 0.870799397439676270415986891749 0.565371233798254491098589369358
0.227519023033278783296751157650 0.704479362413880094706541967753 0.113868191685679243096984691874
0.508966241931045004776024143212 0.102321392566446553451520173894 0.831898882698275832225931480934
0.664037925699142994595547406789 0.878440286588982988114082672837 0.257831576245651561407612462062
0.939424976379218068522902740369 0.975816559868047384007638811454 0.032326756204892587165389272741
0.110086122910483516501578549196 0.162793067930074780713667337295 0.075772496401194502912979089615
0.866579177999086902595138326433 0.145035801675647835207172420269 0.895532251207183604968520285183
0.558109917794875842744772853621 0.646715732275363719416816365992 0.134506446293780529410710755656
0.181419134115734986822943142215 0.342685158280792767637734641539 0.495602806767029169243699016079
0.770797783014408044444110146287 0.763597921528951117942085602408 0.618885802860667078029166532360
0.268186048509334473699539103109 0.735989439829760505595857011940 0.391816334390882703431202571664
0.747052537256802762222207547893 0.292261603440573003442892741077 0.418980126083296267047728633770
0.941018808322561683965545853425 0.082964275856334410153003489086 0.332301899765987895918328831613
0.188261747447399568899939481526 0.437744804965631228999001223201 0.673646959204629469653013984498
0.503608704274036811376902278425 0.907293295625114848412806622946 0.859224789874796113231525396259
0.102445694939539089229896262623 0.306087107788694801069340201138 0.166104258550719280362883978341
0.554231307850070242793094621447 0.958002584151928293643152301229 0.762886377575806129414104361786
0.878654110154962642020848306856 0.088710022605813926288575999024 0.313886815284434295136861692299
0.777681534136070440332844100340 0.068465474019242023029363508613 0.338543128475146726241717942685
0.665923608921995646703351212636 0.375886817138188888964833722639 0.618036656718964905188329339580
0.501032449099430232664076356741 0.369463618145036032380801316322 0.926126548550263217762790191045
0.804587115021831111860706187144 0.607819151204469720894962847524 0.970131638140785290680412344955
0.582688368336265027913611902477 0.008868114276566363418652372275 0.512242270244575359505745382194
0.732491422017832349844468353695 0.767718657507111545967859456141 0.126927519177211178824649095986
0.280768679040218738229839345877 0.929077936881178678696358019806 0.170042586226937492144273278427
0.350003503702970397704063998390 0.239373393093685493671074482336 0.427669444476727333981358469828
0.992985022129549643743473552604 0.843196847329585552621722399635 0.076772797075903495556126188148
0.751117493061749352811773405847 0.144489252535191015081039722645 0.003970464490602725916856829969
0.421844713317866604196382240843 0.907407046396076943928221680835 0.167571053650284462754882497393
0.578713405979556561042898010783 0.948548036267730432236078286223 0.186881101098855556541522560110
0.856431953809841051139528644853 0.250836033543416658808666852565 0.497931193936620275497517695840
0.496372642324426127657943652594 0.076360120319463153926164977747 0.747693114013854742694320520968
0.754900630440433317858150985558 0.915323929154503113103658051841 0.582840889848612375701009113982
0.360774764318357366033040989350 0.669144695049442517209570269188 0.785396587399532886131225950521
0.697524196066735768795297190081 0.837535598796324665116230789863 0.379101240584082621598582818478
0.575370310285886144008316023246 0.093582815276399652915095828121 0.437431256471652318840170892145
0.699721939918242941125470224506 0.025734131992821328988041429398 0.340127289052906678357146574854
0.094706618768613456960103746951 0.651262824198001744058217354905 0.740426326524697642206263026310
0.465382645465120370342759770210 0.153382830674888115396470311680 0.546756212221336412859784559259
0.351425908521019625396775154513 0.582812127046235084470993115247 0.433533696212982377904410213887
0.602449431389255218860512286483 0.059013152918022560022848210792 0.976073502432845852005982578703
0.834075170755751438278480236477 0.086014761873493925103950630273 0.008626420074845592492196466594
0.894926166072557038866364109708 0.048386534390079123657546489312 0.290278251952719501538524582429
0.764760188642020333205095994344 0.138718642373090977892857722509 0.242919232141635133004342606000
0.056224815646861873996709135781 0.659107685513315222358698974858 0.479254750360062709013675430469
0.070389034385853366249108375996 0.320201125898782412715348755228 0.004545242842575745838284984046