  0.332459
  0.571731
  0.876584
  0.522382
  0.795129
 0.0967585
   0.79865
 0.0882828
  0.995281
 0.0279927
  0.446667
  0.911541
  0.957805
  0.265453
  0.176061
  0.979621
  0.143215
   0.29383
  0.218573
  0.734428
 0.0396709
  0.588703
  0.887288
  0.695092
  0.236466
  0.608309
  0.774616
  0.103037
  0.891818
  0.878883
  0.252853
  0.852845
 0.0529714
  0.802009
  0.124757
 0.0257448
  0.877402
  0.471597
  0.895992
  0.316705
 0.0401755
  0.992031
  0.417246
  0.914016
 0.0942066
  0.928085
  0.862641
  0.522162
 0.0360252
  0.190663
  0.253726
  0.196285
  0.286195
   0.46024
  0.779913
  0.337404
  0.294496
  0.787126
  0.256383
  0.478385
  0.093159
  0.070066
   0.77169
  0.448628
  0.109436
  0.640961
  0.566745
  0.991981
  0.844201
  0.106776
  0.511996
  0.361545
  0.045786
  0.395389
  0.151163
  0.189774
  0.461374
  0.788935
  0.133964
  0.535791
  0.367485
  0.340073
  0.142472
  0.415493
  0.817924
   0.39565
 0.0436929
  0.511864
  0.558501
  0.800165
  0.421937
  0.910917
 0.0625707
  0.733123
  0.913432
  0.317135
  0.918041
  0.417566
  0.680516
  0.559563
  0.379018
  0.197188
  0.103943
  0.131074
 0.0297034
  0.848669
  0.334334
  0.594231
  0.541296
  0.149266
  0.524689
 0.0573247
  0.345029
  0.526936
   0.68394
  0.636868
 0.0822868
  0.129846
  0.645449
  0.734493
  0.970225
  0.983883
  0.605477
 0.0670494
   0.49865
  0.545914
   0.71183
  0.991466
  0.334981
  0.767679
  0.218867
  0.852988
  0.195042
  0.873285
  0.706087
  0.462449
  0.170016
  0.584973
  0.377108
 0.0554528
  0.717911
  0.947192
  0.922287
  0.613656
  0.174714
 0.0142728
  0.683605
  0.802509
 0.0646966
    0.6102
  0.751972
  0.569892
  0.046589
  0.631671
  0.517617
 0.0842497
  0.907139
  0.754475
  0.815074
  0.186748
  0.219099
  0.447841
  0.848564
  0.620596
  0.809025
  0.840192
  0.464954
  0.115421
  0.685822
  0.146278
  0.635112
  0.798802
  0.854445
  0.984072
  0.479689
  0.331428
 0.0112817
  0.252716
  0.263327
  0.109286
 0.0486792
   0.75103
 0.0372143
  0.124943
   0.69551
  0.667747
  0.603927
  0.405575
  0.768331
 0.0746992
  0.366565
  0.599371
 0.0290666
  0.838759
  0.243522
  0.880125
   0.60244
  0.776459
   0.41974
  0.544551
  0.951219
  0.682591
  0.396404
  0.325166
  0.815695
  0.892511
  0.474963
  0.517417
  0.691688
  0.891613
  0.183448
  0.632056
  0.565928
  0.936548
  0.974303
  0.685993
  0.823639
 0.0434883
  0.825714
  0.334195
  0.260891
  0.582449
  0.717236
  0.737734
   0.21213
  0.926737
   0.64312
   0.57323
 0.0847029
  0.400426
  0.698912
  0.315706
 0.0152084
  0.613061
  0.875064
  0.531183
  0.607788
 0.0254321
   0.91372
 0.0196011
  0.482042
  0.848556
  0.206866
 0.0377779
  0.342063
  0.245974
    0.4313
  0.267928
  0.981663
  0.329662
  0.984551
  0.592664
  0.742637
 0.0449963
  0.505537
  0.701717
  0.857778
  0.251181
 0.0187119
  0.856497
  0.658413
   0.46214
  0.751551
  0.672128
  0.431681
  0.145748
  0.782491
 0.0163475
  0.242001
  0.977674
  0.269875
  0.781545
  0.535504
  0.800371
  0.578754
  0.281003
  0.331792
  0.204757
  0.461046
  0.700288
  0.113845
  0.064339
   0.74317
  0.493942
  0.337745
 0.0170025
 0.0141335
0.00820634
  0.368431
   0.15354
  0.695489
  0.863881
  0.214903
  0.807873
  0.474183
 0.0190676
  0.951973
 0.0430184
  0.873647
  0.588084
  0.376684
   0.27752
  0.125129
  0.393677
  0.398062
  0.489551
   0.38512
    0.8905
  0.776171
  0.198568
   0.65723
 0.0740808
  0.818168
  0.764194
  0.268255
  0.544809
  0.285692
  0.420838
  0.958281
  0.481776
  0.514673
  0.508436
  0.412399
  0.109491
  0.303472
 0.0525894
 0.0091841
  0.474865
  0.618902
 0.0179275
  0.675784
  0.291986
  0.737112
  0.764994
   0.91943
  0.585119
  0.230227
  0.641664
  0.475044
  0.392641
  0.193871
  0.837323
  0.371114
  0.240913
  0.586478
 0.0081865
  0.827115
  0.896482
  0.507437
  0.925122
  0.967417
  0.764824
  0.418218
 0.0589931
  0.718991
  0.282602
   0.71834
  0.317641
  0.883381
  0.529693
  0.738463
   0.70152
   0.49272
  0.395212
  0.256318
  0.268061
  0.799666
   0.73192
 0.0755258
  0.231657
  0.897422
 0.0552675
  0.533893
  0.463484
  0.891791
  0.214062
 0.0238733
   0.90309
  0.867479
  0.546917
  0.140523
  0.689032
  0.877998
  0.397806
  0.144822
 0.0306224
  0.353157
  0.908558
  0.458462
  0.525985
  0.692896
  0.493661
   0.90811
  0.932073
  0.503808
   0.98114
  0.088162
  0.137413
  0.200773
  0.635242
  0.446351
  0.340924
  0.766198
  0.884064
  0.059502
  0.274676
  0.099905
  0.903701
  0.727432
  0.475281
  0.735412
  0.886666
   0.60025
  0.067837
  0.276332
 0.0240671
  0.370596
  0.286917
  0.938706
  0.969356
 0.0499675
   0.12859
 0.0574608
  0.464892
  0.439469
  0.699954
  0.666806
  0.638463
0.00618998
  0.841671
  0.213842
  0.206068
  0.769386
  0.294601
   0.94808
  0.222492
 0.0117635
  0.325335
 0.0221684
  0.108834
   0.52783
  0.468691
  0.782892
  0.992673
  0.895866
  0.405642
  0.694659
  0.847636
  0.128992
  0.312669
  0.453942
  0.143692
    0.5263
   0.64218
  0.818098
  0.379943
  0.513387
  0.618113
   0.74057
 0.0284721
  0.358322
  0.724648
   0.84316
  0.874743
  0.566045
  0.117939
  0.336164
  0.723433
  0.809533
  0.353758
  0.414158
   0.75649
  0.402163
  0.415796
 0.0751871
  0.579369
  0.835456
  0.919809
  0.741718
  0.200934
  0.955367
  0.734705
  0.714488
  0.385213
  0.463131
  0.130897
  0.741905
   0.41487
  0.362076
  0.391838
  0.889488
   0.40321
  0.106086
  0.203278
  0.617668
  0.797731
  0.755676
   0.33242
  0.951707
   0.95037
  0.422941
  0.277188
 0.0707046
  0.639235
  0.950033
  0.888902
  0.494064
  0.987558
  0.610323
  0.835036
  0.206821
  0.743342