0.953799576905679846738905780512 0.662458087245255566877233377454 0.733817797444535124817832638655
0.494897750106133182956824612120 0.476439212772539311124830874178 0.529404703429960044047675182810
0.856032197074958367544184056896 0.092581631474706715945188761907 0.339608768616051936994892912480
0.880940833887040808392043800268 0.447450938775901474464546936360 0.519397846404500596051434513356
0.052078822604692417974625584520 0.391230567066999768144341942389 0.940251968541538696300108313153
0.181301284602383760979904536725 0.100763071061907072412111574522 0.897159574662369618813784200029
0.428993818824777939369141677162 0.388046585595100912424726402605 0.628768576520578048594245501590
0.632753718054522629188340943074 0.895885171041077121856233134167 0.427496482256168541802310301136
0.530265194735520251079208264855 0.891274370593987508293309929286 0.958554411563975028442996517697
0.175720495456693520663904450885 0.342812292981112987089176158406 0.567694491242118903784330541384
0.678032152599009063642654382420 0.122111665955752790591049006252 0.629613093972351767213524453837
0.258206065973077825148607189476 0.900348458540377261094533878349 0.399623990222029934482605995072
0.512154447225120490472249912273 0.910908357932149970181967546523 0.635638549606540870229309803108
0.902372466619741020465994552069 0.379936298962966489956016857832 0.924913154641445078851802463760
0.983128888571987546995956108731 0.276806265341695501014385172311 0.248170700011985989608120917183
0.791433898056444928847952269280 0.556105483331310712635797699477 0.629234310797435414386313823343
0.580929406187948527140463284013 0.526632326087154489790975731012 0.794638575758166210150079677987
0.717770081014544758524209555617 0.676011769215835944812909019674 0.245113486288781323718666271816
0.343903953225043079733325157576 0.161994706108296332436324860282 0.810725452747236285944154587924
0.600274180336528129231510320096 0.788278696603598283410008207284 0.251036583198895713042730903908
0.211416675141262944137565682468 0.344387589198148824642942145147 0.046036752432287983416436816242
0.859094949034404642418394359993 0.161281594660605098745520535886 0.949817783494523393272856992553
0.737364300033427122471607617626 0.236160833755836213621037700250 0.369682208755983177095316705163
0.933537606126793484406789502827 0.725848356066293720623150420579 0.771167491891724288244347462751
0.623934029827697189674040600949 0.298710721271998380643708514981 0.197001307685219811949295376508
0.514007903192721271601328680845 0.439825891440441985036358119032 0.784316018675028869822085653141
0.496620825714924774008096619582 0.933012838796557608667114891432 0.583878666194924567101054435625
0.335682335826599620443033700212 0.804963395060447006734705155395 0.375876033606381165785847997540
0.992996135385118106064794574195 0.280122723643113025193684961778 0.098625434661376118472553287120
0.402164724926526218062861062208 0.322957961563277273775440789905 0.303216512711528107804070941711
0.305449854048870927947234577005 0.659444176432719575409180379211 0.434575513665295509735386758621
0.339567189398255420140770866055 0.557705785440433698951778751507 0.633639392747138097128356548637
0.449358923805636800707929978671 0.859279812365820849784370238922 0.820727774948608157501439563930
0.207861251713523181861020816541 0.372181964704385581654833003995 0.375160114026854563107349349593
0.358995128923029982459524944716 0.949108887292046787820254394319 0.798148846169263959104966943414
0.551473593917524596008661319502 0.250268701188777586974509858919 0.890633935902713003152086912451
0.798055964324799416154121445288 0.654651963456174823541289242712 0.798346637872672348912317374925
0.686140907741622729787422940717 0.943432143005646595135260668030 0.736088730874116747848745490046
0.480697250496364580918395859044 0.313165755940030876569579731949 0.993496330380716496932791415020
0.820374847147074537367927860032 0.029500939445184816423140006236 0.174409246200859180397912950866
0.104080486563470381300433587057 0.763821653877488349060342898156 0.213551705317988116394900544037
0.461538592905569367008666858965 0.008938605963550482966240018357 0.279623679299696781264117362298
0.533217111051512926422901728074 0.857846522083831830585154420987 0.441893669785559994878099132620
0.481128542007567605587325942906 0.073976826580929230803285179263 0.832400841939084923382097258582
0.135959303757149041480545292870 0.897449524287390776322581587010 0.340580243589852338370604911688
0.610652632697139763351401597902 0.804761618132118217161519169167 0.823154405049177584352548819879
0.649717759146489992616579911555 0.293014053432012422373276194776 0.048470946949537900561022496504
0.954136711419756866625618840771 0.543956734560809174183759751031 0.480990702611409082223303812498
0.543762004946029220420200545050 0.485958379965134301681217721125 0.106924017483096198133374343797
0.387979881536927473373310704119 0.825472451418914565657303228363 0.003240662942698370810323815761
0.534608103415578295170007550041 0.815273987846398928702740249719 0.296503595599035607577320661221
0.679604170697209575280339777237 0.669259134496640095690622729308 0.707424364773626912494819407584
0.001482273689092278561724169705 0.164185799958512679275202117424 0.325728254301069164444726311558
0.999674846239363090738549999514 0.388051282496976179814396346046 0.812661560861182796777768544416
0.560331229967648281053982373123 0.231904162724061030376176972823 0.973589543821438696546977098478
0.394533442282699653436139897167 0.202565931127485637786023175977 0.557837888422242578201348806033
0.896551852206099009201523131196 0.878628648597266748154765991785 0.929106552372189420374581914075
0.582128555200320696449978186138 0.094419304562013653403518276264 0.172384870541251927766879248338
0.142577870752125884790117993361 0.465443297369846964439688008497 0.114563549151177529461520521181
0.470307083244517420972385934874 0.454860028006938532652014828273 0.343745237141142023773454639013
0.471986554124199042536957904304 0.246407701580461824253376335037 0.084523511807661863559637538401
0.678003423981156316813212470151 0.086803161864239586353875210989 0.751246982254267003931147428375
0.927912186412663153589619469130 0.844538181730396741997424214787 0.256444740429652540125715631802
0.301091421340115905636025672720 0.724566685610413485640890485229 0.038860156400410614252471930286
0.376410069279356385152368602576 0.106517232268485320667572580078 0.734293443947056090337355271913
0.470239865188684547092634602450 0.545090174103340374678339230741 0.855781365526626980333446681470
0.322690500327684037795705762619 0.948180880254085645120198933000 0.330812255361102147688256991387
0.767822827991805567648953001481 0.738610857467555947941661997902 0.408607064078763682068995422014
0.262408455568586940209740987484 0.660254479938369609470782961580 0.711457690643553575249313780660
0.505897935804234810674984146317 0.708309275695168327757755832863 0.635724052481689949622989388445
0.544991929531138841191761912341 0.303308633302247887542080206913 0.124160516504439571994211632955
0.861218705262802086686235725210 0.854658440799741292437374795554 0.973155494135759413509845217050
0.652380738328496412314905228413 0.238947570459517255603287821941 0.033730923740902474250447085069
0.204036901616345967003240957638 0.329666217747425494000168555431 0.674495746012554797665927708294
0.559069001186270564396352256153 0.061146560878027507446308419503 0.729715723056139853319734811521
0.093209943767050079665992257105 0.910888844801742258994181611342 0.395721491373585476658547577244
0.203951913532402578921320923655 0.048955001283175876569675466499 0.348510799913480551204258972575
0.086525306443086827390409609961 0.957636365225037367032712154469 0.408367658470871142117886165579
0.536233472516711606736805606488 0.757515029069318224230755731696 0.683336081697935471268579021853
0.510825005871833437431916991045 0.098566081302206010050781515019 0.379208625596271053925789829009
0.988357905621529586603912775900 0.326837574640636230327572775423 0.420855936975680522404985595131
0.545796575786165472088384831295 0.263971437435599920462436784874 0.979321479784240889188140499755
0.319700219775025551438574211716 0.297821674761708787837477530047 0.052006570182417062586655021050
0.746368784251028927201332408004 0.432873866331685785979743741336 0.197272581499184557207726697925
0.213315600641479058419136549674 0.964423112505295776486491377000 0.456872760852175985313294859225
0.189698996313946988134802040804 0.284054626377378383050853472014 0.384061477507604720482703442030
0.426847750554598559524777101615 0.031932896909426917997354422596 0.019145759662024763175791619574
0.086353908817181163071197147474 0.814230129926733159351215363131 0.986814282707576206910005112150
0.216982232027254612338751371681 0.172365560440481957460434614404 0.078939793008878517133197760813
0.371351063677917869743083656431 0.459637789189582757209961982880 0.622053170449418768583882410894
0.402645091504983898555991572721 0.438350360895940982519647377558 0.136549602243796697198519041194
0.879722631479886718608440787648 0.549337082114631281015704189485 0.960804515472836073719520300074
0.785844139771032845764864305238 0.980448723961265922177688025840 0.105862694366290907566074963597
0.954238453362603045171397297963 0.974610989624541512732491810311 0.413474107280376645956465608833
0.294448542549149927527452064169 0.453281578684464947492926967243 0.417958092624310661999942340117
0.249213734150206950301864594621 0.850022029147832536288831306592 0.774858099291990121137985170208
0.908424141020288899994739040267 0.412738312584071620481296349681 0.515166456647389470191455984605
0.039090059440991309358537364460 0.827863253193961701192904456548 0.840917485706586420590724628710
0.045157646842604634573881128290 0.713225619331658289290487573453 0.966479461936179506942323769181
0.361226178174178069735233975734 0.011236050956587334548331114092 0.322144597973405721891282382785
0.096281434396794873809000137044 0.011154547538391958519388147408 0.835859350098204667567358683300
0.886623851370004434357952050050 0.838405927524906946501914717373 0.754097239003614250307805377815
0.364260309897752321273145525993 0.806502109371802333726009237580 0.815107845098824168594831007795
0.288703565295706676696596559850 0.424483201478061289435572689399 0.105344638207466922974475664887
0.523478775557537079343717323354 0.412412519079584760639534124493 0.517697862451595658406233724236
0.784213079539835988818197165529 0.480048615572676862228718164260 0.626420597556582525733404054336
0.341018250301524772361005943822 0.991906739374758261718056928657 0.797323335115198261746627395041
0.305547306055361678200910091618 0.782808999026155305500651593320 0.205253650497304623856464900200
0.649977451601076894327491118020 0.680933977886827079828435671516 0.254484014822690229884472046251
0.180754431409630739180371961083 0.169033173242367745769954012758 0.171547978534284994989178585456
0.812619785982912179456150170154 0.730109685556795229288695736614 0.876537596265053897681696071231
0.909775548417394053224427352689 0.265263062628871060244506452364 0.934971233314935146196944515395
0.806433866728081150121454356849 0.063518856367020773423526236456 0.417805490269656798485442550373
0.226642937488819917746241117129 0.528556087987588907317615394277 0.229032881012431466238865596097
0.458426588541223423156623084651 0.566541315315164828447791478538 0.583992535518937483374202201958
0.714077048750742626737064711051 0.743761415494383459900973321055 0.710939304999565035991793138237
0.207426987075564506213254389877 0.731666397465745577122220311139 0.089536444172098078597699100101
0.115041057383173786488050893695 0.584146083322303555362964289088 0.373374614454907161054109110410
0.407864414652647833126053455999 0.566755601434442590758067126444 0.266821477328797018735428991931
0.708135699673644536389360837347 0.435889640064927474938372142788 0.015165900300731805297460574877
0.949086053487811165396692558716 0.457471908035813112913814393323 0.636673387016256642212397309777
0.894729180389133182949024103436 0.639416234592631083089031562849 0.304924412591957683105192700168
0.670036009085932526829765265575 0.366148426729712206384448336394 0.203043488330766769278667993603
0.350022461336437995527148814290 0.832826516595566945788675639051 0.985741902697008565148450998095
0.667173747561813246242934383190 0.142089569173805274626687378259 0.583827328907177145467244372412
0.543559110508990972476794922841 0.843387292973552415986659980263 0.496192594641108930542117150253
0.913524233679634423133109066839 0.833808155095410286072876715480 0.929503127144457819142076004937
0.456223117575489445219005801846 0.551844093868704810290637396974 0.867381013506633657961231165245
0.092467237530566681602550715979 0.345978200318317719030858370388 0.195700931935148647600186677664
0.601675581153570782078077172628 0.550780790959081500979266365903 0.281932545442583171180217505025
0.140234693254314785049174929554 0.801606300909762148343418175500 0.589241046461968731584590841521
0.099753462516442251151183029378 0.521244163654518311012964204565 0.252605598346307913537600597920
0.046570054852368890363489839501 0.966713903962692189253402830218 0.383970326325286437363359937081
0.898824313113492423532591146795 0.825014695717792845286453484732 0.417317087689690058294189611843
0.783819763065203956031723464548 0.250972507683334566941368848347 0.926469043221813781663342979300
0.793621478351076437007804997847 0.742807577904252558376185788802 0.287021471632252445083111069835
0.537649822797473087021558058041 0.309652510984341933220065357091 0.380510674027012496534183583208
0.031639389831816425169286333130 0.381479031604653961995410327290 0.743723086228968544020290210028
0.294657483265457986743030005528 0.499623304918485666714644821695 0.681551786404910320271710588713
0.287709393373335231558485247660 0.518692272174716473287503504253 0.384590566031553282577704067080
0.339312047976899011647589077256 0.311216411473247966945621101331 0.473651630358239983387136362580
0.990765639182726642886223089590 0.991222313498743790027845079749 0.742365902648051578793797489197
0.041920873474443981487880250825 0.251432549885076739304423654175 0.112789122767774738220758479201
0.515051446716059513342145237402 0.244654884185553644915245286029 0.948270208736962993967267721018
0.153108401464092408472694728516 0.294413959869998020923986814523 0.352087830144878710658673526268
0.308606320311503701248057041084 0.221079733326530442072410664878 0.119491144351821704239213772780
0.641633762854256661789520421735 0.996852102174241916365815541212 0.124936845761381254416022557052
0.725296580792051059916047961451 0.409303635742789773122041196984 0.086292997002527169203567325440
0.610961406850929589218424098362 0.028116354673478248515916533279 0.809256700232382497617322769656
0.272646394947628711857845473787 0.511399359894107452539913083456 0.313786768832309825860704677325
0.280204445688540138004185564569 0.869909486643678842021643049520 0.661392385003599647674832340272
0.941968846862150432919236209273 0.559604532140167698628374637337 0.889018926386018204510719442624
0.843055223709973100554293523601 0.266732704806070031189335622912 0.073520348379762220925037752295
0.760223214156017346176952287351 0.387920727644654073085206391625 0.216003393042535296597606020441
0.045743688995910240790987444370 0.264097620200135774215510764407 0.425842939601778824876276985378
0.768440443724889843402081623935 0.620344979775459104409662813850 0.008406717795223195635601065590
0.261691815122144288974226356004 0.586354275543492509115139910136 0.132412660020338052158095365485
0.424993869000653945455781013152 0.601760144403187036132862886006 0.505839696225138024665568536875
0.906838806438713729285439058003 0.445521800345975715895718849424 0.979995723146472319520228211331
0.835414615995260345648887323478 0.422409894183021550340129124379 0.408296721707893162101044026713
0.888613697001266134023467202496 0.595554469213842807562286907341 0.440245554163963825899941184616
0.709833283171635298636203970091 0.893117268508933470627653150586 0.892409398509829587808894757472
0.188319753202322831553416904171 0.820694194317130087945599825616 0.547481782189027321727792241290
0.372620251575604355398496636553 0.839539821954221165967169326905 0.564476120934568670328701500694
0.302654886153936097947791949991 0.045403321973670036915127212751 0.762118127642163578627787501318
0.367977221064909876258042231711 0.710892988678523130019470954721 0.468596562292659946091788469857
0.086672796825948916765725016376 0.760006043717378454438460266829 0.764168789775735879388207649754
0.447909911043424369125887096743 0.932442568499017965244490824261 0.054557600683984644462931612452
0.905149305626484435016720908607 0.397494184955748841581169017445 0.870448137504348684601040986308
0.071081894113638230403573459171 0.142025851324079022131030569653 0.723435227071244191243692966964
0.700271124450808302164261931466 0.057028275388953809932335303756 0.604755147161652684140165092685
0.953485574309087868805079324375 0.701056659038605145539690965961 0.962604114899912932656889097416
0.748676570380537365068107646948 0.851994677389075638629378772748 0.867338322078926804437060127384
0.849806578728041106529644821421 0.244380803031350568588209171139 0.951539216859716763252663440653
0.752803069118727519182243668183 0.346209576542390373710134099383 0.923757168656353155888893979863
0.102258094259349077703724617550 0.717513979013013059038428309577 0.403100075151051839839055901393
0.915450144067377458156897773733 0.874975488530903122708082264580 0.463088141484038262607469960130
0.552051980695656752118338772561 0.038155024006179399931326656770 0.860740544327698642312896026851
0.263946533795349047579748003045 0.535968201453803860800917391316 0.642920653827062760221622284007
0.436569250747583070815238670548 0.900690259193691278305493597145 0.882938628909090694740768867632
0.437294001619026151406188773763 0.543897104277411003181441628840 0.689513710449345618158645265794
0.657327912447271733853426667338 0.037502632796456727981571077635 0.264660714275592345856580323016
0.165781673612198449108134923335 0.112034693515755873205463899467 0.348361158732816811323118599830
0.418000984287234478298245221595 0.958892188007466006460788321419 0.849523201802302563301338977908
0.652678671013864675209958932101 0.632545240045456758082309534075 0.935119348489097501619937702344
0.091981795640006386305387309221 0.773642019496697752600766762043 0.936342626018826451606003047345
0.282702326197002085095277834625 0.524997287586541294679420843750 0.392736592757484903604137116417
0.898514735882795068100392654742 0.080191539849305881748620095095 0.629207629529443535076893567748
0.350958012402003638463554580085 0.912223974483157729054028095561 0.863120901097585768724229637883
0.979626823015226522173293233209 0.378521287265848660474887310556 0.939850274434468002660025831574
0.151177476513385200540540154179 0.492806324152827379680985586674 0.667948262509108436901783534267
0.789688121490199290697376000026 0.414083314373938027319610455379 0.005871219405040162438169648595
0.737094299722386159245957060193 0.577113633245182389153171698126 0.825996124851274826639269122097
0.868255010251944847610161559714 0.922615541295400243271274121071 0.730931023985549321864141347760
0.030004824678571028612195092933 0.215242484474711587294493142508 0.030636225631796177443222362058
0.996121820625383680436470967834 0.921272483329992786238449298253 0.697259487647346909433565542713
0.000347306499053985661719379241 0.719540087541755468691917485557 0.329845992587470049350883982697
0.552083830846485046350835546036 0.692039598437401481945130399254 0.716082562827124458060268352710
0.114889238674980936893987859548 0.109580779553384355384793025223 0.008126122824237047917450560419
0.654653893311567203205925125076 0.783219794194867091619016719051 0.042744649592778183322394625065
0.361888221102943885565395021331 0.851588930483683670402683674183 0.876833577645179995663227145997
0.517146924004042385369928069849 0.700073267332664062045921582467 0.683473678296962039446782455343
0.544397510841074017129415096861 0.979090505190817639302736097306 0.145514352985735506695874619254
0.089635328260653762688647816503 0.890596530200899016982418743282 0.569002332751448958170215064456
0.630929234120697346455131082621 0.314875982253197239657538375468 0.097867623228124728251842157078
0.807075470546853468434278511268 0.896422886817891173549810446275 0.710529089501295896269539298373
0.415579791795690878242197641157 0.122318063032533952405600530255 0.963665462490497004566236682876
0.415309050559892201093248331745 0.163737564607492197543692213912 0.110586985754973221585117926224
0.024855313936684931414022869944 0.875837059006748352985027850082 0.334050323720516961767401653560
0.675073370269787309538855879509 0.284074743264009221821453365919 0.471355062964419868620780107449
0.951284050050542284715504592896 0.110961227094820716332357335432 0.630174110365707584868744106643
0.728076186781675627202048417530 0.987615087582976447500016092818 0.203282921270996536078357053157
0.446474745233986392012326405165 0.799716832619766337941769052122 0.620139054824952684619177034619
0.437652129397231526297673553927 0.109575890324163607858487523572 0.884913911957723731127600785840
0.424578791768568164499697559222 0.821160212239416265056490829011 0.783894858111006787027008613222
0.932877292768628629815452768526 0.209267622566557121022157161860 0.689370870637872612540775207890
0.835003662981599781289787642891 0.084279384873715557091600203421 0.634700618646612091389158649690
0.973280097806042077124288880441 0.716676946794020941489122833445 0.191713221575414427544359341482
0.269139556390785184003533458963 0.487585552351524398329019049925 0.005874418255225009703746064105
0.578854685624004883237603280577 0.089458099373833629974761549875 0.466465835885216784095774755770
0.402216200803240053751608229504 0.745598763855778390308159941924 0.730250617792459699728624400450
0.343863156819573967393210978116 0.289045865820807268420367108774 0.542232419257306141879837468878
0.349490133388338841680109680965 0.983815072527529532742107676313 0.536044728584748719768526825646
0.804979507571719543612687175482 0.709090703216497808547558179271 0.345345892242484853174033787582
0.502838402759932523444774687960 0.269639826132042237372132831297 0.056836171457964532183204653393
0.922410520826704161123643643805 0.325351983086080209783830241577 0.298867087728441394034462064155
0.343905815381166435340531961629 0.754851503793228517658064902207 0.724310677686828441323996230494
0.664657739121560120487686162960 0.585998089433116264856948873785 0.846827271734124420454747905751
0.053054120648404139160003722964 0.366010849271081795119897606128 0.508545744621690665177027312893
0.854734981758394796180766661564 0.674908586421255840548383275745 0.861728137112821035437093541987
0.262377139753194599247620999449 0.467532467703165699468570437602 0.915277620067245445412140725239
0.766558144771328220379302820220 0.986093529514780908762361377740 0.231110033976519330112253669540
0.514992004482180742996888511698 0.759326863822658681968391647388 0.439425939814721777665340596286
0.775249963298364486163904985006 0.771255941479422557627287915238 0.980654857702445204026275860087
0.857979491737090094183315613918 0.208295536119892349402604736497 0.499640343595353975114647937517
0.765547697387099379540131849353 0.673331218702629907824075417011 0.839401077031511677617459099565
0.217868241398736728342555579729 0.723438842813784455110237558983 0.837600583294897060859796056320
0.681621962253759816618980948988 0.567606020842302272377821736882 0.905937497464726515516986182774
0.398336223543503897825956983070 0.126289196947662774039855548835 0.784593247446223163166223457665
0.673721850496620144888026970875 0.462774301927036779691349011046 0.679669834153190044467862662714
0.475372639650676109823734805104 0.450987022650321089933811435913 0.110968466423169848100727108431
0.918474170632986197659874960664 0.455198723924522707928730369531 0.394647002408652802785127278185
0.358579517866831731787158332736 0.890741468755674947743727898342 0.205751094421397578981824949551
0.634616380787097478233249603363 0.813431831392478654763067424938 0.157561219138340896650518629940
0.676953342418566528237988677574 0.746960522678932203888280128012 0.100179907201896983837130505890
0.492822674593096310413642413550 0.002254999731688458672329566923 0.756050392606244736626308622363
0.893429969599191742268828875240 0.261430338736810763400342239038 0.640571818000714610086276934453
0.937988466801092934943540058157 0.467973730219420180898026728755 0.366326019071423092388073428083
0.817680980751994246347180705925 0.196710256242326325670788378375 0.959149084753168290617963975819
0.555975533618641715172259409883 0.303295194903611731174208898665 0.847218582656174890033184965432
0.870287410468684630160396409337 0.116955821800121970155394990343 0.715778016096606850560135626438
0.630338021708427898026627644867 0.315037349625850338075139234206 0.158453939818751138313146498149
0.307625586733518863180592006756 0.495643319151409855738421583737 0.866348920442078118675510722824
0.979354895407157921560781232984 0.824624937259215928797573269549 0.761808561040348664050725346897
0.116727212060127677473175822342 0.239617623830523152061999780926 0.517963489756405381925219444383
0.539599521235312407085871200252 0.015896120673051239435835668701 0.914086751248639473033108515665
0.593365875492639194277444403269 0.900513295560835147490763574751 0.828271564857734787779008911457
0.093818916156325524169368179628 0.723888310313124172523657762213 0.376757779295160577515133581983
0.617046395375652867443250215729 0.469535836649382365415306139766 0.888706135543500086448887032020
0.032159445164841329867222441408 0.166926679748283290916077703514 0.384885199599954930249623430427
0.645501726154010690983398035314 0.599561797699360687907699229982 0.833871220030408921708442449017
0.265932747196783225707150677408 0.839796750614632547815574525885 0.815140889011174540890181106079
0.447611521232431697203679732411 0.945502747924523712086397608800 0.073878678957232005175548295028
0.030596266411300032661557679603 0.134688763528748922659872278018 0.982422497765670255098768848256
0.065624194305512736913321703014 0.278899940075302554820524392198 0.595451165710886853865702050825
0.103380801052158244335288372895 0.127590255355317178098673025488 0.291483266116156491953859131172
0.470423358053536300182884133392 0.842582264114819401434886003699 0.849740282881661812552920309827
0.712566263040465885936214363028 0.663748013293096406073345860932 0.095104768200504105624126793828
0.894453991639445278316600251856 0.144886327489279126412569098648 0.397435868127733848975680075455
0.686829265242915654177124906710 0.884420394076852689480006119993 0.718063767670038544110866496339
0.363828847435360314133134806980 0.087119981353167480486732188183 0.744607514450368768166299560107
0.404738491607299855079560302329 0.584557570472538756689573347103 0.125245348852521670712789614299
0.831823304089948867279247224360 0.168637637905919152148115358614 0.136452284902907866603882780510
0.115690617084674124415144547129 0.381004164535016398573930018756 0.753454093072770558769946092070
0.543027552509631084021179958654 0.901189183642960189857262776059 0.606553775306852061000029152638
0.071408932131068678095253687843 0.447060785978125652118109201183 0.007476313487140334203273628333
0.273303582884655671403351107074 0.931716679645535394982402976893 0.218061166011551732513140677838
0.733489771370988030696480564075 0.757867469907268942463929306541 0.244359957432000479693456895802
0.337668119407729228065306870121 0.852638320097021007448745422153 0.935715853629919047662610864791
0.145307964038535020190323621136 0.509959224173788250311645242618 0.864420716069019046123855787300
0.467227978192430892789843710489 0.186276401925351525745711001036 0.158195072540716741293920222233
0.618581802639173394808835837466 0.077420182475764737217716060513 0.404770137926349526935609901557
0.370747435020899018809359404258 0.381761840714477440617002912404 0.545645940842683474514274166722
0.508997407479862662427194663906 0.284117585688662632747991665383 0.108140572917351560078280670041
0.791138262470761022271403817285 0.190720334228758059413877390398 0.563703657494526111371158094698
0.784829270144385748864124252577 0.846674488714728168403667041275 0.803569210818224743952953303960
0.597826697955927355287997215783 0.294040101191957559123579812876 0.994399096257173931157069546316
0.206445381826996759988546159548 0.564246992816001990966867651878 0.179751852611969270556713240694
0.258971076257991317248752238811 0.091117011316138835086420044718 0.987885474027068721802891104744
0.392428246896260657372579316871 0.327077293345292563486736980849 0.186451142408743830714001887827
0.695447024910349487214489272446 0.317119777429549165592703729999 0.328300989130392850690043360373
0.350975539585750118121154628170 0.383915133580214784636552849406 0.131405877996736364377028394301
0.962962902195416026174257240200 0.642398141150562707046844934666 0.835737602060305895257386055164
0.951419157183026165114370087394 0.565723912084350688544986951456 0.377046905322522940551266401599
0.977421675992762195583907214314 0.465126878156855827484150722739 0.385594805942477358851050439625
0.555714512472850752367037330259 0.033238082665319398922854077227 0.755259051517466861724869886530
0.443455289669591967705031265723 0.397532687349867464021713203692 0.602085010581116297778692114662
0.284254748776556820377692247348 0.336629401027620511754889776057 0.088948384811173730746247656498
0.156595032802728295617811227203 0.912160298567590954732509089808 0.294642659905628101491004144918
0.030972891516322646754399983138 0.050912953300038782389336233791 0.792820330657672656116119469516
0.538179014289746904253775028337 0.197501015135084306839630130526 0.875668118348272850326452498848
0.975830629500717972035772618256 0.927498841357641601312877810415 0.955579833929253275037751791388
0.730631498054640005079818365630 0.963260334579065236049189024925 0.739241512847905735128506421461
0.460726311451790770945535768988 0.223855680322506411794591940634 0.024622396120122260615437070896
0.563074561310821342097199249110 0.917727044343116804547832998651 0.295637904996253197964506398421
0.623361491878465789895358284411 0.178729144758945440729647202716 0.491659619575931350343722670004
0.469745035314453163177716987775 0.233864710558546656793410534192 0.065926745197948749543925828220
0.306361377422082692412175219943 0.905263016693588218331001371553 0.505025833653254152544320731977
0.050303951639974101017749319453 0.528638406795217008493636967614 0.405532457352200559341781627154
0.170550740357472835340146843919 0.027846828993365730503528610029 0.196324846042276374147306228224
0.664180877406968184217816997261 0.010079545427927678186152959938 0.921986396210236147652494764770
0.790805241869303454649298146251 0.921929139980351197714014688245 0.892831578590492780378440329514
0.390457538455527441989545422985 0.832391325054662178928310822812 0.663234257419123451882114750333
0.707029708730351980072725837090 0.852877628176080926358793021791 0.239031962793129049149598586155
0.325239265777400698986809857161 0.096734303167561708214350346680 0.147314578634934273404510918226
0.858972638247010422674065921456 0.665876731418033718234994466911 0.242598635970695059027590900769
0.497347044478526456590117277301 0.926987360838032681265019618877 0.622058014805821235526650525571
0.391824629181430794666596284515 0.138106460033649930396748573003 0.172160489162746316305074856245
0.634606795783954180656394328253 0.953686663125832501108902761189 0.186053425824808493782569485120
0.342565821374978041191639022145 0.454010629929433584539566481908 0.329255551774615295990145114047
0.111805733868477738535140986187 0.895430017984908288575240931095 0.571519566996178784989979249076
0.592126189179454032185390133236 0.048303142997586284712596693680 0.424466086639349760023520730101
0.452607863080856986925937235355 0.739508046884597147752060664061 0.018782987761244651636616254109
0.205656650304411436902540799565 0.170083159572461006803223426687 0.006546550928790184457894962833
0.825440743450699287997451847332 0.428148684107699906142840973189 0.664216174563903472005677031120
0.317848182866331374629709216606 0.277868431425093986852914440533 0.578554234807266309914552948612
0.835352043921385400970791579311 0.637585420951934489508516890055 0.296387507510893821738306996849
0.941795086845141238285350482329 0.362007804185115911188574955304 0.910089845596317448261913796159
0.165375669786790274740084782934 0.655565731048396993507765273534 0.341570747975274757735064667941
0.165716412007266528094717727981 0.021990742256535831394836932873 0.905298628780634273560679048387
0.917075894558280646506887023861 0.118550913174192390497907467761 0.730366245049114293230729799689
0.436619319182316778515939859062 0.560253865178142351766155115911 0.839004412829786661021103100211
0.879127675267625807720150987734 0.722853014723019104970092030271 0.894712562528457211463717158040
0.848698552398769234805797623267 0.703950796916163690220002990827 0.536801751182727771016800488724
0.767043969967472372140093739290 0.405221138644166922748723891345 0.488937499333052139061095431316
0.073118520256456695505242748823 0.833070735650077720535477965313 0.226992768154057639184983941050
0.340776633582699328695042595427 0.213405504935456541426574972320 0.914630008766531998887217014271
0.069121697472940446527189806147 0.411153883665235808653193316786 0.558125569145323408015713084751
0.036359498461342162900500341038 0.327112252414790916077436122578 0.194830125275576471199912020893
0.292379167215995050543853039926 0.846695934040565423295277014404 0.505778143897695708908202050225
0.244201430735586921816349104120 0.388773326384663442389921783615 0.035514089647438108754418095714
0.384513534282304003664165747978 0.157777975792590396952874698400 0.698930858433603141577350470470
0.990056679983453480353716713580 0.461572670848896582374010222338 0.651491597756888141113051915454
0.153064271865024248420183994313 0.539055087199062032965457547107 0.765932678636654706849640206201
0.329356239492939462110143722384 0.321530020333274102473097855182 0.978629673268409105979515061335
0.627086092190634603049659290264 0.032920018915425688921239100182 0.702724076184205403983185078687
0.757879013010972157893263556616 0.555646609793824075573809295747 0.177383678795693167096203524125
0.627213473840058655106588503259 0.057548165346387271379402506000 0.564474728138760983853217112483
0.601260418783781891427508980996 0.370099967293452847272305916704 0.276936982232105166623625791544
0.763732486404841370841722891782 0.204084985749255959364134582756 0.646037352946576381995669180469
0.346238697601070455345251275503 0.311650638474391616927761106126 0.384231135479586094483295255486
0.700249335741173761782363271777 0.888070924040408660182777111913 0.985751237591145912375623083790
0.399387756819116923612256186971 0.764149358356540853165483895282 0.595675342193973000881612733792
0.040148022615606245022679132717 0.938489404479542210779641209228 0.748246284106678372083365502476
0.695796660041143488761861135572 0.707398122958962094486423666240 0.752744924977122198406220832112
0.986870307007939540078211848595 0.417155164905066488945095670715 0.836036361187457388588484263892
0.228197224393911546336255469214 0.713913950497545357620765571482 0.928460378940276109815954441729
0.004620495131711045352917999196 0.752819639329114553838451229240 0.892184767800938804960253492027
0.182289576533451624928972023554 0.993118640395463714298784907442 0.551187502687828234648748093605
0.998412400071149730429453938996 0.819704067916507961299998896720 0.290678138437856781184365217996
0.429602032698358005102790002638 0.518303094359061189422277493577 0.292535188895840847500551262783
0.700761851893920928446846119186 0.884513498143484788727164414013 0.120343018401190465782590877097
0.810028022130309000026215926482 0.569277539080944250393656602682 0.564318604231723641717621831049
0.168986486576959277217113708502 0.293109136653308455233712948029 0.510073882751059359819123528723
0.857872473546061664606554586499 0.445189873470240360386895872580 0.426024075248959799289139027678
0.538192271304838931733627305221 0.343519305819898368437037561307 0.450255210881339296147274353643
0.179730139613141104426574656827 0.517129352401916819736982233735 0.117119961419035634175855875583
0.316848206433893053723949151390 0.339751552821727198505641354132 0.025629421132483048290096050437
0.486391850001226699884426807330 0.339044223606753014621517650085 0.451677969341789220525384962457
0.164603115576325953473002527971 0.927782120300109203192562290496 0.517628344251493621719362181466
0.443341130565574337296652629448 0.938918257727881400143132850644 0.589326124249462401927246446576
0.771663293919051973546174849616 0.366836664222040087501852667629 0.069814605647685004652380769130
0.326411677358421137284949509194 0.931813593372971094019874271908 0.768020432558628063368644234288
0.483059620588717597566841277512 0.018134137925533342500239442074 0.346246244938140379510116417805
0.939812450013901012901840203995 0.118092099634046335254744519716 0.609160245116339260640359043464
0.680590998459073115434136980184 0.859738644955516218004731854307 0.444871627618217024835445272402
0.584970024702965551988143033668 0.472486760240011849365515672616 0.304870011209583846589765698809
0.269916258362022931649448764801 0.796436554458800016753627915023 0.401567039105978462742996271118
0.746946998004016982086739062652 0.326513886644168749295857878678 0.969273687444933695900317616179
0.520213184866427091890273004537 0.425055547024956903445769285099 0.976966335834358878820182781055
0.390505168023319138015381213336 0.161242203237062897702713826220 0.957400772204461292247401615896
0.273606386434150694597633446392 0.358517719773211174238980447626 0.948793037642595260550137936661
0.410615865937678514718811584316 0.619448075179153123670516833954 0.168893747120740983502784615666
0.739251982231766691100460775488 0.669210722031946647625488822086 0.096355829727911471160872736164
0.467762159166445312674653678187 0.697420669566005568817956827843 0.589708259373803556080417820340
0.574543836111113814801854005054 0.734073940056781615304259958066 0.848940368216247409627328579518
0.338674892483538214627003526402 0.608543089283483662477181042050 0.531937325295925744761404985184
0.397323007795361449190352232108 0.008746926233548613094370693943 0.765406000235282824029070525285
0.453943451817643062184970403905 0.180750952360216599057451958288 0.829564063903535431343527761783
0.540190614761365317519903328503 0.845768835916247074813156814344 0.278999674984822310097598574430
0.462588388846389697572902832690 0.507427001874114380619573694275 0.497861128773168792882586330961
0.045159110106578408128097379404 0.615841667414312010642163386365 0.508204657663351988539091053099
0.850832747767466979205153165822 0.441134546447665032431473264296 0.183328038332849246883071714365
0.936207660607126679330747265340 0.465844947940375397887891040227 0.308376940032307367278718857051
0.029793493907469093678885840859 0.281618261310204731628914487374 0.979267535590308768611578216223
0.479001443396092962956345218117 0.117264879446754538561137337638 0.327029070251716569295297176723
0.379060491720361214529333437895 0.723787378904325096051763921423 0.586068304884994617509619274642
0.161111465059674358046848396953 0.916324536873368344913615146652 0.448682081087110995465394580606
0.862201816937632536941293892596 0.005231297212447579697558452949 0.399044926046055348223262626561
0.873143541790566857230260211509 0.563591869385785648738362851873 0.508690946315897507545855660283
0.014174535826136560462407132377 0.559189181566688398028475148749 0.865635970065885440583031140704
0.053545556295327700890851474469 0.352211331867667842843161452038 0.901238890991004848451950692834
0.903968369246260450289298660209 0.602192685318328591037584374135 0.850723355797775027120621871290
0.088601757047155046964626023964 0.739860513351414783578263723030 0.988298077119600493212203673465
0.263420278731995916032815330254 0.092368642392413671804440866708 0.451896064243836159679545971812
0.129743109102194525972251426538 0.129813339054322907095695427415 0.700284181411264250449733026471
0.327115742672771159238465088492 0.498831704858045898998142320124 0.199961778083982688603015276385
0.959943801401024865427302756871 0.784414320186486602182185379206 0.389141290620318880399963745731
0.027908940954494178277034421853 0.356561222430171131936305073395 0.903940480275576052626718137617
0.194201891925742359257256453020 0.562830355023935746672236746235 0.556543007883030349525199653726
0.441580301818961740156765927168 0.138866871860238022540201541233 0.139946573092611437072463331788
0.698172728459496183539556568576 0.028831349330110955103689818202 0.072525793542643698930127982294
0.098790079552882062441376831430 0.569778951761395369146612210898 0.378155421469830166358860878972
0.200639689653349162501427827010 0.868033104853362380559644861933 0.469472562166926343785178232793
0.981952521392291277635422375170 0.117287812608039901385303949155 0.623741852835465460103137047554
0.109296349659198502313195433544 0.337925112127587023991281967028 0.380512283920311056295560092622
0.785371243421221665315101745364 0.310357087865770375767482391893 0.282556539544049967194183636821
0.625416220893756147347630758304 0.436389881794351508492724178723 0.559313086488123389905524618371
0.608751397172326957907273481396 0.342891468979841296249588822320 0.182044432120506832761819282496
0.385945426915287270741572456245 0.662947571888336417700315905677 0.520275038182847260337382522266
0.162041800518572504108405496481 0.419826811681718647939476340980 0.202420913752503428550966191324
0.389040192406740759079042391022 0.850963873395767844698411863646 0.327465946604857227608675884767
0.339776679788649282887291747102 0.517163265079727207940152311494 0.124058767362523039712307593163
0.382923533398189630538865912968 0.657703749295717621237145067425 0.199724304375832023561443406834
0.633992343717925677104574333498 0.174220402945721247744970128224 0.086365785903187122785062967978
0.039503680735060046902429320426 0.311719096553318142373001364831 0.768040325804073109594583002036
0.452379623424782217888662216865 0.048494784588234689237662422556 0.110215627592786830080129334419
0.885393632862759849544431745016 0.814576808477306180122923251474 0.438676537070892991199144717029
0.132525208815634426562368730629 0.021916461856207040959088061527 0.849316672623434354427729431336
0.949010897175077472454063354235 0.862543033731921204854131701723 0.143665981482279797587509051482
0.598496237924522223039502932806 0.836823441117589883475602619001 0.794041817635388835761034442839
0.783342179741352784283492383111 0.835441661019179826475067329739 0.077809264448056553176158445240
0.766181202076964829039695814572 0.439911214978686793131146259839 0.766802181701216056808334542438
0.285387584393334725607616064735 0.259037782489213885828149841473 0.548553274180848760011031117756
0.327716020199404656221275899952 0.846048492427808884741580186528 0.244955336751189467481282235894
0.650500776610426489909855263249 0.253156639730486465733605427886 0.998781471951891153260305600270
0.454233835361029791855003168166 0.586172962894992433113827701163 0.143926440742244060588816978452
0.316580019393247147352354886607 0.012072594846863172329820557138 0.624506004824492144678060867591
0.292125923036515355857289932828 0.921323286748787606548205530999 0.169309840012133477893385702373
0.961448964299745245654094105703 0.938224464992667761542577409273 0.327668491320612431660919128262
0.972323677307957545679073518841 0.569815914252955302288228267571 0.732706577536657244209550299274
0.774825032256538093200504135893 0.106174643985018288261379382220 0.107841066265646046140602720698
0.733635011817749371765273735946 0.539333868178755171385319044930 0.081300186192057505296659769556
0.533277669918738594923013351945 0.061982391611391803032393710282 0.640853909922523223841039907711
0.894673878799348565316051917762 0.384306440439529217734104804549 0.558041019295898554908319511014
0.922638138941821672744936222443 0.370315386071742080886792791716 0.309830826245990287315379418942
0.285277549341524438997197421486 0.991745946537617495408767354093 0.619885675237883404520289332140
0.318392482915363983497769595488 0.741554990846689299210936496820 0.330100428764360354083606807762
0.963634413958517455078833791049 0.161159061743804676858360380720 0.116823432228155041356920662565
0.947343267712538961156099048821 0.809198696095983716070065838721 0.854720352729459897922481559362
0.948975761350390856208036893804 0.354497230639118920958452463310 0.833586885596195092951177230134
0.532105837800555869776530926174 0.637431332111072279644758964423 0.451567869959848655625478386355
0.185537533773869750541862799764 0.016165864363873731768261876596 0.028347581576687090609834029920
0.671428148906328292611078722985 0.298002080275112768426026832458 0.347373286517251189664534649637
0.684834548259363296018875644222 0.801848494333367467490347735293 0.649533200437515612080119353777
0.980820683898055434291052279150 0.243869458128087635007119615693 0.326896419854843134356059408674
0.139717801839293970234123776208 0.028428500690433965852887965298 0.773770041984087164621541887755
0.926386908341131687372183023399 0.008848761368065482732503390650 0.991067328434360850231144013378
0.287757811012300246389372659905 0.033864434087008961349329894119 0.908434591031516025516623358271
0.261695348116294634888134851280 0.570511344187757951651462917653 0.967890036881077109320870022202
0.016907036154710224085118142057 0.732835936865306125653773960948 0.103963945250097125616584037289
0.358831459340914926681165297850 0.503967157434322632347800663410 0.551059868424976784240243432578
0.723078013627312055078277808207 0.941580509683350719285499508260 0.143466962453202395710860628242
0.593999144004614842984324241115 0.242905169095228801179331412641 0.451160356951249952306426393989
0.416483919822997372683914818481 0.910395255935400271596336096991 0.093398752186521910578775873546
0.167249846646185112986060516960 0.970174184470231626420400061761 0.989884077938169348875874220539
0.407512677566964853781428246293 0.298216312731078458941880171551 0.953368185167891124542904890404
0.244196534307965479326796298665 0.150760384389894308565516212184 0.346584154064281613205622534224
0.015852634800447750612617525690 0.106913633527967705250105723280 0.714043526526906613405287771457
0.363629380840426230658835038412 0.456126611418457283964045245739 0.525398396795812572257489136973
0.250150810240246768145766509406 0.902673053108567713387344610965 0.255544315876439831480837483468
0.040169732873177710352763369883 0.469431314903722751719072903143 0.814364312547592117397243782762
0.618633346249573112807240704569 0.428051826451273487172954901325 0.087795261374203487081402386139
0.592824124501143523424673276168 0.434932365252653052589693061236 0.312151171509195024533767082175
0.556582846821519150459778302320 0.930961817671527414042031978170 0.315285837063305873773089160750
0.650672694383823801977939638164 0.919152374891719525784594679862 0.449414070532798581858457964699
0.754341789366406945127607741597 0.634793329712426190880592002941 0.958263192912795491729127661529
0.228775381009089312511761704627 0.464347810883621703315071727047 0.645704899064217907600493617792
0.595513118847756817153538122511 0.727390270932635196743376582162 0.357076950137692417097667885173
0.638458671384179776708833742305 0.898058864964012104614710096939 0.803519348894931373372685357026
0.054417508228721780949577180309 0.857231863458062348648525130557 0.697793343990085412897883543337
0.117284141833295746382148649900 0.571284912877620620896834680025 0.266611672131812915687021359190
0.009775234247943688850601695606 0.263995122520459202242193441634 0.717888897803457215474054464721
0.262910398312236892603976912142 0.388431110495114750857936769535 0.576748247246819056854860718886
0.828244901468387140219817865727 0.958109908024478484911412579095 0.249064894465395980649446983080
0.785769349623982704677871424792 0.841944272912214963788812838175 0.834371428629258837794679948274
0.008514521278649609184463464828 0.759688052230338417558641594951 0.032690175337755297824138267515
0.707680724181569575925720982923 0.379861660976628712216296435145 0.127426991253282245741829115104
0.006736711252636945479466135112 0.866379481909162585395733913174 0.238555821907072779231029358016
0.662150231059234095631893524114 0.363520672252384546840886514474 0.430728153522730694557907327180
0.489336212720195895542474318063 0.148696435315145786271173733439 0.973900195126413126267550524062
0.234448375147158438736028074345 0.600967145807021263514968723030 0.877359307225377693661982902995
0.167833967176141768407049426060 0.545010535811637941705498633382 0.374585432084278024955636965387
0.167801558890749297203726086991 0.873992608839156859268371135840 0.261120242344317132765496580760
0.733054511761047300488769451476 0.371191817769494947221176062158 0.838984930722433297489715187112
0.137482806910638744035679792432 0.406188648188978762565426450237 0.035241462069190439276855641992
0.896719237316962791695118539792 0.740875777715727434902248660364 0.782921456731664355821465051122
0.151665287703254131335128818137 0.698607120039371864983479554212 0.273416873994887454912827706721
0.354129787724845102037107835713 0.701674592483404135911939647485 0.312830365063839155315150719616
0.051207817671476502097149818837 0.685808818621635563062000073842 0.486611949678961208665128879147
0.753161394597757771762758238765 0.870328453996298656569763352309 0.755984709342736205250901093677
0.311392329580839843927719812200 0.882873308912941689996500826965 0.968055673783091430451008818636
0.404167794988503914499489155787 0.589156940969073561475966016587 0.129002059559250037423794310598
0.829035519401921106030783903407 0.611933849222352388430579139822 0.221709233241236786104977340983
0.088495500399009968672814352431 0.304763611558300506754193293091 0.867106211682204808255391981220
0.761166943632471171277131816169 0.894970041571585439577063425531 0.753750382892273695922824572335
0.410616156981048363583397531329 0.927855493252919827362745763821 0.923502367785322131332748085697
0.291336215537756737514740734696 0.328892590235337733961529238513 0.625289484392860805961333880987
0.509526420091991227856453861023 0.794735897721616346700557187432 0.120814602819728764138140775231
0.236285218057037088579264150212 0.765027760878171259051327979250 0.385326066408170020416434908839
0.883481393100522427452858664765 0.206867460953992943206714016924 0.755886347647185985465512203518
0.465254345867623209098695724606 0.320131233530746406312772478486 0.162511151750747206978786607579