0.634546504121807464215976324340 0.613112375390478026027096802864 0.235599199328543978948502513049
0.197909992319347222133885111361 0.722535483289536650808315698669 0.251488654447916959444597750917
0.056609017343762425833464391189 0.797700857289244003034411889530 0.215988560425720205193655942821
0.047825715619820623192293140846 0.082368950380565048030589991868 0.827199423995330307413098580582
0.980224887146683099281574413908 0.412581585385522531250757083399 0.786056970604306126659821529756
0.530785123583944917768917548528 0.360515333282971139894357293088 0.674369028753987076463261018944
0.521603692410637309606613598589 0.157079916349840392753023365913 0.208732730242939368281440692954
0.503576815613376971292325379181 0.263124136494914728778837798018 0.274734776174925143799043780746
0.032393622712340391922580806749 0.606472222734012245126677953522 0.877360877636050195960137898510
0.706551583903590740831646144215 0.135067341207999569441255971469 0.976825514674521167002296806459
0.988514033443709583259817463841 0.494748133530250988609822115905 0.820029364903490098903660054930
0.520124346749786248267355404096 0.565157012128541080819843500649 0.140905690887688339607564103062
0.983383100190588388400669828115 0.654946545608140362482174623437 0.857463933843210734941919781704
0.313738268768439521050339635622 0.941753645188579735503253687057 0.792667911600495767032725780155
0.712005901238212834947205465141 0.325636137697282945779875262815 0.628177127345320163165354188095
0.883688845920026722069451352581 0.883415047170976630575012222835 0.763009845782877560438350883487
0.531571789953044882004462579062 0.664719771753956689686049230659 0.700230605939830885731112175563
0.244847531748296265430298035426 0.739026802845629049443232361227 0.420723284152573762106896992918
0.627535321131627910062888986431 0.711873257837670192493817467039 0.625049057256948703553689483670
0.803999538194861251838574389694 0.436617488102127804250329745628 0.171500359256410939146064720262
0.629787087410808577025989052345 0.140967899961925990925948326549 0.548997827684576167328600604378
0.241207288840591338452412628612 0.718915591355108851701061212225 0.129803415326575771748807142103
0.554497602623586605119498926797 0.843729320312560759909104035614 0.996382980223018077658991842327
0.384209946682196212819349057099 0.508871683126082663406464234868 0.271857864768278167932891165037
0.999988574882003433685895288363 0.252052871361122698967704991446 0.196174933963822628602002851039
0.937892387658357140622911174432 0.179390745983805083296758198230 0.199795078956436417128017524192
0.097155418232236709363824900265 0.792456048778823363143430924538 0.288006984859604353577111623963
0.371717255749758501703894353341 0.516012930160098082232877914066 0.125049116376441865616797599614
0.802174556511282221826775185036 0.761933395107602162710236370913 0.947008841605857631940068586118
0.008281506172542175969741862218 0.469253586908503272923098847969 0.972759434398368538765566881921
0.951397025069414148390478658257 0.122523230468704558138171023529 0.347899157248308332768260697776
0.906753009497052953058471302938 0.848090936003623063754730537767 0.590602804835146044659666131338
0.937967269173943796189973909350 0.331362889200970289760306286553 0.563160688809912546304303759825
0.974997995717384768887825430284 0.051405294377854425513785230351 0.987698712472919515548142044281
0.578524576914688504203354568745 0.425795065526558158541803322805 0.122512033133754374980561863140
0.217182849441986597360809696511 0.467292704180462203922274966317 0.823798038918015285148044313246
0.149981589947914134564044275066 0.969085971926582634417002282134 0.030271252556617670587124635517
0.643326355784349601663052453659 0.309224205318534894892934516974 0.456333964346940901268823154169
0.864587487599297488394256561151 0.565474168168685897839509379992 0.769564437633647235870171243732
0.059694609937681407385579035463 0.060135915072191917229993407545 0.720342621759323509245120931155
0.805256583934837455451827281649 0.351270601122699754892408918749 0.144017468486576732944470791153
0.518997593379465937957206733699 0.030600521427751624370383609630 0.044159884930408774272869720789
0.594143192671033104623745657591 0.664991495646394259466660514590 0.637034404001516674220795266592
0.219871912154809362460738952905 0.190752762400895975458681164127 0.932664661449001175519413209258
0.582174064564096815921345751121 0.614832182958280237805581691646 0.051588217284520593297614254880
0.215514113342074820067750806629 0.632591267458221473418689129176 0.894213539845278737594469475880
0.441251539184461805120918143075 0.491334675338129689414756740007 0.275529701268822813098324786552
0.756297150521791916588654203224 0.476889157811194397407206224671 0.039317515629354371498038744903
0.695236960705475470767567003350 0.090264275174190111705740946491 0.274977938441055391738387925216
0.305798344704442282004919206884 0.494186269725087778947880678970 0.894609980537163784752863193717
0.540661133460360154856516601285 0.317914191376528543209190047492 0.726584835483056412641644783434
0.238684450957110966262675333383 0.834982562950656648226299694215 0.718137139704021931763122665870
0.543214797806305216276712144463 0.178467641240897728627246010547 0.075571790069188585214909892329
0.525595907815774143756470948574 0.739514792142183408074629369366 0.210119389867041816977177859371
0.600978082017542436510382231063 0.425508150390162542819894042623 0.980489145736905598482735513244
0.188786852283145956121757080837 0.026394033722812716702410540393 0.826997527635302986936949309893
0.538865147348560169504594341561 0.468163784007130268083329838191 0.584671324188064112092888535699
0.361585101440572431741315995168 0.222704289056439741489867856217 0.256479756578639972453004247654
0.423140873062899824930127579137 0.768731936987033015462600360479 0.872247584115870888687993556232
0.577873077059277484579524752917 0.998266231918436663939075970120 0.311892084657186263729755637542
0.544787200445525865433182843844 0.980549979291912454648638686194 0.185826026634020285976944819595
0.991096448083083059188425067987 0.375815670737169926773901806882 0.570897531960650184146288665943
0.834677711377251552171685489157 0.067393260063327034559144124160 0.253994386663323301611683291412
0.815422485993076318067096508457 0.722066482620094096667173744208 0.777360061683172509638950486988
0.742301268819517634511839787592 0.851867980118526380017840438086 0.414875713614667795958723672811
0.626168568391230806469138769899 0.468581572262713741405804057649 0.886980271233808958974975666933
0.406267732967819095168948706487 0.100667230203334553961802555477 0.923825259959875633164472219505
0.212894445818308242213134917620 0.850975553232380832469061715528 0.460513165642706556734964351563
0.983098856487128913705930699507 0.125222436051652064037398304208 0.076839279677009625357797517609
0.295428592162924830155645850027 0.805112453369205893771720639052 0.973380549977852504994757509849
0.521324904600443450597424543957 0.133558193746750181185589667621 0.113385758484670515211512054066
0.299192736592196362188644798152 0.221087143878133884911107998050 0.192406943768759303159399109973
0.078401291404971470977436354133 0.677555293392987589840004147845 0.701051843040144451180140094948
0.247080751633118322896365270935 0.528816919568842469523417548771 0.747570653512105054439018658741
0.421764075730151066778716995032 0.554192545091500177179000274919 0.418209477933792816983782358875
0.493488288494535964900933322497 0.700825381513413558920433388266 0.338392951350464377124893644577
0.859401108674489488947756399284 0.141172341892689345854705607053 0.981370909399364999003978482506
0.464877168121037243064819222127 0.498380002600227467457472130263 0.750896933843066882729999633739
0.967868598655161949118053144048 0.658658927197615096105209886446 0.264320977503218590420885902859
0.200441331612902451375646251108 0.757017838835288503496201428788 0.930441102511540774067100301181
0.956403389687171645583418921888 0.371867482717836261851829249281 0.145737621059326138972522812765
0.363642338869948955615285512977 0.432985801978608142448479156883 0.821980992993318504424848924828
0.357650748489551417730325511002 0.479140575610899399627840011817 0.266411729344824765863819493461
0.604256795760048537324848894059 0.089524799528450244023858317632 0.014309758577538678886442724547
0.102492988205598128947926284127 0.429600852750679607083839073312 0.380805560054747860299073636270
0.906421994305706912875564285059 0.762132587444465880999189266731 0.517141648554927391145952242368
0.748529936421488240050337026332 0.721550346476934389983171058702 0.390440527564232198187710309867
0.428458036076198256481006865215 0.201305781688356638658987662893 0.475600802851324555575729391421
0.795763767571991076366089146177 0.314018723677192856946760457504 0.875795005916189195360743724450
0.092568923867179034314922603244 0.677268882443075925792186353647 0.561750164021035280903504371963
0.669083538960836610165472393419 0.627672276501908599222190332512 0.032082076420840398289779926699
0.704100873607144572829952267057 0.512088918215757193941328750952 0.530226238031836216713088560937
0.529747710984320829830096499791 0.567480302779504564014700918051 0.839476987845625854944842103578
0.039263010440316652160941401917 0.712563501219116157692212709662 0.131422754862468488257221110871
0.170833093406965980110001623871 0.637557458402958521226366883639 0.320522615869058224991050565222
0.246988715741802256076198318624 0.608051757162656802968569991208 0.345781663909443759408190999238
0.627941300459084694729483544506 0.402104010843906511940559767027 0.156394401151844414377123371196
0.232303578304955626876449059637 0.059962596086349760626799110241 0.933805689457124388219710908743
0.989377977148141574126327668637 0.550225335010630089982441859320 0.421804878634022550887294755739
0.517181338452268435368353038939 0.901173610377249190150905633345 0.951936855085655730945859431813
0.890520035043524726958708015445 0.205247474882769426196560402786 0.639424447301614296002014725673
0.552080722528426548478819313459 0.997388300911712266660913428495 0.982508934813416390241513909132
0.203114777888821068652092094453 0.550852046795847538618318139925 0.662094561548795645933296327712
0.294612696081059000086099786131 0.676348693928695121613259289006 0.488086341209041707500659867947
0.462422111718587991457951602570 0.961310109263741829899174717866 0.457462471479839261068178757341
0.500780401422780019338176771271 0.402198729618611194869259861662 0.647912796853518435646890338830
0.411086339330079375553594900339 0.224539876412150368745201944876 0.191783049142179279344944120567
0.016140673097450663336926979241 0.633746504581024105995368245203 0.571814038925851808592426550604
0.006304640945087524109280430196 0.094439273441185495050476106371 0.554393452570340561358364084299
0.490419336682930528947821358088 0.438762264217985031855562283454 0.306878625824720363546305179625
0.594475438367961572794229141437 0.624448250056097942106703158061 0.383767764452063786517754806482
0.341449416185988563476882973191 0.012483550637039436334574382670 0.503149585349087380414800918516
0.483990065387766121851598200010 0.528312634018822335768561515579 0.343647193106827064656982884117
0.521430323273632478908723442146 0.375310966967155268392275502265 0.461265397353655071110978269644
0.896176785093726890885079683358 0.314704052018403512835931223890 0.049950462087550280554371084918
0.604216309224407943645474006189 0.085079464631770393423515486120 0.589076367083567364879570504854
0.552561417638477547775721632206 0.139362610102823164526242294414 0.872293285494360026710580768849
0.147835008077904228596111124716 0.741566024808641199861369841528 0.859320809856182421526682446711
0.232895135553147253348882372848 0.553691081678692298417843176139 0.605005080572691089635384287249
0.122678789753698752607036226436 0.831252709935169420418787922245 0.516728162972658555673888258752
0.740931930488728962558298007934 0.824502959956437742050638917135 0.152237689477516119351818701944
0.826577921903732137920428613143 0.614202185285384172352962650621 0.215384783763989728910814847040
0.744049553956670606247314481152 0.970352606438241616082507334795 0.854043726018453352999415528757
0.696643955636900069627870379918 0.114956949065977975799057730910 0.669660333219423420381133382762
0.939316360180076803665372153773 0.219532932481836584592826966400 0.580068593142274879781439267390
0.641323531933195578602635578136 0.249753146205426546089256589767 0.203601450976499898093408091881
0.978638942886697282830255062436 0.135671977210457289642064893087 0.089217945756907640619814969796
0.641657446413971599419312497048 0.389082488515250179972326805000 0.254588303268126869838283710124
0.601164447630689324775232762477 0.574942158546155823728440736886 0.329335475565753821314274318866
0.003628900366747379868659351132 0.301497554554494173739698226200 0.456039416418398069197337463265
0.233110038856042561805637092220 0.526911575079089700146539598791 0.275601240681669856780189320489
0.259025172183699581296423275489 0.011880177472367079924420174564 0.696421625704260360834041421185
0.527189864363551308201749634463 0.116930504118703787463928733814 0.447400677241352962010267901860
0.031728005992244172339677987793 0.751511172778233871305531010876 0.494169185999099258577160753703
0.836597928384866129647434718208 0.737525860481310302496638087177 0.264989156008203108338960873880
0.990151670018597829248108155298 0.902945558594184349843203563069 0.127445407100173879744176019813
0.173349215547935336934060046588 0.165688238333597498419536009351 0.096383285653791228586584338700
0.696598500250733554395310420659 0.040706155529209024634962332811 0.135963672790300610371261313958
0.001465117559728228331661359363 0.465231433039315078747932830083 0.300860320579726503442685725531
0.123863922959816075142214231164 0.083706066608266418982431389395 0.778934018436586939060362055898
0.399046423902826297158696888800 0.423725914061475972260950584314 0.026652842226828336869015600996
0.682014055685356113123418708710 0.918623432002440565291578877805 0.887392977671651705939837029291
0.916935455565197399252497234556 0.623484986202706759073066677956 0.242303135370685179816874210701
0.016235501828619838815548348521 0.952788780748222152716664368199 0.604993328304375577175733269542
0.158654670362960020790765724996 0.500765348028568535454496668535 0.219904209538252015665449334847
0.784424746224551161510873953375 0.857466788143273928035625885968 0.276466811945749457724019748639
0.819310760522749648160356628068 0.421867405566504483083178911329 0.232214745590152760179591950873
0.351022872795647866706048034757 0.509999302698558643065496198687 0.891384759259102099626659310161
0.203884866789807966958036899996 0.890170674794245275762705205125 0.695716419003455266434343684523
0.494864396443177978479610601426 0.233018186168565177851519365504 0.698084810871805738763384852064
0.423666732506216336950899403746 0.650843449900563641996598107653 0.281083564214481773646525653021
0.164193630289542397138191631711 0.497176622303817650205814970832 0.726340359732635776346398870373
0.944195130570349872023427906242 0.258476565563291349469920987758 0.664405253620680924520058852067
0.168688503041104775892478073729 0.894651719194091477049823879497 0.139016856531621574299961707766
0.033991882617589536108582137786 0.028274780553837228908031775632 0.875513357891467225435633281450
0.004702368476258080021157326200 0.743868824101889258848530062096 0.660312275829840755747568437073
0.652136126105350433235230411810 0.526013790170961503811497550487 0.225068515925414075473653952031
0.699469455269668083374767775240 0.665987588406962705001035374153 0.930253118703963211011398470873
0.316213559677526345748077574171 0.017664926660557325049927257510 0.773191349693355456373922152125
0.257647409924051939977829306372 0.233582500332678077992198950597 0.973587456093001790691232599784
0.763596148230220816977009690163 0.150199139724486202540632007185 0.361974280787033531048280110554
0.484492996858264801662841136931 0.040804485759707846692645460962 0.808783197834554434813014722749
0.436011348945510912589185181787 0.594122143759102994131637842656 0.616470799142684877658382447407
0.833741421043733721418789173185 0.763099440981914511894501629286 0.210406963201248575767721149532
0.433055305321912165084086154820 0.741065744112055058145926977886 0.346758847222666588550055166706
0.715648513173795963737688907713 0.959933192306373861413248960162 0.308040038571162799740932314307
0.566812273567802060725284718501 0.333705164088708150504913874101 0.683430650605869716152085402427
0.511859416162745217704355127353 0.000115009565284499883086599681 0.490361054057606216005638088973
0.877130913903278908172467254190 0.099825863980424089927367958808 0.742011953242781685524676049681
0.325237745991633686593047514179 0.959652173375245665098987046804 0.025222595414720154483045888583
0.274086710017163837083131738837 0.476183641053148032362685171393 0.935240309147200576944669592194
0.830484385590032458956954997120 0.724599671543084578040350152150 0.392137173675694172825245686909
0.206865539093648326263163994554 0.005382812826971783426444062570 0.819518839175791491413747280603
0.327044415238449071026138881280 0.520948950264634280671316446387 0.432109207082666535448822742183
0.511885492228365435174453068612 0.465007157724470043813624897666 0.860048832655092354571024770848
0.137521718585479818530714624103 0.000351202103575042696905622597 0.586258413814810919184594695253
0.310337836154638335717237396238 0.091540533113749877891507367167 0.342472254593398583999430684344
0.570123578217898829834098251013 0.639382121082400112221932886314 0.682633466346241890576607147523
0.944229019270565905763703540288 0.017022067463936568082472078345 0.205129884422096286922254648744
0.307982785937474246029665891911 0.116917525136722239009756663108 0.438272283542078811002795646345
0.167391615765410312066663323094 0.461733335869355610014963531285 0.520241260783663395095288706216
0.997754300657787029926737432106 0.698273843098274449303630717623 0.416075314144395136395360168535
0.616740153662940882028919986624 0.171998398415860759280704428420 0.842073789077788070756014349172
0.012342758091118580243694680121 0.274562813329994770406017323694 0.663021291576991966820742163691
0.897689388239309549177846747625 0.599489241014779294935976849956 0.203932103119934121648881841793
0.409294021135863494986750765747 0.583077061702951260357963292336 0.201806399044092116268345193930
0.546679249218549490052510009264 0.540611567187652686250487477082 0.856314576175583597184015616222
0.193993605701030163990239429950 0.634127290702715118442256425624 0.245448532510720379695712267676
0.194596105839163979744910193403 0.241279668063275221090435707083 0.702651482882649669470254139014
0.764426478467584380460664306156 0.658550684128708430087328906666 0.088574197143813190868932849753
0.632500929663194710883544757962 0.762978002287709955453465227038 0.023276878502245128277348129586
0.468001655742723676745242755715 0.101096740707409885051681897039 0.943482696273325260882813836361
0.897653227921983654091775406414 0.263598178067930011270192380834 0.927127411234822784713571763859
0.764566963752968620227079554752 0.001582599967313447078889887543 0.589376383338249820731391537265
0.181545065988928833178306376794 0.395595302899961809295348302840 0.224969392463516520974664558707
0.805751807528999552943105300074 0.950194934172531424643182162981 0.722468208706371739502571927005
0.589150416910121488278662127414 0.255157017617124726172050941386 0.157634902840148721780977325579
0.439138598467691321225458978006 0.605352464125492928381788715342 0.906456738568841569048117889906
0.261121140154436381930480592928 0.932879592971459947747803198581 0.925262708765806629607197919540
0.630394357647295011659593910736 0.853375251922940503135350809316 0.974476894593393594412589209242
0.661796270459322322210482525406 0.449107732143944782254862957416 0.490248713964612670146436812502
0.643043139490556914239505204023 0.474083863762792767637677115999 0.991678720016525683256247702957
0.499897454349049974453578215616 0.604644518197572033990638828982 0.841575309677079608228211782261
0.435321309654716270820529189223 0.992186432516021010741269492428 0.020421421200946577451107444290
0.890868528185538521846353887668 0.730569525104191375142193010106 0.893859926752324951415573650593
0.736578166287752633678564961883 0.833432434416217504669077698054 0.971365902866556774064576984529
0.468520264352406456964672543108 0.666173687939507042088393973245 0.340242920179466556973579827172
0.676413212859675594401664966426 0.926492210568153784500111669331 0.258801475237802669493447638160
0.712668929835226894198285663151 0.401548954753448206211885462835 0.825679269224947720573482001782
0.601619247349596153462414349633 0.738663050941652521430569322547 0.900452789193884051144323166227
0.639498070569157306408669683151 0.167633623475137577552018797178 0.259686957682835728444814549221
0.797888068119341764550256357325 0.331549035002792924498038473757 0.018060843496507300587339273079
0.891181167481657099393999033055 0.990860985388590576050660274632 0.366232052643636785127512212057
0.168973705546125868570683792314 0.993874248720527875278207829979 0.241575774980473917397105765303
0.338593762873853509898225411234 0.923684398512379378765047022171 0.687961902079326281800319975446
0.277548040888925595659486589284 0.219402794522065597293547511981 0.703057270209290208207164596388
0.688225110055619704318985441205 0.343189859986209155895409139703 0.709178305498150862717920972500
0.327916266173402026762317973407 0.082698794864899671797076052826 0.614694163897857692724358003034
0.117184129735713876696578950032 0.009701731228658253686214507638 0.262251974228786044474048821940
0.239455423776129494584097301413 0.101960345384968620319199317237 0.946057646742699764885742297338
0.463604887879692117991226041340 0.338482589660429711297950916560 0.361887105449495205533594344161
0.795473346567495021020022250013 0.617706048469960689040192391985 0.710438705045104978985648358503
0.926107642259681784757674449793 0.024579259220711722339069993382 0.537754328951705273809125174012
0.075417481089289833962041598170 0.021664638822059358036486997889 0.283987478399176540566628546003
0.541244612994097873404086840310 0.115664945646164904480279744803 0.831741278733404199030587733432
0.742318839439656374956655326969 0.898055724628472828996450516570 0.614043690316633639092458452069
0.202176524844528471280824533096 0.548187079819215883347283124749 0.310166811673183995257119249800
0.063340329076224832771657702324 0.352187088515687640732920726805 0.768874699995026222865135423490
0.054261704194484769447903715900 0.137393451675061367689423263982 0.708949515998616885958938382828
0.721586415272558845401817961829 0.624845807838274036605241690268 0.353005437127806021013753934312
0.953417545583921666185744925315 0.628990324462406102945521979564 0.677233856723648552922156795830
0.364876714102640331560678532696 0.373633450386526066999692829995 0.235925601745701346567685163791
0.020900748163276069990779149066 0.409857161933880886905967599887 0.344038580619653422409953691385
0.644069922298641461821944176336 0.902750391243591798762224698294 0.834861691550995099753151862387
0.578989582802840851982750791649 0.263181220743457733313164226274 0.584947323752547765352005626482
0.782199123928015382922751541628 0.584624358227082918659789356752 0.287019220790154794276105576500
0.947335199336576394557596358936 0.570324013407971230904536241724 0.979729969327331917661183524615
0.599564377156377781297180717957 0.659085697002476544881233166961 0.930350046247713224900621753477
0.761932235446403982592755710357 0.115637869227760842205654512327 0.104314665209171181237124415020
0.106097116919315448413385638560 0.452103335631088842916369685554 0.502588153898916312201095024648
0.795465041208794576554907962418 0.251601245087172464831581919498 0.213411747262896772658891109131
0.006577366368740710129980886478 0.451218454330338747393369658312 0.969206798313172135372894899774
0.857509250696859903762003796146 0.912891380401628427243565511162 0.811388800461197878810537531535
0.047364348877162155970754753298 0.891561871210634127038474616711 0.218413194051789716354505799245
0.276431472648383247392445127844 0.769280668789238952776088353858 0.944937380492722467373312156269
0.117467922081815376311730858561 0.450503713294790386623134281763 0.271689950073097208349537368122
0.702557583545344810360688825313 0.835506848777609167910895848763 0.048564577783262001531294771439
0.599175038173191176760212783847 0.628777968563948297386900776473 0.678436989020078429213356230321
0.405083737567290047554280363329 0.149990059816959980798500851051 0.065687191549741424934083511289
0.895071257415178012095680060156 0.486126088620657870187358184921 0.667500589597332272262519836659
0.425402703629497447312957092436 0.848084313990238869429560963908 0.155356406973730570841851772457
0.256760979063852590176253443133 0.856048591398707703348236464080 0.628558937761070857241918474756
0.138955134067641261630399185378 0.310714898799742123003397864522 0.581443239258788824308510356786
0.675167970789539828579961522337 0.958637673350305474784249781806 0.698231608105584711232438621664
0.885032487044210003368505113031 0.925963010990987878123803511698 0.643235191934086958376326492726
0.330510776072081124965507115121 0.884766564212907669073615579691 0.933419927070604948937670997111
0.693108690558216333776897499774 0.028918121500149593372519518653 0.685501045630237282324515035725
0.993057028780089390274099514500 0.304462790790924642259085430851 0.787838347294442242763068406930
0.002740790549481900411493695557 0.998023401570036217123060851009 0.918813339965916187068728504528
0.143909529223675447529018356363 0.031149105649175012205942536525 0.549547580327201856675856106449
0.795334048691885731052764185733 0.430214998066157650047358629308 0.427635654045683377688646942261
0.363067450604935004765394523929 0.025591880074198741779056831547 0.078804788583051926798006547870
0.537959574959973707564131473191 0.939425406921070682564334219933 0.544202253577813599427770441253
0.920642849312130251426822269423 0.579904277859435102193685906968 0.942886680797310861024129735597
0.011212714046868785255917089216 0.127836282327770667244237756677 0.927454813054560012197669038869
0.691505483704979995174255691381 0.456002705692640453172259640269 0.599545226804932829267613669799
0.313550511540479914796009097699 0.649619631166555300261222782865 0.255288246801584572942545037222
0.185610956500213336584081957881 0.145668237165862163307039622850 0.945372694395256285559980824473
0.878367373402828000017450449377 0.463200754114874269085078140051 0.199616550871093173524783992434
0.269634020859967626915221217132 0.035597950676526497748586308489 0.150439786849221102116302972718
0.467384700490319882071332813211 0.019274002226127146669698575465 0.993918026895559636457733176940
0.525496183960861174000456230715 0.479792605264418192678732566492 0.361952230398839280844924815028
0.460672570743749176802595002300 0.879575666791703514313383038825 0.751038043676699018647013872396
0.843577960827585737746403538040 0.751749384504803663809013869468 0.981661843710272763452451272315
0.815088068040598079377900830877 0.133177707124572997088307602098 0.472113550378607527147067912665
0.805766100344712632441712685250 0.494561408299751592565485225350 0.186214863212661757563282094452
0.348742384435034025180755179463 0.157440647314652820698555046874 0.410965723851971109770175871745
0.473853716305205063807903798079 0.782662149876327650765972521185 0.311561714694953584281478242701
0.679465016010018407754955660494 0.030932625607042886495268163571 0.672076162810028798766381896712
0.151580502729322302846171055535 0.578769544392191970239025522460 0.384866538614658693084891183389
0.973080600241895354862720068922 0.603263830565281544693334581098 0.674596393977613839609830392874
0.430111546364611074810824220549 0.481095089304237943927944343159 0.456004208938017574492818084764
0.891478531338106949810651258304 0.230820737844939088967421980669 0.993873086258647342461358675791
0.391175504729757816946289494808 0.717018882551652136925213198992 0.583072511699834539200537619763
0.962178868326091008000844340131 0.039660240714499604697262924446 0.514984796352276008590820310928
0.463417025154567396860727512831 0.370871186879533076830028903714 0.092346604294937059687065072922
0.646785096537705106456428438833 0.238146101412676863828821183233 0.218584913139139969118218687072
0.828882884574289269252744816185 0.998362870185785178378523596621 0.163702740396623053209523845908
0.118577632186644604805891844990 0.071580806176966091380897694307 0.947436609021879982961422683729
0.449445877843029528708740372167 0.150070419339471905484373337458 0.266160606588771830871564816334
0.971073706616223053522674035776 0.253119894669476652726558540962 0.136461637071918273633741591766
0.139491560761326016670835770128 0.376464582114976520355043021482 0.571244561902048531010223086923
0.113474053462218948951090169430 0.143698680080348695220493482338 0.469694583240086893649589683264
0.504018488624816574095177657000 0.383255392081303269957714974225 0.664343528905504521198110978730
0.677561145627357253040656814846 0.262518584667422838485606462200 0.113488019936826861622236606308
0.889934978429356093876378963614 0.450683908344612527141492819283 0.979718083354553903596695363376
0.426445263060203139104942238191 0.618538986804158641419348896306 0.860932263056216062757641793723
0.775805318158682033491402307845 0.005719822540086992763985751509 0.293831190997837443656948153148
0.252259710310843821012838361639 0.381512173661234577082268515369 0.569363502526555098626204198808
0.295645147245918171741152491450 0.632179040644729184350580908358 0.584978407913433806619707411301
0.098050768593157741626065160290 0.749029135052226568980415777332 0.441631854998800976730422007677
0.903136748582171411392494064785 0.282535382953327640631613348887 0.507482549371597757570384601422
0.825849441723438104645538260229 0.549343503617132800087574651116 0.642330366207464642513969010906
0.274993798976319259175227216474 0.288165087859257651459188309673 0.073370491774225998771186141312
0.609324139813297471768294144567 0.839372420481746983611515133816 0.014098628931263285438135746119
0.031335001944809599827568291630 0.059210731307565975245488232304 0.980926464411724041703166676598
0.386783503826452934593049803880 0.548177202039462185823026629805 0.095334796785267267305030713942
0.114463415867747317355984648657 0.085149793752520963607821613550 0.761231254056968564825069734070
0.553487292048206569461399340071 0.896495891842382541803146978054 0.545932848566043738003372709500
0.840307930531380309346900503442 0.187161462080304874522340696785 0.216247502401017172024566548316
0.151565772578099056122624688214 0.922295039179646947147261926148 0.382846084487786841865641918048
0.426912978949046673093903336849 0.621799304891119120064502112655 0.216673532015168202047306067470
0.043519076662952953238328035468 0.710334764462061118983626784029 0.466564602182151955123146080950
0.555516676617402560545144751813 0.412245053630345470452311928966 0.613466287240275853775983705418
0.238061665197069172172916751151 0.273588794707845139875246331940 0.068206881425251289496891615727
0.517455651728669141498073713592 0.477935038859325200810701517184 0.942811769225573859110056673671
0.411936763682502649075445333438 0.762520424300722088339909987553 0.560666065108596733956858315651
0.208537583224516737123721554781 0.870194343357202582112108757428 0.569461681344993864151149409736
0.514254356976663107303693323047 0.619611468052989722288259599736 0.438167360006239625658253089568
0.320321162216265276079241175466 0.585567411351068267677533185633 0.605088043380979434537891847867
0.120060606303317926601970100364 0.457390946640113260635018832545 0.860581019564592208936915085360
0.708452870243904353486641412019 0.532508089624421310226409786992 0.623214189350676739387324687414
0.576542885559946260976005305565 0.142865050233004858837304595909 0.189561899383422466369708558886
0.273903162878701422755511885043 0.762802352725927890197965552943 0.459416418461981279630634844580
0.905249027857349952697063599771 0.736414283583215145689848668553 0.299492539908200794407377998141
0.477120388411978235687627147854 0.482487615219334975424914091491 0.421432855364870462278048535154
0.350830177287092370708165844917 0.381633378600758466081543929249 0.659726965840956025566299558704
0.620263818901568897423715043260 0.193769325460485308809666094021 0.358076357934045907960296517558
0.519598223197213715529585442710 0.682807061586789165730237982643 0.757708219617343470275727668195
0.089594384413454172810808984195 0.144312028362210464926818076492 0.845234782793187533478374007245
0.825453135838725482464894867007 0.167798979373747519927562166231 0.470196803124522666461615472144
0.359485273939715188618038155255 0.405237149456626366550437978731 0.105843426445263816271236123612
0.007418142154999472423493322992 0.413504561466194020535880326861 0.824698203776332294800965883041
0.558206672753371213602235911821 0.883200842500750149532962041121 0.614066922672169779318096516363
0.165086667197437059195763708885 0.562727615085745647149906289997 0.741254317644197802117389528576
0.669908070327081994754792049207 0.945484419526337549477545962873 0.352397697021050781973627863408
0.019188391503875669441558926565 0.997885851518718225428017376544 0.672473333889100466365107422462
0.081806611613764845802876379821 0.162667601723800181456880409314 0.476209932840095606643160408566
0.421924182730322505641140651278 0.474445180068537086803814872837 0.121038298465106872181529240606
0.838347767284361999884367833147 0.658354022997916565884679584997 0.866104763839003366499014191504
0.626365668742630332666010417597 0.334678870995707866686785791899 0.721426747258193556966432424815
0.724060723718601861875754366338 0.960560540483228031405360525241 0.426149017040971744840760493389
0.377836941088825539747375614752 0.509191781538483989599797041592 0.866839412554667676502617723600
0.893975203586989120019268284523 0.813566837488001071143628450955 0.240693591531959905083226658462
0.615793345731807995058204596717 0.146275739333355858651231073964 0.671802784825318077821521001169
0.750383929245587166789732691541 0.107412359425633235909813834041 0.857389557666564439131207109313
0.255076873659486946799290763011 0.457332644939620558410808826011 0.424258400944395985820989380954
0.880104029026934520096858705074 0.260345054570873535304542656377 0.930998545206709327004546139506
0.440075723485839065407532189056 0.500087165476730377555725226557 0.661439611541346450529488265602
0.659588524172013634938593895640 0.683867618629277140840372339881 0.885316408062855497718146580155
0.903741813462700216419420939928 0.111355496005762236166880541077 0.740016133360705818944325073971
0.035108715897299566655043179253 0.979668180950771128046028479730 0.579906065045182828043834888376
0.965673684533235987537125311064 0.661646758123244360660919483053 0.763613440093712458889285699115
0.824364529835681536518166012684 0.008849353505016699372731636686 0.754859419179761848006648961018
0.941567411375079710289526246925 0.524307256934793186609056192538 0.896130064441904905514491019858
0.067601878133841081242039194876 0.016662866369143481543035889558 0.977103489023437576932451520406
0.853639127261639485411137684423 0.321362437545205659183977786597 0.406451584317588432426759936789
0.479765476676522750754116941607 0.086685264049642218875391108668 0.473054775198979537975674247718
0.941557712786029732399128988618 0.625198294423539135955536494293 0.951295762566720215502868995827
0.127266348072596374718656875302 0.992050890388805228781166078988 0.694835495650188539329406012257
0.573758677919661286281893808336 0.997925373488688260970036481012 0.979839910836598271259845205350
0.097302209412317541836756618068 0.125563378668667263715619242248 0.797373823744596532669959287887
0.247053000617386664394814488332 0.630906487148678030152382234519 0.809505911483177964527158110286
0.339113364057565758180601278582 0.139189155122627028493553780208 0.418915557777575442433004582199
0.060060184371940841807635536043 0.043266675946167024169319859084 0.823109971903895565326081396051
0.918581810517273611438326952339 0.241074887725150843742483175447 0.661898721970962444771657828824
0.825595581441837533809291471698 0.405368038744500558401284706633 0.207891213265346957994594845331
0.679669728171869103050539706601 0.881115466501912747432356809441 0.507125366083944428829966000194
0.613997101842797099457982312742 0.905019033110089687887978016079 0.896235261067637289933429656230
0.896486137543493932788862821326 0.777377971280540980281159590959 0.641077689670387473874768602400
0.990627406224804385459492550581 0.167912325865269801417056783066 0.871584119541136570497030788829
0.260682272295730155242665659898 0.462769771937886487123137158051 0.909175214326339964365786272538
0.463135602861726114465312775792 0.997219179276768064035252336907 0.128981390551100666419515050620
0.221835405178761713163027025075 0.057603262086566409116983322747 0.201518034933708539702124085125
0.800316457599479225137883986463 0.340460680990088804254156684692 0.348104416258323667854313043790
0.614488922912131863007800802734 0.052347432675972895010918506387 0.327670068970441819011796269479
0.572685982355120359876821112266 0.478868409372221248698764384244 0.296210966216153448460346453430
0.148171958441020185093250915997 0.099300921798644484206342042398 0.697890915364579589308391405211
0.801882711523082769566883598600 0.790463514066098826837958313263 0.684236891489991450043817167170
0.094038745648667196319614447475 0.525361473317005445160532417503 0.528489086801504082124836259027
0.247133923097188734629980899626 0.650843706399321653144340871222 0.762033363880952774316313025338
0.333057633057256163855441855048 0.507945532728138582356791630446 0.604672673923024039943641128048
0.261318928631111724314450839302 0.778362667600914881482765395049 0.520281824893954136790341635788
0.418823405949853899699064641027 0.566566726233298068038379824429 0.655455697386933433534750292893
0.778453894207383645387210435729 0.185810470134349925430683470040 0.429346664206698758192715104087
0.578327951471805490335498234344 0.434472490652660470189516672690 0.671246861550964468712265897921
0.995139209080895259518229067908 0.424947755944861615962082623810 0.980555672230537633815572462481
0.497214416898406563749546194231 0.469182014892543686190862217700 0.507979806024520863516613644606
0.977868432494162553858529918216 0.483750590823736836831869823072 0.333505063518444222481207361852
0.325656387799422797346693414511 0.043801578054547603280344247878 0.732975797066057199735666927154
0.110716151761010586640487929344 0.651390470081257610956981807249 0.370240990108817336068369741042
0.340072756189400970949776592533 0.218637477069186764166985881275 0.711872862142691076314804377034
0.052765770360475666711508324624 0.825578704698767706915418784774 0.591073255248513285131650718540
0.990636109434490985670151985687 0.157538452290717778669915105638 0.240560644431740910942352229540
0.405890217945146569711312167783 0.835630066837252827305349001108 0.053020694597262010838711887573
0.027980927166976570646950150945 0.104233903990400111894132351154 0.036252310533022580329998163506
0.994131428509567260931589771644 0.516441624832428725078159459372 0.381802083681361315026236979975
0.627104029954810515690155625634 0.792471986783304549462059185316 0.404157105146797479555687004904
0.452545182923794697682495780100 0.326798664306011787950012603687 0.694443869191009310881668170623
0.042392892749012658915042095487 0.679317863822565093379068912327 0.455839558689930368640119695556
0.565444684857993817850285722670 0.715240077716786326611497770500 0.501899047272633791472173925285
0.181131245890416042731985157843 0.920053498554182946911339513463 0.583622023318147054027349440730
0.435272146929960468408893348169 0.469391049093209888898314829930 0.996259580419618595570341312850
0.858351547483279575523340554355 0.408223434960832021189958140894 0.105331261427340588943124544130
0.507817003456940585515155817120 0.616564768486977166084272994340 0.644785647866336630862349466042
0.565469840596405592947348850430 0.889914225578655626591739746800 0.783554331355981514839470492007
0.399709385188158794477431001724 0.111588200810193827194893856358 0.596915724097500266509541688720
0.355800040473475964741822963333 0.481884741717037490271735578062 0.430487924244858932709689725016
0.978966674044928986120339686750 0.029070372074188055577792511031 0.388366153893955068365784200068
0.876751206516001801993809294800 0.024787611868398118364353877041 0.402496078684713765039049349070
0.669772602069106826050415293139 0.077113891305005219378720937584 0.611614725344164722464768146892
0.662376310801278567197414304246 0.586586245450412158142228236102 0.055411093950863701818043693947
0.531744454228089247216360035964 0.541933369328313485624448730960 0.865795080046957044039857009921
0.338559852930089277833758387715 0.274576874557710959301459752169 0.545165876104048430228488086868
0.976234422103130272674320622173 0.818236319690578750574161404074 0.787444646823259652990145696094
0.840669148627483542313143516367 0.285890895439858461202220496489 0.736553516346362679989567823213
0.686314307503563481027697434911 0.759547101297529336783043163450 0.948833324953435419679692586215
0.482403022003954351504262376693 0.898172153744485668447339321574 0.298820633897089793507007016160
0.357079308115560989378423073504 0.247974279832983590665662632091 0.680096140417876582340284130623
0.454647974937628485125884481022 0.386724612784722421299221650770 0.656370667929018769548576983652
0.075421342461326604245108740088 0.063340885870552782188624973969 0.748291683487830150411923568754
0.526656515170216610322029282543 0.162189100707065186890432073596 0.298569651633319887995554609006
0.263684317459552508555731265005 0.104108099131842796181146582057 0.416423559927217135090415922605
0.157526573659065444177329595732 0.877791374637633681210502345493 0.644403349439458872360830810067
0.824648192997788465063990770432 0.399218210718101540468438770404 0.653852044433336221374020169606
0.188832221293444846299536266088 0.112378596817648265804301388471 0.338221756992053812496124010067
0.654691498472398936137039981986 0.430965475142816023534919622762 0.655074569236529624660647641576
0.850664746245176961458867026522 0.090466899717526638724507392908 0.675740209721539919485167047242
0.866548355622236421424986474449 0.161276713130799248530067302454 0.232733035388082154515387856009
0.598000933235842135893278737058 0.875077860425197529004037733102 0.796163945669956851780568740651
0.044378735648211153907993775647 0.719874115872975894880880787241 0.969019492627113177007913691341
0.990513378780809805590479300008 0.786922951080043731053592637181 0.594965522290734405430612241616
0.535380973004105698009880143218 0.582476660058847794942948894459 0.224026688875053253680036391415
0.538555631265817957853414554847 0.727837529261988858131360302650 0.387597248811176742222528446291
0.826570046366054134168166456220 0.463630930385395267911974315211 0.749738757401849809092198029248
0.319462019724722989799658989796 0.378447874465215827743946874762 0.912715731268930796638017000078
0.069177609974166734407852175082 0.665405535497476718909126702783 0.362168786478947457574406598724
0.017849781930180580458156214263 0.038894312157279530006714907131 0.391080239297327492131728376989
0.634863100126157431368767447566 0.353463296386501257817513987902 0.611498792239811295168294691393
0.569846880053365256735276034306 0.128119954369233235436098539139 0.852005869528746129226703942550
0.697731904874759667478656410822 0.850337023985703543971226281428 0.335036937077337282353539649193
0.519999456478265509318248405179 0.591926738194976431728377974650 0.003759703595881589387184273932
0.672454475297467380023874738981 0.354665893390127995310479036561 0.864283360193514704761241773667
0.182019946533711840519487168422 0.115927566783862012744776848194 0.530297014091668295066028804285
0.824557350895549490132907521911 0.510607034975128604159522183181 0.663823967220248944975935501134
0.706934762580270104059820823750 0.971252626231895010988637295668 0.949924415419352463629820704227
0.037193711796414515025066549470 0.193477773679941067452858760589 0.086726759060869698658713389250
0.654702700899266853973301749647 0.987480490372720565162012462679 0.471092554230343352195120587567
0.587197855015965664016164282657 0.460040853799049909156337889726 0.192728721432025906779017532244
0.848509541849244541822372411843 0.937669652136122411256735631468 0.998022758801208387247072550963
0.006491336303585374181701617147 0.494204132073169266625711770757 0.936085612726943239181309763808
0.098986242622762024567784067131 0.771365365326709517823644546297 0.769766584068943715557509221981
0.248352849103540745945295498132 0.719673873708870592835751267557 0.964437325964143998824340542342
0.552993796180798358186336827202 0.121616897231579146332336449632 0.277486596247158989747561008699
0.233689908848636551663702221049 0.719301676450892379932611220283 0.916621663284772902891006651771
0.363820429727889971260879065085 0.371853874427156283477557963124 0.553226526930332695997094560880
0.446086500158794918569071796810 0.187400142428262167504371404902 0.884881581973416708741808633931
0.751188948249767451947889185249 0.234352144189454630884839048122 0.858053203919157292389741087391
0.555801623948616208004125383013 0.357593955436944055392700647644 0.763817931801348826148512216605
0.019930156200780028974417490417 0.958965968670848045718457797193 0.921480861694462527466953360999
0.737705175786730893428000399581 0.357792530977854461582410294795 0.348084384353708586878894948313
0.038971901671895514684962336105 0.073212525952418228136764355440 0.287052972551164076175922446055
0.588574947023413841407091240399 0.951082374614470871243554483954 0.994888937800967432245613508712
0.599156694340198248127649094386 0.620052451713723806747680100671 0.832339761367646757683758096391
0.431181661640605062846276496202 0.804765368895969723794792116678 0.924529590232204268041016348434
0.729365880429402535511940186552 0.790819777277767421708176698303 0.907909101260289674861780895299
0.079943500740549178207317027045 0.842078344745177509444999941479 0.846530124252115490079972914828
0.772247371099737511812577395176 0.054189972044656579963639586595 0.968427344168713233329981449060
0.768690941788921833222048007883 0.103948595649580546873558262178 0.978185622613327088181733870442
0.282620028387527588709104975351 0.867110739598971447250619348779 0.540778379678819809406320473499
0.647158987446148192823613953806 0.953768497546328419822714295151 0.667843356825064460302598945418
0.530182897574356548631158148055 0.897705136862902208783054902597 0.011736010863790160771435999720
0.757434473005996755645696794090 0.588792230761870483135567155841 0.465824044543549864449971664726
0.268557169611290669219982873983 0.760602680098757755189353702008 0.713470254557794003602566590416
0.754835436829343620068755171815 0.160414237909411255822433872709 0.529398860892373757103257503331
0.319364764811676249411931394206 0.051884831797311070644695973897 0.444415605655259948747470843955
0.478550904006262545209438030724 0.427666791601233553521410613030 0.846600036358986951512406449183
0.098988779380204353075534129403 0.468951192797907312481697772455 0.075970314503817054641032768814
0.421849647095908386607021611781 0.477962672748896477692426287831 0.871621125676719676889092625061
0.754620941873992534532078479970 0.305784697019174656063000838913 0.298926363951799223261929228102
0.012095588122575948522574584842 0.027092463143608577075260868128 0.768418407182677620781419136620
0.440766021685167319610343383829 0.027465316064125690903585663705 0.339770032641034669396162826160
0.583964282468785178537018509815 0.795825687567450978932015459577 0.838486857258603168752131296060
0.052597703409588116019168779758 0.857105781102645569724529650557 0.708640835036096650156878240523
0.952769501210727676188128043577 0.068938836465973082900937640716 0.977411718251771866050603421172
0.486282143200260308368854111905 0.628681211469457323914866719861 0.355578822645549019743071994526
0.247720205703760493198828385175 0.297469767293795428475533526580 0.555874820231247568358412536327
0.323892031592845852649986682081 0.737628212135488126044435830408 0.488224827630338920059216434311
0.406663364246546421565398077291 0.325345447141011601122073670922 0.614098975702779714680445977137
0.358190087132766621369484028037 0.383021394809614945664577589923 0.512515190608813120398679075151
0.410226305711387850827520651364 0.730269200553490982485982385697 0.440649644820323815874729689313
0.445119101027142083371046510365 0.039658949983354854773587305772 0.389321172810532523111959335438
0.198120681857261143887782850470 0.691060752523749655118479040539 0.597143806347992356364784427569
0.345309538384133030142209008773 0.781933609909341242882874212228 0.755478524035735343744590863935
0.418482875892757011371259068255 0.353699959193906232624016183763 0.019668605890015882636800981231
0.757747933974675880186566701013 0.271501228205291322836956169340 0.718795353423275495963196135563
0.716639029411245354062032220099 0.168038254892948824004150765177 0.361884081933732282276849900882
0.690481966583316952856819170847 0.638348886210604371527210787463 0.803111935957660949547687323502
0.669020737603084225675331708771 0.397281627742346987730570617714 0.929806676282230459840150160744
0.397517309702126730996951664565 0.416132195475215960200898734911 0.694714334743678940675692956574
0.464295829650165692292773655936 0.115367794107350915555620929354 0.467605077069121022326214642817
0.166977814062389984250955876632 0.882269486955180037845991591894 0.561085419265345053396742969198
0.674316810555776968705288254569 0.413334427061630871325093039559 0.908314894460014454757867952139
0.480135394238485169182695244672 0.990496507364400646800106642331 0.010617723033204280388974716232
0.283268333806386940487698211655 0.060538416697502830943200535785 0.391508419436753463127587338022
0.127933041641996370074707556341 0.845959892463579388177663531678 0.135581300877498311940883013449
0.274078932509307648945906521476 0.954450858015620573482351574057 0.532772589161756626729982144752
0.862424103703583355695627687965 0.106839216069441800271988540771 0.480338478171345450995488590706
0.535315209529079183425892551895 0.163599230608069301506901638277 0.822964905191627682512489627698
0.363643762329772857189169599224 0.824659906008350374051474318549 0.389159777698173614535193109987
0.677485066789426992883704770065 0.472641541450467939089463698110 0.342922944923599759547983012453
0.973670739206069613125293926714 0.793060308416344228454875064926 0.766851527411927635924371315923