  0.586194
  0.522946
  0.992975
  0.633746
   0.71646
  0.610299
   0.60305
  0.314128
  0.921725
  0.713256
 0.0226384
  0.458105
  0.148463
  0.672614
  0.812325
  0.952019
  0.139225
  0.136289
  0.529712
  0.673794
   0.62261
  0.504689
  0.341255
   0.13698
  0.922636
  0.970631
  0.514232
  0.709362
  0.449161
  0.120135
  0.945782
  0.961473
   0.36221
 0.0981225
  0.395259
  0.771314
  0.920439
  0.282377
    0.2479
  0.600356
  0.331837
  0.501838
  0.161231
 0.0250033
  0.939065
  0.466731
 0.0536785
  0.509122
  0.268338
  0.958503
0.00648076
  0.235657
  0.282539
  0.298108
  0.682907
  0.827237
  0.744222
  0.456847
  0.788434
  0.193268
  0.258238
  0.836748
  0.305047
  0.906542
0.00906239
  0.507948
  0.821814
  0.565368
  0.828202
  0.779734
  0.343209
  0.250007
  0.359038
   0.15227
   0.21375
  0.702759
  0.139573
  0.345039
  0.249527
  0.315349
  0.999162
  0.632774
  0.544277
  0.471132
  0.886516
  0.619497
  0.789237
  0.988875
  0.122908
  0.530953
    0.8747
  0.487815
   0.98561
  0.519186
  0.225257
  0.826622
 0.0246579
   0.10277
  0.921968
  0.589501
  0.622818
  0.681597
  0.930176
  0.516942
  0.135428
  0.685174
   0.73828
  0.456422
  0.601366
  0.558826
  0.048551
  0.323261
  0.806946
  0.229258
  0.554651
 0.0539137
  0.148354
  0.664773
   0.66187
 0.0852929
 0.0900721
 0.0841605
  0.595713
  0.790418
0.00353538
  0.484272
 0.0280592
   0.87705
  0.419168
  0.578611
  0.207417
  0.142302
  0.726901
   0.81891
  0.767293
   0.94083
 0.0077858
  0.701069
  0.351921
  0.608932
  0.156241
  0.679284
  0.968438
  0.276034
 0.0944692
  0.578337
  0.841827
  0.763376
  0.561862
  0.421177
  0.404771
 0.0413129
   0.66142
  0.202943
  0.206554
  0.158246
  0.376226
  0.433697
  0.500337
    0.8524
  0.582478
   0.26767
  0.997267
 0.0755596
  0.438084
  0.612558
  0.692332
  0.955573
   0.69572
   0.62734
  0.882793
  0.835281
  0.581662
  0.200372
  0.450842
  0.456293
  0.295405
  0.810812
  0.707643
 0.0771154
  0.352505
  0.353266
  0.480554
  0.198188
  0.721014
   0.78795
 0.0141654
  0.422283
  0.197979
  0.473737
  0.339778
 0.0599763
  0.359647
  0.950137
  0.612729
  0.182164
  0.219518
  0.275206
     0.487
  0.538821
  0.321571
  0.545081
  0.219324
  0.447664
  0.369605
   0.41816
  0.100659
  0.112827
  0.554751
  0.122133
  0.305215
   0.82426
  0.752154
  0.636347
  0.184674
  0.385405
  0.416105
  0.517472
  0.866217
  0.401528
    0.2936
  0.161879
  0.511104
  0.850818
  0.386415
  0.623027
  0.806796
  0.279552
  0.685943
  0.244944
  0.843346
   0.48834
  0.930727
  0.282248
  0.605665
   0.48581
  0.319575
  0.563138
  0.413651
  0.998524
  0.489042
  0.241483
 0.0317561
   0.87399
   0.33874
  0.556876
  0.451582
  0.315316
   0.83016
 0.0463833
  0.445347
  0.300888
  0.497145
  0.778077
  0.119802
 0.0647695
  0.634597
  0.097641
  0.762155
 0.0205328
  0.148617
 0.0939566
  0.511423
  0.584141
  0.538535
  0.673919
  0.501478
0.00227835
  0.132523
  0.654117
 0.0122725
  0.479408
  0.648583
   0.36727
  0.620445
  0.511327
  0.858871
  0.944392
  0.194679
  0.276787
  0.687312
  0.178965
  0.546253
  0.297936
  0.108638
  0.286583
  0.514124
 0.0117527
  0.879236
  0.664864
  0.694099
0.00994762
  0.418096
 0.0972707
  0.628086
  0.385438
  0.476036
 0.0934091
   0.55565
   0.69226
  0.770247
  0.833804
  0.434573
  0.682381
  0.988482
  0.603235
  0.282679
  0.759216
  0.820527
 0.0555315
  0.624018
  0.464139
  0.865222
  0.697892
  0.642375
  0.885473
  0.634179
  0.068115
  0.425963
   0.88092
  0.796603
  0.701978
   0.23778
   0.91211
  0.289443
  0.948446
  0.570983
  0.334875
  0.270109
  0.106439
  0.796502
  0.686357
  0.791262
  0.945046
  0.197224
  0.698692
  0.392934
  0.327365
  0.768176
  0.486033
  0.934033
  0.768165
  0.947617
  0.267933
 0.0899862
  0.701934
  0.954128
  0.231666
  0.222821
  0.751895
  0.684829
  0.879874
  0.789735
  0.878639
  0.963057
   0.04453
   0.19507
  0.661251
 0.0140088
  0.726056
  0.558412
   0.48291
 0.0296169
  0.236005
   0.50645
 0.0388136
   0.26665
  0.502827
  0.968588
  0.124101
  0.145951
  0.753403
  0.651863
  0.305839
0.00728631
 0.0310189
  0.614455
  0.198685
  0.734082
  0.717166
  0.876336
  0.996228
  0.587218
  0.191698
  0.266268
  0.161312
  0.157012
  0.165302
  0.260519
  0.454707
 0.0836368
  0.450068
  0.506214
  0.759706
  0.580101
  0.994841
  0.277547
  0.655898
  0.572442
  0.411897
   0.50528
 0.0343269
  0.238878
    0.5025
 0.0302872
  0.307421
  0.400849
  0.826388
  0.806762
  0.344133
  0.316213
  0.462903
   0.62796
  0.160778
  0.736477
  0.138804
  0.608013
  0.178271
  0.993249
  0.574161
  0.177745
  0.407507
  0.915982
  0.457827
  0.483485
  0.514123
  0.380984
   0.71193
  0.435497
 0.0787598
  0.422177
  0.710325
  0.938668
 0.0827194
  0.446162
  0.283387
 0.0943571
  0.867683
  0.908023
  0.911974
  0.335173
  0.675805
  0.160756
  0.900129
  0.279744
  0.289797
  0.605779
  0.503896
  0.131721
    0.2432
  0.641406
  0.551672
  0.241566
 0.0750828
 0.0418157
  0.807758
   0.84324
  0.289073
  0.458133
  0.545599
  0.847431
  0.296491
 0.0289989
  0.923771
   0.10949
  0.415294
  0.156548
  0.997514
  0.396817
  0.921506
  0.222962
  0.305341
  0.886442
  0.998329
  0.941648
  0.475827
  0.742372
  0.832093
  0.586188
  0.836889
   0.64398
  0.856789
  0.325249
   0.70822
  0.975242
 0.0888785
  0.212678
  0.662638
  0.464206
  0.460763
  0.503339
   0.58663
  0.912415
  0.179538
  0.351693
  0.241311
  0.831929
  0.286757
  0.530668
  0.232254
  0.900702
  0.919907
   0.12032
   0.51871
  0.173152
  0.181633
   0.15323
  0.229154
  0.702857
  0.275884
  0.869931
  0.998202