0.751357097739284829351902317285 0.127660323367312089626324222991 0.384568881165047671277790186650
0.980635824669795819197304354020 0.733504080425832483136616701813 0.205831142107526621209956374514
0.176954981706270858543561530496 0.060486405021217951039069760100 0.960835837637267875521729365573
0.320489901319320424910586098122 0.082614266024948479483214214270 0.056727953809193785994491321389
0.530812357302079318444043565250 0.759109078861776365165781044198 0.786259904441552692766492782539
0.095081207647078072597857101300 0.188633360493201313046185418898 0.858274279550126029114665016095
0.231463906222451526462080551028 0.877266922109333546764275979513 0.941231663166150589461267372826
0.317364623690355007745722559775 0.256445095491987962166291481481 0.098559214721123472591202130388
0.065221339449199819404690003921 0.939698621374766784875021130574 0.068808722672307698342564208360
0.863925521329496404199232983956 0.598017346538255223364899393346 0.106625218090950796279159362712
0.776178996775515606110218413960 0.035107637862357675417879221413 0.878879435382558971134869807429
0.080931247032073549974029447185 0.979327129725566347673293421394 0.273216553072627044151943209727
0.190513260952120372371254575228 0.715076914157920295878057004302 0.440381896303792541580435226933
0.609556287157447806990262506588 0.532575268888650699139475364063 0.202347964951983705361726606498
0.087041820875855185901670552084 0.391263053220748835414610766748 0.456474986239254365560924497913
0.355884759775699943684657000631 0.892580352543501098772082968935 0.831477397641740667566523370624
0.213141182289724590015467242665 0.416304478425419566267606796828 0.887780479375861575341843945353
0.982285221134869268588829527289 0.465549608288870930827840766142 0.047893216544519993937978341592
0.603411930827450260217403865681 0.635217127013895765941242643748 0.808655179733483220338996488863
0.703536325022898423320327765396 0.079107491486704969996246461506 0.033377471380357064123511889875
0.319005079724451690026398864575 0.091759123954466184636125092311 0.784968197931171118852944346145
0.401929697662350871034675492410 0.660514851290495474955832833075 0.749789237843907496738893314614
0.442049964179761334381879578359 0.743373019120749600752162677963 0.539124854238501538539196644706
0.179313327724459042888938142823 0.184881073864231471048924504430 0.084683270649406908181511255407
0.617395997924924611055530476733 0.756752457409138767907563760673 0.097805553028930097836379786713
0.473167430492170970612875180450 0.679553708394217248489610483375 0.977943117822863472454741895490
0.831255667940430376106064613850 0.493467038093059751080460273442 0.731121230026404611557211410400
0.700722019000067919414220796170 0.980597690632211804739881699788 0.576623024969310171705672019016
0.582841999190228610139286047342 0.318575441988213747812608289678 0.664012151950042150971853516239
0.451707928954493243001167002149 0.881634609271077507308689291676 0.298645851226466307881679540515
0.704845695704023667005344577774 0.453092191981431802183521995175 0.620580006778483017626513174037
0.105495577200927267980112844725 0.251059931322996587876872354173 0.687671490782925443063788861764
0.598899986320429178476842935197 0.272828630689906315165416117452 0.887675038247954351078305990086
0.035431926387324494398534113770 0.795141339030328020420768098120 0.573503619922380747375711962377
0.231095203508687396798393365316 0.754594096013345372320202386618 0.445541741198313911986872426496
0.255139185203514418098791338707 0.669506503591113300011272713164 0.360210570588520462287362988718
0.547136343945639702646133173403 0.263780801521554086885856804656 0.749143640423577950038236394903
0.504530623280683321318917933240 0.945903973545469178851874403335 0.077005353242508622901851822462
0.167869817463340093022239329912 0.125155889061954544994037519245 0.304846930667221127642108058353
0.229784081979612864188311505131 0.533216462658553269626793280622 0.160498528272635054836570134285
0.112139487293825362845822724012 0.552021369714007836826397124241 0.953838574055356769321178944665
0.452278257585198406598436804416 0.040421461209600377528783354819 0.190258563904869393290653079021
0.127704744015817495128573000329 0.193470976075081707579172984879 0.047414961463619613446507372601
0.528111489942145739817647154268 0.073242452756302922622921869333 0.725097924862873610685198855208
0.094401838829405421149587596119 0.049758317473800724173305098930 0.069543476041902904660751971733
0.922161845102803190421525414422 0.241339881749843138125655173098 0.932292244150648263811831384373
0.751823706283312631626358779613 0.355134818796485507430560346620 0.252599323932285069194136895021
0.395598569673272615343506686258 0.278671209263450903037551142916 0.898930463816173697111366891477
0.919108766783728547977716516471 0.441556708145802723208817042178 0.228956791748600285707482271391
0.024821366754496088091741512471 0.682628686079356450377986220701 0.500459608586830140275480971468
0.687680959141446446203360665095 0.254325118040389874796147751113 0.052573656606442635552678410704
0.373521908391046320030426386438 0.488989570600508072217849075969 0.994478884134436746933261019876
0.575286060549043520850887034612 0.866482219434370648514232016169 0.335873580876121791138899652651
0.036704462018067991746494982408 0.619361635147563593939423753909 0.078290512780434556860953421165
0.018022185038069300777596737362 0.464906526693080190959506126092 0.223310846461662493300792675655
0.232950156766964594501345686695 0.981009817535393513487917971361 0.504282434367767207206156854227
0.725212751073219807906866662961 0.173133293295282209012242446988 0.990244772315287180575182901521
0.300715185846849364370569901439 0.405713539690700453199667663284 0.754613100009669524048661060078
0.394836169725160057719648420971 0.138870064665894493716180591036 0.397921480699751306531197769800
0.896244173094055684991587895638 0.870992714569656767409355779819 0.379517110704568838563943700137
0.275435289005957539831825897636 0.455668293703594073917884088587 0.094979418203547549826026852315
0.952064017620142255537984965486 0.901649451830045634004306975839 0.585779091542937502268273419759
0.276634048907460128319257819385 0.039580193369957834825800802037 0.893614978632551126835892318923
0.171157860232737740746600252351 0.000917946790527804563387948011 0.753957921619169746385580310744
0.774794918571215407432362098916 0.175889353552098781641177538404 0.055382391897483548848235557216
0.259213395216590869463146873386 0.560261949628647837329253889038 0.272875609334784774429039089227
0.024664006114072649367141565335 0.281696869340125666258956016463 0.150911538678849127537162644330
0.809827498442880822082656777638 0.227653756868193668516653360712 0.329474045175670082752361622624
0.644894209833832832146072178148 0.491313580103424463185746162708 0.244972324360284432476220217723
0.124137173606657089108828984081 0.177722484087040610845065202739 0.859185381101417289251287456864
0.022470768683826768119526917644 0.203153996923060992108034383818 0.490254081786167472678528156393
0.684246933827516778947597231308 0.630303804959654323525342078938 0.047889456198649746343498634360
0.253480673518696686397078110531 0.533501397402901700317556787923 0.804152791670448841010454543721
0.598523964279067066662776142039 0.935472658998086958881401642429 0.278380637860088264723401607625
0.824922588362931308303416244598 0.112389607316294146133195397397 0.204695786374333471568931486217
0.810321445389699634986868659325 0.263908407645802034480198017263 0.334747070296314064297149570848
0.238822054894079593978517550568 0.567082019256998970391236980504 0.132350671527701219121198050743
0.815593933980519270043885171617 0.532439755088205290967096061649 0.557348560497105682820517813525
0.574230557759410786822229511017 0.931710930490685873550660289766 0.746504715506070004593652811309
0.113700859872264761762927776090 0.530009300544469819094217655220 0.217849808806165834429435790298
0.150527491182584155504642353662 0.387794196814346125989914071397 0.806768895048025180827266922279
0.109256432640478559625840659919 0.943420177193881936972275070730 0.296222146682185494270811432216
0.262908800676061427115115520792 0.596220395309726147736739676475 0.507889105860814815684989298461
0.086567671161407247493180250331 0.705378511110781758475241076667 0.979046395982278938596721218346
0.127280236178030914384606830936 0.085870141787260198529274646262 0.480257504153139391789295586932
0.552279266147205682990772857011 0.762742457156063702328196995950 0.536288383852258299100412841653
0.633136888008551612649910111941 0.399931239520211201377009047064 0.422079778857122611679386636752
0.097051927569117318883584744071 0.477215272913412258404264321143 0.983346051425307066118364218710
0.764260362770180834424138538452 0.240910075759317832133632464320 0.706905991045678416817565903330
0.348250874967890755584676298895 0.535475408652850370927467338333 0.405806580994371612902682500135
0.047929159093279202763504542872 0.749039400737251392925486470631 0.365236853884183254592699086061
0.687376557522763165231083348772 0.489943918499914976560916102244 0.701406571429837200071233382914
0.175945654621678854168109751299 0.980508049910902790280431418068 0.195555980977046239832617402499
0.789313025446453209177377630112 0.209059042340131784332157849349 0.807033207982987610407121792377
0.324549729164308020656903863710 0.629656547817530221067272577784 0.424294430836417046926101193094
0.368915723244705839878321285141 0.747049413918112192867226895032 0.522226961214362295216062648251
0.751249977865398155252307788032 0.956125003010339424847074951685 0.181705188336600820253607935229
0.086469485727295028465455573041 0.512404842744913158192332502949 0.972376459451030350500388976798
0.570469752820536690762764919782 0.774376228444464742572961313272 0.809329556188526089144374964235
0.833865090493273286575970359991 0.832794322980946466472573774809 0.030169938786967668425953448263
0.194666478804937398416896598974 0.067200898021136490356752801745 0.080763726185764911358333506541
0.732081065267139785568417664763 0.399212452155991714963789718240 0.986641632917362731980404078058
0.017673675832476743591259449317 0.643827130586602014439279173530 0.457824219369124985057339927152
0.243834467051150943772697132772 0.143364649444195718652750315414 0.550556927561206554955219871772
0.730516918088587430268887601414 0.944513465205031432780913291936 0.548194643851731999717458165833
0.910269262766830067334922205191 0.673777791967719918986290394969 0.338967255607916906345877805506
0.114784636526535518963321180763 0.647050546660100089901845876739 0.771346362012578112832272836386
0.120455259592433736037797586960 0.356610714369416437197202185416 0.346724797058782507885865697972
0.961088298615135894209515754483 0.051127521167272163560291176054 0.050162173099494382355612032143
0.641146102227928005312662662618 0.626158161256590184429171586089 0.809446291234094283950639692193
0.132390918037475241453293506311 0.223576110211511303038633968754 0.960132553312984859950063309952
0.565977974689086393844661415642 0.070733010575920726714649333644 0.421590524507736263970514301036
0.882395963998031107600183986506 0.826312957115661994578204030404 0.533213190950112325694476567151
0.797571483335281161686225459562 0.061161678148464515558657694783 0.204860975073212686625723222278
0.963271416966848703644643592270 0.142685087404703814240036763294 0.314546378291421069306466051785
0.357254235080739113161740760916 0.024896993979303869842789609379 0.531662000624041786167595091683
0.117256156514956313974273882650 0.191742635628932761582277066736 0.818413018928034974308616256167
0.313971760790104359450936044595 0.040961423200942322087048097501 0.413560432948484046900006205760
0.311298073947727182986255911601 0.341484790029231266572651293245 0.820947127323446657065630915895
0.190196232538843323922606032284 0.330629002037401031888208535747 0.539960695307538651732670587080
0.355532407133752226258138762205 0.214315702733283791614482538535 0.098466623908934972075890357246
0.099939147612072384840864458511 0.446016913382376367636084069090 0.514082700939235026638129966159
0.697037930828114049575106037082 0.005583927566166421718740764391 0.655617195773330996289018912648
0.324948004684523450436017810716 0.192671038781520975735617184910 0.317225160826487606602341884354
0.527199286065338390550039093796 0.051861553215141881212346675056 0.117757620579872449018132840592
0.058480641373824637785361346687 0.624354083889433586485040450498 0.893837229085277518159102783102
0.829556954913628130654501546815 0.509335992076682786411367942492 0.190128607045187691948484598470
0.023291185879852974172088408977 0.545968655464202812233054373792 0.417467227563661669176298119055
0.104392301841346027413415242791 0.101320271818418572440378966348 0.606014735562854123251952387363
0.353855316356143256850685929749 0.604888143379946341404718168633 0.636865139198080076887720224477
0.875813064764606075129904638743 0.115262369987779153546192389967 0.627826596885466714503820639948
0.177395391471831170848716396904 0.826422636497445628478430990072 0.633857706080925398239855894644
0.181133525615216450788125257532 0.495373144353390970628936429421 0.193882998269764544874149692077
0.830357958769161186296514642891 0.659430528297248241820227576682 0.814866079708019497296334066050
0.879107460408542151775179718243 0.267694705461238968702275542455 0.206505305980917736041746479714
0.953518744158754705253500105755 0.625189263497585301365688792430 0.293188713526870925463185812987
0.926186535136949262714267661067 0.683931311686012621819941159629 0.492012057715900175125511850638
0.996467000605822827985491585423 0.629419344999578522781291667343 0.017230593630095544094293913417
0.926691312149581780666096619825 0.000245720199175627541411659482 0.231371444550152183250446569218
0.829533423235239042448085911019 0.581583607081485043366342324589 0.318876542008806440620105604467
0.436290304121593308650517428759 0.232945784957058837916221705200 0.140382167215821279659948572771
0.782433022227112973112639338069 0.757193097902900236206846784626 0.426615288205889175987550743230
0.995107301181586190175210049347 0.620660012527121995873358173412 0.858328523965309675425316982000
0.889482544124169272059532431740 0.213796921616431878643282971098 0.302393420277604740853405473899
0.653786616755036020798286244826 0.686539398260458622047508470132 0.580626595851733151576468117128
0.971499907501835346934626613802 0.249281780904213906557842506118 0.832926021361427459943627127359
0.642107195390647200738953870314 0.587089905039655191032466063916 0.338733385939521292051779255416
0.754811712599858464223245846370 0.227911683211290072570420761622 0.433563716801599996486515919969
0.138091320052703470100396998532 0.874413693308075057331052448717 0.195202991657641183875782076029
0.432163766596672438424775464227 0.719171676151533656451420029043 0.583419647018135534288774124434
0.036280913475102642695713228704 0.281593087766509209135534774759 0.895796453260175096211526124534
0.688569581693661891819147058413 0.682895032512278232772473529621 0.793327400050192865776921280485
0.365130349133698184349583470976 0.436858922151718620519034175231 0.879499562407562551769046876871
0.260915060115972763377101273363 0.732754046037279005432196754555 0.174372867505074552463284476289
0.972146513362344810715853782312 0.938599445219946870722083076544 0.759249725622154980619882280735
0.110340116117426542685642232300 0.089734867202947196651585670679 0.028807534545574040030224693965
0.543669633652994255257340228127 0.207602098741585194829895044677 0.864397280518705901641851596651
0.217489971758353911601702179723 0.787785770383115480086644311086 0.150875329418262316139021095296
0.652214768162380220672957875649 0.151144251912029042861362881922 0.423237150866490996481417141695
0.356212843070117857191547727780 0.737157801108053511995876760921 0.186645205339408704059422916544
0.963545512440967089062837658275 0.664824481663571997813733105431 0.052226232781806443405958617632
0.321149011536431050473083814722 0.728549262261293573139653290127 0.339181850790440442278139698828
0.101533272096404808548797404910 0.277760761081911333736371716441 0.742236016888184635398317823274
0.018255437090522023263483575306 0.995527289155196282166571108974 0.406059522804263606232666461437
0.756826029207691264311108625407 0.261026884766818789707087944407 0.477893636525735521214386380962
0.155273865189781590245843290177 0.168498371188817636090462315224 0.871181815635272638331798589206
0.193452380326954082034873749762 0.125167274254894905771706703490 0.265333176446310048390841984656
0.746752475339975685386662007659 0.062612034472619343405952463399 0.729872305171285651326229526603
0.860832197587576786190766142681 0.215035496262382413990010832094 0.836538195843819831765131311840
0.522861000111307872018073794607 0.829664541180185732827112587984 0.896823153228546110504737498559
0.335932097401702878247675698731 0.281782813005011845142178117385 0.957965192934246423384081481345
0.425295104488137787335233497288 0.789832321931617453714125076658 0.927871447365184787159364532272
0.557750110682635247272287415399 0.107213875779103892660337749021 0.323290289548107234729457104550
0.915473591541708819896427939966 0.247379378570601105025161814410 0.194953812953811700392492411993
0.768503061977535151250151557178 0.544977377632136050777944547008 0.597141568414765289141143966845
0.234184388078408300959409871211 0.589351689923739208154529478634 0.348301322224928877613336908325
0.820711460419794258669412556628 0.976263579791524671591673723015 0.964181849955711212096787221526
0.203712381904612827021594512189 0.273240746172361770316427964644 0.461133360413963189206043580270
0.990852893831355441278674334171 0.124882149795746619225234042005 0.870235172988155003537258380675
0.621569699254606256033639510861 0.981650147393446359522783950524 0.991720892511776641597975867626
0.557802107441798256104448228143 0.601569107848168416197154328984 0.361553063549035103019235748434
0.904116384654838345369398666662 0.566769720393890619192234225920 0.952969486880129390549143408862
0.269920844182237995578788058992 0.324379491180219359236502896238 0.403823627678364160953350392447
0.489420189519927606447424750513 0.351961789257191404178826132920 0.580704011014613219465729798685
0.280952592166316073019061150262 0.988650220074780428092253714567 0.871317198844284157566164594755
0.527594843722515305373121918819 0.909011353686968948117907984852 0.971322608448362934119302281033
0.227686073187283566365834985845 0.626891704658318338339029196504 0.303641313964743864151074603797
0.773489695343933081339571344870 0.124282279224690470065262104526 0.246007798703200331047469262558
0.976360517198786914683239501755 0.543493770134634957003072486259 0.026787055045665975061552899206
0.794147465683711972772584886116 0.107408318334342042787987736574 0.099885442416334610515882275195
0.231191002229180070370873067986 0.661513946589881385307307937182 0.743724601138263996524813137512
0.170992849151680031960509609235 0.807317262375247812755674203800 0.006624844422350431930035519201
0.646855321450603537591916847305 0.557508643984835128293298112112 0.239603385756317677213189654140
0.109566263036659936047634289480 0.105771796897760075872874097058 0.214038351927284847819876745234
0.752894286634797071933178358449 0.323915488186933553382829131806 0.466261622549346665955738444609
0.032464440087396760625804148503 0.653930165779284866545140175731 0.456747798460986120794302678405
0.462921739484716154855448166927 0.518460889720280260206664024736 0.100242835103875702063014330179
0.067274205119759095117260017105 0.489339783555954643823326932761 0.293271723989201704707596718436
0.067877845710184542271647956113 0.888192899139692904064702361211 0.098706947863214863914116392607
0.607579597000993398836499181925 0.782547188256778269987989915535 0.269391339032126642116793391324
0.299979187428756399746987426624 0.102637141332091161305406501469 0.118952707159344778231613304342
0.306183838906424754533475152130 0.799249778278767419870121102576 0.345623223087156816735188158418
0.430050880213733888179916675654 0.371256087557626568429469671173 0.665672800719024793103528736538
0.177598380521279963772940391209 0.735096578823384860790213224391 0.432053391241301598668655969959
0.034696699406268252663387841039 0.686846333255784813331956684124 0.287305191196956966059872229380
0.996532932389965098174400282005 0.742344081774408914853324858996 0.790626874832673132154070572142
0.577180592977377893149082410673 0.466603962508342517967463436435 0.679189607463236866280453796207
0.104164870562605843540282535287 0.900218532544862171107524773106 0.114847429538201525889284937421
0.457333248677269876836248840846 0.521680663445688863610882890498 0.359725352561293787445606540132
0.526450551153156975914271242800 0.190077153227627526632659282768 0.132868665296144744525363989851
0.389876577740012608686015482817 0.817230023910997971370306913741 0.856433362526621611010568813072
0.597411753575231241342180510401 0.565767083743418108809919431224 0.473493983247606886610725496212
0.930396346836357079901347333362 0.679233213166409166561265919881 0.663745029394800623023797925271
0.971415325690562325711141511420 0.180784335318895567068508967168 0.268537076315326417308426698582
0.991099531789762733247073356324 0.647475972702816204851217207761 0.727019814260804975170060515666
0.065226353317748411719811940657 0.419006490894518690559777951421 0.463055966699629895089174169698
0.541299385812986755261988491839 0.882903458177395128458897488599 0.920491155501871771704713864892
0.441973652992912580117490506382 0.780792893479402505541031587200 0.640025997791752176979684918479
0.171551508150727616275332820805 0.178893088269712369209329949626 0.815505364319698666797364694503
0.758127577012633779851569215680 0.444688448609587949622579117204 0.536864275954056613393561292469
0.388324405258299587551107379113 0.253977851756182648745863161821 0.684984198122242537998261013854
0.773456032652380942593595136714 0.468113684473328461876917572226 0.914150078802709931125036746380
0.186187354150586376055898085724 0.076121046043430465322110478610 0.430358925124805558048990405950
0.167446030667344064601920194946 0.153625448271457853977040031168 0.325540312706592283031881152056
0.704114967786095391488743189257 0.746119210862891790725370810833 0.431901549534218553993980549421
0.253483796948255513115100256982 0.419077244889776157066307860077 0.771855198062085690047240404965
0.726446026671762723481151624583 0.402595439154190326558335755180 0.327318905862450382215911304229
0.006993289553008634300279577900 0.110676980664492982664448561536 0.752506133980369806835142298951
0.820427778740970725657177808898 0.641321149878786966880284126091 0.387940428253880975617562398838
0.330035586751735054988898809825 0.021752731590769441155641672481 0.372655251155828703968353465825
0.992842220392913699100745361648 0.786577884769616209048592736508 0.178110868957132545409294266392
0.775005864338049299533395242179 0.015665347158960851031705985292 0.203077869655350656818981747165
0.660382571768694082159356639750 0.322804122323790465554083084498 0.443589973613994381640424080615
0.598016298435761539664667907346 0.125727381298763679629004741400 0.992747801875280222461128687428
0.590578732688528673655525835784 0.304735574768344674723152820661 0.315200658914357667583772126818
0.464504076559578538141437320519 0.339591201056170965966174435380 0.172795203035558536663884865447
0.111215070269187810136912730741 0.389844413677763623748973031979 0.116711187652438305728530565375
0.590018818496941155338220141857 0.439994496350017028074574909624 0.556500766459214424308754587400
0.584588968469045178188991940260 0.950669337017304605375045412075 0.732067357447757527388887410780
0.678235590926476450412963004055 0.773647281834785816023725146806 0.243393507588306912126085990167
0.692642847822961260639829106367 0.410659131497789653408858612238 0.713062179873631851734216979821
0.375781120948705305018222588842 0.365172054189968509074759595023 0.083740164268247263557043424953
0.671178093400474629071084109455 0.226741112300545527569184400818 0.602258990236980817911671692855
0.070282003667871836838365595668 0.395866834855548910265810036435 0.156111430058823053013128401290
0.679871243712452111296329348988 0.910153196232979522228845326026 0.664288666741654876268796670047
0.128227314267029213201709580972 0.345284748527798168726832273023 0.011882469872069584618246018692
0.860202554628270110725907215965 0.358501865859848278805799282054 0.810237054240628307155702714226
0.341365524474801673715518290919 0.939864077630156669052041706891 0.136732933447255039505208173978
0.232789396797089903623501072616 0.551770797166180604342855531286 0.230566852722092929806052552522
0.279607885522354826512980707776 0.709960689869824856934599210945 0.199717407431954707686116989862
0.957619200303596040946274570160 0.033301772630630298299703184739 0.593958626460979632888381729572
0.428003239631634280204508513634 0.503366369636410349031052646751 0.520320938810605482238713648258
0.488904055419252248082528922168 0.372530834252099651848766370676 0.611961104985250248233796810382
0.970684159880055186242486797710 0.071882907893098840768075774577 0.291512894352551343857271604065
0.310822334955007162360374195487 0.276644661033440375508263286974 0.139396034774180110904495677460
0.853486547861546762661077991652 0.224329587997037588342763569926 0.978474591560490436492614207964
0.261691495577194122024167199925 0.588630542904217235467001501092 0.340341871643492666077435160332
0.748438508057457596578387892805 0.323583263469683801716314519581 0.835261793946697861379391270020
0.743339333460568241207511164248 0.305620274203058595041682110605 0.812709224268352348197197443369
0.310353701256151137677363749390 0.374384386761189513759262581516 0.883032816606752368748800563480
0.842820032769100557779040627793 0.286857239999360968951691575057 0.135983454563490036015593886987
0.756941835006470276070444924699 0.870614572860883506599805059523 0.948309141265349819782670692803
0.027629202688759572220655869046 0.379789974787814454959544718804 0.664725391718211433556007250445
0.494040042697163894747092172111 0.400368209340755565328606735420 0.004938666228199279327470971879
0.717882955545534162666854172130 0.205519982045739346698809413283 0.560582113785815905337983622303
0.539795687469593499230313682347 0.054017258247960955874766852958 0.025427754140801589466391874339
0.724955025157399846058581260877 0.124875396964161874957532916142 0.437242090030874885897560488957
0.311611139432838191165586749776 0.311685907881393775564760062480 0.783088806931627079421787129832
0.057643560029569267111337893539 0.471464273860948301919648883995 0.748359021549476199908212947776
0.156084727881800333637585254110 0.949813530667428795872808677814 0.512809691390009092515356314834
0.207025944924578902961442850028 0.138334535186380003235484537072 0.761410614791316664451414908399
0.519052447979109321529733733769 0.320794593152631202226388040799 0.247019351466989944832164383115
0.758945183361599218230253427464 0.816563556626111686220781393786 0.915456400652071788925923101488
0.622350283108680790711275676586 0.677539432071770586496484156669 0.573474374070759407295838627761
0.209143332251896296725135471206 0.289347775789168870641532294030 0.719444687977787711297139594535
0.937178064773548369359446041926 0.676801883983309982006915106467 0.915790125095208518146705500840
0.801204525425522784409793075611 0.854058669876044396218617293925 0.866608287808512067762478636723
0.446706398113874025845859705441 0.636933816099347516193063256651 0.836203054473275475544369328418
0.880132257097431924819375126390 0.836298347015926646363936924899 0.080705685451620115533621913073
0.379122008848275349190970473501 0.528412492588461790710141485761 0.456027367618164869433883268357
0.111427395753448427173637469423 0.211601445745273758491933335790 0.317920421006473941094583324229
0.608484184888644752398079162958 0.723823312531410634207418297592 0.645327242582765969736158240266
0.540815560983626819613334646419 0.264410752053559350294165142259 0.911915512642511028040814835549
0.505942959721589091692806050560 0.214054829202093815920804331654 0.653746021178040592758407001384
0.944610918648153163879044313944 0.982325174853196481095096714853 0.803605325108958434832118200575
0.329816199448843938579756240870 0.147035009561017893098266995366 0.835108848471884823716493428947
0.494664081469438021709805752835 0.120930454294331760078939907999 0.599370582749238156594628890161
0.321035075713489437276848548208 0.622811652045216490591883484740 0.707356656201180822307605922106
0.672826530273298195616860084556 0.684429302803511219188692393800 0.407277108204245730238568512505
0.817179295641004554973108042759 0.914521917258384720028629999433 0.920689192832047975656450944371
0.316922128910209766061711889051 0.032315045864246605411551627185 0.529286245848662906254844529030
0.099454005947343826488094009619 0.379095680473816643019091543465 0.859418007675749939799914045579
0.349151020573726877938014467873 0.804878756366563141710912532290 0.969084501749257976044304996321
0.157418999910707207989801759140 0.879643427636217833942566812766 0.959929257966408155944293412176
0.030529069162512984664248349986 0.136564909358825814500448814215 0.906899103196420974803970693756
0.204582397396070508888143990589 0.466380408993602668665801047609 0.337761143097760341280633156202
0.344720010070752980180230906626 0.906146052238817834023620889639 0.090199253509486362889724375691
0.296279593079605163552514568437 0.443880855540953411786375681913 0.634447734285371156559563132760
0.892303152262049481535655104381 0.527586756282378721572001722961 0.764754463463362954556146178220
0.260946187918836558505830680588 0.971879585255432276724718576588 0.636319427770227541429903794779
0.643068061393410661530367633532 0.049440373839976577141630542656 0.772544301459252680253086964512
0.659315017354478394295824728033 0.074706885902491401707514739883 0.978703497792186571935246774956
0.947712112123986760714444699261 0.033206504771253537999786686896 0.125183133416279873673104816589
0.158457873284648137479635465752 0.384565233565272279747659922577 0.039976379723913879615793121047
0.668258585488174072786193846696 0.307446207708144514381132239578 0.431398624384482121119077646654
0.452742916714225118735015485072 0.189392567290652458211752673378 0.229393266624559388766613210464
0.194970491245675586755581321086 0.688861935489062715554098303983 0.145421067756541760873645330321
0.388064057176797372328280744114 0.770734009753311188894997485477 0.532507526171913436741078839987
0.410218728932320919611242970859 0.888031214972374804972332640318 0.820275889845051731086300605966
0.458786887833552037285755886842 0.536268911520719426810899221891 0.580671092001583177832912951999
0.337102458103104463127408507717 0.756672755922774498138494436716 0.066805390756245114358691239431
0.350124046034987757014533826805 0.360053518041406894756306655836 0.462014045253494876064337404387
0.902339855511733901494153542444 0.916343846099564429685813138349 0.527722921244795473150190900924
0.344907465359940823557138855904 0.974841073168137062232574407972 0.551691043190431162912545914878
0.235752999612463071121837288047 0.005987403152827532396007548243 0.608529607219773227555492667307
0.929177432201942821166085195728 0.454246921383236301750230268226 0.861125980656203493524003533821
0.406428743903442468710096591167 0.843621669402473517429541516321 0.869192756350042339263950452732
0.290078612072352248762996396181 0.411446105347335999713465071181 0.066007878821504981092793684638
0.052916815083874364777916099456 0.510583552958513875452695174317 0.890061198456978175386211660225
0.819362572410697542757418432302 0.830694695172400354721276016789 0.665908965705826361158869985957
0.860073326670726001630384871532 0.563807126996615282088498588564 0.250139069556211457445726864535
0.544761489654406627636262783199 0.233349649481922910565501183555 0.490338426198225207919279000635
0.841148385534219222847696073586 0.794863480717456050150815372035 0.684054363741759985373391828034
0.754485793634365520254903003661 0.606903915493005485792821218638 0.401901718841303323692670801393
0.315580694705678455047603847561 0.627583159576274862700984158437 0.134810403004311074592891372959
0.335589630325161480950413306346 0.401685778458785724964741348231 0.422862375818735425347938416962
0.753766957248268698599247272796 0.569872886017484758802709166048 0.852153795977122263671788005013
0.508414967874506351641628043581 0.415192403214001526379206552519 0.076645398479748161335578515718
0.004667564539596691895739777323 0.467477574333735101941300627004 0.920713267350987796255878947704
0.797810053091348558851336747466 0.036617462054002396232288418787 0.343757094828547882237046451337
0.331028382154170575102369866727 0.246907585744987084774848540292 0.924208809716417944990496380342
0.141205357737898884451510639337 0.988863821360247530201093013602 0.212544686560536710828728246270
0.416350908235636141263569243165 0.010112745476881407000191437362 0.838731605203165142548016319779
0.091723856273067685962452344484 0.122671512567595203391235259005 0.837128721893851457380719693901
0.412202245774125675126242640545 0.049728477226418328627222109617 0.972427107967530512944165366207
0.502925081307556975929173859186 0.019016568142755981701830236830 0.618247798856250141419366173068
0.954455132156121321962416459428 0.022587219196751398553324463592 0.422255577281581973014823461199
0.905248617519127662944811163470 0.834984069773478720932757823903 0.391528598783870251942573759152
0.754940920064829823488139481924 0.118534950833904861866585633834 0.037921780615285886895104994210
0.493550692986878702939179675013 0.427964018770024268167873060520 0.927275974746105569046505934239
0.261932962289952331325082468538 0.070049051608942661251155925584 0.644304540852643325976600863214
0.364858633516271457786217524699 0.766592820476347136526840131410 0.997735886498538282474157767865
0.426963471487882051391693494224 0.187187278115791472243856219393 0.551918719037004068539431500540
0.186977526100642971185195051476 0.650830241885832494475039311510 0.551552648196262929047861689469
0.458762733522723009649268988142 0.791721486773958260663164310245 0.718408750149889696601235300477
0.312366915780185716577932453220 0.150929007587361052600272159907 0.199455789905867819644669225454
0.192953365628482642613050757063 0.196367455666384249646227999619 0.992251531658566054971970515908
0.587199240824619494993896751112 0.020441151701539303497945354593 0.715417180624191240134734925959
0.072927256174671287181077161677 0.506968330684136603281331190374 0.839342920372867395961691272532
0.712850415396617087537833867827 0.051586507107465227883746905491 0.784163526830145563017993026733
0.031248367372414532355806571218 0.037905963400894866766055457674 0.363561320888049599453495375201
0.001099978285485049165834392504 0.889744587702074318791289897490 0.626376214382445284378775340883
0.780447472419864340942297076253 0.476590383096811676111315136950 0.637898196614628654188550171966
0.882917419348544396662248345820 0.064005356595617041159940185935 0.168870665954349519211064034607
0.570359675165363677606933379138 0.340851180713618973072698281612 0.152418369501886585837269194599
0.166305636781085730557805391072 0.436477473526591885910619339484 0.455170251341854514848250801151
0.709428901178491444490248341026 0.606995153947176846465083599469 0.856210968748230549785205312219
0.276889828302461338260798129340 0.917622782423081040370504979364 0.092018819307570345888969143289
0.352828919533432705524234052064 0.997289658057645800326440621575 0.648014809729381968672612401861
0.508119762149036313658712060715 0.200144947288422192510637387386 0.952183838381883806967209693539
0.380922624049313540695038682315 0.359640054544844656181368236503 0.564271295975641962172630883288
0.333111943679971489462587896924 0.392975457309365561187064486148 0.323796180882538142675741710264
0.848591533063628333799499614543 0.976733883397978952523033058242 0.068421577298968805358470035571
0.218181546482980076584468065448 0.534760844747588781622482656530 0.513699921134466053196376833512
0.316499609005768622882470708646 0.810336821729904510647202187101 0.927398942143327853493417478603
0.586123187212927110323335000430 0.942037547861414470418139899266 0.142972431318450277082376942417
0.808708467193434032971310898574 0.180278448837832699913619194376 0.604012503424153246456285160093
0.953020856897182966349646449089 0.126324041646904389191163886608 0.801327510960532451989024593786
0.793628720768762785375827206735 0.600257885258292711583294476441 0.663667979362246529539959283284
0.189449468270689452831234689256 0.248743727978172873838147438619 0.397044638813094041829288016743
0.938675496387437857670477114880 0.994923632365645072006543614407 0.717555280303358911098143835261
0.895902051977595093035233730916 0.895823789615379895145963473624 0.899612742181919888828645071044
0.050704925866389700950254137979 0.016579088086658474304746491157 0.014099705749779676416943985373
0.013223176728453432671184231140 0.793712790217442565321448455506 0.631195276249198578000232373597
0.872676593839503578209360057372 0.183833470011501826091304678812 0.008528959884547823028233537457
0.958489891881006195184511398111 0.287715573083115405683685139593 0.474249358685012167846650754655
0.686797487503570502909155948146 0.976630245176433375853264351463 0.936315861148236616706697077461
0.922681321379520635872495404328 0.505533739599561493527346556220 0.839040821964055272275118113612
0.100411286151290829460336340162 0.137191012701405490314954249698 0.165713411688874517890823767630
0.293412405910081275361989128214 0.501182514618965457842136856925 0.834794302591741255170632030058
0.592496098245341662469343191333 0.718163314451126355564269942988 0.620723439391745790416621275654
0.688074850300307350181583387894 0.278967659356751884747183112268 0.514020404230735916684125186293
0.884915695326381701590889861109 0.147047837848528650805945972024 0.782045500222639633491894528561
0.950909797431528480693430083193 0.940717220500231210422725780518 0.421101027416849460482950462392
0.594422584099200457252720752876 0.550649388357297708829207749659 0.928781261707267158378442672984
0.297178139379938699438099547478 0.894933217003423209234824753366 0.560593736255778352095546779310
0.014836316696261366704368001024 0.577737453764262220978764617030 0.381858633031360972243106743917
0.597814657037768926173271211155 0.742908352019093554119422151416 0.060114882039898225041252288747
0.025248640560061954424275754150 0.172861189162017592213516081756 0.796525927376465658902304767253
0.880448465645735089957213403977 0.980044702818973822999737421924 0.132639078113613556597627507472
0.171222356868471564661504658034 0.940162273047270846682010869699 0.627269576397194272843194084999
0.109886306092223898223103617511 0.846259168961456476054650011065 0.796511000376094013830652329489
0.458379143060912541685070209496 0.102378443723017534261465755208 0.367136545301078198733080171223
0.733834957750918559504782479053 0.805999338734227133151932775945 0.101223688185657634264202897612
0.229826273004105935404695060242 0.025966178583569386739693385380 0.011574866155753047239351793962
0.995386409185617493378117615066 0.155604893243759062615438892863 0.872039978513046820651766211085
0.579572549843943907177390428842 0.191238654441315908405485402000 0.111862509394788325889358304721
0.050697835029614862767388672182 0.066621367236666451105975284008 0.109829859937742635445090400026
0.827052390289390260136315191630 0.223487379686077014540046548063 0.521442974209665566220905930095
0.863328835547293449437233903154 0.789626491186170120784026948968 0.605891994548606871440199483914
0.994546809284734933953586732969 0.310863169707876974001692360616 0.594161458243856244187952597713
0.237571325143341810504082900479 0.874706363037290324236039396055 0.116693315548028045403050612094
0.364662367974400658532374563947 0.484342446721997499370360173998 0.901310318976539459612240534625
0.144270446381548761438651240496 0.500613216709874020438064690097 0.460203866359613522618587921897
0.765589929122941659223045007820 0.766224159736252241614806735015 0.767231038444407098531030442246
0.455947618291606127094439671055 0.007221291146941350921895086401 0.747216619298082140865346900682
0.541667782279784404408928821795 0.289048033496261347341516056986 0.810973189660288307223368065024
0.952720947089060188339715296024 0.267111916376343461188014316576 0.199019176654992829833545897600
0.996674930287061888734001513512 0.922080617661653612060490559088 0.929531315300660465616999772465
0.512456358254779087424424233177 0.043020542632643848923734708478 0.857271597285468645033290613355
0.220814217099202181326944582906 0.041161492111882157229896250783 0.211951297382519388001753668505
0.205357256471859289659320779720 0.192136021577307775087817276471 0.530957172712671843228804391401
0.415835500685754644312197569889 0.041577757820873008365314404955 0.608817267134632245095815505920
0.143182157417446637159841316134 0.575843486842976925998982551391 0.311299226310674914675047375567
0.670220212370611467811443162645 0.541641843429582325875060178078 0.421877657423480323384268331210
0.054454257910200358494545724852 0.721375273376968162430955544551 0.846758489500429423202376710833
0.036753017541117913302706199374 0.805038801503574208418001489918 0.806521304967764418591968933470
0.728796712161082882452944886609 0.813388221950158696316179884889 0.054077040796994317595203227711
0.729277671233428237407281358173 0.754924793847763675458395482565 0.417800616357193177474727008303
0.068415026792502650621052850965 0.487691386253243430726200813297 0.408252777446733827737546107528
0.345740723410210004651332837966 0.475219449088341572284832636797 0.717523982729551423886960037635
0.133792528323990994598702286567 0.583002496015317617228390645323 0.298544304489682332803823783252
0.342086750826757990395776687365 0.879314890774524293703962030122 0.893602786568586937576696982433
0.811713148639455428501321421209 0.920775893866275341181903968391 0.145815606457083746239078436702
0.835396417332194385352295284974 0.498367281346932533558913291927 0.807342572885617393296797672519
0.419409625926490892133813304099 0.086187816219599658329464375583 0.553731615094824047851318482572
0.535865905798108443924832045013 0.136239539067764731106180420284 0.520394135726927387075591013854
0.482124837910125003670458454508 0.758422764716987662936276137771 0.086384501846160546834063609367
0.323426134291681099952597833180 0.889579162045338711628517103236 0.640968819320825944352293390693
0.938334943402042931381856760709 0.338485089291074403572423534570 0.574844745873785645251530240785
0.626817105692380138748376339208 0.472970773223272633600799963460 0.843267788708892074289735774073
0.607587612531422127659652687726 0.126345174487625416803737721239 0.975865394370585170769061278406
0.072009046841191137744431216561 0.548421709413036806424202040944 0.656385129573282655179866651451
0.087544160395758657822185000441 0.323238738934913283351590962411 0.320066583308510455019302298751
0.794099256429684818847647420625 0.115199145139730965703428466895 0.284795179527352948500862339642
0.619058661792068365414820618753 0.069915857594765762339505954515 0.137375172450982352412296449984
0.182368328156958997565695312915 0.524357548389386418641322507028 0.830096915912154398320410564338
0.870006923249650676588373698905 0.487724268142899486377928042202 0.785152771387915837664195350953
0.790070432410276191070863660570 0.859657300728225881591981760721 0.482347418273107730879445398386
0.579681295008080077479917235905 0.378312976347607243798876197616 0.661917639190937712179163554538
0.758301485703498312496151356754 0.233277566376915101997724377725 0.829120928509417209895104861062
0.364128207054466246361812409305 0.867427567508878061275368054339 0.958863325982779790557231081038
0.453898877899122143997345801836 0.111515769357011851337091457026 0.699619606865546250773491010477
0.626383597240754319557254348183 0.626201471480634430655243249930 0.797069968520172644765864333749
0.314825366912167559085844459332 0.207181417300511261370132842785 0.985668160633364598410821599828
0.068116150801155475602577382688 0.572622975425379321379182329110 0.581481768448485536460168532358
0.557381926126153448564082282246 0.793781996849415416583894966607 0.527162538321036322486179415137
0.538159586290356206639273750625 0.964125809138188016866877205757 0.183226808866160328914673982581
0.630234804033394380162746983842 0.331262509828261164646079350860 0.552863486370429590976982581196
0.541910682567257939723504023277 0.497784295912193530675438069011 0.623570560293113973493461799080
0.261385946576498218174577914397 0.829257040959279989600361204793 0.036171804371827119550797391412
0.204362228507490223394782447031 0.000216203490682569598405754485 0.962042921607678014339626315632
0.104095702470866996458553899174 0.816166669516744436307931209740 0.634430004751392440098811675853
0.248645801627249501963845546015 0.670103250423337626351383278234 0.480073568774877834641756635392
0.764021919017220385583755160042 0.520485132819906048950997501379 0.556424112882053290007888790569
0.056259104879401125587357057611 0.013342983808216923174994050783 0.092309908800941448125954025272
0.205303758560101773378292477901 0.520385675616602649817821202305 0.913908745651555998179560447170
0.438624516877331727116029469471 0.365635986044028304942088425378 0.952397704943637180008408904541
0.416246266124495667426685940882 0.309527045052733318364346359886 0.255741959573755006651651910943
0.987553228433885044168505373818 0.694867780966051507007819054706 0.199911267242421919476669245341
0.948425751493030211314305688575 0.137490868742652649903135397835 0.348095337047133412955446374326
0.143570757055753311925982984576 0.368323274275538514732630801518 0.312136510624977936423363189533
0.971095621868682701283148617222 0.684578243665585506327886378131 0.400779152931110826951766057391
0.112851706863483891574162498728 0.712934663958003089767601068161 0.101906608073232207711811270201
0.223436013437728564490214466787 0.719604322048001510125914137461 0.855953915938586051836978185747
0.789168572085384822933917803311 0.516181987118911278500377193268 0.992810545534375310516850277054
0.201621344531437374225646408377 0.397952743016398158282243002759 0.586383120067158425392506160279
0.791956216641102273001706635114 0.163662641562261179650761278026 0.511733102154457109023155680916
0.402529304797398568283028907899 0.525650068028261086006125424319 0.944158227429219398807447305444
0.481312133169619293937557813479 0.181677927595385396708493885853 0.729416414967887671849666730850
0.453102736916923987120497940850 0.147283360825735010202208741248 0.463643595719960166512407795381
0.868823487304227981553594872821 0.970960366007556197054384483636 0.918192373252303517539019139804
0.084599953875149153104118227020 0.903922963656430766832272638567 0.429062011460592473977015970377
0.779723688412696125382694845030 0.763756861763296046596849464549 0.014813286814192567694692392877
0.267597602594772554507329687112 0.223216067247550609131678811536 0.409371642684062508887876674635
0.410514657390088133492866973029 0.230788766530756223049891673327 0.990083842258292490257076678972
0.152751471292754237296662722656 0.929491700049104196956761825277 0.994814309160793608377559849032
0.009160986205890240055560447274 0.222560815227203390165300334047 0.640644500800545024787879810901
0.979400946898899338322053154116 0.873089396985746502011238590057 0.393841092782593993337769688878
0.419624554231607327370312532366 0.258704909563513774095611097437 0.956987502693071978576710989728
0.024266832746607069903888032059 0.597834987439176290813236391841 0.643839205565724825852669255255
0.353090465315000934243272467938 0.981717596835132710886284712615 0.977183939737835682848299256875
0.786260967148242007063174696668 0.275824619694011508030939694436 0.826148000636002910468391746690
0.366286395663242780873503079420 0.441428215516883326596797587626 0.546727212553238417491741074627
0.332582259382986133999793310068 0.292829764913643264545584088410 0.849688034431100636112432766822
0.191571300827876600525456751711 0.127563575879984653083099033211 0.601323918759508302400718093850
0.697352182774305329182595869497 0.773269776110235174115814515972 0.411541867849941955803672044567
0.570683298127785731956862491643 0.017819173723064657410830591289 0.177836496250588671497183668180
0.484081621852565535668588836415 0.850174833535956575580883054499 0.842885250766774341002474102424
0.741003858987652419543223913934 0.163788067268226783523843437251 0.065172938327315896311908716143
0.656378218030359561474540441850 0.796739115641995176986256410601 0.941475979084610670177823976701
0.860551049300668058350538558443 0.313769762536577456746300640589 0.620908642290579848577181110159
0.260917627895592807441005334113 0.376876690223489185793681599534 0.237566472373582221466747910199
0.488750178362328313586004924218 0.183798023105208985228387064126 0.795802883532168547908725031448
0.588107711178721959122128737363 0.071963956131687017991893640101 0.569563359906847477276414792868
0.554834351356305766067578133516 0.419655367379257737692199725643 0.545315209504983577915027126437
0.885092606889080646404011076811 0.960240357286578860573911242682 0.519121325766597419004710900481
0.002035004251714981303444940153 0.987096645740337397256780604948 0.150730661304676494260945673886
0.059041845288631177035565400502 0.151237648479896819031509380693 0.730567294341325501605410863704
0.579161429321155662997000490577 0.369494822009810375273985982858 0.768345492684931574700613055029
0.588281847340120567224630576675 0.980230331697393264533957335516 0.517004286648547806137798943382
0.360598661048216861946258404714 0.258536096540158411016818718053 0.463716977290791365629019082917
0.326077646082475414157642035207 0.926544056495984147403532915632 0.374803164005492572830036124287
0.667579655017141893047494249913 0.768683251316025661914466127200 0.806474123391561104057245756849
0.195933337205292323890404304620 0.484037698277936467849968948940 0.556886444993484164278640946577
0.528121871491521011066083701735 0.155497026989173003919120219507 0.021732478849600323639323917746
0.359589027054695253848848324196 0.198372305673384374813394970261 0.879967993150815752656512813701
0.565282845889582774567827527790 0.321272190778563171420501021203 0.068971800329744079038896131806
0.000139040717030399570315613023 0.607130693217286077079108963517 0.786491561022738427944034356187
0.691452524136171309265819218126 0.938943316768754754342296564573 0.675533557279639929049608326750
0.512998981296691636266871228145 0.632478778198629298934463349724 0.859919982865005372296707264468
0.193557602728057331908928517805 0.032348906727918486092576699775 0.127943526082553382661188834390