0.485496740517329994357709210817 0.734975691805999531425186432898 0.709765861543174225722907522140
0.304582177464691572499333460655 0.895001505828082355442631978804 0.858011376810944859094831826951
0.752548869625348060274916406343 0.117679070582181147242017971166 0.463410450038230559144381004444
0.865382263627890835344658171380 0.461876959822039800940274290042 0.517758896069312912757709455036
0.310347397541317293612195271635 0.521864526030986874971517863742 0.993604152150798003440002048592
0.386247828175071472589507948214 0.022255144294732739224107476161 0.035450119095005949709786818858
0.902067226809029620859803344501 0.703752635364944922891083933791 0.034754210714859817832333988008
0.143981970552200855273383695021 0.180099677378174283237655117773 0.976033185872237640801074576302
0.694697875159185018745233719528 0.510591225998261677432310534641 0.766723877257834307563655329432
0.727558234686910831889861128730 0.257663230263034392919507808983 0.326249448256844043481095241077
0.886487723416311546031920443056 0.872901450962742742056832412345 0.737921542983566158824260128313
0.288715126093765095394161335207 0.134883777676757243835226063311 0.612700792081287026746849733172
0.066138823009321792700809794496 0.946324249628321845229095288232 0.247839156036169738772656501169
0.169967502192446578979101445839 0.172339808115199361049363346865 0.191900898159574173629238202921
0.311647100442528912633832760548 0.644255272477480933623894543416 0.436538883597154758753333680943
0.818960237335270013758758977929 0.074546746075144248999677643042 0.289676988987798200714252061516
0.840571775882207550267821716261 0.862367538179953263544064157031 0.518898972664860402836950470373
0.550284213740475425247211660462 0.018597426127149398883409148198 0.118784386882584705458221208119
0.844073166879808933771300871740 0.319488833686651707566284130735 0.850753931277852482040202630742
0.798841603483206541547190226993 0.920367536747340730940436515084 0.504044382180188654807295733917
0.135817531521877588041036233335 0.532010158076332118071150034666 0.756070674396682407270020576107
0.389138614384154368774915155882 0.457745116235036719753992429105 0.784256165852992515041819387989
0.732129775853077813252411942813 0.863888216051796109518079447298 0.479360707015035247824386033244
0.800774031002432828962867006339 0.459916643273519998302845124272 0.462397666674793761387718404876
0.114247849663508219131280441161 0.043474717779892049773771134369 0.333672123551225940918385504119
0.889411443102123722148633078177 0.517800454608051796689949242136 0.625211779789437871457380424545
0.348571615680719648633356655409 0.121393679043126187511170144262 0.566799639062652849119672282541
0.744466004379408685664998301945 0.086387335705128007190545247340 0.461995254980824499035918506706
0.179006501963146741340793255404 0.818803726688635880037736569648 0.742730867629471047663969329733
0.954972322876957546711196300748 0.690046202598126656724275562738 0.632110143864421991644064746652
0.343772817674388220243741898230 0.786049377555393613548062603513 0.939651490332524930160218445963
0.459923535631483859642543166046 0.124163275684919346963930308902 0.499536437769897312399791644566
0.721680714329615224933434092236 0.473437803037423721175258606308 0.643041559812189911227164884622
0.706074477336951722428182165459 0.199611812410599803735422597128 0.021128913900292506378164603120
0.955878222597394855419850046019 0.045736057389197830314042647615 0.347801143988822392127957527919
0.562035650078991366740410740022 0.629056709347507125862364318891 0.711699064441731810148894510348
0.753582334586634150497275186353 0.455858325039381451215803053856 0.861043645659584022666876990115
0.761192881130649756649120263319 0.557939108328713406770305027749 0.234781603440400832294443489445
0.443212382802811777349205613064 0.819285640156840133663251890539 0.876419090381555410118608051562
0.846369160034593726038565364433 0.742651580967761848484087749966 0.036605928596150805187647847561
0.663904668709548673177778255194 0.609602897005285915277283947944 0.210633598069541072561605687952
0.086078333070931351000965037201 0.832381986945650909071048317855 0.294299838678519554147072767591
0.322364951774486208080361393513 0.408454613765693475002649392991 0.046017526990598800473719620641
0.432499567815780139312664687168 0.343459597242365521907458969508 0.968397984745028472808314745635
0.279795017462250661388623029779 0.758138791179740367809358758677 0.683994252636661581590260539087
0.416871138971799559680420088625 0.323336045983011910465165783535 0.158087856896926559624461106068
0.048348500801963255335547131608 0.682830754126961259053985031642 0.526298783680910986504386528395
0.192219609479751779579359549643 0.146883231429644933729861122629 0.156934501275610149839678797434
0.480614776704451351907465550539 0.318236307521071348780594689742 0.944166997840275024067580034171
0.037540755125075403464407486354 0.930077385211988238999936129403 0.033537884073564457054761334120
0.351343151537621301017111363763 0.299695735228768078695082976992 0.110932009708295489791574084393
0.984463007926953181936369219329 0.788274156572909667772819375386 0.263748795758801668487336655744
0.558451875948588805087524633564 0.260980249138048514545573652867 0.132199572466488779465265679391
0.860886040875371683078753903828 0.201821438066967145941177363966 0.188660939844442321344786250847
0.279426280799368820240147215372 0.573258234435350289004418300465 0.911766541360797377890889947594
0.332952410618147398579935725138 0.449596704844973715786693446717 0.734794772656982120295765525952
0.264059159273282328950216424346 0.588280699030256482018330643768 0.100834499258694781920198124681
0.090502951770224784877605372913 0.801244154878336001246452724445 0.242479055887528327506430514404
0.958379577059150333795400911185 0.556224726394726642908494795847 0.422260289382589637519060943305
0.208214098293916322068852764460 0.046552668123426510504714315175 0.278936430179486050118242701501
0.832510924474849534071552170644 0.387580748074168757177915267675 0.911127737667831061330048214586
0.684945677267087438266912613472 0.516613378800074962704513836798 0.857921337492949964698141229746
0.903863899081014388059429620625 0.146038919659214616597608937809 0.042063251899314035853194582160
0.572631793970124203241311988677 0.588197888773942079154721795931 0.827134546265704595491285999742
0.247118419810619632803749823324 0.045428205784641080555719128142 0.372561071631035523044062074405
0.436968798650741008238185258961 0.235681820325192498133404228611 0.016668273727668395101098042232
0.736063415733127057727358533157 0.666969060917052769532631373295 0.370295556426086081014403816880
0.422149324689781169084312750783 0.608533193047166465206032626156 0.746381220213090834647573501570
0.229130970784881066171223551464 0.440634442098378376062584038664 0.184825851902573196072765426834
0.656885207261176495840970801510 0.556214299161682079741808593099 0.820568635940363222402993415017
0.787804663899560941864308460936 0.488522643606320583486990472011 0.421328716441980444251669268851
0.173181308461842098367355902155 0.418360708658535307424841676038 0.960477335863070602606228476361
0.201994279278547406164534550044 0.332596324503599216626525958418 0.084259771525496532373900038237
0.013215773303596467513898460311 0.038015677292278150789517354724 0.711880327640228127705768201849
0.424986421649888701512765010193 0.340660198389724611089945938147 0.607091895215523646989197459334
0.405011984632708599285422224057 0.170059821818218798172850370065 0.455883817625916787363848925452
0.224306054451880926281504002873 0.841189347548773946883216012793 0.939415012835236096222502055753
0.455298355335235049867748102770 0.210837096108201449418118045287 0.648868350580552366579922818346
0.920710854634011255370751314331 0.033816961614809327996145071893 0.353653080119137652737038024497
0.090622172537906470202173636608 0.722025403743364435626972408500 0.023048923972032314688718201978
0.652304511393730246382460791210 0.507229503315453467138240739587 0.143638035486428394804647723504
0.657264281135639172326534662716 0.821663514246577353361544737709 0.910547475250707671889927041775
0.837773614200107097360614716308 0.430313246711192420868030694692 0.942445636847390466606100289937
0.447047967503807874845023206944 0.749451264173642828225752055005 0.953051323355493140709882027295
0.828299367584152568255717596912 0.752681400331139727200024935883 0.375697223656301537708657178882
0.605421678663018325572409139568 0.756977828875613600878580200515 0.619246629236184453759506141068
0.397561551722395989383329606426 0.163533171351944228710806328309 0.001868323682790943435216846069
0.175793303917897936194947305921 0.268078545517702993006281531052 0.625475442053190167079890215973
0.933654252336268197787205735949 0.103771535103793458021392837054 0.015093653690579732565280046686
0.940712332862287836654502370948 0.562148113211998756710841007589 0.568135272278336600493275909685
0.222132251173589007064990141771 0.347581713422468963070599556886 0.714741239134644268382601239864
0.330463665932815120473975412096 0.003754295375254962027766758581 0.815008605830149335247369890567
0.256704186053646643550507633336 0.662038786238257070948520777165 0.541269769116182630774858353107
0.116874815213496546784099905381 0.881133944954798020710029504698 0.557521020992381766134826648340
0.262841896416748155296261302283 0.862900872356017312192477675126 0.469867652414905856428362085353
0.647536851372315536146118120087 0.906240493831213744790886721603 0.826064241644843266776376822236
0.461785795537914267594459261090 0.906559537551208993733098395751 0.727102122096072833734581308818
0.950277012686852606826448663924 0.742242644486141855963978741784 0.998841989110101358129156778887
0.522314075943383082645254944509 0.698943839193164606626851309557 0.307655261996853168771082209787
0.984993822945109065436497530754 0.755852125745688385727305558248 0.487954534257167837907331886527
0.516829070247785016256614198937 0.703552110627916782448210142320 0.004700782520959176542796331688
0.122504948613080574815192846927 0.695410078468027492704095493536 0.604949404818663882821283550584
0.282496532243456999200503787506 0.156365823613648119438934713799 0.281470565963503005502133191840
0.613008656880778546316435040353 0.924524044428106872572925567511 0.842961189167485747120167616231
0.694878117556538499322016377846 0.668528810538496665039076560788 0.055321829225962806941829796870
0.241377037181572440260879375273 0.629209360145119855900475158705 0.976569795309093380275555773551
0.007433661049757736387355588903 0.804863278823677252837853757228 0.452447755344452473558192195924
0.778258030175375647985447358224 0.657511252085300257341771157371 0.222924964107986595118759964862
0.013654753520494024993103820975 0.273225665523996408268203595071 0.527992704784259081485231490660
0.773838868391325873652419886639 0.658838136175119437609737360617 0.103038970031925553039187093418
0.250670644769409478591626339039 0.029942530492529803587409276133 0.262955797336160035371221965761
0.900228536204341844850773668441 0.055451370914161753067350701940 0.453170326306323756337945951600
0.142176123330161524593862054644 0.030140730722634508781387907561 0.249809806604700340715297102179
0.300624035863026772830153277027 0.341191507809541660911634153308 0.694783569325244099168514821940
0.191370698268114453055588342067 0.164820111388364692883712336879 0.374892272199165987878188843752
0.414268899809531632172365789302 0.508603203885402366246637484437 0.584995853473140758893578095012
0.434597452266419936872665630290 0.693651303153360543340966160031 0.299445738968936780999285929283
0.856788354858300071903443040355 0.399576719124847268282962886587 0.938411937618034874830641456356
0.782574754261542882005642240983 0.069236768090369146810836298300 0.530244144946825923803146451974
0.950640208125401064975790177414 0.178043422897956798989227422680 0.026466630111287782478601826597
0.853615276629474228897720422538 0.049482951461742023802070633565 0.796582986171255003071678402193
0.630535274834443382196980110166 0.309753487513529102148623906032 0.758071530643795843396048894647
0.115547433770947879927426527047 0.583414085298434637039122208080 0.804491821545833984963280727243
0.856838586482611130890063577681 0.418469310582969822309706842134 0.936937016967103408759953708795
0.483775737492857182964201001596 0.787670458913596771566290044575 0.476128518612430662315659901651
0.798230685951272667111311420740 0.168337085081209092418674799774 0.799452174536999904397305272141
0.629607934939106383964713131718 0.037440095394151336194443757677 0.517391438160793137868154190073
0.286215930661162465398206222744 0.526242249867119205042342855450 0.317810303568863194989546627767
0.203396015643638794490044574559 0.506704092495279145857978164713 0.379710166283291183919601508023
0.610013323667911833148025380069 0.883439772707779069627065382520 0.393353148640871785879369326722
0.494710029372169679540149900276 0.314255443773756470982050359453 0.738668786363967710961730972485
0.724487880715968701750284708396 0.313060625885681731439547093032 0.703434758676571236790664443106
0.631808257142945084439134006971 0.282894801336878887187964437544 0.045206615610441341912562052130
0.172577126720131562853666196133 0.441031359504574171914725866372 0.999660757216680906367400893942
0.882267473627455833806720875145 0.309959125368862775662393005405 0.492582657077397845224453476476
0.196892850551903475508908059055 0.103335851896588795661990900498 0.577597208938144035528239328414
0.711163733911321482850098618655 0.040865441345190364752504308399 0.706241495510917860478627972043
0.914172758511437533179844194819 0.551501293985336205061287273566 0.401955791043276333684985957007
0.036129230191891188728181560919 0.626820703615336038971861398750 0.394825599774596969204765173345
0.707860923805337161063278017537 0.632843299672816606005198991625 0.470969115489453749034964857856
0.278369844871326266311228891936 0.133818031837536960404477781594 0.532931917481855421669934003148
0.019502702547126438137325976641 0.126888030579257765628753418241 0.834282359938103068586201516155
0.395311836319174103593354629993 0.548706723411359287290167685569 0.776692672250994808891277898510
0.797354602834449366355329402722 0.606913421195327540402786326013 0.395805467448981762590420885317
0.762235074502893739101239134470 0.680393989821179601129585989838 0.454534894901723163229689816944
0.891669036371980028299333298492 0.965596415651257200529755664320 0.259803254392120208660088565011
0.648466298992556700042655393190 0.887587293999161919266782660998 0.739014351143597036930543708877
0.000869072584217638706080566458 0.720506126269830571295926802122 0.918646392326229355163036416343
0.005769299917234933273990638014 0.047896162111746340417361977870 0.412224736284945825204317770840
0.265936534255359957601427822738 0.046010392571737147859867178568 0.419290801389590461756284867079
0.348705174348377500148643548528 0.357602114089093869875313203011 0.081728965540545248091852670314
0.351824510513990773574732884299 0.639915275636741220921521744458 0.288297351887000508074976323769
0.608449299008941402178152202396 0.952579583670347229684693957097 0.246090490530420147319290435917
0.269469044253317524528767989977 0.568763518359245878741603519302 0.657835644660040186337823797658
0.081860116052244746853716605983 0.755957045789170223315522889607 0.418649811034487451255614587353
0.769298995404855356916584696592 0.979690079901850974231081181642 0.719476839643746424179937548615
0.223827272217411527011066141313 0.929853846213725909741754094284 0.857265010021684314978074326064
0.429801235332171627234743027657 0.475607480806598093003856320138 0.095218822606488617843467636703
0.155625053611047253765420350646 0.087808900956967916862083711749 0.039977202300567789283736175321
0.496943866582765902961682513705 0.202342403287432276437485256793 0.724226683431607232144244790106
0.555761070423640757276473323145 0.896356393739687562494111716660 0.285223437540418789382101749652
0.664668068694607816482289308624 0.321000578701327032860035615158 0.155680061269448499761125503937
0.000912896326112916682224418530 0.861938102582767262660468077229 0.074069601274290686188095378384
0.731921990869794703016282255703 0.796897702711685695931009831838 0.856715347308691255179269319342
0.881201056461799248076260937523 0.045502416335890721876822340164 0.128304561118056797974773530768
0.072457337481987710292585802563 0.344662909722609434037821074526 0.794299850425360109973382805038
0.980017680691936843295763992501 0.787130970903584525899532309268 0.532876425400742204097070953139
0.708518353197381545172106598329 0.300719197780674463160721643362 0.717561497490263766607654360996
0.721017881238012692257655089634 0.689473545614918581492247540154 0.617981516469684688530605853884
0.243965379720096048332678151382 0.506186053798483248655770694313 0.511030544506766659651475492865
0.075009629857108434114465467246 0.458387884502426179444967146992 0.626394641913415539669074405538
0.652616057485965850304410196259 0.843896944931362580355482805317 0.939697687915685087034489697544
0.107802626532629619582337454631 0.756361385649407025333346155094 0.161508096359268576991397026177
0.614492986135714569506660609477 0.762195726650994775930314517609 0.247549682539893844968048597366
0.311782134225475904276692062922 0.055673890764284479637513669559 0.878367220608267662562695932138
0.739860697931795430193346874148 0.668334673655758715327124264149 0.326477782443953035151906760802
0.191187473042730926575671901446 0.968460967921326187912711702666 0.991283714058922460488076922047
0.543165303449827163717600342352 0.053044588195784121709142056034 0.343754356222225887496080076744
0.545788791185942812056453021796 0.494302236084008861372041110371 0.648230889084559502855142909539
0.492435396200191888294028785822 0.035314630440260549870679085416 0.663723708462089057036337180762
0.141708857331716953087408228384 0.771394341456584697880316525698 0.247623139990493956741346437411
0.131960787115524613710704215919 0.154427239439061447789924841345 0.943156863988429128298207615444
0.176747239604434142057343137822 0.194646543086777618070115636328 0.693118945493630844723043082922
0.657216110167458955615416016371 0.120403029715265078025687728314 0.138531063566598416914033009562
0.571678318020582332259493796300 0.580288006549204316009138437948 0.970483151240467023512792366091
0.260597316442995552421280081035 0.323683070206181922046084764588 0.250737094237217572612053118064
0.691001302650836146668211767974 0.159810752083259260958314484924 0.871049837634418344656239696633
0.610828853016450734614295470237 0.687156734113616773917954105855 0.865262492229972868251763884473
0.576140530899120206775876340544 0.266764755204751902173399003004 0.893982680088743264512629593810
0.866905504238514867942910768761 0.990367402557505105420432300889 0.232189988756701493066714192537
0.904380444881188072514532905188 0.877246718480621856528500757122 0.754101081014399432511652321409
0.113839077221197390588081077567 0.176636550715233098252099352976 0.788734386702405809721483365138
0.154715001960398557123710361338 0.705596272116549294572962480743 0.687607833173905058643526899687
0.429327253151094323513348172128 0.446621253850718991085244624628 0.574386745193208980708732269704
0.259955216748799899928457080023 0.097604010225953094503914542202 0.961619152480228334134437773173
0.867287281166631118800580679817 0.625519820555674233020226893132 0.670981505057159588467641242460
0.263133987471344310549170586455 0.074764955390300327775499056315 0.434668221953371292087808797078
0.998428932520221801283355489431 0.578824942226005223488982665003 0.843025497801088596894203419652
0.872753794296648122141846215527 0.010122119547251662990960952015 0.240795015320279859327712301820
0.565241857289493276894631890173 0.774385112561602029224161469756 0.880387269476824996239372467244
0.544458781186110463146121674072 0.761371822047194002358594389079 0.222925881365672790002108172303
0.789437362976742829090426312177 0.323957078832376788035674053390 0.780244316087236544632332879701
0.010956987521640931468325241838 0.702561279287572393315031149541 0.256427578094499952765517036823
0.579413110264862196707724706357 0.211706531037052364530026693501 0.678523954831119269215378153604
0.176052724858161674381662464839 0.830466653544044697277115574252 0.758089213091987179637953886413
0.276543737390426147548794233444 0.713803737883678568465484204353 0.709487830689847220888566425856
0.065344847816945605956107101520 0.739926384477063936451202152966 0.986170205401119881472027373093
0.988912854388651729742321094818 0.314881540218781563744698814844 0.481424961616851054824195443871
0.108317506934524826478494219373 0.333179020567693107146567399468 0.412339462185823180107036023401
0.003667946648712302245426419844 0.065325243541965102855861857734 0.847067139097419041782188742218
0.977322793718726434697430249798 0.965001300483018686904301830509 0.895357318038597638221176566731
0.339970196874789853946907669524 0.135690380367834678709826334853 0.595400993371764775119459045527
0.763350004316882491117723930074 0.254720777179374968657299405095 0.219916977010661901514865235185
0.188435269453292697505730757257 0.363653198290940948833593893141 0.065500764936612970723572857423
0.654865160815354618861761082371 0.395520080052798372882705280063 0.476640116708527461497624244657
0.781463095405332319742797153594 0.137620422600353731201749951651 0.368095482458484113408303528558
0.940536191361684759115746601310 0.628972759104151957210149248567 0.759685619580674376116746771004
0.757665198214825807987438111013 0.210512293938955458161288447627 0.917662572256486064325997631386
0.921483102038582413406686555390 0.062753773855477937293478873926 0.735853409349718323717581824894
0.949631380999460983360904720030 0.472237703571508016242574967691 0.267852041500332704870857014612
0.458170511224641530123591337542 0.203173157281001187657309969836 0.158121059462059287969992737999
0.971325878705948220215304900194 0.837752496168144844546077365521 0.946434119762923686813849144528
0.035188643030756042162643382198 0.765106257402363598707495384588 0.858044292674220332450829573645
0.532800854302719950617017730110 0.592328804060695213173914908111 0.200049416609108410280981615870
0.471693123515851464588877206552 0.590266549698109987964755873691 0.728465907202954898735924871289
0.237026057254953126385288442179 0.073080986102518313840548103144 0.514873372756515235160179599916
0.199310003072246749722395975368 0.249836615963390240580110912560 0.045535142874258985323798754052
0.014484768143258284003871416701 0.442038763979347271160236232390 0.574853785670821793019058532082
0.054874424681873402998011357568 0.564394059622229993244957313436 0.399563464739009333026587000859
0.369119839565158591732085824333 0.855726156390220982217442724505 0.817851916450956561988050452783
0.485822397483540946439006802393 0.300460626796846874686508499508 0.616832013076283436348035138508
0.729302969368514353298849073326 0.436592299064443578604510776131 0.152552008957862639260127934904
0.465433373977806430499271073131 0.754452884680957169827308916865 0.245006369923987277203991652641
0.381250629537599416973847610279 0.898944730538096870020581263816 0.832958727253111819166520035651
0.372698903035592388199859215092 0.033741739276507011491279541815 0.803526216960203099048953845340
0.033690584664566328165768993586 0.054750398515330617188467954293 0.450209066781181943550649293684
0.010884219793992008090688372590 0.392301864376851661120326753007 0.508559326694666635759745076939
0.819188148740127797253762764740 0.832568971726556084078652020253 0.336808637179544234641070943326
0.296174691087441044334838124996 0.788543651123044586626065211021 0.534309006502737715571527132852
0.635767866463144537547691470536 0.819547507515015594137253174267 0.833002652981185809366593275627
0.277728819247364144828793541819 0.360349306113588674360670438546 0.652058491728299993717143934191
0.055476696651595977516358004777 0.793205635776280892912382114446 0.366833741140843605510468705688
0.251567289652879999550805223407 0.495521985516484075873222536757 0.515458344748153329817341727903
0.283041606414926649737395791817 0.573192291136215836822032088094 0.698310283923678221107422814384
0.533634500410610890241969173076 0.767340014813266968474181339843 0.109727536175249870686876363379
0.048229386367995334683467234527 0.006964491805698245704969728820 0.012461419086697601843471971961
0.769060282532330052873703607474 0.978501513834309832873259438202 0.563766855805148847657903843356
0.113090306490040398701424351202 0.264709383785268592692574429748 0.486689691527130430248604398002
0.855244485185413738648207981896 0.728257430445833686682988172834 0.397846122098963972391061361122
0.533217664860004991744801827736 0.187010047757253772271468506005 0.619942242409186827778455608495
0.608515655940560229453240026487 0.880499368428190987145853796392 0.163604027061996531999810144953
0.043168111938138992167424135005 0.459006181874183571967051875617 0.397603039292438842355892347769
0.920620845671091259099227954721 0.967738527990423702540567774122 0.488806945168980933047464532137
0.777391253194590681196984860435 0.455657462151351333456972270142 0.350608896027151062391169489274
0.846890894740973787513382831094 0.928579686053974895365570318972 0.017757897102563709179623430146
0.977840577909816044410717950086 0.840425334905648191430316273909 0.610493304198040043218043138040
0.294018118278558560074742445067 0.525819602494276838733355816657 0.606580202769412157870476676180
0.172448454833959013976496521536 0.227135905190986614465842308164 0.998623765932310392123838482803
0.608257434919446726695468896651 0.243086456128252886843554847474 0.193974030305430811260691825737
0.843088801210760130366850262362 0.676407816376168535832391626172 0.299404711788779587244846425165
0.292975354644993302155597802994 0.241775944764046762935905121594 0.579039781209338966228017397952
0.711824782624720153734187988448 0.583265451963124625933687639190 0.360186788483444153552426314491
0.196103505399103095196977619707 0.832646039614619470903278397600 0.952232750486040724346992192295
0.703632290361070777962027023023 0.751124410650325757821121896995 0.275582709839387540728949943514
0.181814739004568987068566343623 0.278157882286675650629348410803 0.359638643429701143627852388818
0.020959164594022122035665844919 0.359454106353569113885271235631 0.140055887882023610835346971726
0.860260539504269505783895510831 0.452155389277474728526584613064 0.985242501567019757224841214338
0.480201361044755192786226416501 0.416090400952800198997039160531 0.188286764345511781204578483084
0.783209982845867735967715361767 0.431102537391939322208855855934 0.143474284512743438524395855893
0.875749961049202663154744641361 0.216049408782116675320494891821 0.520646353421565288854822028952
0.398633384696591541729304708497 0.862009361303871179948998815235 0.785716550125894142020399613102
0.018826163409898209050163941924 0.413484710808171063156635227642 0.848415860545906008738370474020
0.418783735147216951144599761392 0.202141656185099855003173274781 0.957482359828161544434976804041
0.395789469287468498315263332188 0.013777750989349196383826345880 0.578891867006568361375684617087
0.705580574452531972262647741445 0.478811123545239025744990613020 0.724015375533853089429214833217
0.198304657749469481764492684306 0.541812984645805406636043244362 0.631193739579352652846466753545
0.330692364817686046407629874011 0.783509287175608082343103433232 0.493828266063166654298299818038
0.261053339616739821238411423110 0.496156248594227688997193581599 0.616627578802516396194732806180
0.854777291046315279565703804110 0.543789968643875964993128491187 0.431468161349619960809320673434
0.267676796192850841027421893159 0.843272697701091145106033764023 0.591138806973774855180181475589
0.924141208955865378626981510024 0.773699196203877170852081235353 0.210125705739481777323263145263
0.164579974745033108529668197662 0.259284203795252243818225679206 0.419092860727532268150241634430
0.942742831552355831092881999211 0.757755838500348333219847063447 0.886822969672920402572913189942
0.462788589624794466370616419226 0.418720243134361014281097368439 0.871078930855643474018279448501
0.745400696465334355877985217376 0.379678399377106179368723815060 0.350864202483576748115012833296
0.077744786054383938078693461193 0.745695760886362135622107416566 0.636661196696841624742546628113
0.447339973743239582848474356069 0.875305467592871866422399307339 0.109629433130947237517993642086
0.712073801209040402326877483574 0.561616756858870913582393313845 0.123351823139668692608239553010
0.192238301862689364707392769560 0.154121367080602755805784909171 0.650106706025570413309822015435
0.920294741794418946767564193578 0.396866105559713688855083546514 0.668758758119197160851854278008
0.648731733325542347934344888927 0.883303613777677520957354317943 0.561979242221417818470285965304
0.706126688016032733052895764558 0.978733745692138112914904013451 0.646041056887524334229055966716
0.003474467544108323247692426960 0.773577871815673834277049536468 0.875624423318782096892221034068
0.042581407994400029271009344711 0.846593912897667499883880282141 0.734273698309515499005328820203
0.520301707458189821586813650356 0.365421575846012203214741020929 0.688630335012268224303966235311
0.767123862670754497194991472497 0.433970097457238690452641094453 0.517350037043723398610950425791
0.937316783744342907347402160667 0.166008497408924898808280090634 0.769108206045028719444189846399
0.819925624930551655289434620499 0.758999960921414307257748532720 0.938530880868816308471025422477
0.333064702093650466530050380243 0.290753932200104425742637204166 0.945077811573814763335121824639
0.005681622081660179374162922272 0.908741913577173487936988749425 0.274014051900188682076020540990
0.018410162421623237072321188634 0.428286502948684921765476474320 0.507847991648957552968113304814
0.853139253013943554826425952342 0.233059451756181673642842611116 0.585303402779876469352871026786
0.438436441520766106982875953690 0.197390190786099734010505812876 0.691317504508531133211590713472
0.870609264922295844613131521328 0.595396344361465712502479163959 0.882259523655917421436356562481
0.685637545827673444698291405075 0.698258363076549204428999928496 0.970909150564562284380087930913
0.230235834333681416152828091981 0.616761163613981144848708026984 0.882983778031952604159471320600
0.887761621058737016021211729822 0.046036979647155688855075794663 0.817987168828448130142305672052
0.868471980770088802792372462136 0.067347669413304306340606331105 0.555375655603432050178014378616
0.198350002009569648109277295589 0.420322249911760092988544101900 0.822321945843790591545996448986
0.075068335231979102517563262609 0.747824627465144331495139340404 0.427958105085668061295933739530
0.696531751397674758763400859607 0.842019225523102377017892194999 0.577057323613216710533890818624
0.137403118448541861074119196928 0.935425742038141549983265576884 0.406098437667317846422321281352
0.527178958627383731361248919711 0.685368530633766237514237218420 0.393122770226385198633067830087
0.727194962678227807550968009309 0.293603232281050119389931296610 0.868439545792107137067716848833
0.720743739425176221935487319570 0.616938965842741215972466761741 0.713295320212599004428000171174
0.541797299530899056918542555650 0.151546385181911102968399518431 0.494423841720123435905520636879
0.553394838190631399577057436545 0.811455967674935219058340862830 0.032974763377491680960140740808
0.217104148839472183007970329527 0.532349981195651023035964044539 0.880638727879776816998003141634
0.755923608828677373594473465346 0.343312139987182296518852808731 0.352093176206840829944866300139
0.277072477231291025567827546183 0.954965550462953061128246190492 0.492621953771641307717743529793
0.399544376811046375586045087402 0.623168144939329371467806595319 0.817041173711788304423464524007
0.329637454195447987537193057506 0.000574506142954297072816816083 0.455182822819295285210472457038
0.523633980081595673539140989305 0.769184937005422009193011945172 0.403378183528670664070858720152
0.819026311641897653004207313643 0.273158660409563602833316053875 0.958384639305644769891046053090
0.575276297399960223621917521086 0.443154098115800310075940160459 0.910619539853979809151951485546
0.233647186384272759207547665028 0.207126726447246556350734181251 0.775044501719917566795459151763
0.571014740968738720994224422611 0.455971899324074725345923297937 0.842590637441609890956328854372
0.214036373492581172284232593483 0.946481010916555676182326806156 0.279512671276043067614125448017
0.006137002705090392230824480890 0.589356852804121866817865793564 0.616689296240610307364704567590
0.872844084700115985242518945597 0.529723818177944449914207325492 0.084616358253262080602041805832
0.961545767660483496896972610557 0.790770005565183065066037215729 0.518401591111102733044901924586
0.411535862244194139414332767046 0.449693185719981958214930273243 0.250387023385381268791860520651
0.251019720580953176192195996919 0.760520969383045253309205691039 0.519812089277634337136646536237
0.405494200319585329506111293085 0.393043125359513190186788733627 0.959005889810447320620312439132
0.588059508368322769733538279979 0.189460110034560702541028831547 0.162156022487577600177388603697
0.318484306934521677057148281165 0.054413831099948142822064767188 0.624164536826306126648944427870
0.927846387533653782497822248843 0.657612549190339845672781393660 0.205427359738481279949340319035
0.507127530612352939165532461629 0.366209437997343068005307031854 0.674626331086996544605938197492
0.884331549602010658084338956542 0.072696606765977042630133553303 0.706883448264974290076168017549
0.447230474395687749300520863471 0.196640226724563993432326469701 0.216707853220730245480396547464
0.991689754620951213759383335855 0.603868103266095634928944946296 0.172085733925029904511916356569
0.790905994346499774394487758400 0.633698661550053832236528705835 0.426519471879030331873394743525
0.552120655916115699035628949787 0.442574547367895088090250510504 0.996729900221897557877070994437
0.393743554557393182768976203079 0.412537446265475893358853909376 0.683943584130051296376962000068
0.318694232098912844097782226527 0.358943073465799622479011077303 0.143567926310451399185552645577
0.222509156510315969645930067600 0.280955693725315813757958949282 0.672357226403179408791288551583
0.731666593523243702357206075249 0.292097745344913950482634845685 0.054200869130371032156290311832
0.198845677868328324366942183588 0.139571842262140616286458794093 0.950830967203030397172369703185
0.734070102384619671553878106351 0.152754298202709470899662846932 0.862219718919387312361379827053
0.610088402215625769109408338409 0.566889857554086940005788619601 0.569990170318756317335839867155
0.526206102915735551839304662280 0.119688161259110886769363446547 0.520168523028386897699704150000
0.683999791997658590503306186292 0.555905654595983178545282044070 0.595031902667947587559638122912
0.262058886121792067314117957721 0.060939079848298459418654005049 0.636414827323345200227322493447
0.280466643861774056478708416762 0.250037502382294107849958209044 0.987915283351304296388661896344
0.129243509272185752578820938652 0.233138447725060732329538382146 0.671797027776451227687459777371
0.719512958970611515852056072617 0.610960470753629691920139066497 0.412351442125928724369288147500
0.668501668063138043685000866390 0.307617431217155401501628375627 0.613019823505529970475436130073
0.688770042749734190401511568780 0.250385827791036075229413881971 0.745786531776142402883067461516
0.166962454979339786076408813642 0.857565044790274400021701239893 0.303158017591938333534784533185
0.999151544833397631251159509702 0.506410774294163368303145489335 0.903992680460313113854908806388
0.819131394874771157077475436381 0.254410007572574092815642643473 0.824201210827965935479255676910
0.478281428458921797908232065311 0.340419120831221611034322904743 0.021242160855657551271624683409
0.076116123527048648589321544478 0.976866873810434022118442953797 0.151576340126513053885304316282
0.707261815438212981810295332252 0.420497299507119892680861994450 0.941669101075151004920371633489
0.469408492212231021056823010440 0.325501081688481630482812079208 0.756726455163889144550637411157
0.872083462375446427650160785561 0.838214211045733792460055155971 0.592373627924783208165138148615
0.992776740250843947599435068696 0.801372621954276165290309563716 0.410399689611456508497866479956
0.108621942922871167480636245273 0.035944058909447670902004290383 0.540100922466457022963481904299
0.647475467625950984462690485088 0.867432618702726698778349145869 0.566565003337438644059886883042
0.070031564890645672805113974846 0.417203881634010675938384338224 0.611140396536021257567483644380
0.976977797241210144107981250272 0.142728486827248396417999742880 0.483435901974230641808816244520
0.646268482302356561675082957663 0.962946866000838119781235491246 0.613963772531863516412897752161
0.524429977360840737787839316297 0.128662547678729505262751331429 0.517665155620856909379767785140
0.014048428934579516164093959674 0.022896152662871493282947810144 0.168819859472954192369797965512
0.643381040443658513972025048133 0.872440145950514667205766272673 0.088244801950182222283203259394
0.125090060914238909717255410214 0.407792222002659965340853887028 0.259316992319370720476712222080
0.586985011677766399529332375096 0.953442265390718524109558984492 0.525146786497615813971151510486
0.121596948828129450270729705608 0.472969614714086494799971660541 0.686974441023449511334320050082
0.023800792979647211744520518550 0.715169307347432781085672104382 0.596009400647758424973687851889
0.419598136789157472037459228886 0.500910538966608642752476043825 0.177741628469253787336867844715
0.225252973919389365420329340850 0.796572667679114720939992366766 0.749935223058750821678586362395
0.174724884171528621612523579643 0.125710634496551648675577439462 0.454605359361170746623770355654
0.570072895009888558348620790639 0.354622775580270777062708020821 0.510447194157740868902806141705
0.793344748334377514176196655171 0.699496765091050520801729817322 0.896983231362684430010290270729
0.315623897714530643465735693098 0.864371393324785519673980616062 0.743598398386761560985291907855
0.426167852922773982005111292892 0.595749632331463052636877364421 0.278121667451495524492344202372
0.680079653278855777998046505672 0.894054331287917114501340165589 0.080371694740244442600740626403
0.848114375435366829591998794058 0.209327718749665575570517717097 0.773973364762504556502165087295
0.538360896851465597912067551079 0.090783265032895424373471371382 0.950090623120996347061861797556
0.270152486297729643727194570602 0.624473376317495887377617691527 0.605258435292714724873519571702
0.428487996680125493575985728967 0.222513350775608326204135778426 0.364762606170220882173538257121
0.975520543086754510220259817288 0.520532228671947483356063912652 0.878987129761387153692453466647
0.423634600615922229938092868906 0.857244040174908850104884550092 0.650599497402590598582605707634
0.690819742119287538706373652531 0.380172423440946372075188719464 0.557729954868289246050494512019
0.931888277157427946661982787191 0.723695337100888735903936321847 0.259882397849700519376625607038
0.094492663258828740735495443914 0.984719790441588971319220036094 0.574321035461414441947169962077
0.327915096720799936758083958921 0.471470826800405862222476116585 0.813663610581249918674018317688
0.964182022335615340757897229196 0.832217526789217898475214951759 0.695981220883391427101116732956
0.588710598388306971529004840704 0.310539224785052081490022146681 0.709460820105643041877385712723
0.817747826628520968483826436568 0.825130545846755159011820524029 0.470160592937694798987280364599
0.635026303249104584480733137752 0.887086392044841520743148066686 0.270151687800982698295371164932
0.524858954728675941581172992301 0.856274357787751516646324034809 0.489165398099183412750079469333
0.099768576688548021857982917027 0.576680496580367019099355729850 0.952807524239807968058357801056
0.548012574037051503061945822992 0.487639234575688640394020012536 0.321643735717872913948411905949
0.320769928558464811896300261651 0.773283170308228018363649880484 0.379540569247183767753739402906
0.246250431039770428798263424142 0.484603242601306327674848262177 0.953496975233929289217371660925
0.095579483719786445528043827835 0.682981836561927679873917895748 0.038958941044284503552042053798
0.167082714880321586692346613745 0.125070184556539648612627502189 0.294698483889023366000259329667
0.974010908063476676943537313491 0.749183138957870031759966877871 0.980412621405881812286509102705
0.329034526560836482200755881422 0.383628295607256364352366517778 0.079528715458883986189064785322
0.705233556912986503384388470295 0.959927041618096055231035279576 0.334171105729777262460800102417
0.424401515504098381104114423579 0.773388654676065545601204576087 0.677462667649476379949646798195
0.059843118703549288972531883246 0.783688132955723260053559897642 0.092139922904109161638785963078
0.495890680977916331606536459731 0.714586945306654786058686568140 0.528193201203421502931689701654
0.424688383979326233852447103345 0.323497987080453519581624277635 0.768542267958899572022346546873
0.599048045414051988366566092736 0.711375506927177325700029086875 0.863817886103425802701849534060
0.618982642754800860274144724826 0.159982894862375879529992062089 0.733668804453510237095770207816
0.603578725981786634591230722435 0.937052866028856845659333885123 0.625889347833219589212205846707
0.399587116051637658564743560419 0.595993593107876473702333441906 0.670182252638973463554350473714
0.969714618994707011623290782154 0.027488055608837488191786846414 0.931199187328186073209224105085
0.844857867664596362544671137584 0.718929176206810516269740674034 0.372581849221219285617223704321
0.355547539407967183588965554009 0.009708828866444117050571449568 0.452633114907762923451173264766
0.338902471398984606043569556277 0.668030813768880071812361620687 0.445306850217811189818206685231
0.221515503443497047131316435298 0.837621807102150839341447863262 0.458107942135247803161490764978
0.550672745448319678196469340037 0.770693081850442940350376375136 0.295027806954756111057491807514
0.457467071686227189086793032402 0.617654471145069994264531487715 0.944069420488465205210104613798
0.289749071741686292646988931665 0.917736898370192455409721787873 0.808463362464547752317400863831
0.356963146091055782971324106256 0.639669879865867208046381620079 0.368108137383165112677119168438
0.315735764971300236769735647613 0.135378867768388561065862063515 0.530583429511392035138328537869
0.436830278546702421849090569594 0.804491116289007157647006351908 0.551192349778287904449314282829
0.602978589089431915581940302218 0.109135010192586021093852366448 0.826387456246458151909450862149
0.297695753447793309831581609615 0.277406851597006842702342055418 0.189978293047440960350513705635
0.057996651421453111752146725166 0.416667925629823243660609932704 0.273496849567746835862891430224
0.630295341322184898835701005737 0.760526329978414961097143986990 0.270322009483647929251048935839
0.331869539943806524107117184030 0.730795429448397149130300931574 0.087489919416988803924084550090
0.921862211927688579571338323149 0.247134968610401267730125596245 0.537875131858968957843103453342
0.055254330624320981135699781817 0.466988135077264554517739725270 0.371933805646885384810218511120
0.360873878556455252031298641668 0.547591126086841795128634657885 0.485895481623500657963887761071
0.440800558261545127880509653551 0.264094984163071366811692541887 0.836921728655810825969751931552
0.573478093820767420574213701912 0.559711659168676489706228949217 0.763397732904385839525218671042
0.500683726199529610667582346650 0.346591206630543713362868629702 0.795635467721649836114750087290
0.663787578989288085118403159868 0.281365202322014229530111606437 0.239031151701522309727110382482
0.924141777447755052854461155221 0.277069264202559506493628305179 0.974392008655449282095162288897
0.718748705022275613529814108915 0.030787101152213759702735984547 0.552529535302673013852370331733
0.185690792458502590411839605622 0.121857903477995438423775453884 0.993868581637530223993337585853
0.624036130166884639436375437072 0.883380826968839238944042335788 0.524171256558228493283024818084
0.860842132081681365995962096349 0.227286548257272846829124546275 0.022330258781624451325242830535
0.652888296461240802415204598219 0.861908216720484232631349641451 0.326788138737013511558870959561
0.474297378680927639305053844510 0.158391713622596991273283606461 0.994945610716098660653017304867
0.992885194655973579713759136212 0.362483209368992698173883582058 0.738890456736664424930438599404
0.144504387596026240281332775339 0.778551145334781091733589164505 0.915424625209827591554301307042
0.098764977697077427354344081323 0.779434909428986189006138829427 0.647069558555244062070244126517
0.501864175783082511195232200407 0.114677560256666630222888159096 0.679777100769761388754375275312
0.635346868663452912784350701259 0.293587328757784649102546836730 0.201620262571335473467115662061
0.667173319513843288142140863783 0.739476066146816712887357425643 0.241060454121252182302370670186
0.251295231911799810120555775939 0.230063881036519313205701564584 0.384885293618447366092993888742
0.937485800039274175254888632480 0.835857350346697836052101138193 0.471218741138888008723739631023
0.290833180886457653979704218727 0.768066092976213532494966784725 0.278438081503829759633106277761
0.206531210770559359168885293911 0.468123294866974792860503384873 0.387162874139153345698360908500
0.696802411842049718160296833958 0.351476001847495889141015368295 0.844068706832216242297306507680
0.238283494646746113465596295100 0.759614434942066041323016634124 0.870812612447046552333063118567
0.928836007348033176889146034227 0.571407895230151896548420609179 0.727774521807057372946303530625
0.069224562687589738518845194903 0.988447413182442224943713426910 0.006282483357202994778134552689
0.093072541810417325214288553070 0.094642045061760646240678340746 0.963854884780840470703822120413
0.231831879144149072269343037078 0.014273932458072824056016791872 0.493078420935098016286701749777
0.564756936253620445143042161362 0.883929484071693916114043076959 0.852023139176404709083101352007
0.832170535553274803852730201470 0.419978037963754879946520759404 0.593413483713060130320116059011
0.132010251213638685197082622835 0.136201899310237212192831179891 0.862274121620184352821070206119
0.227791221504482360726839829113 0.183764499632639216608609444847 0.024383909756821614545074794478
0.667047417531393405099038318440 0.425650007710831002061269145997 0.696119377323214272301754590444
0.350667612751781987423527198189 0.555526330646167854077077663533 0.791276616535220300718833641440
0.045124227777813781525839686992 0.997334700477847224675542747718 0.240671562780328474051572129611
0.328845002251731410858326398738 0.049261293767000592647153922599 0.750122938534984351477419295406
0.268246701499721296180211993487 0.702054558182221510875820058573 0.577825634793852627169030711229
0.458420438437766808448259325814 0.867915017647621689356185470388 0.743257921115937469913603763416
0.141984463622323392462121205426 0.927870087126042242253731728852 0.517997073705472987903419834765
0.725839691500807071555811944563 0.260897112148765875083711307525 0.677460759226345743400088394992
0.643384815631600548435642394907 0.824804609933436294610942240979 0.392958747443870159976597733476
0.404408562416393391192315220906 0.602396377403284777329872667906 0.735745535421885366034189246420
0.128674160646224167159346052358 0.053244248497086130167410544800 0.402741217589118016828564350362
0.420303504260116478352671265384 0.581941305475996206730826543208 0.932098775590184058792431187612
0.163294614781334113118305140233 0.629323982497236089628245281347 0.403799107050268224483602352848
0.080896728214253629807295453702 0.680531253841124117442973329162 0.044945087254884469318838569052
0.719190906354648551435104764096 0.001724048517831637972880232113 0.045998561010824043360223356558
0.317379161466509462918850204005 0.494998070579722282413825951153 0.116692098167656424512195201260
0.762192571204339364143720558786 0.487190857464430859824489061793 0.626417569505515525740690918610
0.140599803752437108039785584879 0.733137919280298588908806323161 0.616848100831248635778081279568
0.524406119639867052129034163954 0.851761781030671127901143790950 0.489015105494157664711707411698
0.526935970921032614810997074528 0.603022344584061231742566633329 0.900546933796753767964560211112
0.539124763105070625712755827408 0.391864548524761602266153204255 0.730063337128089684391341052105
0.057648568012368117674526502014 0.175303459659194221798017565561 0.992290045430548439675533245463
0.786159046112841153330919041764 0.042099551559978187764698986939 0.981748242678926463788968703739
0.183141193990284389947476029192 0.660043624549045193639074113889 0.495423014056212918099220132717
0.509712384784839822593482949742 0.568889579571323911189040245517 0.771968721648945699342903026263
0.623289159060603892292817818088 0.192282777752527389569792148905 0.479839081235594933083632440685
0.783351848371248715707793053298 0.338330623426125465247338297559 0.021030158326602373802804990532
0.409443122856651242624792530478 0.468232971325034219578498095871 0.372957684633054231682081081090
0.505410333510727616257440786285 0.991710491430830898273995899217 0.515223699674057900033119494765
0.505430033689039936994902291190 0.653266228594574949184448087180 0.889289843662778189958828534145
0.797351709794002494469111752551 0.085968204236522072214654599520 0.253708671391217666091222326941
0.532172792958322316003716423438 0.100485447869559346711909597616 0.626593133446531669328294356092
0.727471045487083745051393179892 0.343094322771009929695651408110 0.891997636098526225367777442443
0.702605220216901305008150302456 0.061127042225774565198381793607 0.659525904396415008079657127382
0.836328457557981574943539726519 0.156042365867022969627697648320 0.553609717254063493641069726436
0.746866729068677459579816968471 0.873699685945008464038608053670 0.304115671423481892521323288747
0.020816610665018560333283659247 0.526853177701652186648573206185 0.920751728470110664126480060077
0.466167565994311083876766588219 0.184787551830734003699419076838 0.505959650575517727588703564834
0.777074499575876154189302269515 0.004644968790749271804474407332 0.250270763908590210267135489630
0.063419803237714164612093270534 0.537366933167919502700726752664 0.130684944044107603788873461781
0.247056486701103028558179630636 0.330763358627510772880242484462 0.397495752108237176969396386994
0.056017741185741133647102429904 0.173694332218473024287419548273 0.180658319961246288665179804411
0.085593202026397252613065802507 0.466598087254741444862560229012 0.684384274648789370232293549634