0.765037309217050931486880926968 0.414466416503145307359545768122 0.223416666631955640465179158127
0.363917506868292717214785625401 0.519721656272423837563678716833 0.310735458045139134597434349416
0.237058217262792747526134462532 0.845694525193340096436145358894 0.359945663537736326720306578864
0.056462418506984309030105606553 0.039415193390933841999235198728 0.391968524509678895029196610267
0.188211359872018424432837946370 0.450179120208927197044346257826 0.095274102439059843439039809709
0.434594458680237438752413936527 0.102400382895535491112326553775 0.413953954014201985778242942615
0.049840252613971812445381459611 0.552217608095424528080741310987 0.630178425590031343617170023208
0.979061251272669297307515989814 0.721839737655178836917002627160 0.623337779629504207257184589253
0.000609233123565630207280063857 0.808643565462124347398287227406 0.051221637722895146938029142802
0.430281162946985706874158950086 0.911867642399156630439449600090 0.635487230690715110270616605703
0.772826599350199483495771346497 0.712232446626349990914661702845 0.561560833692627880964209907688
0.002358378003323425686071912466 0.396025486969761419953073300348 0.639705707798500000649255525786
0.266533930977173316723138896123 0.570625221633727530701207797392 0.233798356644123822567493675706
0.335213456917601737572454112524 0.677139783616000356936126536311 0.699343075216974807695180516021
0.958480035586475764830538537353 0.123956674068134251043282745286 0.536896298383864656322828068369
0.252191518009048432080732027316 0.510258784271807042109969643207 0.142990608941560459754782641539
0.556861573812186705367821559776 0.335819737614788615953642647582 0.486303457708866182507279063429
0.135864345708695211101257882547 0.833517726511182055482152009063 0.672904558252226281389596351801
0.033463191839000781813151519373 0.259358870559611820461043407704 0.020464036643570261003732824179
0.850387032778311846570318266458 0.515701346500735957611993853789 0.465550322973923735858647887653
0.771292568614932561033015190333 0.163660503325391754048112602504 0.584603823332698224746195592161
0.491815240795441643850693935747 0.826314610141796301867600504920 0.118520393028604120733149329681
0.700325480507481334946362494520 0.312891099828794538861842511324 0.438631463607281557592898479925
0.165735577357954744215362552495 0.631089176811696739299861746986 0.877548563679866333586687687784
0.636462798605600066359500033286 0.259597947757869484952664151933 0.182872129718237769191446773220
0.506542044125409263166659457056 0.600254644633293144018182374566 0.304386682540668807028794162761
0.912754966019484581529752631468 0.851816716834490894605380617577 0.603632896107836214305564226379
0.661094142471349011103143311630 0.246615441325487738666311088309 0.664784312464097304484766937094
0.174846692233012246386891774819 0.688558522958765295562955088826 0.351110873186578131832646931798
0.808262533240719616145497639081 0.322407032552107397638252450633 0.683875365409485236334319324669
0.385961679614340191779575661712 0.389669280594048816901420195791 0.372359915358480730862567043005
0.728191266013113791544242303644 0.324528208280733310164833937961 0.245031405889818643117905594409
0.121400369250546688593139776913 0.487231865071898140318040759666 0.635630147181281524026985607634
0.051518643281468379235832344420 0.411783252515574960117561431616 0.435850147451015357269454852940
0.003821503251178215345568167649 0.257220198857413762105750265619 0.346331704430288378482316602458
0.735330463106400600281631341204 0.262715229382857407003371008614 0.930770169421138993115505400056
0.414740933547110557366721650396 0.580093572385516176304065538716 0.371364212952270122958253750767
0.752239199816526760145052321604 0.002157612375710939948275646216 0.740349376443433793149040411663
0.026480027892004487366506282342 0.736298026668488203583251561213 0.892423100357553678030342325656
0.343197522488361939085876883837 0.090028317308223304582526225204 0.392153104679613229155421549876
0.504987858060128691484180762927 0.302168357924484209942050938480 0.365297418658158512538847162432
0.271216364691979017198519841259 0.278176270959038351993086735092 0.427000849510382807228126011978
0.447102937505715447574772269945 0.906736803743913077902050190460 0.981456504817118990935398414877
0.026555954980815140581418276611 0.840789027175715464323957348824 0.367950345027089287253119209709
0.114584941918584773401512677538 0.550019779968850430762472569768 0.507194406672558661952621150704
0.279308961907316577466531271057 0.740555888415025398430202585587 0.252942632660219657303457552189
0.246980702561553772111935245448 0.832143048687877473490459578898 0.598044544070590267104137183196
0.119434926077380321185472666912 0.384252023504036199774702708964 0.628332836369180025570813086233
0.717423241419546720010202989215 0.119764741944213395918872322454 0.251387679001348895990730625272
0.964363254011120107911381182930 0.828841594845372342525990916329 0.380889308564075768082091144606
0.731173078570896306516146978538 0.554402942443561141949714965449 0.148082519780984384061284231393
0.793082056903266829905874146789 0.370855158969463361007257162782 0.802666896987437095134509945638
0.855916207249813765223223072098 0.984587603327623961391168450064 0.749671743652957522918711674720
0.753918735449295773776157147950 0.514115278921734142336674722173 0.884981743419372079983986623120
0.714828797792582126824356691941 0.611062838240892136631998710072 0.155664360641853793953970352959
0.987598740539705199914521926985 0.789328653115237810489190906083 0.705571621202191190391772579460
0.591312599843722530579270824092 0.196688435888752455316108580519 0.258657870649226850900959107094
0.551469899293935306161529297242 0.811339804906307193732573068701 0.790565920966191604257744529605
0.116749761243227320739457297805 0.507928473201725738661593823053 0.627705747643615197262079163920
0.056439573230449249785500853704 0.679345557975824854146651432529 0.582996120579802545869085861341
0.727586197058497030631940560852 0.000057958527327008925716239629 0.798922897867802794813485434133
0.142233935952731010976535230839 0.223010302243442648517657289631 0.635774107784963238287900821888
0.089602520755855327716510316804 0.862563998391828734568775871594 0.935067136690670208665210338950
0.050154237010700181143008080653 0.949310292465430527464320675790 0.036648138151364306747126420305
0.866852051638100418173848993320 0.987620189239684087567638925975 0.834194853919475454162579808326
0.418559560871575586649129263606 0.315956743471455414606907652342 0.060211401834732468374422609259
0.614417586628254408509519635118 0.026022885919353543754395374776 0.515809287386447823386959044001
0.599183903737628642538481926749 0.723362761959954525536886649206 0.666569355088015069732421125082
0.275033523446647554244748334895 0.653108374717674133869138586306 0.026511794775742718310862500175
0.155317411218870604638908616835 0.064095501745702915252778097965 0.458918770192929204032594725504
0.140993051625970561291367744161 0.386417919449584479352211019432 0.437996782264628681247131680720
0.223356906348499528736084585034 0.065197761253613067955470228299 0.068981296228731947550727454654
0.421888057251873782593776240901 0.199023998326452261631303031209 0.841174534292243425426249814336
0.756179119652875875168263064552 0.819650404585651082278729973041 0.366457444199805970619365780294
0.618956156339783736264337221655 0.942348509955265090098919245065 0.081254184668463916296765603420
0.381162411053287686346635609880 0.458540399297711398496346646425 0.353546441923366705495368478296
0.990640201968225220241492934292 0.948078693835699093384050684108 0.143784265041822928443693285772
0.419402325857421987009843178384 0.466666423976774158433045158745 0.022949664879861195881938229491
0.256579284702478704893735539372 0.512171377399533445107238094351 0.068341635978505815840478021528
0.632070326019756101310065332655 0.171492559221406881686533552056 0.358193169312055859077048580730
0.544026898096790945125178495800 0.277904210092293879608149609339 0.995900571192730565961426236754
0.381927526168382158733294318154 0.260477057124449462577331360080 0.330192934149474315308481209286
0.600880767219857392369419812894 0.056306176702389638955015271904 0.969274819185928060427670516219
0.218262496246107440267536503598 0.808546112087662027789747298812 0.904850084115843111831622991303
0.335634718276195009867279850369 0.669503836408179897610182251810 0.201577456749633288080048032498
0.751804746337465190642035395285 0.522492950105813092065432101663 0.533688134471670072578319832246
0.172538503526276698618602267743 0.152808835776780005399899664553 0.041976325430649406855732053145
0.232981225340026715242558452701 0.384986553991879698610745208498 0.992288578708599877664653376996
0.444676823523009023819696494684 0.278681592121255539140634027717 0.870335665611340680847263229225
0.044024520763092378494718559523 0.833803181916487168301443944074 0.944835088672527079189933374437
0.568439320909669199011204909766 0.608737875090659352750321886560 0.623083068625105429561017444939
0.210919487002932504182695083728 0.471687746189467127511107946702 0.987909975580631205538395533949
0.892316437040745480402392786345 0.878148661324866131039357242116 0.256323136932964212864050068674
0.815780761459280134850757804088 0.027815820328439131575715137501 0.581537327843077878064548258408
0.782055142496448363331751352234 0.952953639366326377135862912837 0.843150508205949611451046621369
0.094798230242202061179845884453 0.904222438046886178852901139180 0.151845595871175187419055419014
0.692319125370205457059569198464 0.769850743084573241326040715649 0.979995494961025781499586173595
0.793621213159445670903835434729 0.818326235042721061851977992774 0.485292502191656149879150916604
0.618015118909411187431146572635 0.018092028385852963745517030247 0.426890968186853736465735664751
0.287983909274318439219797483020 0.247440497966868788726202410544 0.979396667791326502872095716157
0.190671546036416894587262049754 0.421478073467763947324016271523 0.632046702033533303044521289848
0.849533929641562823853462305124 0.122865675354732306612248748934 0.689132176489698933252725510101
0.057624274054256185984002058831 0.354169057629625194660860643125 0.401687256198240971727386749990
0.216229890824904374957426966830 0.152779580954673477322103281040 0.873317370778887713811400317354
0.515507584529841689224838319205 0.072154432375241439601154525008 0.422220232757760827180248952573
0.923678058463776707753822847735 0.724079728918372911294909499702 0.368274749246270016733717511670
0.259079282303123770159203331787 0.288958499626752740585544643181 0.118983337327459678944840959502
0.637719173513560999566607279121 0.473201818285467978864033966602 0.849340008160707315987281162961
0.535023695177180180770903916709 0.780919844316779965254227136029 0.547356214711686384077893308131
0.657884080115068714533776983444 0.518180684780384481769033300225 0.149592268021403129729662850878
0.449746469818497807136026267472 0.483397528550165545002670342001 0.700140484139940122432221869531
0.931216594606441572246069426910 0.767467742882465220333187971846 0.317418809400099588557964125357
0.426413002212679081992519058986 0.838201630617825155233902023610 0.774162976197478425177678218461
0.076092857486304593672699070339 0.148586059504455886282059395853 0.973360684778487139645619663497
0.982052214507952436761684111843 0.954023672374065823120758977893 0.693736554307140318442748139205
0.831870963096141280423978514591 0.597366427796658605586799239973 0.277549545954702991945595158541
0.152601535545096839152634515813 0.146871859542503951923109184463 0.874762406655479662909158378170
0.330298747500104183938418600519 0.513955654916304127688420066988 0.734961420391270880969614154310
0.668806158733408762095962174499 0.503246901149365544192448851391 0.908318641864157894083575683908
0.327205848568086266059395939010 0.813602334812021377175028646889 0.665687379465659256894127793203
0.091112204585738168494124522567 0.796376140155149236932174972026 0.087461448185405618604981725639
0.845403474777966734698964046402 0.883035061739021909232860707561 0.091372859396974953627434956616
0.467051806706979655281486429885 0.399909153687769525209461107806 0.104596417657463344741408661775
0.539613524836682456609082692012 0.082969557156836723499360175538 0.969421077219803972724321283749
0.479085551855397862031082922840 0.100357270657901509469667189478 0.344704054760678835211962223184
0.920703646876384174113638891868 0.042901846174253591148506359332 0.042488485822697021065952327490
0.318703383985366406339068134912 0.903604410888681375269015916274 0.923190226780676082007914828864
0.656895148339573409224101396831 0.420582412320569198893593920729 0.615039865453568701525455253432
0.222250951852042716305746239414 0.181466919104810303631225565368 0.214955061405167402455163028208
0.288148573078008563008722831000 0.725186643181545242953234264860 0.804969232585953209380136286200
0.351296416105703723786746195401 0.244067669035011786116129428592 0.544418633005722130135950465046
0.549440329430215701478346090880 0.623653435512933951301306478854 0.452929970476599219608715429786
0.755721834985330298550820771197 0.239113730983876393576537111585 0.114763503199699634649277868448
0.501856275549330543839232632308 0.357787404331712022287348418104 0.048851340271003816650985385195
0.940885998396509770635987024434 0.057611073806926219043056391911 0.663531246438231692152953655750
0.594371178025075552753264673811 0.682906592916469379339616807556 0.942864064401373269674877519719
0.502547833671066701555218969588 0.794382061321466048653405778168 0.063179108443822587504179466578
0.484855774593503430214269656062 0.671459051568384590602533990022 0.938925029242009601126994766673
0.155481573895300040355493820243 0.779176913786027602881745224295 0.022496221382494061002965679563
0.890383078553733220417143456871 0.222639297038638717118885779200 0.270557566154259576673979381667
0.934414842530678191323545433988 0.474139084413644495974438086705 0.003558561647570093484233000325
0.584981572607815247799578628474 0.053004448238014326144629251303 0.185073445871111991190005596764
0.095193764189718033108533745690 0.623404449820962436312754562096 0.664378546384414736536427881219
0.811182625783940847163933085540 0.904600219158841922784120015422 0.437321577420512586087397721712
0.715470822753909052593712658563 0.054301624102984412389982793457 0.994388132604472563258468653657
0.961222396042807125660090150632 0.805851131552046906492137168243 0.068286650160416573207555757108
0.576381274368551577147457010142 0.570498823499971385864171224966 0.125567789108025268385304684671
0.271014437756357751130309452492 0.720417249108141088953516373294 0.934629935567551139996567144408
0.657335011497120591528187105723 0.995920625650580482179918817565 0.254510965861420912492718571229
0.818903563352576857603537519026 0.077676461675520905303393703889 0.390507695841734003838752187221
0.944666356769744752774897733616 0.696032889077135008548680161766 0.809472692812258420858029239753
0.815522413156826497804274822556 0.371043802418489443439852948359 0.933341749128279163372212678951
0.447049425860727878134781576591 0.505852354251993485689808949246 0.419435862957435512399229082803
0.176971259731415031524193182122 0.897107306238910662266050621838 0.309286398974349951984663675830
0.082977746381429684507935462534 0.806277576335626688930346972484 0.481104105856007879804536742085
0.704372161504564275880113655148 0.178646476439603907326869602912 0.850468375484362604233012916666
0.808645888381098632002874637692 0.695420703193268319175501801510 0.837794432534915145538434444461
0.732156166049015122432308544376 0.658655618440935008983672105387 0.499305623074134952155134214991
0.327454682324496204604002969063 0.367775297208894125233769045735 0.202536034629641509274833310883
0.131498323712570086563289351034 0.051351737744128801710363774191 0.751018028829287920267177014466
0.189398009938097439119886189474 0.745179449778701763484889397660 0.019828392882211238329448477202
0.839505749410934365428715864255 0.520899555032342753690954850754 0.685517720896981042066897771292
0.606847555296997964724425855820 0.132909565681441632634118832357 0.415865388889127940430512353487
0.478491293865376809968381621729 0.544925863941450705496549744566 0.784415969054978678975942329998
0.528842123297508237556030508131 0.303726987248044755229869906543 0.771066882520810792378540554637
0.376539476158196495525487534906 0.585281071441897005058763170382 0.708403403090593131175012331369
0.292784391725602388678595389138 0.499573967842184052390308579561 0.184963488070054832279609513535
0.883344679365696716644151820219 0.190484388673223425936242847456 0.334637927337899931945486287077
0.464523162385271859431412622143 0.640058726539563416224609682104 0.186156843707563163237139747253
0.725270484819051097780118197988 0.864043903326109363760565429402 0.050346666314086456484044873605
0.276405790299955433919620872985 0.391672078873290141487473192683 0.709614854317518806148257226596
0.730030219441397121293846339540 0.647552603571747042998651977541 0.533790547828235983907063655352
0.929641427128421682368752954062 0.398033227836279257516594043409 0.685031816599424248082073063415
0.888704478629463445749081529357 0.138963550730076934591750159598 0.136347428161934930423981882086
0.063695486278136786983949946261 0.783797101459816070168074020330 0.978379876954706628744418139831
0.434255192085464980511488874981 0.676731427991132394872408895026 0.881518075939664580431553986273
0.478670926137105989806030947875 0.958822180730956930005959293339 0.901299367082844748999548301072
0.620662957964526529330839821341 0.530176374618772427993462770246 0.230412358391041238725449602498
0.672029325010569555942652186786 0.011405062617929818957751564312 0.182824761930399343201614215104
0.819836703938495281462905950320 0.122559903920221299755688448840 0.843525130271998491160445610149
0.829064880232182610519942045357 0.918909655690468896160894018976 0.532147647060473905078481493547
0.625531107372443107017545571580 0.337411931922112884318920578153 0.587993392686121940649002226564
0.592103983082695406459095011087 0.294701772308419707169235834954 0.152440280686466311799165396224
0.604821955863029225852756098902 0.032416577634190868462127355087 0.973504229403640564122213163500
0.337926843748890481933244700485 0.448080750266987459795586801192 0.929838378309856938841448936728
0.089381315500849517485804085482 0.567138912828791363907043887593 0.766707320596994645889310504572
0.382593640467115525538588372001 0.591467264867570063913149169821 0.112056785795566951624557816558
0.999895365136163061237084548338 0.387118562364117735352664340098 0.369243260239887627349730792048
0.357190143288267147880787888425 0.500824155746945609557485568075 0.191586829794355595346644349775
0.942059658454147186290583704249 0.477930867275335125032853511584 0.387083461508065274081502593617
0.120840474738433525936365242615 0.394421972022185540751593180175 0.750672310908783280147815730743
0.574518148058149602519506515819 0.227984756877702116062422987852 0.222050460455893827749207503075
0.573595456450976759477100586082 0.772012034643036804126836614159 0.047438124019979821532899677550
0.698276390964646553882744228758 0.073343285115220688274995097800 0.646123097393868306426156777889
0.230386834688188879560755140119 0.424734045844800178759470554724 0.696737924077945547374213219882
0.836178478134921299158577312483 0.728258702757439646546799849602 0.842282561055507694725008605019
0.931990690382888287146556649532 0.202221647080849664668278364843 0.340487216816907523053714612615
0.982142061641197328114571973856 0.783723606122990301692254888621 0.595472239990539553566861741274
0.879740302548373320767893801531 0.218534205202320835903506690556 0.063706515941371458233710711738
0.997883466607535241088555721944 0.818943105677848115497852177214 0.353845327907444440196371715501
0.794313837074032358387398744526 0.365816839517422554006742529964 0.579185230536271467016717906517
0.153118015401013551901598930272 0.998055223105113853421244130004 0.469440195004095506270402893279
0.936137717716575057380623547942 0.553691894585839561315765422478 0.690792382301486762585795986524
0.382362795352814088811754800190 0.307391775829595592650633761878 0.272439508882070857698209920272
0.334464416538490405539363337084 0.042274963779240809502724118829 0.688057731375297132458968007995
0.137768210878846858458146584780 0.550612260474111825381271501101 0.067406479139780622888977745788
0.952850430088814093210203282069 0.655626293211472033206632659130 0.372279369323290754145716618950
0.394005877055123854280083151025 0.672660743016798123861121894151 0.504700528183678831517511298443
0.238433102942851277150637656632 0.533088659314439605729774029896 0.850093721067079588493697883678
0.107513347865591760155190570458 0.932441988021203926884084012272 0.442502006016167681590189886265
0.038754098859949751010312013477 0.688391904042399027652265885990 0.692519750270879641540489046747
0.771855502894753575660047317797 0.114614631041525111276868642562 0.690683641183029939369930616522
0.591030693832028775069886705751 0.345208191221235860535188066933 0.353296308856295593336938054563
0.847621372505962145105229410547 0.602983830581147350891058067646 0.864109411949307681943821535242
0.305847464353178055684878700049 0.090793492836049385918961718289 0.815877602267440660277486585983
0.810443550379129185046167549444 0.521715331319296926615436404973 0.946401828427630431583850167954
0.200076754719707372576209536419 0.897872269222766639096278140642 0.444469097587788630754346286267
0.880692423375743937974391428725 0.558547862378627191226598824869 0.305177185393163796778281948718
0.103441343760311221799952363654 0.677182151727007797248347742425 0.441214520281290878411795119973
0.052467702356596319923642823824 0.900163978663561348270150119788 0.493919966290087331106661849844
0.669847398661859716462174674234 0.979860839305883857264234393369 0.129834151265596470237184689722
0.664677528058522759657478218287 0.194200649823213250533271434506 0.913943130931200165001371260587
0.036668385347965300191663828855 0.436343269105502085114522969889 0.611264850300789475134877193341
0.786004064053687834245920385001 0.422818311723045625605266195635 0.788657475841510802183620398864
0.300479087324603599817862686905 0.930488956226556918061021406174 0.753377494370399802825488677627
0.310569585537564418764588936028 0.951797644761550265535277048912 0.373633257325235279555641909610
0.411481896972413829782766470089 0.196244349402997370068746363359 0.939786577330812944452986812394
0.759445741682768793445745814097 0.540049670247869428862941276748 0.528761360038450201059845312557
0.669842541057085294475825776317 0.110280755463218138601177997771 0.471679844897394839886572981413
0.240339261945452242752452320929 0.945032678717621088537725881906 0.892086896922233640871979787335
0.182000020396807266065408725808 0.822418503481625151607659063302 0.260533582984623590661499292764
0.546692389866185290969724519528 0.097080872746814372842294460497 0.633719007024997726951198728784
0.878214289269966807971457001258 0.461550794120459684233281905108 0.983658531946315028982041894778
0.116577648123466173779583243686 0.528288645698875236611513628304 0.659692490763949423993039999914
0.894632239113139271502461724594 0.771650490343283812499919349648 0.041196486758889663826188609619
0.740074331950203001539989600133 0.735746837142599474645976442844 0.865351694497020540453036119288
0.679954074441890710112090800976 0.698317879003342856236713487306 0.300466331804182862352803340400
0.069974332670246996990215393453 0.343062859832278854721465677358 0.855494492784889870584663640329
0.453803542604198528742642793077 0.620313343477214007570808007586 0.885634842660313226225810012693
0.398936436593214205359458901512 0.508937679440329748814519916777 0.675555112532002621783533413691
0.956110873975954844716795832937 0.787265708428056543155548752111 0.708444403836377523120404475776
0.255948067454754457639154452409 0.923861482314350390687707204052 0.467635187969181798095519297931
0.947275794546450944366711155453 0.267585609796576029406622865281 0.581965691525256567651069872227
0.587989179645705073440353771730 0.959598167896751230721008596447 0.572055678727250938031545501872
0.008771836768782209636796665109 0.812401580033946912884346147621 0.675618027966669476569450125680
0.612401078371867857441657179152 0.704681610270271763241112239484 0.355383293846357861678342260348
0.320339793055411103939178474320 0.648078193269986946312144482363 0.134312278659860506735412855051
0.667918972103847097265827414958 0.599836868980224702241343948117 0.922265191260279393326015906496
0.796689160423702635860365717235 0.278330027591013384746787551194 0.131085824325088723396603995752
0.780769416845012997896446904633 0.408370633894957979492801314336 0.877739608548419592004563583032
0.709513959217462297779377422557 0.141412631999419752260038762870 0.640833198319298857903447697026
0.954787311596805077229532798810 0.399069681201924264524194541082 0.070488869593070116459365692663
0.190671597557013683399418368936 0.532141693897020595649394181237 0.565146786430792413824519826449
0.021276272227153416455314172140 0.166230935721026096274499650463 0.823342799158318094931985342555
0.032169972340279663625128847571 0.765427084704201954323821155413 0.827937058664844127697790554521
0.884285334936171896202949938015 0.403971054695581033300300077826 0.589215574301965361314614710864
0.689966813333021344867290736147 0.342124634722715648127433496484 0.444016952007054321871493129947
0.771334311380278414560507371789 0.454507194753529575326211897845 0.845647187796602972653658980562
0.086643717425157557032733279812 0.674856344015140718894940619066 0.957998812727487436546880417154
0.316742386986947510596479560263 0.616888318125058399132853992342 0.008498083901133341583333802305
0.791918031391768417748266983835 0.953540794253873058572423815349 0.829586774428248574508870660793
0.532709038852455574186706144246 0.222292904834925253432231784245 0.024310097920167153540127458200
0.540357934312377663488291545946 0.926290766926254116597760912555 0.421184674011346404931543929706
0.422593766720448238416452113597 0.659372139925518019332173480507 0.936194952763374721449451953958
0.712801023943735900800788840570 0.120791770247673221905237994633 0.773247272415536035516936408385
0.153692596542527426528579326259 0.120006611918748715139848570743 0.391935183901424621932818581627
0.780028547531445570761832186690 0.638566446626917194606676275725 0.930756843359683450067620924528
0.841561638233644826456725240860 0.097312271394192587092852875230 0.589402122230603287000860746048
0.788854118695177408682184250210 0.881777418219584996350590699876 0.375356742349185756868479302284
0.155194439656966748364297359331 0.941435449915278166344023702550 0.886339385935818180328737980744
0.455017771730569176025227307036 0.552402188942291427764530453715 0.925969082809657506594192000193
0.199354674167451062505307390893 0.908143018208694030590777401812 0.827201017201356192387606824923
0.029305129774626296340622744196 0.833240178905031214640075631905 0.838577828662389612723870868649
0.297443216582235436806769257601 0.295582328826230755769444158432 0.485997654248290111844710281730
0.435754987747531796760114275457 0.619396954222357076780269835581 0.173938454948227405605365447627
0.459999176864581971191370257657 0.261572981673237170419099584251 0.920488704235339350034905692155
0.965097754459820045269680122146 0.210298210061630685974165544394 0.496867919336317687140081034158
0.620063206210108797122870782914 0.051666824435682941196734674349 0.083219703098450767408955641713
0.018853164388616946295362808428 0.783267196561066247895155356673 0.907414308942674940894335122721
0.659957911174555045263900865393 0.493101014535485770995393295379 0.449809621331835274293808879520
0.855812225045191055095017418353 0.718765311026562381258031564357 0.790787644002321932212851152144
0.699292387922353264606556422223 0.392118959945315537218846202450 0.704853343023478462470166050480
0.176242500612225932998811117614 0.527104558636565800888718058559 0.192254305955702753383462777492
0.762097317055156153742245805915 0.504740110979154943393609755731 0.512394614449389940169510282431
0.061189642276643009533021455582 0.984860852114778362320635096694 0.609113118299227762619807435840
0.401138747655333249841902443222 0.393191419405122311037104054776 0.564636344453207095206437315937
0.738101692897869199327942624222 0.208174223621453768906519599113 0.798712478855192364868287313584
0.482934490895307155788884756475 0.569013670188845743780348129803 0.561735030273037838632887996937
0.609071205144764871164397845860 0.029656797571363101295727204842 0.093026632110793913699176016507
0.976953298484769305787267512642 0.249635375390655861460587061629 0.888054819842706066879145510029
0.045820453908183136904064269856 0.908965302134284836022004583356 0.446762585642973830690749537098
0.001429073492386569773499038760 0.983453672894614161492654602625 0.851692290844413779637989136972
0.277186037259807893651242238775 0.899615385800507150193539018801 0.404631813183351340956761532652
0.617119431810557506068448674341 0.372495141213435632110417827789 0.198884573548603060810791021140
0.818631375053711751732521406666 0.357913768102611495880438496897 0.075133040488997063222065264654
0.419626917606227167745203132654 0.585150604576726851568935217074 0.434525351501166945400456143034
0.414712600237077344544900370238 0.462445869067279136110926174297 0.686629135820935654344054910325
0.528037717486299573721453270991 0.381177421987233144839990472974 0.887882396835710463456337038224
0.028509574889495927635385541521 0.289291645942246655742735583772 0.092595860809110919209530266016
0.010787034302463640103586506314 0.267098316672228053292315053113 0.621639495118139540075219429127
0.172452140971206924202618893105 0.225983743266913228442405170426 0.002110146260533683412741190466
0.361559434414425173720530892751 0.809574246268079500410408400057 0.956663560454228290019784708420
0.151018357472956610276781930224 0.891918270750796882140321031329 0.700488283958712987242734016036
0.794415368232204488485592719371 0.438241842123457181479295741156 0.789798319704330453738805317698
0.787566319669608438935881622456 0.209605244381592448199569389544 0.970058689823847131172840363433
0.421503632277071382805644361724 0.080615719801261878640907809768 0.274398893937731425118897732318
0.055552170055961330730198710626 0.252135166468415217178034026801 0.110432226046321621537593671292
0.348838693111611419794826360885 0.264475348572970891947164773228 0.302699357023278103895336244022
0.598023041266777410918109580962 0.582103482963673202199572642712 0.558073013081263669121767634351
0.791143127794611156211601610266 0.854107068208331043912551194808 0.606775312601050997862728308974
0.954817758964191076742622499296 0.289981171068190046735679743506 0.047373142166940454544921124125
0.147480513690848746843897743020 0.128485528566996298760471972855 0.601084494080551423600411453663
0.483668212498417016131924128786 0.284260529675843143238012089569 0.318794211266609561761242730427
0.632473083227696908359405369993 0.131271405182573769332421420586 0.455454475613227272035032910935
0.215639072257643671370885840588 0.571990298052097445591357427475 0.999734304495063508255725537310
0.454422060062246613298952979676 0.222661762701985593837505916781 0.017819024878419107565941104099
0.613287142484982283896499666298 0.279046120971178701619663797828 0.451320865960390671389745875786
0.195444904313477524349096370315 0.760295072041334840662329952465 0.473190605052726809276464337017
0.818345487548888139706093625136 0.782700380484635971356510708574 0.980753318487248448853677018633
0.937284394310325730259592091898 0.969049608450465060904832625965 0.363259067060121454417753739108
0.994056970345630674934511716856 0.512089216036317851354908725625 0.086409039981836049948427103118
0.958874539178812934636653153575 0.802460172091056023191413260065 0.526474169008160353122605101817
0.146841140116933915882313499424 0.169833010520725108394302083070 0.962846578519830909037580113363
0.723816090037226134157322121609 0.430969583191304517200137524924 0.374185961383424803283759274564
0.547077590406933267352940220007 0.418152057049846037628526573826 0.149422053815888633554465059206
0.063782687069223006903762041020 0.296721578184727996507774605561 0.065413145615931270193676994040
0.563400147460525135834075172170 0.785446257892836618985654695280 0.598014047688403049818361978396
0.902343346000736956646903763612 0.734083990641689831946337108093 0.096501035308763416509236776619
0.966305901342360940020626003388 0.281085969973504268271113915034 0.488834755301213619294031786922
0.610098792729353633923494726332 0.359512214145827180278303103478 0.068640358077687133042665834637
0.953432063068776591840958190005 0.618850661012450453668520822248 0.297901380439870411276359618569
0.340149313505586248229661805453 0.637994540198348003556816365744 0.860990256481895754880895310635
0.844866643907877246100213142199 0.488359744818895546991655010061 0.226059805087110071708522696099
0.937434270167650463001507432637 0.512192658782554488539062731434 0.931188787343711354971276250581
0.518812478906867102779187916894 0.212648553068576162683456232116 0.169561177882905561586923681716
0.111419409003895741872014468754 0.852219913327230460531325206830 0.433985860105636278571950015248
0.858605281972447564875494663283 0.502938004069530708584068179334 0.877569635217776755631291507598
0.438686570342919579523766060447 0.271976800826043751957428185051 0.776712813380986299982566833933
0.719713667486287622665486196638 0.654346435084766864243022155279 0.171257979397327703141584720470
0.687368337443841959100154781481 0.129637549315156197504705914980 0.917861147167228552667950225441
0.417990082286708142245146291316 0.313955124226730886149994148582 0.840335591080875632385982498818
0.018626104085548385314030639393 0.631985813838398025055198559130 0.297491944889705262067280955307
0.235787511709960762029680836349 0.918394989240605919000870471791 0.254671042210981635189881444603
0.515102288459890256255846452405 0.185708777343611269872170055351 0.830972566898445008654050525365
0.338863428263282695507285779968 0.286632960453935659028701365969 0.094974417219626891539796531561
0.282661621023424292076242636540 0.361596298082246303540188137049 0.377589735871081133566917742428
0.232785507700007110454265557564 0.582349313519800682037441674765 0.963039662840657673115174475242
0.007254582358832156567529647617 0.826113002371236859744385583326 0.422201474938383614077253014329
0.552060468649854474421090344549 0.374994601634703161874284660371 0.638663974522964972280192341714
0.084848245654015080896570566438 0.054961802690369543356041504012 0.852366494371589400458333329880
0.547776058858927217265488707199 0.874966041568685293228213595285 0.341589280824732277608291042270
0.111011710779217093181259201629 0.064041655920537440827011721467 0.155425788115307439429813030074
0.906169180828851561493308963691 0.565334446504134002786656765238 0.083574381521810181538967299275
0.781078881775130740017232255923 0.650817596415065313664172208519 0.786740957886551850464229573845
0.061859830723365351323739247391 0.087011146233893582602192395825 0.759069665304666130190014428081
0.402170450849021199335453502499 0.806635643910576738413453767862 0.667022145221511042478823583224
0.473669496926540367631730532594 0.047566128083787406755078563947 0.908832101227526001352430284896
0.500919125572916290600744559924 0.231719458768048752750345897766 0.195666339710335007717745270384
0.987786240142180638201807596488 0.308535115672533111208508671552 0.797797830653245942933438072941
0.302729627380469545894214888904 0.958125697764702466407982228702 0.395307831455323221980791004171
0.248225972457340432475447755678 0.190134068265062600167070172574 0.505482439496642066423248706997
0.442804213709937888321377386092 0.463863708958639597845774460438 0.428459754196876763110424235492
0.725039420235147447080237270711 0.201231352237936922389138771905 0.972872125498002837673539033858
0.582561138804455147521821345435 0.787751692529527036690240038297 0.704222713898475016769396006566
0.716248847383465392368862012518 0.689215615435212924921870580874 0.330961445857912595069905137279
0.276625439770684933282751671868 0.258500342264173621487088894355 0.397670673410787156587531399055
0.716408563952876664693292241282 0.247114104858836586275927515999 0.373614943136892363462209232239
0.316090124871937216965989136952 0.154608260045320716757899504046 0.142000743515916127979181737828
0.646537943160056305380578578479 0.893640855797191768772336217808 0.303051153342157653103328129873
0.816899557737575499061222217279 0.640565858599814852425424760440 0.699394380902550238943149452098
0.011738748579866037369257014689 0.726948056345671389522067329381 0.893919677686519364989692348900
0.171344545764056832570787491932 0.689258672269160710399660274561 0.178647125088461644626391944257
0.981679775462701464938675144367 0.363522980358412461932005044218 0.493398066596440088016350955513
0.059013208765586223913945929098 0.660672675593776181912630818260 0.439731211115660436394847465635
0.947270882176912354388775838743 0.700920217038907278350734486594 0.229198203336655886852568642098
0.539274881492549651440526758961 0.590700794895693159780591940944 0.599264237851049097471900495293
0.221544874684784620644251162958 0.983399896693737507469279535144 0.266474770319873988100312089955
0.785634941343355763798683710775 0.598768141981330659362470214546 0.049855824603014610441054088597
0.772218785657119988208307859168 0.795608020572462160124871388689 0.145326296796980003467325559541
0.492268976379921396890892992815 0.220839405712193737052473352378 0.751480599161980289402151811373
0.880072168336534232935264299158 0.138207881543346400299299148173 0.262222690076103936984708298041
0.858490858673933932010413627722 0.554198296701846726541873522365 0.530759846031068072136349655921
0.928617873135062055212074483279 0.566581699313534081774434980616 0.079482577390754607926659502937
0.697031426189618330546693414362 0.479315866084558950266369947713 0.178142349708043212785923969932
0.608010770937558508997256012663 0.991238071094131756311185199593 0.957015084416224404151307680877
0.284345198396611431590486063214 0.100925578954086409000368007582 0.739027685461017158630170342803
0.791303854493472624831440498383 0.749962676615946954861158246786 0.205173591579824066144510652521
0.294891493223186196281915272266 0.734396333406831969270456283994 0.371396834707453493695794577434
0.646119929298774042791819738341 0.667333188272044464106613759213 0.505152311538039078264716863487
0.581600443382455534191421975265 0.006319378579347216529082942316 0.069318406225999565362094756438
0.575667292057001178662289930799 0.711523956508453014890847043716 0.453805894578763191482551064837
0.709367463754526750285833713860 0.125580968458105513008149500820 0.689772631477879372141615021974
0.031847148024096529062010318967 0.055181361947975980652980609875 0.623060594262903055806646079873
0.561258954390469688711107210111 0.094804020510181233327706706859 0.458210681185753532229654183539
0.509091793096794531514603932010 0.438633435175134145378450511998 0.219073922659891090480854813904
0.814264879040385802788648561545 0.942181936516815587978612711595 0.383915813116546378314097864859
0.967445065565658124384640359494 0.823604597900824408895914530149 0.832244160314517533727496356732
0.172067485066833614215653369683 0.626767974222186219357411118835 0.509510641530778851659988504252
0.461460644233717576234710122662 0.856574271882030835456589556998 0.429524935782458261446237202108
0.410993406310160291905475560270 0.356554752422391041388749499674 0.873788602423687166265153791755
0.078216441511978096468027388255 0.896011938016007647433980309870 0.115980205186977200493281259241
0.298986450629786126853559835581 0.838130486295243781746933109389 0.776897170691330574143762532913
0.871902936399229444575098568748 0.653731183868608511922104753467 0.629634889237504435932635260542
0.019942650114620250056951533679 0.094427217505435201427843594502 0.492589086516955487748958830707
0.295561630339739089823325457473 0.867247649340703308240563274012 0.524784752855861569287299062125
0.162188500832171733634368138155 0.009867466206679250187439045305 0.195913783566945443048723518586
0.086195024211669912794775427756 0.522087210668996437590294590336 0.755908434553042352099794243259
0.572795974573085509007341897814 0.941497557068556312209750558395 0.195809426623185733884469073018
0.682961603168334319136079102464 0.129772610782456637723569770060 0.788372433625992741212940018158
0.657451515266123331926451101026 0.007477869193420136513517082477 0.977341521300481352874101048656
0.276832412141062467192398344196 0.864945514864462583481952151487 0.164536306000672982730037574584
0.348002365593810369936988990958 0.232222349185158161155584366497 0.347211784971043879721719349618
0.069536977404615410436328204469 0.926804415906892442578168811451 0.499203481282646799321867092658
0.461286673078170117445750975094 0.473013239288608944299596714700 0.588682541264141101500229069643
0.720852220220489448010425803659 0.157026959214480260618174156662 0.629615457029355063411912851734
0.197981951891618768168967790189 0.560287312296826822688444735832 0.691414198550781455843150524743
0.098630044461551796830534044602 0.888540372784368814862432373047 0.530222184148859021490807208465
0.384832423308765825264998738930 0.652906558372278955637568742532 0.902045203905539327848828179413
0.928759706445891231041400715185 0.866677298660580297529065774143 0.584375685084205453989625311806
0.660755994464518492392812731850 0.381115561330275576246151558735 0.169151557304107830193018457976
0.648407657196464981552708195522 0.503065397324296559311562759831 0.438910691237145267340480359053
0.890585686771616535928330904426 0.743141670161503675728909001919 0.316943627687882922838724653047
0.709768802527430353599413592747 0.053829962670070966024304937037 0.408333624795080174507688752783
0.968188383815180575453496203409 0.459709061145658015590242939652 0.431475369717951418024881604651
0.551162999905251305143849549495 0.140792075824118373406079740562 0.994317766352157295095537392626
0.114708967675445097644804093306 0.231000243932794474543968021862 0.362879616198993615316936711679
0.122221964450960007830815357011 0.313584817235428026105381604793 0.263182342199117791370355234903
0.933768174708757392465940938564 0.886177598927481380286508283461 0.257643933382131096188061292196
0.133333404465597715748970131244 0.710528853408392446766583816498 0.999517252141348122584929569712
0.699304299096354275988574045186 0.699830915158204724946244823514 0.295470780644712882612168414198
0.379797095540513440781182907813 0.819981760835015727195695944829 0.851263856865953516539491374715
0.005860952070102748261148928322 0.051621763324485120394413684153 0.989647920871182251723041645164
0.431053566257964371200017694719 0.302321326376998045226685007947 0.120527539107490769265673691280
0.943687307260553720489326678944 0.290451042796088854114344712798 0.911875014744420009371594915137
0.189254483207602103300715157275 0.583589951153991259857889417617 0.702021677048261572018361675873
0.602555304576982586617361903336 0.223817943844807298869881151404 0.426516103460144568870759940182
0.381804945314737298467377968336 0.526187252899639634762252171640 0.258066295118741628744629679204
0.372135738744809152489523285112 0.474790550787127840770551756577 0.063348291692751745873835034217
0.992728321934128188352985944221 0.938020484798213094457253191649 0.075385709522773167168274710548
0.687265113866978527568107892876 0.380768406431900852116001487957 0.237059830467747228999186859255
0.865366570463284023873029582319 0.771711774299603470161912355252 0.664525823708738805351003975375
0.258573320784308835484921473835 0.185879571057183473614671243013 0.496397058528979640001921325165
0.786259206506160213123735047702 0.847975298182343184549836223596 0.218480117031668780169795240909
0.685422562293851012071854711394 0.270594789939922142352202172333 0.053298511910930115864637457435
0.587640014991199000071731006756 0.067958781278528973546215752322 0.547795526959230616448337514157
0.080135808701523592034732246248 0.785123409789092230326446042454 0.457868839760445733855220851183
0.038909938689236658881931418819 0.703232770350482483401322042482 0.336030020751614033613918763876
0.207516692910064110000334380857 0.709298743924863472898323379923 0.325612443046129074186723073581
0.206663835104293341915493442684 0.430132522709304021546472540649 0.967189090006316698477917270793
0.284167425411901986009866050154 0.805211920595242935938529171835 0.787384027321932800091985882318
0.074896458173011284942255372243 0.636786874453859508271591494122 0.186480470290174754621759234396
0.127638490896851197753392170853 0.094496633586209646815667895225 0.755934024822115357977736493922
0.183146715187212094644308990610 0.689687095114074888435595767078 0.824470555125192294809721715865
0.551714617064386847467005736689 0.300478746329761070565922409514 0.178213661793778482822503406169
0.203351789524872678116551583116 0.563374631190381225387397989834 0.324536392814045338006678775855
0.282686029859982257406159078528 0.903209652983755550970101921848 0.883394182669079763847719277692
0.376367442883104919015835321261 0.868468086497543922952502271073 0.322160422156435477525349142525
0.463368174662195764224037475287 0.141714972953173645731084207000 0.918085531315867453550083610025
0.856761126537520456558638670685 0.360369028072489550051926698870 0.945335942882324808955729622539
0.878243648234145690700813702279 0.765495850810373634764971484401 0.562038720221141874233694579743
0.446102787033770264990550913353 0.299827452700286878339852592035 0.575343345870122369056787192676
0.990457330338440855577175625513 0.389839484399024382987875014805 0.960164013386396786309262552095
0.284097489474250675112187991544 0.758080924451895121762845519697 0.406657835025692970809529924736
0.561506027702166732318289632531 0.762903830227448342959917226835 0.245360358195542388459742255691
0.466306592372775829957731730246 0.798521747190942265959279211529 0.479095979806670846379290651385
0.766521209990011831436618194857 0.302039077224044660852086963132 0.806524664487146436542275296233
0.014831018966190920305159295367 0.384421419201095848627858231339 0.599460527019872735365879634628
0.837418610588410605721776391874 0.617199734646529885040422414022 0.945719675450886754219936847221
0.510261485979691897796328703407 0.827948955392012519993727437395 0.388466532876764913950751179073
0.023182265472978715731278143153 0.386752037141898208361112665443 0.561763844578908488891499928286
0.691316072744933785010346127820 0.301820598466326583952934470290 0.574370957236225887498903830419
0.857140437077611228033902079915 0.904525486828477887080168784451 0.829644615287313147433678750531
0.067441618573388470436746899850 0.475488636774042239263593501164 0.046012301869890574745891598241
0.441645729055874292079408860445 0.518997684687686811066953396221 0.673185361629020539986356652662
0.199304871707393582713763180436 0.625192957303248642020321312884 0.644029473553270115360191994114
0.711402067493278500442954737082 0.693915859142702151629578111169 0.018675549874619914308970791694
0.515683743314364728682619443134 0.314688791630842457092143149566 0.335508385150197374624525537001
0.298639323582458426908914361775 0.915056740843498417348200746346 0.508462580482290316119531325967
0.413519359432891364658502197926 0.416497951532670107610556442523 0.257991348764729178100196804735
0.271209892429323529139395532184 0.159552630742544720998665752631 0.401746052608766501812453952880
0.397019361655272629008095464087 0.530201739177420638959858933958 0.170207125982878570980005861202
0.973619704727149204437353091635 0.576715430123096672865301570710 0.736750585120823919815791214205
0.320454799358572961498481390663 0.710825033878416112642639745900 0.623900130977127487241773451387
0.695182930469966708919571374281 0.541329612184856978629454715701 0.923686523596567110594435234816
0.734694338051162687541761897592 0.314977260986052720603822763223 0.236283692276767348650068356619
0.192375019285234066801493213461 0.012276242487745937098653215003 0.333636751259446862061253114007
0.270889519842219539391692251229 0.852640874583031393996179758688 0.985367200210524929460120802105
0.188021759183757797284641810620 0.239124032555903892616200323573 0.979771480952382534113098699891
0.610940134078998942079863354593 0.431301842516430278262618003282 0.363526446051860574470993014984
0.327162749526563989554972522456 0.369039548736841638287842215504 0.963357863266444014449518817855
0.313542781438562456752805474025 0.287248045585512312705134263524 0.694275659758244345631794658402
0.797821517856658002365577431192 0.354031659700699607995488804590 0.250427493313886806447499111528
0.806117270219575576817305773147 0.481984331858553938232603286451 0.705189127645733382365733632469
0.257267073600401130484272016474 0.079836004560083717596086216872 0.707079446480523010620800050674
0.729825723504120671414341359196 0.765071543018401967195529778110 0.254521457495699543471801007399
0.741404506261911455666790971009 0.005518132585996214471701915016 0.134938566731088449568431997250
0.310799576119033804655344965795 0.894823583440981340508812991175 0.400771533391345968766472651623
0.979402302987178452475802714616 0.527922186551219363437326137500 0.824506774358387484191723615368
0.193452882056863756377040886036 0.583008515458856124702435863583 0.892803548053403783768544599297
0.065435357505449431858579600885 0.724062683973376364221508083574 0.718105353393566958608573713718
0.882493593138156451338716124155 0.049881811302001539953909770020 0.260584871647748572698333191511
0.237956281321275026074957281708 0.289018799861584796406788200329 0.038593096648574395923780855355
0.510274984544579202072611678886 0.776591775617726853830902200571 0.297897087278145400457418645601
0.810639729868002811841165566875 0.145516838183499669368003992531 0.930804781987936591391985530208
0.668874545383506213802604634111 0.172479749846101482191329523630 0.239743697987021081585723436547
0.485478159636206774152356047125 0.339264121519652406266942534785 0.616572001666254254637067333533
0.201387264659173170766592875225 0.211020136028559540664062410542 0.425227375215033953637089325639
0.988894276627198531848250695475 0.862521864915572922249964449293 0.174286818538493065711136864593
0.312379064694982000460754534288 0.166921254813922531612391253475 0.092334138608455088026438772886
0.721241171272232972633275949192 0.373296025681642051896602652050 0.819004973960485660455788092804
0.482453907191461806025500891337 0.966039923752593177042058414372 0.169165227687525704380888669220
0.323608854909320231563185643608 0.678339035676885582226702808839 0.536904933328857358887375994527