0.927780775095448057389499808936 0.211802895734962797042596733054 0.598438961367554797792757172182
0.598490952630329405874637098636 0.635992820235154282999764223749 0.695834166878697926337413444165
0.878529869330864176292843777478 0.409411830901178177132294405590 0.605705022782619067932025818858
0.808134289397485207438846457861 0.438187521938432053931106965907 0.754215546335871065392349347464
0.602205904937603617459857761489 0.706030603860716318892415465401 0.502043602212281232562501628766
0.774709160840259550655899362997 0.797791886493328614873579367005 0.134974861476549783790512929943
0.829152027793755179227436102317 0.529514583423457623502893209006 0.518263618089383943787520704209
0.127856797597901081268054839443 0.453687066441277675675177893963 0.862191382791544632196084718332
0.395888831605512254048712137505 0.974010443109042176250153617863 0.535903938796119418120120207627
0.840460913772117204704932114357 0.570175548780655190071071640912 0.710781828767275006088663154249
0.475956312787105904608691977629 0.398355263272101704746598103768 0.139857973536863410679396827299
0.185382270057924903635191499955 0.107240347242143411554649944507 0.922909546998334161007263604370
0.710944469352459061748881503857 0.316425988272654836488933951524 0.240224764782470326992735536338
0.139202446834889553983015057811 0.329630614205465343206317336669 0.043259232754251126701318163948
0.302256466893377446222285134478 0.431252286061943433956292656707 0.743812752363047686240377802050
0.538962245801297772257170597613 0.905498963660538535623796341729 0.404990883591178924062805336805
0.913131068190906614497823836106 0.048659147665207881177248815257 0.981694479029490190217522124402
0.369995868490883284094198006541 0.533245432097513319613113392246 0.478519289369004652565582687347
0.203425209018153636418403573114 0.872937170027866727620671595599 0.708587944090655511480509990580
0.376550444172839616165286830740 0.804361892518072739229767710575 0.154099381190435103376611832892
0.593584994326926763524371865309 0.529867828040016199123207527982 0.770943201835253684520740516851
0.395367524146791882911973258112 0.357089505061458145340573617503 0.506621748948016603828632811907
0.689137910379766229791756839118 0.725976094017707087610578149656 0.647451974387874720582528550029
0.239761053269993691706465562811 0.172270831878187465179953107802 0.798089762048979101786838304422
0.816598040340988579290748761823 0.779833137259766387844676313976 0.496085909088250699097622718989
0.642368390674494177151593912800 0.887590452941734340219234223487 0.244734823070774892908251827058
0.672256862051972758631246201989 0.238454705141970039612435863154 0.510167894478920902399214791911
0.795546715237795843199455448867 0.553134282281983511490422848966 0.995630802933242311931836700612
0.994712131885057783484639922983 0.057470190350691481154520164827 0.666975760027974151618516706718
0.369949181093077103366956580899 0.519160877383762047797520839334 0.225272715702339213381268267173
0.293257099364717769969312335478 0.333799287232501224025596424540 0.631961669425660184092967729652
0.231630885186182234285112915013 0.943971248080987204544038190406 0.524430029250840295670738541293
0.753347849751528615640835096981 0.642835197716926019983459702940 0.212792716701050505021206519074
0.761792962491713789644058805084 0.941210629442124141241465139432 0.310984567926013132304895686291
0.286792016098157055374857646215 0.605852921324317932117281291201 0.240701960935603950444316079939
0.711927069741352156955163023872 0.973931764287271241446415231507 0.556646627874524332924152294596
0.208972995456191370115064292269 0.094700473975766981265843018171 0.905101285886873718971184534634
0.166879863280645244513236516434 0.472633198139614450020036002181 0.946784952292564667163987653561
0.708615351764850095722599908813 0.789261568797657712812645627733 0.069428504512538974198331993704
0.722596180373054131597682284467 0.069265166111532761481246338939 0.060090613946632426080733269530
0.027454687579339641319560382516 0.598588203012716348076081933345 0.229893549045153248331391502071
0.498591189116808891054111270484 0.690350461813666230581794072247 0.524977575278265173280791865622
0.202893253890049545323480919680 0.747815318887868590790824432696 0.998637708741117315465770306716
0.284444796403869564515383394385 0.703707708976744540509278677961 0.525308539169262748218878756196
0.170220556339782824621204071166 0.794294503934500772907288824856 0.720119614522537873691222304496
0.052785237051617196119456180765 0.631793803045802993321073166012 0.760793016509206043040274173684
0.067597129280954869693463302712 0.751603399990356571940868146803 0.026678344648364437647625865326
0.772826050856754782600110862232 0.266417157909856610617190123228 0.809403573511184342323796136231
0.725839388530246079072182312282 0.321918350117910000924885970793 0.890280685177823656126389002609
0.536117774411499709825350933645 0.856958812858401706850128605723 0.630183133854171924029451694670
0.442670993342288829767363480973 0.463882712553223893591979517824 0.066442612202146488373011715810
0.795779404576185594102844581175 0.020074684142368186748631060820 0.263111033395489996555793030127
0.258385436782802674647875680760 0.186610243838084497142057419598 0.935455952176525535302638872384
0.463959619841468997200413886768 0.143387213288828579476377427025 0.608291491282793098274246432004
0.256486000707818805778850269856 0.413830603374880230996641997199 0.284224430185771769750838082481
0.159898595745654362417088956879 0.373551580584912048506682912011 0.214392069386391470563148707463
0.014398089133264430436305208420 0.698215439448812206712945701625 0.634515306715285184923107397312
0.924461111444245544926309591709 0.267309970630642949484143518746 0.958282646703384600288538098625
0.440130863008619155522231129171 0.943399987480930061333415811620 0.931294906613307532037642592257
0.917168615722422123505342081298 0.510746194519551697031039149995 0.891108006148722194160773519189
0.483114269039728809203039543417 0.704659036121067052612097966115 0.840330750761382243759172556584
0.320681321764671488222779389813 0.252688751995689145045943809321 0.804981568988430361963433242586
0.346053756815216645678377650692 0.373890934578429019040270039168 0.230649488158362531585667639646
0.083456656551109321050807489952 0.467204893832761579405378005178 0.226427330014258035488548933747
0.482422928905491846187431365430 0.485216937213457141622950746351 0.109716806545238740729920970924
0.589534314455205963325448450419 0.116708351048726141095380062480 0.857144016853361474815700404998
0.997519812115182876006506096265 0.216864855183357086473728018606 0.533702759310923470600105409399
0.625763403144082674945103523345 0.784892290693113138834468092581 0.212313859263718177016091568551
0.921950544650556876543396592611 0.834983872948857444070468714805 0.512813777283697194635297050303
0.286560385465023249765084733316 0.047566047860710345451546096732 0.009035519123008800376458457344
0.646919080191695989058251011254 0.938509116146322516634272404201 0.107051919629559664809680648816
0.525328164565409792837377205344 0.291854662726587923511870232961 0.060679073131535126589449366102
0.516255275017760054350637983796 0.657826736660658645198736592026 0.917175723144110339334579514494
0.254198889768848623364338870662 0.239831565710206397447187574138 0.560651097615011975712082206403
0.292567203950004048723523522645 0.103202785864077535601897099251 0.305250881959257600048509705194
0.039938173722041212104384756182 0.934254957406272053973671360206 0.215718215760504406665784072208
0.006185132447364636862968597636 0.515948983471454029088204888382 0.810766865902347525992541702254
0.374786037314338869566555232441 0.497161881068795336955984824893 0.846827492819275157275004343886
0.362302850912125737285344978170 0.339640940128873182312468355961 0.456951877815896470808491173575
0.409069447998215332040302824918 0.254401061079380496206301205637 0.688225459917290885306375130120
0.449810894444604168295146644206 0.645375036704211975249060390669 0.379685172430764587144129137108
0.752477593725069440185036674050 0.307778667870721023301908517039 0.321606632819667731923913506841
0.646450086854069792538884375259 0.512410530357966743197946471349 0.595612207891769354024643502831
0.175089949293679447590878995955 0.863612778388084958281353461606 0.829245877043967918889168474026
0.133507519274712347277026002487 0.063994808674950055742108595672 0.311476906443992034320487433467
0.323807498459018116407116339609 0.068581031175393548770489890344 0.854509618556637856193194380291
0.690543496095731511821266749171 0.192140824481018246432006962225 0.988386004837308208519107214469
0.252601111964302822194196526628 0.323269620393902529238932931423 0.171558816879458334559473001543
0.852874447637789832470814926571 0.416032182824849167198851730566 0.266131621317353374494711371581
0.616105805025522105364246295020 0.991222834690172448304082779160 0.875750909151136442835712646916
0.270506305796582457770695148071 0.108570508270142374418043032862 0.132769224958145978082330660982
0.509106123815284048367012690180 0.256346519448380692806288132117 0.656109000875221977898526090869
0.494613450642049998526356207859 0.654032443062005101968985276057 0.203883989119809684886090880346
0.871181445332623701290023366146 0.376954601052515009109282624254 0.021689612937555974081575424358
0.545607063359447712602575185164 0.746361922448575917662030914288 0.636763355999713982009533215410
0.497996869847443884677079483954 0.575752121068184411511614155524 0.438495476067415878784741741459
0.637167802779871788929806732812 0.454924682863577296136803993742 0.146868219388475655118828914991
0.804489757396893285435603411631 0.204985145683377047851278458294 0.053248317542079714983070703386
0.148241765284020804793877907801 0.307382685888263171440064516008 0.454539639996296614365058945541
0.624039080254827889033609579682 0.340911128462824629964508787722 0.154988676723780298258873517697
0.410996633344710711550544271793 0.282541024349886117066288526896 0.104116062639029686674863945115
0.713770717464389775620523870248 0.768310111458114598211816427910 0.121219549382499661503193719887
0.789838832401896590217700062150 0.085074207055266400731083470899 0.894439654257711522995147610498
0.845061116065253404805730226590 0.941331818873151086516638242535 0.933072209776143186194342932695
0.043307506121583799821866013804 0.913140097703257115962495904795 0.806295975785768332597717084054
0.704404904274367904967078012162 0.317374963412823163316781819457 0.880446926869436036849811370514
0.741512329477832286686424393519 0.419668015017015626818119474802 0.413414411010312427025008664877
0.938501756271392256932439042958 0.343434316428844683706535766162 0.683610353333171848967467103109
0.249833671659289055219598414304 0.600686094736801639132041989448 0.886892358628682977219808831938
0.406059938746605445483057746105 0.713763732158169536665974158887 0.020518035337765055106171933463
0.222173659285741720977223788982 0.088462729038854446191250514022 0.382772969925763901818901318051
0.587050513769866886626760252384 0.044427046122853615718571833098 0.213725811015201734972018861466
0.326720707631273615139487059298 0.726368873235602575538360545324 0.658972787967441559115298015137
0.541144011540645661447820122392 0.754744910672410457091633013484 0.134010484282096283411626961751
0.190285425696568625432033610975 0.480944714488532238948241083970 0.192754065092538066023328884574
0.539364458355272018660446000984 0.137231123620076775976030096375 0.039977351828322912586962057659
0.271431705687509850293164504014 0.826949901856410794547026296480 0.020328577990755286592542039700
0.352430205036331554276602619084 0.200432829270238736756100158284 0.215110773915513057206825739835
0.281148497527106559403862480524 0.420346603763033325424796317608 0.141358869946243587508288677357
0.070308611168309718862915037720 0.630819132915393013921274657865 0.064913389598073667978873884210
0.087105457055888247249004810900 0.064466132385066208222328166966 0.724485690327273408278566886914
0.555979705089296171191981584080 0.604765615217580770680241781858 0.351840976634185886089859097433
0.908153975126026124331124326821 0.953186551185910857138606980911 0.275353176995155788564450431176
0.889280925762460715227329603365 0.560348957215049139864220316427 0.520754482174526713575597631849
0.164233149087629507193560077835 0.275732849112769065609337862613 0.344002937451880666037060671760
0.580476612998299858900110299121 0.689411899621473134807755801967 0.563001851241312734437570426231
0.861924554597175828213161620780 0.096161161652948485627582948348 0.514082566315827112799116906443
0.945733274432859736392896206148 0.346218796767579165587423720184 0.424381907645584976483942641577
0.813077559743614772379671970542 0.258695518405134404046139773008 0.959070926012514894700631508222
0.937088716771169716916320269401 0.924715381996203245373535834210 0.958376979583869796947089462869
0.755098780288654330319796853260 0.815322797056546305466561259046 0.494736841293382264684252376125
0.759898796988982803838329344561 0.154739412826425818315005921240 0.580752475806472453962725134076
0.933436357275108111312109292293 0.301395245738784620919922999109 0.625189420299256886341240698971
0.325436740467602706311328720981 0.387663103678496751943226486129 0.084851231001005552330868062010
0.873257794126085386289994511561 0.266884243047803799616985907498 0.087825477244497671080593428687
0.426845520285067551148910771654 0.131766938428751376134869960121 0.378302801495002073068371559214
0.351520135611479019544355122512 0.647486887877871876012766849122 0.009177712427186216488775721225
0.034974687047311140647604491722 0.518845025625137678513050610914 0.760001026535827361050189183428
0.407022558555910918834669511362 0.979382656935615444126302294193 0.313296436838933197973940774748
0.074524959588523128608002456262 0.833536859663848394902165132940 0.858962381546083653200179671052
0.154115412072946626200326542282 0.726432191745587139274386072763 0.472417042281488764925375613906
0.455848298686629288687893119198 0.187659612165550849873374891563 0.056522103444107173759664898928
0.095473612393365071716373268088 0.463729913988183197171768191176 0.285687049220075746890545156568
0.218726909489786833950224714578 0.957722221215882558126794941676 0.286922768398930233610287676090
0.729447593469419836880416081881 0.594406990397543937679991235629 0.583026022675934740468991324165
0.695258520285651395333213876434 0.167950583795848636876621103178 0.964570269607301738168662133800
0.580534909766572865750417895014 0.824897310237149365917085436432 0.707772893703530743775153604243
0.061125493451534338872622990254 0.738368928935147290792058460469 0.627887842794094106877286380871
0.765162762261252907839142701095 0.926725820865620387551671688521 0.035867579835016224663280182208
0.409669169065636287219727684591 0.308842940706688037922868264672 0.077379242901880389035845483790
0.104208270129874119308926259146 0.301707344184448064513421415742 0.430489322088217673413433463011
0.759861798204084761779074145011 0.359844690067951576861020465313 0.100084593367767097481556735827
0.560531194486406480696429401495 0.724377532834479462669680347798 0.866780325824029558279080533859
0.690839575191179940665624947436 0.962420498644862122860641956999 0.631489456670541964799837113486
0.936707455004790792576938993935 0.264059990284120306671982807804 0.988027724901940647866627781092
0.147540581301709786640738791688 0.966143198423818778544114657553 0.021514278355067619853095891711
0.708586464767697579182753581714 0.447430995677216796782080892944 0.695172001310210643533206627089
0.629801863989654856552731828835 0.465691389424267675737613692474 0.721431834624868045528069857950
0.898811130955527893255679479038 0.601320449428784345063901211909 0.743968515846192324865485659025
0.522770924678813759207127802193 0.894336081700730416127853335276 0.006365638065752637912198027937
0.625185976407672724935546968391 0.904929623755697514921782372820 0.632290657555800276238345971069
0.792155050726083260605799180020 0.731875967415247426683892394957 0.288118085492043272836219395770
0.283623573707117752693993079713 0.711084311504584156037716563810 0.550839952574882423957486297572
0.014062654381350063651671572349 0.954177887119950239375397948730 0.970775889521375422293727631843
0.594039778201643908494442683675 0.824624589872783258406354891268 0.234657394646379909370288029288
0.699409735377739482205492491556 0.514587956927009512387779305182 0.129791824772469650898947515755
0.782666500777442387534258251890 0.859193017259050437116952609803 0.149013620363623742130256018277
0.876258159356249149986962901516 0.834936118884583973923192043805 0.496799956406715899429345927450
0.985838941077677511128614257157 0.539941870547021706339354280497 0.965073847570030850893493489178
0.467292179076772417529400728906 0.174990810540539226401313362411 0.706604049260171355792735231056
0.091663553138743203356783384844 0.236720000272730483393111664968 0.762927098734202403146217883785
0.882649955228551782068054807417 0.097978095251644975068319388706 0.809720156953631877689272333564
0.673044781179545303605604121584 0.702022464899737383428822436922 0.901652629294265006933705906742
0.398759319421589288293580777694 0.150540274595260900379490118114 0.110422990981402252081132867171
0.312470146313811751416657699773 0.611324865676153557908901590956 0.696658368013920848245264948925
0.852995664439130253728761615519 0.500916640836659766957997695976 0.894620450317414999302130653241
0.434924843435280398480261537363 0.551208185750649927547153647869 0.057534089851496500352609033613
0.591246410358513209590234896684 0.665393332680007935106063522118 0.139603710768382706628358136238
0.207553526177850586813455132074 0.883246772392460106502846451414 0.180392685919308752486307505630
0.417226151341944534771440560817 0.427384940088638412343796401382 0.851254458219791387457565613383
0.090362534620241509941631080972 0.602571433457301298702451374371 0.002277851840574230483104429466
0.653191604813974159933356578896 0.055353351289749311017906723831 0.109138428401977021122050792844
0.838256413657171897116952660528 0.722941788659814941276086346402 0.490385960785006317394325797073
0.404624636631478967954417590466 0.612861104233823728128634593957 0.566675211635341257353308365214
0.347131477557285807800621418262 0.142174658396538263427658033406 0.728937774513409678600724536863
0.489786764840478821980422515199 0.188343447381043955861142127841 0.889864669748964717242307424543
0.959370638654031345099451200130 0.668869327212279667940335972308 0.020455021450690589795781304046
0.817095839562087597861626391074 0.076926141488534954582372523878 0.946109095485998711735086303304
0.630837361653433642299560313937 0.544331293510152874685842503298 0.948782639740528470554386712838
0.267322722748412010316667551795 0.805370794297894185981359488786 0.226720533416153529929162823386
0.081157495838988606287049636294 0.793080403565182652561054068396 0.997864425433545551803800121414
0.815768069493774968566470256610 0.644954807410030527583274539872 0.800436301357516551876368099339
0.992495647366266949594509761199 0.075383319888856847741744938213 0.088015283052520308237108155126
0.880653188008150316462815845306 0.908105999896285040757811833678 0.112387183333906158918282780884
0.358587715154014632785443190686 0.133846485998214929065790523688 0.028999162534254846887152689793
0.581848868554960252739302791986 0.674898499615291209921571591756 0.699478452869339618976631252254
0.916253804553155752821971369648 0.036391614735112143485508534341 0.667664288306907236247970888985
0.221266454612280635652363927467 0.501407589951349735528860481827 0.432672289401294242933504192540
0.363290637261965989832287180900 0.204875549749483013871529195310 0.455103198735533207901214417075
0.390099402643641732579562257185 0.963999980398221343857220875490 0.141784627112366050747334219236
0.260701524129850549527652625137 0.845714051044145695139428840042 0.294772628080893137241768058913
0.193030263254343297498204933165 0.624134691143261883949166542162 0.927314996184100678647400408125
0.841413256162142411659561228032 0.502375228427826862177501873277 0.376179756645027401069839469731
0.835861762319362507358224228600 0.789215362091438396535413568659 0.824179885131817104987646702425
0.796153030377423284698647892734 0.258676953495637790755595840233 0.939390504667121523741662975572
0.933764001465260645183517725776 0.939963471055327392386755741156 0.445985191646644617714431452917
0.466019450439525779233181022122 0.564708574208117936215739001681 0.256502933636196034999700112349
0.509827072845648883463291582845 0.704953170568246740140574923898 0.545089378928604567422381877508
0.769513660656029380694031041235 0.860418432334972154372895904305 0.486660839168673842728675998922
0.113544834922134349156566360023 0.456293377647877891781315679933 0.134364537598735455767063066239
0.448171247175672473653272139646 0.944392384048444349338341858500 0.552189268190994649588786746657
0.442025355463272614252411846126 0.498973584073496128676889203188 0.157053675369589443887603242015
0.550398759283569503578143942540 0.427283084233052430097445342476 0.852231167315792570261258170782
0.457341623356310616058197549236 0.185669915106282948237394502728 0.970117959102754807702872173224
0.555714640707146481982699795111 0.078095083110746168224370825443 0.697205543203523900625545319980
0.311867691405446365519683715795 0.703771496202743899058574109184 0.244064139940282487754653299159
0.436552625792224977062793388369 0.991139166516968174393709986277 0.197063878033068662469861289000
0.839780882083851804639420912691 0.465420826240513442334967498280 0.367970519104828177004819729897
0.581764894039258739731372277938 0.966926733046925752727018018012 0.143794645694298354907670524207
0.681791504132876519238055699380 0.463007939698281843572804724382 0.509198314894881985152778867965
0.178732270880864196707986898795 0.369106218509915486436014613867 0.065347557694175859266002981939
0.572942349348246301247765456759 0.335385377015821839281859920701 0.560816701730926330906003474684
0.938492091272174298102741951337 0.501014232331690762447052167429 0.244227389657141444773560870045
0.256076099048655467389352066703 0.707848734928407234268094933957 0.544578943700389280774593749900
0.927993108673635590173667503489 0.045593608969078891816582882658 0.518440116722113359740622261005
0.205306841480661794682843498203 0.767976010609068469868359520878 0.873713196009125101356328414521
0.947670652835393966072716282639 0.281814369870150960741450413754 0.849791536338594418026409190798
0.220330519649516540136177783232 0.069721601060371143822075325939 0.615347456452253473567722025103
0.958276147622664660053387815410 0.950962841047401163613418468199 0.043071371707173494771222716284
0.952459284054939001489654341995 0.038726237440942461375026145491 0.129427069103702022116429857073
0.467777769762169735785479518129 0.531412785926758234682364022817 0.292125513774814309484151603454
0.044956617777053285430552684737 0.825157879511362960468588320124 0.586233977533037180988501598978
0.556884259849350234204213000015 0.454504997211634208173345476100 0.540894361428312704002691097964
0.314515111315529610233862058396 0.021173165250901401572403607896 0.116948177446063100872971948419
0.061703107965454007589219611651 0.584422677962812153522406348588 0.773489668290985182829558692861
0.054209372341778021774499908765 0.506840565982443465642553468930 0.472378996043031292363160188990
0.345831775299911104437660156346 0.153146097133944347945935873059 0.664001696341177022662262309222
0.039360219954352077539478288385 0.182534092129645968078809010767 0.742472181632907280121658000266
0.717909712095033709360594097912 0.230114020313033687753287217768 0.352842141221583902157590816765
0.449339952466966378500829949653 0.579543096967708523882678355334 0.138024946138140789902162892715
0.744410749038455299887788243196 0.745769691582684912095502348216 0.332144347022791690527999028897
0.994997564081413942654559680400 0.231879740602407501262396409678 0.980962401085763513813144076031
0.154807167809169616017403661950 0.663743487261953943134832438044 0.836827663067376363812883826077
0.483486317489597197550147404793 0.466961814947329071729918124482 0.766736136116616150503310689293
0.565773564143573131464835844592 0.340685286675738201226907012873 0.654302476594683426075181055486
0.486655443744843863085311482391 0.695207273903014539469351288179 0.240415864733160222751574756075
0.743125750338761265272922856494 0.637665534029130602746551199494 0.161443500535034516068163664076
0.755057288986890825797454695632 0.379379246540278365561759405560 0.888453959074034352786829163686
0.044162737995323731525252147394 0.911893972832330068811204146677 0.173348781219614414006041962223
0.585784475475275441549595002332 0.496336942186877274289142920106 0.977838135357941321777580387489
0.501857475790016879471174468199 0.097251606382749283565684437134 0.924821305826784382841774474284
0.330977934141580561880156787112 0.582304618334228617016033928644 0.575479801216835703312133565707
0.414566898300675595857314378893 0.741307307942951880336559309659 0.016277541879120561268515447011
0.818888764779149770293825914640 0.166980307491363558222284678302 0.892197980805203399883362021449
0.573929100006367469186921951603 0.159503275986624306564942465188 0.324639032207088760969651121731
0.633946064493271594327830388451 0.829732452022132243370932549907 0.712603465970018383834385339455
0.325019303013556443264090588966 0.324792138905846218632461465053 0.071067608194338407750741998325
0.260151030788935883047074954589 0.899589393631076358357171874678 0.753246901127562645219012151479
0.557458245684090031797848225203 0.303535011824085389678848373577 0.562369899643999029031200529770
0.524826854482831135611833911732 0.798158891072338463416084061371 0.271543404024580112819717403473
0.674030381610054397896936107804 0.022488676973809832120537650197 0.007771190298093555856991115703
0.923280381016728136291183113264 0.500808941411803052048286446767 0.949707454383304613917365574927
0.205770029765833513131390935125 0.092255927143289178748672683207 0.727257188406035309704170993468
0.920031399515905941899956917686 0.041375635230384205540407521561 0.867158573352843161868094535436
0.178967477243782503140209640936 0.357582648425199083078689826269 0.906770738762152892659966886610
0.042102292250410800843224917473 0.651733182293394021862570244642 0.272405857787753370485999853826
0.072482351058756357886604630928 0.879015190808563436839105622310 0.135875484965567049428652535965
0.111424461790886652444816184474 0.357290420666985691700858844497 0.202451659398241171484478209320
0.545306317630287181827591035164 0.859490199818413403113517458336 0.320325681481547536413664703121
0.060397505884152113878738078361 0.721132723743892108012058797060 0.002992359076721793363843851923
0.062693348735022135923932819558 0.638231458489046698618165617582 0.758023288850792327936597032137
0.766361443064611953616531917067 0.824409003521024778609966264309 0.269088791391940774830095460894
0.800529841560613036728294991863 0.537824217786650824272952098530 0.491698402959302836220508741716
0.956957485468313927412285768722 0.965157652554653943449946061323 0.519770844532301558540557888500
0.668310009962086891311802261930 0.591979716590069522315986071237 0.501723801581913500372075989356
0.796338655115337431789503807594 0.968950304879519474412537437956 0.317227878702252956394397815409
0.900562586857929701396090488351 0.735758865588010919056546145198 0.286999230045447965819169332293
0.738899195274267665132323576803 0.014721348513494689743737826285 0.646184709114353500162481622148
0.204319482097731472576139230259 0.721579779728523823738136524555 0.142933051473482312872762541669
0.684006541142069792548593381247 0.061935380384305133811400898108 0.719599661863534278922411271049
0.129972776591459064012473272058 0.743408286629443789417005131536 0.485679364653774261241532531430
0.750903777446429407156782349756 0.334874484088078961930863024677 0.233241078647536310466722355128
0.500064672504325548582894016503 0.183689241295377846552885596349 0.621532282419795867432453608327
0.076388317813918647241001201815 0.143098740210993847406907903349 0.375673093860708807213537294929
0.372140567669072140329999422341 0.220915523822802050447445590472 0.779338326957757716508278371069
0.247757928494992601997356759760 0.096167997654865628529275300748 0.222322061066650000221302069980
0.060156757867490659375962483669 0.416529377046604270815424366751 0.354958245671429723600846728684
0.571719331265734540090230096045 0.573635555312951219246611678056 0.828486937956910724230211124795
0.157047638740817991754250985391 0.733189298886743185762467380374 0.830133448405905427931779264589
0.135758136574404662679098299975 0.156956349997038963404238016881 0.470272340522176122268858539431
0.760083266355872819950426177387 0.489760148212262747180917454668 0.046373751778852219665181596116
0.067219413561141832211717871777 0.154588257310738642361292863531 0.825162463230668285117715978378
0.780088232499474516600665579107 0.559372463766219641851404641764 0.820500726674506321819074643163
0.371862584339203134754469174085 0.025595876306393411435026297445 0.793369395712377145554544223666
0.757392218804833934526537431645 0.583667747583499178415315095892 0.205957561751637372644155621361
0.326717934972964794028642865310 0.151818009665576941881286293937 0.110711024873501520622230365365
0.438910576391028113716035582415 0.642770548618242593624688226611 0.942162176717332241063345967977
0.416591050497894744484774505493 0.519346502835030994509429772065 0.930551160054638517371292621307
0.604467314872012527200585347795 0.292865925238169164971976739639 0.723637537342578313082957468189
0.829042867785534431923614239187 0.253738742463123803590093573155 0.379718152902092802616902098899
0.688679947240136016287503729600 0.289513848823670274072599571908 0.843340075647381823215224312904
0.108723900203874464326605016836 0.894028786650719107916269277242 0.997353081406517852512419488385
0.280287455941099591063394086875 0.627359873149171383819690237900 0.928251615628730153405614597860
0.781302686187728492329217888446 0.642645075424711323026022980562 0.770205448190310842845975506544
0.138465159274954780498288149502 0.247857119362710390003747284885 0.339742514985295070607794286090
0.844287170723850281109242862306 0.638189883578914978591226229879 0.746302471166723745139288138314
0.350078352649410959311424563695 0.363433290017950957337168936319 0.970397902707390768784892070562
0.915823895611728653711283833994 0.848526938540780538607453342844 0.815443301868558417316741534982
0.482164745880055242042056439522 0.590567561507189847074358324594 0.871839049289991752286284070214
0.602683043805779019829363669110 0.878336880882063645514598050047 0.264578093364896431615867844598
0.095724659779634413158712947571 0.483863992059349784030202691374 0.442604984081027687900974784129
0.855761045081854763259513052425 0.265235808884409439322266447353 0.707344715236488204287709050985
0.668881078371046056382619010726 0.614763471009629487277311337419 0.154934413029643670988498736995
0.719530020206611599066626523859 0.678116805580944787116055106421 0.598911234882271871693701222222
0.168102171922421154262112161201 0.827124372659100639269851173089 0.175993887539167935502631478122
0.544987161291898276575176208216 0.689092525053794138008248782985 0.119480030142273168098261042520
0.376184962951097144578298524796 0.531065472869480148115060387800 0.585499499160405406732639986210
0.528459888097387257132597475731 0.563726272726589996845319095800 0.450426273680412901785023584533
0.221746436655902589716036908963 0.047350156996286067769738970191 0.032206798697598534408292891004
0.965501284043910784708770911344 0.346926999705878482961082835745 0.415840018380956704090202886947
0.627034587511585655266810567933 0.841040298971706254227803391726 0.987159421433780122233310447152
0.986025671995506493562990336880 0.636363780507785760925882592100 0.130572133111533930727529550529
0.545437417932639461518147364425 0.133170825478941159243261999009 0.674550501527432409737979476118
0.197166449322658636845282872313 0.330014576135741406991758583635 0.178992166649526029887137835691
0.825111595953380959823444268890 0.870377584436320862801067106423 0.852355399030062769812950653278
0.021774048501666935259361347783 0.408798319746482343062767339831 0.292242247530739970229163002969
0.277862471045780691995008661899 0.084896606354740516061346030612 0.818332882570016608093933346500
0.568514135191360584241685075780 0.078787580424203679367529678505 0.836209355551312177300174988182
0.648260326077423088854923034430 0.746320710529518766079072527472 0.078437223391941657998221358643
0.519467450712118663045392571424 0.587226221681802630211008320512 0.311656054620637299139997514227
0.895131285753353990159693785429 0.828632175448137903457345362392 0.165992237472847422555391697742
0.766003980624216021980265843887 0.132188679675362197731660547971 0.968641447271106973086150160003
0.110662805988523253591826443575 0.817308542090319740864139456151 0.005884013927488026069846014863
0.690512551610250166239596490291 0.703410608761663440771963695833 0.220275192691353218333824024456
0.523223478439965803998858963411 0.277113094629855415481953507310 0.400099435143828521965308849129
0.862324879307690212679917236921 0.412943535486777756705699011174 0.290389365951448667300715182189
0.699108559624676224761141133022 0.351533244969329810143468925285 0.282855124583526941492190205920
0.963629598338034966422772521099 0.276065220574358377506293656059 0.515280287074198866681610946040
0.864097270262719458830310736006 0.305974316322863293255168294154 0.592907016453453153934950487332
0.263831784856250433555953805269 0.007337497115357383172299260701 0.073009999011877345694763956715
0.481045992482388399495132975509 0.157225192839718122645845170271 0.761445211323908045019707169160
0.041108381021542119395329588116 0.094248513657974304811005898108 0.794026290362211378869826459268
0.944436258314490188717447493628 0.081959848458291774860995501827 0.098907144126147747154761638449
0.504150069277319374755293440906 0.944422040878835210536844270621 0.475599343230169379960766058744
0.940877368265899799326568917905 0.419517613451243020638479043972 0.037651046048538692075888814317
0.528127374963910402744350144778 0.545099957930164975935187311334 0.793790445743449886936872093126
0.761707467632119264057326314936 0.623403960462880196551044078885 0.022894594606361436459143517859
0.385368593640004564732957018251 0.234151138854830288551732489074 0.054508404032345260486293067650
0.822019576073555798692079837373 0.269352935953215063902557615750 0.160338225530244029721180654465
0.572164548777347363974266326850 0.581499527830701098707595418688 0.497278870581401347086186746960
0.291851779552270665690920067724 0.483286722975108638370456994101 0.445931545070898915492773101307
0.566597747125024299606752069058 0.404347502198707323993021311907 0.443215138182068788790885785879
0.794404236371768552239806501924 0.848675494566206424044561259937 0.482208643346762697218398661120
0.058004229279768960054440334524 0.564275078549150221121425525316 0.061506998125037742036152471611
0.771691835489934812582784088168 0.956293532090228351674077024795 0.003347572322032282117974287092
0.809097267782750650797844779318 0.724071324970658107303259209541 0.482377826346405340732677308159
0.099455437803325993381707950424 0.304652373926006711596615665124 0.022077717103400824587156078987
0.152883467979227137151444423527 0.184920065325418647825301934033 0.803674426255019185060498698618
0.788274049970906125797335972725 0.763141086429183371638853392201 0.489678382166709962585077766670
0.445840493567045246486467329365 0.309487913533081327655536393438 0.772580661198764246816102064219
0.637569190582647023747548743186 0.514483253989407233631481302799 0.988122972781901656477472717390
0.810770003534083638251084485385 0.499908014208996685482619976020 0.377279053921569885236326261820
0.266972615156325687147862674605 0.032897705859021004442562853957 0.340488266326259883378602187868
0.332184037061673227856934168796 0.536794384992258474176249755919 0.122595702379270397378705783555
0.297984913230488071255392676916 0.937928284477906075980155869200 0.591882995089399758760713592316
0.585218060895845761523662689524 0.041478825784695227147091858297 0.763845763824309455599796373363
0.133736089161649686487499661363 0.803466386682251500635167332613 0.465412256770210999229556657392
0.228396148549187737734131199157 0.161543498165799372393598354862 0.544895937536303503675881791738
0.730651544052223474861187213263 0.324975203676007982610591279917 0.596985751796410193577029929414
0.905351327961361553075012236150 0.816992437537710588778945403632 0.722109946539613381194312542199
0.318788286829522131498969782027 0.647847153938381949625251214833 0.489792147670794095010741447965
0.213330260325805290780870679617 0.347872841277012055144167933316 0.821510289368288634356736937423
0.958999294143971165354358221251 0.176234880851334368926096784612 0.476284795316987905256698403457
0.183883878207037591385009780417 0.287027953566154716659448943636 0.756464134670235616905693016514
0.743720806126484280335615789751 0.042144665891876510375976511690 0.839700297131259997448332167100
0.005056220322028974362549086574 0.047278294441910970905700571060 0.821547244715911380573104225055
0.074814198412006177180253916578 0.896244807459377063179205960341 0.657222283746876552140887577010
0.097988160110598377047941953908 0.700741183037188289589572461284 0.351970122196771050660112844543
0.953359332334550665519401967230 0.018514305917281104758354005029 0.824929521258136591174362449021
0.122871970052448509003126150537 0.988423241120265701515232863020 0.380681142892413099484437091468
0.870041126003413877031955396211 0.951478652940725335365537600579 0.119278080074672482499609216196
0.286211870401517324523436978105 0.054622918187371647823810503416 0.600685412523159179375323005895
0.598135517407066181992082415659 0.505737489674013441643441306065 0.741988256885122941587188683342
0.453338383700882049244585759524 0.856960786860224220770835955684 0.553066984100137236958641426757
0.692367102717171161178800263517 0.345499919337316781716828084986 0.362329875323022212675180235367
0.232245147208130663667619340880 0.836057181037301650187912717988 0.133401451942946179643939122526
0.713645934089274429655629275868 0.661025605984465121040660694867 0.599605918376643509302621233176
0.791625177416235420398079591337 0.975938067959112578221759473727 0.383687117885295521485283934121
0.290115332151637905120686319901 0.945171301458954387523952209460 0.982247876471883977271532654468
0.859882644643705094776450764660 0.353645817637636909795456752925 0.077261688968821108948632558395
0.744587464600707997089830850701 0.113763706731019836052344069601 0.943315652704880574462957593927
0.381004548518219021029573961256 0.394679095493467546792317286293 0.078778267440059385290780824832
0.592528825794364302302317740465 0.371621005048407135622496733446 0.616422027869645930450415845173
0.670687782292836451968671732730 0.354999643873190861148421264049 0.047258358277679223988469332921
0.079361225657169965696320822394 0.232739643020081967434503559710 0.546119807970133889268683576880
0.343136592031287238719115281169 0.860570608034417137804392559991 0.119010850981935689620229829655
0.941029259440187681577316938445 0.292014289232620387078563404595 0.503460455580362295998335931953
0.360011097124540664888016125439 0.037782174499398087232258874373 0.762594793435377494202880092954
0.388315591469332547473891290865 0.091081756534248520894029524517 0.114995637228533921973546325654
0.480539116040419669601577266909 0.893964397457241361808022453531 0.290194467915719080155553582726
0.728576800550949314959541788516 0.916392207782885233871439878417 0.257508787398657336843075494262
0.552093202470542690417103096268 0.530392252831738164192395013477 0.546346313044297818886118363451
0.968263096558969086320456655210 0.734587159078554452993449282989 0.392686722953650180577262214341
0.167964262260261632393713330275 0.100504222158176545996527598412 0.328949919449607004331886678354
0.670165191080340213167017819762 0.843124107872368916962920269076 0.204208344873890177078617725354
0.923688145621292437257786180276 0.067279377533525125024549075744 0.414647472123921052139388015109
0.378195822933010119064923050094 0.501494422802334323852025212647 0.899738712227044373316806247996
0.238996689695022756625663113231 0.107495956656033042686779009633 0.437082982795081165640421682207
0.264174247542903478632502976831 0.868379954507631967694395917509 0.316556051938388169368262259483
0.730139318683604984768342401531 0.796619977277357046866945247396 0.209675239710728331963980314322
0.711322816369219295076830189741 0.180177437148750776040566481686 0.647771711938863875304990041503
0.924614901992440349112493741152 0.051300485081177329623044877625 0.997555852465003087534987039018
0.678765009665081645893335031517 0.236229239878844833192042967897 0.387033677809937892011633032070
0.324633069105144852686230090630 0.905867272772642588264858402800 0.166497923207097711111846093606
0.810989356132144816346206743308 0.048557308877859773233682236963 0.483307408898245665090922065293
0.598699183763537916609654007016 0.828630479998486187146934005478 0.017375245741903546365871695391
0.328772286730035438997119199518 0.851797202319023046879719727993 0.162397578095970743542518173255
0.668276708539459314802232940358 0.665769941581494225970225194419 0.828036693013324913063785205942
0.254858415909817495535462128090 0.378968295453706563511145615157 0.435350873547632912932538121590
0.691943412274458798392913812503 0.233282188437796924840952658225 0.812157839354958761151819037258
0.876821757872116642190427203006 0.917692884152335548653587531489 0.573352588401112517368831882002
0.473461581035329775509093112427 0.413889941761948096979260001659 0.434409440318741309509879536313
0.174653373713693359580310560757 0.091409981248872631440360570982 0.913004827014152822386099311953
0.728041241859455339206620617803 0.571216726034538427955581689144 0.994183225865381360959173755826
0.646040952718622844133165566941 0.136311429306156777028450984203 0.946795341376069015497361983992
0.044227650873178334706726228380 0.354879231567366971207860284702 0.278659595472794055548993977495
0.162053383468092350765876201274 0.452426663622377794378230994035 0.525278736724789980181980556894
0.394700186773708468277880260520 0.769277966106195952188230967651 0.569798453901481945082397099454
0.675850918757328874603918338197 0.316386451534507484433238128496 0.853636778616719482038717992095
0.416153648547162612008530343967 0.138324171470151793582154323260 0.757134481464036404054880868624
0.317031005740342330356056715428 0.457512905820274163007501668236 0.304579427362018696534823787946
0.762907746329269587933348905434 0.920196068683050153052190774917 0.594243671124408475298433774005
0.860936347013378822004701757117 0.350812212671960920193301370416 0.336353287806611262091666851612
0.295632165696251649364348420168 0.448988656590135180443129212155 0.206336752395221685828055824322
0.255969845119599705389783970979 0.479768349605821516211003951076 0.970922066817636925449612833543
0.809858752150025948231054646863 0.575603337025667401260716898400 0.074107873637284750825710504993
0.707737708713950216759868809930 0.156673420617882121306041258431 0.268270193906958805977652627341
0.923313076861047650060627183982 0.703933681767637470790794444294 0.435417208571097416905538448071
0.267243539202287528214351033295 0.229199772090523573917638187093 0.209230682957708258912506296045
0.156374217897459763162034333632 0.564377757456819719121147466918 0.457795259678804119127202875778
0.310597760261305575819963683850 0.974947693852593081140959154010 0.290566202416475612856633597475
0.336575983506127124707491416370 0.217984957285917970272853504039 0.786272052878712970774222940441
0.988928797681286444527452949332 0.159416339186903107011001235560 0.127606847917978058161340075284
0.789621120403902339036339772194 0.387994535098676844304262520202 0.939551217837880788027486366571
0.133787946363197592951235009559 0.488668139567577343362250283014 0.208285192144572747768762155403
0.827459277399444797805103865484 0.775264924450704416444935854331 0.442427769487388458699715319352
0.466391417673664091467525070613 0.684375986717135690287626907557 0.576854026560504804212518639857
0.328792989352147329303278332306 0.548135567771232066920885680388 0.216764464931150143271905923637
0.502267591366704668540732658715 0.054285385327983673188432629158 0.098810866528871544023122193336
0.444460929884276880952915593618 0.178231599837375321983168213782 0.558033448474137025292232816122
0.403987872711573259519662149668 0.048807898874438314401800169334 0.461975544776631831589088814685
0.453126568457315607100926933602 0.490928966417501591283905082169 0.465168878869362072242626255301
0.547677673741807535705780554153 0.181282222394226732797362728522 0.681465418277180312150083846389
0.196372907681768899058390135818 0.571763686259712222690449126598 0.015816007077963975476632466063
0.318105384635225121394459394788 0.810597099228437955073743962158 0.379333441597232750735813154413
0.515045335419503893183173505995 0.018327755425987245600960507813 0.365217771885726561646620596723
0.922437108944950332841967590664 0.985669282256178789664264704583 0.190031922236080195885186586341
0.993897747254782659317023408052 0.042683847958122183475097901828 0.827304988975274176224786885907
0.074792490901072373516657252946 0.223057652025579962576383784312 0.791664781107567900881731130757
0.028510250965446378351709748153 0.094363524575198799827080511272 0.131044934084461681223161792746
0.908073431376183427225487794220 0.377496042655608684699365098505 0.369898582483497264517867136928
0.383583853850814136387055257598 0.755066505218389417395948526960 0.637558613914456786284546041731
0.294679275918086975514471179221 0.720779592537519361401622323039 0.678210844729772036459406463958
0.130513551910474297176457954503 0.787743383156401616695379973524 0.690273334336248792129540468102
0.926399210154230501155263349921 0.455296592795966175452995445826 0.387208345447833820082155239373
0.880285354091857745870144275569 0.605045973925625404766914674736 0.624777008974310989329580119416
0.959076504620554990702364755927 0.251115396282635440800203265866 0.044913476561345288656856920872
0.001095696161472294592934126174 0.054265316106394824435031603946 0.316751894075061320989083435872
0.340762133245598010873791936525 0.631052150132474606311349225431 0.085367322984180557958744192886
0.876151614809794518743982110083 0.209267183534739671566527103350 0.339083482239544645503572767829
0.953943119553339702727684620954 0.536712361289365899727511124095 0.838490932751519813768135569320
0.808196827548240431367545260020 0.792512858679969274220914997992 0.738355469131686409136033964404
0.094476190916915345724693489966 0.327262456487106233114298799254 0.458215778481633122799761507958
0.244096705520403666294326877899 0.148089768401826191659335830713 0.729364131318539766488631702475
0.994279086236401374712701761451 0.367108598310611339531576204877 0.093131456167660878979385237070
0.690398613492022091395206537816 0.694378199845608593453096218768 0.398749848464230289462700514021
0.217270943624036860967930563523 0.003613811573582981265590601105 0.291884087311022108954253339982
0.038366725052470427964710694004 0.404203912029979157427446236458 0.617083923764474167650605616486
0.654016005794313477020893167938 0.250070318059125039169313663312 0.690365171884927176317975049902
0.803220566644328104974948343114 0.138072679517103148786999844471 0.660546457763839950705027437056
0.110433052784286123162082117553 0.587971409533870373442318162128 0.638111506195588641627212974201
0.265604227555324582527807414371 0.360070186192015993276005268297 0.046851222337989965033662433521
0.774127907827717613758635676161 0.076754050080070721083490283350 0.196238048451061106416016983973
0.905334914735146027077019347381 0.382637879976169364965509356855 0.978779263811589408359732139228
0.503427639840968330059661701532 0.171667646188433610690263626382 0.281112869844382540651461727335
0.365370174429478189648781013988 0.316870255611477330185366165039 0.524769738728314547763812217069
0.751318716184127636543842271515 0.632267546196930376327469030355 0.823233105086435947905638337701
0.554073409239809728347960286382 0.409836274055708085210006508095 0.509310722831909604108041764541
0.575256956671062562457203883758 0.883439638273258656786675420054 0.056695927275030799335343496774
0.693098524722374111464145752009 0.062905385180431878924326478572 0.832636485793055823777682591293
0.305669966953551057380984458455 0.345794636914655345326184435850 0.776631670327755508847453952148
0.137134826666959837897267164788 0.902081431927350795503835796445 0.332339103880845501705218522788
0.940061596590387478384595276644 0.042835222612999340827370170451 0.133062016769451948480530072016
0.724549650246188748174138816074 0.288704876689439303885402949286 0.380774889442635963438680547991
0.590096007271581117920938258261 0.645481299815662709460797515997 0.654915258601779705162736605184
0.260324518084818574330642144543 0.367068858904569337897333417962 0.759213558533596042821432846687
0.259768914012898070977242514892 0.845540838346959755296547073950 0.274334376993874138299312376883
0.964822113147082328760442199565 0.025432819145114584296675284986 0.693910796313598964957107529713
0.806125195913103900639629587898 0.903187799138648727985016140044 0.122499778869957469099670996480
0.736570867187251144778263181844 0.447760690973568082704343316670 0.976009302963226497440059769736
0.963115710195124248828111706139 0.700226732736834907671366995814 0.483656539844010046948334384094
0.158783326501265878595181357446 0.826970092195565183633294387745 0.065966177452788912902085091351
0.354571804147398106984053426921 0.821898790810447047211619841958 0.789465272378341026797461799769
0.806924579163116788588038241484 0.496451208383929256014063996374 0.000828964757694511010639421211
0.672297784054495955365179284841 0.676843808905070516951138331520 0.557535949189764577004861052033
0.466325681400938271202667361376 0.077636296550831859502792533967 0.604214376062669792033663392175
0.726947869369592802630555327360 0.734444660292326515283152725625 0.345992755814561504147405497503
0.688682857326105829366802395911 0.449038842512511067400627037342 0.052389608795111662877394015256
0.968243891532107846610621755279 0.975055220826444183329500794283 0.916760027022383864846389042973
0.959537185958217729264377099916 0.326276181622291184775807321041 0.560499654495496584892350453727
0.264407931901712011988334499687 0.764168091868299587325331657640 0.371140012046308124810079855328
0.546091650581388947522813846331 0.256359754775508560624437068921 0.971994245501981880076959597529