0.652745943148916318854446672049 0.583923360883085273975723339390 0.753373678220996656484942377574
0.992920074790645368345565202617 0.516169275274966365962825420866 0.643222944767100734964060393395
0.375184991197962058873116575342 0.237022101255605299741091585020 0.296712318858215973182979041667
0.507819632158782230391125267488 0.711867454339263683316119113442 0.807791569750112792291929508792
0.565155571009158586015530545410 0.397633760049687146054253616967 0.319794900574129015158320044065
0.489911112134305382070920131810 0.942103426139889177370889683516 0.420111947653257489232458965489
0.297253018261015244938505475147 0.518771841977295311565399060783 0.416595063224194039896985941596
0.151365524557293879004404857369 0.835011675816966669749774609954 0.538163040463568664861782053777
0.577320983104320117895724706614 0.695969465122532993106574394915 0.351836337987435299190508430911
0.523381708742211904095142926963 0.293101046233028572629564223462 0.852287461807296531368649539218
0.639436819237142906047210999532 0.967759951768728643450856452546 0.354532443196027891030297496400
0.661368210011991974894840495836 0.140756495083138088997287695747 0.123297793278868056399133479317
0.499084652866270794824288259406 0.500179023834026459383039764361 0.778673671779410492277406774519
0.331282442608633431735398744422 0.874490300060578040763914486888 0.882972172346177863744287606096
0.915887670229908690266995563434 0.131358856589993577834718507802 0.105144454270413925667249088747
0.720149999635670501341166982456 0.066497384442883417099423581931 0.307283277306126589856205555407
0.412706056398706999654990568160 0.434366447762707552637806429630 0.619845223089651065073724112153
0.896682823923127481080541656411 0.048829076394561264640170605844 0.094614465603779326907663005386
0.174647595967009877648834503816 0.631692941266005725253762648208 0.310647838693818512112443386286
0.291464893258779389473289711532 0.794659634623067212544356152648 0.102003004401735930528616336233
0.637536087464725786944086394215 0.593598855938895941797284194763 0.665734788295173851579988877347
0.919523934828238798111499363586 0.989631574301963801154613520339 0.297941791619608764563054137398
0.936151829236464338990231226489 0.763201409996054347395499917184 0.924052692181909884894253082166
0.031002405666258753269559633736 0.682196256797307776231775733322 0.719310595102109928689060325269
0.262605815768240768992569655893 0.997656168497227602287580339180 0.991107190271895199806806431297
0.764661570423801451035217269236 0.815981150391198450932961350190 0.461933670997047129969104162228
0.134393846154825996608295213264 0.278134911870621170937312172100 0.285546365716893291164524271153
0.162311390380467795990782065019 0.626272700152127104189503370435 0.984150664781654471724436916702
0.919700371383131765057328266266 0.422511312717746279066233228150 0.573482932169336101502210567560
0.624108427894639494759587705630 0.916182824301764342500575821759 0.897329705976772751263581540115
0.775099831374504444347905973700 0.227358928959597195174069383938 0.827643676043424147970029025601
0.749017105366203694849502880970 0.272387593064773891882168754819 0.556114712361595042722228754428
0.103729155303593265080586149907 0.192004820560645605986849204783 0.092389994610124107077275823485
0.461720182112935362273020700741 0.944324549525867307231408176449 0.635610057191012822741527088510
0.279285035665686409700469994277 0.786846388347465341972508667823 0.484000432147699666263207518568
0.018980473496821907708476118160 0.349138630081899326018657347959 0.969126566853207527252322961431
0.060558513198240682129380729748 0.710956892099441128962666880398 0.429731194798124938039052267413
0.350632617178725347617529450872 0.729302958289689495785523831728 0.481777202086999978281056655760
0.241358107442765090766556568269 0.138152132424919804609686480035 0.767439276473805165323938126676
0.141445433859687330624410606106 0.870708814221546334444212789094 0.197196664514724062655659508891
0.276991661559928437075228657704 0.894221791169578006375218137691 0.868164235941541795327225372603
0.476937022909251828739485290498 0.364007851627906720004546059499 0.174808489749187112582973213648
0.744948965290066600353213743801 0.756596906717805550712796502921 0.233258335364357471952700961992
0.361553410558314802791812780924 0.243830447641929681790173845002 0.491079809043353965325451326862
0.813556481545167686775243964803 0.874047209963490723261259063293 0.242458256999578514179205512846
0.690328974961959773715136634564 0.800793260184707533788639466366 0.908567498541388740562751991092
0.227733985693884033452150106314 0.345789801418787678954913644702 0.546957507112213581201842771407
0.246146051247442654297259423402 0.671338368534096452400206089806 0.887819860370961277951096235483
0.698243835945013935351255440764 0.805033362142021147178638784681 0.911562576816376424204690920305
0.751768086150209069451477716939 0.719799344195763635134710511920 0.692702093148596764748958776181
0.422316737099098560292986803688 0.449953121038863368408300402734 0.500140475108055704289711229649
0.616221001598713957747577296686 0.285333813096825816835178102338 0.129082167759796945238903731479
0.154925787301201489665203325785 0.567652186592078722426890635688 0.845551390946037817464286945324
0.344892848884667035935791545853 0.952904901666159154238755490951 0.800502517125270318665286595206
0.199076887989316581029086705712 0.555971515459295906325110081525 0.945319829395727118104275632504
0.907939448989155017954999493668 0.986810986814358193086604842392 0.962173718544595990564971543790
0.872816193978638965589311737858 0.771669034640266704450084489508 0.057887628293085004183016195611
0.863694698752813794229155064386 0.535670678405790301468414327246 0.986962872807934488150749530178
0.468733195185369710955569644284 0.998568790714554621601450890012 0.870861531853769577082857722417
0.653562119170162603154494718183 0.244555810271819995538322700668 0.817478847482760007103763655323
0.750133857855206809261972011882 0.879523951260380632000135392445 0.611846819612870018723072007560
0.400049655748991817016957384112 0.087613942653894549827953142085 0.536069014485485051402235967544
0.152255576734703051977604104650 0.529903218891112026689427239035 0.504235170126342002738795144978
0.280833922088293663765767860241 0.373624944609791287408739890452 0.342131666668563039213069032485
0.244472214069118176649197948791 0.091452445147820207727029639955 0.381396061622063908824742384240
0.273631240054709234943430828935 0.218826910089042286911009682626 0.823332226203408845677245153638
0.437689182730435610846342342484 0.800496656414521057243405266490 0.130246580416205320895883801313
0.615571652807258451467475879326 0.791688697819141862233038864360 0.160565449701567275475611040747
0.873382133367029522830193855043 0.540919210706462760818169499544 0.241441640544816010782724902128
0.596088289978034646665605578164 0.743892484945009591079667643498 0.682660690683549287172127151280
0.887282349547488968788400143239 0.630058328159139202639948962315 0.581006434772095126106705720304
0.997371804201290457214668094821 0.986480694601117646946875083813 0.107404602672356117021301713521
0.684590366259609117705053904501 0.448761720043322598350243879395 0.198108223131901350910766268498
0.237852713175842750414901161093 0.062165812981069511200526989114 0.227038624333985333825225438886
0.326078923037861512224111493197 0.629678653316643743842462299654 0.130981020620266591647506970730
0.410372620257799802789833165662 0.804215711458452053861378772126 0.160629330672160092197131575631
0.891287421294083670453289869329 0.041439309903136198331985440291 0.661031789769977562443159513350
0.773823723380294259399647671671 0.903050523664609139373737889400 0.999327360245126694593409411027
0.027346801331839632603903922359 0.156403532032246550542708973808 0.496121759103533899182281174944
0.680109592973821119876731700060 0.165460633617793839711396230996 0.083591919505974526805047730704
0.388351956364253625419991067247 0.981211472889665148322535515035 0.306045344960370502285229576955
0.656817627401741543913260557019 0.578021845116612031922898040648 0.765917111033396547092877426621
0.522917289165311993670570700488 0.925161547040430742860905866110 0.470055928046143878251683645431
0.200509570131591596808817712372 0.961883437633002436051299355313 0.832727069074021275518759921397
0.896743214389415732590293828252 0.665374913014170954461690143944 0.990548292144477260379176186689
0.248516820547522665485473680747 0.657732395830403437919642328779 0.329390968240891757190524913312
0.807074018541489746070283217705 0.969418976086119266177831832465 0.793344546766185598762888275814
0.444113751377457399716064401218 0.970781833489505197043456519168 0.859003400505937153575075626577
0.584259053296270702837489352532 0.144277151907277745301882987405 0.119874577970836143636645942934
0.835096442941196448472851443512 0.248411978080682632752385075037 0.025207880880644371879295562167
0.854862503554140507056047226797 0.707578259996077596483132765570 0.719282490761578574556267540174
0.624705770950504168936845417193 0.659422701118594689617680160154 0.741205585602073613316065348045
0.359109316469093498014331089507 0.728053108930257208974978766491 0.832139377301413296628140869871
0.051939459709893755212650745534 0.291429640840569159632167384189 0.146539442500561029048000705188
0.778445564051509553138430419494 0.854851503630356224228137307364 0.717370705232611594048819370073
0.703804063423248971176349186862 0.867310897571530459160271675501 0.453455494356202248873444204946
0.865730495686792611564897015342 0.623478822628958595508663620421 0.613915960577961494770704575785
0.483184865195710966379039064122 0.414845997923253773098650754036 0.002499650048206163849284777712
0.791186913968849214739975650446 0.465454249107332351798049785430 0.491598093433887661785064437936
0.798989566486762448072056486126 0.246851787518402726595567742152 0.550164843999654595840809179208
0.142299142712028148238800895342 0.447934154262163930493301222668 0.166103824378533687644576843923
0.579434013444441231577286544052 0.777139500027835938844589236396 0.395254055780060675751030885294
0.059918148042635607786188245427 0.746185145631746538086304099124 0.299650714320164324178108472552
0.761477755474834427928954028175 0.145724575125650401830057489860 0.246675216474619457551753498592
0.456198175130703986734914678891 0.990141993622224436677470293944 0.017670960814187789550411267214
0.721431403107705038202368541533 0.790151687369080035772128667304 0.534053502881726038786780463852
0.252606266397465861750504245720 0.835624751437126112030284730281 0.985187523065064962857206865010
0.881871451733641231740534749406 0.356851704671363845200460218621 0.803067607871426059062969216029
0.096969065779537205740368221996 0.593741493236495387897377895570 0.447552322489330245414151931982
0.047394159005195189704462421787 0.415152765931328104898057063110 0.252948458584872526433429129611
0.191413005541861219738208887975 0.192975841186257962567296431189 0.803436604015885680318831418845
0.180889919975703195031968562034 0.210825901065870707773441949939 0.996604838888261346241392857337
0.767641088649603897664519536193 0.856652787306608654027684224275 0.820302773302798660104429018247
0.209040957420542045097633376827 0.823586450578602469185796053353 0.076169990969840714600813669222
0.679680592184162435387406731024 0.315182498759079499084378994667 0.684848054991737065222423552768
0.577340981785193996245197922690 0.112129164441537462759690413350 0.184307069733079059714597747188
0.133480181332009728567555839618 0.696772504633423994668817158527 0.180540550393653631555679339726
0.982785581228169613510203816986 0.717775394146204614997941462207 0.496439452701073813400967082998
0.029006199609256589494465927714 0.118936499343398269235017039591 0.473127638458939792087676323717
0.326160554343701336588168260278 0.838902646799719931003380679613 0.373156941387034368773356618476
0.403188947135084796435933185421 0.159831929891510099439599912330 0.836849765745694695873169166589
0.230501435789134678788769861058 0.109732247123133383470694468542 0.981266644794296261089527888544
0.283175474964493190110914611068 0.649838075837512962884545686393 0.697311985390181576782708816609
0.445432658396908709441675000562 0.837010779925060233175315715926 0.176629102357172163006993059753
0.630557918824915852873402855039 0.929371276016823677501577094517 0.243746205850013331062342558653
0.085860128401894442173869492763 0.985852835962843121464516116248 0.519381669510076693363487265742
0.680463257894925788171747171873 0.866389154593960486572257195803 0.601272252827222741800028416037
0.612773400199591256054532095732 0.030615518739043341700512002035 0.559270947140455665369529469899
0.445345874265773766786935539130 0.834957403401616282678787683835 0.094265647952892259175960987250
0.872331455231055152843566702359 0.162821012913954121792414753145 0.695416920910475355732671687292
0.674580708009004492708982070326 0.721073987167521468499842285382 0.124624609288067705881175584182
0.433487454971703933814808351599 0.196366494503625643730515548668 0.235234317116839980466025394890
0.357515580889829487354347747896 0.934875653994878041963545456383 0.013049421800125152182125987110
0.406510804030659755881060846150 0.348028298341039710184219302391 0.563285014888330604065913576051
0.575798003638077093846447951364 0.183394371478271034359153190962 0.158524463914839708333914813920
0.408237410026003832985708186243 0.545532133286046660991530643514 0.126037638280032976423328250348
0.590515545180699485960928996064 0.351884789846866885554277359915 0.211253206881676869333119839212
0.876299938393947819292861822760 0.649652414407660083739415313175 0.131672357560606384518919753646
0.252685042247994762210083763421 0.342794641193684190838553149661 0.415832919483265117666093146909
0.194540333771534817985937593221 0.066880899489939416024952834050 0.232640738076631520270254327443
0.670235907638144112752343062311 0.055958018646349277913643049942 0.864955324271022174542622451554
0.020123312887136184795577875661 0.039690543489715533753692255914 0.514083985480764393827257663361
0.807887307930932996313799776544 0.959418161152262194413253837411 0.469641302773619484511868904519
0.960302734717421446752894098609 0.145937478364727313273618847234 0.710581068556377259959333514416
0.227075393507909950585599290207 0.033245839050273097436960512141 0.543266066645837875093150159955
0.234390557058047593885774517730 0.515951126662439252257286170789 0.420780163353286162930544378469
0.649335537906565618548881957395 0.439216192388202641971872708382 0.863624941761048425803437567083
0.033644893537675774064510392236 0.261424543454799540587174533357 0.694150818582807138668044899532
0.457088897995633014481597911072 0.930367362591069224642126300751 0.892159064933708667588518892444
0.030382179548350513043075693531 0.798465976293064594315751492104 0.803409188780146221731115474540
0.856927948042489506796925979870 0.884193249826364047194715567457 0.641157054784186608564766629570
0.286494123043038839693252839425 0.617039506231271683844852304901 0.764577355405684611078243051452
0.230117303461517930252000496694 0.244433276496147044998252795267 0.363623268654860776205595129795
0.790240544995541527306670559483 0.039093355482814180767991985022 0.622925581182410814662375742046
0.575807381640065174543963166798 0.602532823788290872180084534193 0.035907997159485921523369711394
0.676790438556534534875197550718 0.147962549466345322235483195072 0.589041053697969108071674781968
0.353993327278078584452458699161 0.312146662424836074389844498000 0.171017088757554586164744137022
0.507282422729546933481969972490 0.636309335579274049088382980699 0.883018495252021584640544915601
0.719872545442412525851239024632 0.723996822139125195683106994693 0.876720493175649817629846438649
0.821400436174231307617787933850 0.833897736213404461302900472219 0.213956654578492305729398026415
0.918370471786369102495939387154 0.948601484835084107771763228811 0.948206015438300076070277100371
0.215762763120151301876603611163 0.069603794907759225507604128325 0.234519636774139283996731819570
0.560313419168176674034498319088 0.590852544508373322962313523021 0.031951894275046729965161773634
0.277389699352336316362510615363 0.711058394947037375466436515126 0.040568305046040892269942901294
0.794809274905023954715943546034 0.783766261347406123505265895801 0.508613590165857276659266972274
0.780879852809391983292641725711 0.383534512212675204878564727551 0.324187990643946988278401022399
0.728808790543546414220088536240 0.319899414087728928279830142856 0.507546267110942528333339396340
0.477930734430903836340576162911 0.681633184712842621344464077993 0.669441447392825073059441365331
0.685183923511827663865858539793 0.768852160606052659197473531094 0.428894064369854610685450779783
0.161289991686964784278757178981 0.247606825544871345101682891254 0.774637304326445175206572457682
0.824142138909622956610689925583 0.690693745085601218391957445419 0.284935999733800404687400487092
0.272303459769117295330431716138 0.942621840702981161896900630381 0.350120910839352039722882636852
0.474938239959501851128464977592 0.215643398699638944027157094752 0.986808825715797199862322486297
0.960475254013813617426364999119 0.503798081725021384968954407668 0.771504289364452033872510128276
0.928122766708807556135241156881 0.686355281827179974918351490487 0.246159259774294203459987784299
0.224200005753108472239532034109 0.218861074014389062059038337793 0.691941958930190836873919124628
0.388818086652901961919326367934 0.822498799713669792588177642756 0.840554736561499704627919982158
0.374939795444812151714586434537 0.769800109669759424768642475101 0.962060761646697848448184231529
0.700286230487897398688801331446 0.535032211118027012375364392938 0.722602345141069801748301415500
0.916844877260190149748098065174 0.026421720961929160559344964554 0.228413081663398631615535805395
0.706274137133759749573869157757 0.222447381769247831684310767741 0.245053906526826903444771232898
0.291489244473886244257698763249 0.999633078551978804249245058600 0.546268691361229241643115983607
0.843116330629578580868610515608 0.441334860599671141567768017921 0.671764166649832294986310898821
0.743960608183843796759049382672 0.826190816145727979780133409804 0.764229569950446552262235400121
0.766028868145824715085723255470 0.049775491453067192970660670426 0.479860787101682506605726530324
0.173451941868760284304329388760 0.629393036600876865094278400647 0.526636563466069795858004454203
0.298279176152167035951379148173 0.820698871659473416784180699324 0.436915446680400720858017393766
0.834294992163143178665052346332 0.141895507218372796121030887662 0.593932292789449367553800129826
0.561849235170471139610981481383 0.770950749342306229650034765655 0.722342954205469900408331795916
0.701591771460827962059170204157 0.133926446107212188119106599515 0.543786280958398537954678886308
0.525397473197701692093630754243 0.265964590054592164847235835623 0.160623181298502060165844795847
0.261170478430257979596262885025 0.576787395851529383072886503214 0.210208602147563983209010984865
0.048494804800035602732055650677 0.961255730455103929443794186227 0.459942991014697377671893718798
0.046046222506283610020894059289 0.425871141941703001965180419575 0.094314591664179478480711793509
0.179057956914573768170129142163 0.823161743352618269220499769290 0.125372977009262864811489635031
0.877127401403097972654165914719 0.028364990198284246308846334728 0.238056531725652859021735707756
0.519040825972349906258784812962 0.518007297372421349201943030494 0.773098470485529043472183730046
0.297609629650868401373742244687 0.523905147244049462784687420935 0.070319460160801233739036320003
0.987737933925547206825967805344 0.789826316257863147995976760285 0.100570044590290411101740630784
0.066332230667176347860269913781 0.020864148788388568733775940700 0.127114120201462788006807613783
0.282408852926340214750666746113 0.962345379626777575055029956275 0.393327960760396111439263222564
0.779325442683572400248692702007 0.319439868499142132218793221909 0.544999796592594343280779867200
0.298699812437037581780430173239 0.036722116311567555568817766698 0.537839842069598672580355014361
0.220938523485503968135645891380 0.574921464318275399207891496189 0.544128790904772730030458660622
0.745796372330913004411456768139 0.550381554200443989799396149465 0.913412196080102156692248627223
0.963952671257237270197038014885 0.970727958715157379643301283068 0.130623032724608179044878397690
0.897860370444609090512244620186 0.382637496387917941387257769748 0.998287652386645851798618878092
0.436955511069977819982312894354 0.993254333197904681895806788816 0.880275481250619495909859324456
0.845565718838355739883638761967 0.974456714918190858298885359545 0.927312116429342303547400661046
0.471025021515797170934547466459 0.503404847279984357655280291510 0.892464165810641474330111577729
0.279504988412699384436876925975 0.572852625231016876483636224293 0.774415690006922341481754301640
0.145994314456721341333178543209 0.115189888697341397127971163172 0.609844756844637458925717510283
0.526494805923616637777229243511 0.579327059426639756622989807511 0.329205767223011369626561872792
0.166913800409637130828244266922 0.362840461854297857691165063443 0.796085938051414254701398931502
0.923218561463332254568570078845 0.913386522546959178647796306905 0.401679836756350772120072178950
0.814256288170926323388698619965 0.992324632153995578320859749510 0.071014906588896142825007018473
0.881311058596042529167391421652 0.061174110815514042005514028233 0.304712163995736473598441307331
0.974172591944421850662649831065 0.568802686749045771641419833031 0.382662867786993821095364864959
0.405722624523486619096956928843 0.093918331661443713032078051128 0.869663895127451236355398123123
0.266079497860393365815667721108 0.015905580734855075120126599586 0.232478148485239066722840561852
0.448517114918542736390350000875 0.729095724671733336208490072750 0.407417748753271302675216247735
0.474969705407434994448578891024 0.107818356129147308042348640811 0.190958586117347089983198316077
0.926232830025310427402018831344 0.008720072629609082470736325376 0.187019037584498226678419996460
0.692618635051151732007213013276 0.212019266566113057104203676317 0.188948121007445568597660212617
0.225592982725456581150069723662 0.660520489029025048566268196737 0.611118728143183465029153467185
0.241889943120201678095071429198 0.347205676689517905852966350722 0.124939554135070837737053750516
0.220768899896034431762359417917 0.597851346991384313689366081235 0.729764757531236152310327724990
0.318609086700727239804820101199 0.414006089862495429976263494609 0.366282181207626289509704520242
0.187693778878438632951031195262 0.591539572748893238696155094658 0.676394680380979163025756406569
0.975015167615585598426264368754 0.252614597261530404725959897405 0.350488591793472192836844669728
0.985329456535732339794719791826 0.257606517658759359701292623868 0.437768583648290077192655189720
0.974852960656212963463929099817 0.955614670248656428164224507782 0.796391428951589763762797247182
0.438705024545546939940265929181 0.044586247426449475417253864862 0.740426330625481576852564558067
0.868950259749797004893423491012 0.438538657337255721735402858030 0.221117130325407806878956762375
0.334427446137997630426497153167 0.591611900584073979736388082529 0.696940518721593682549553250283
0.616674659936169766716318463295 0.523347305191613543229323113337 0.735054629310960883081804695394
0.032420938646317627729320776098 0.990153722239238698321628362464 0.803811620120967074143436548184
0.858211115753245379345059973275 0.964129511538259431624453554832 0.895066054898067453571286478109
0.034291640688733873720828171372 0.722899945437187274599466491054 0.584636288265326209412364732998
0.653140690165891601992598225479 0.315939816361055281213054968248 0.458957389492083478454986789075
0.925908426273777229731365423504 0.428475532781871670806594920577 0.615540559720065494353491430957
0.391609593001460587480266895000 0.312170096426495846664295186201 0.739434151867589206652553457388
0.001575462334649069002373567017 0.891236126268918904536064928834 0.254276061721724122577370508225
0.937584098751734318355488539964 0.654942056069343525592785226763 0.335551751459820246648035890757
0.643483428159142167856998639763 0.738263518384758565815673136967 0.518971246488789561546184359031
0.809578441512230018162199485232 0.222226709835684821392476351321 0.539351951984490041169806318067
0.865089820398707520787695557374 0.502426754219926774425175608485 0.455074695035763587824817477667
0.299742770319874174411722833611 0.898289752000028363099204398168 0.271968728652836055914576718351
0.447871230923800656142930165515 0.798667113757772439974758071912 0.671167802042580641241897865257
0.397499809440410412086919222929 0.356433142008981629356156872745 0.743032471716536524475316127791
0.905154958538179732485673412157 0.018959450754613482031940563388 0.924716904847849963111627857870
0.436355715118027898125063757107 0.744729186141786292374433742225 0.335159444940494377629391919982
0.912204100119961225345832644962 0.165962947232454222090680673318 0.051613371923632217486144213581
0.779305607880938722153985054319 0.809195273751921795302166628971 0.444662693336093872709113838937
0.451656850044002966537703969152 0.731354868379486600105110483128 0.604375427124623998409447267477
0.955143814069647878461921663984 0.413481575892372998914936488291 0.191414603742981082046270557839
0.242194104692054323901828638554 0.749781689398710371463607771148 0.889072981820984264977880684455
0.235033709708391463921728359310 0.781120003967264442401585711195 0.987680194246737030994154338259
0.499431561903354026554779920843 0.577862829810259048812781657034 0.769096522110229163793349016487
0.488888671632206950334875728004 0.959548930793983734233165705518 0.180602674297260512581431157741
0.484836214605044446557258197572 0.155409193085296187808452827994 0.442278108495240851461005604506
0.502874089672482704749256754440 0.336049815377278349171064064649 0.410151610388035159360242687399
0.490247933665900248456637200434 0.743345738381503307046216377785 0.321073771743908997766681068242
0.386606823435904745078772748457 0.082585215504540274156219936685 0.826676463146019946393039390387
0.413514736784605096975298010875 0.295960018770155597334081676308 0.593708576816358468697387706925
0.979617549071781112957069126423 0.402194943536067883727014304895 0.514042664007789418256777480565
0.866069655236039959156357781467 0.384322766077371036352872124553 0.065611248005104844116530671272
0.130346125304951959700261454600 0.426450710973661550884372672954 0.227615379335375345171144090273
0.133448206535332292155260347499 0.313585436476500278857315606729 0.398937197967917267504844858195
0.615967227940677597430862988404 0.397984904480163603768261282312 0.130622132163670828797208400829
0.583264787871900503013478100911 0.857926593518151592299147978338 0.430346038391101248787862232348
0.464823593897954467912825293752 0.133986637802197550151106497651 0.543075105303976624071538026328
0.730038525923481507184931160737 0.741642181535546729520547160064 0.073821388053401174045298205328
0.665773995871242862953920393920 0.844833237127368685825956617919 0.216621366581247476457150469287
0.241062167818497541382782856090 0.465133237691985168549280160732 0.074508899557437696659079051642
0.900816543428209492994085394457 0.941434600377963115569457386300 0.137371716839928076359100828086
0.074053769121573756462062476658 0.291892275332810813281980699685 0.914158808555232793580103134445
0.723503973938107391994378758682 0.350119354722681019875807351127 0.926801876258148582543583415827
0.237423049231145794069064436371 0.196871875724467376711501742648 0.585781312895340744439920399600
0.945395904292359867682193907967 0.358202565850087195631346048685 0.271780736808180045649407929886
0.922573798375897258239319853601 0.827519272997139898606633323652 0.044523981954792006543453197764
0.424783800249536103166292377864 0.483440036059498423615110596074 0.491095389622372036075859114135
0.077387962014702396662535477390 0.053781520774092012038281040986 0.175885558008279763164694031730
0.610991173553964594944432064949 0.836552637714783609013124987541 0.735986372256784537881912910962
0.864159683721745786044721171493 0.686187140247142890459031150385 0.878720677262690319508919856162
0.740612634802281233348253408622 0.921460403061778010602722588374 0.268971146057048249300436282283
0.779580280354995380776017555036 0.615720458849760121644578703126 0.314031938260208198787637456917
0.097736487169466881863577611966 0.243372037714967959232126304414 0.467825495398508706124118816660
0.016653997335806726420859291693 0.879915447645504777973712862149 0.121708262653977800082927274161
0.964903574120034024375058834266 0.728871710983496012836724275985 0.397001857002342029012709190283
0.903072034771061460389773856150 0.204713097348753314541625059064 0.861149191199754415748657265794
0.582392845518367341384191604448 0.401629180356815718155871763884 0.492741562595077786657071783338
0.198798906038667455575819076330 0.125900683611812863604839662912 0.939029534908040530716277771717
0.136817157036132591718669004877 0.908370151383056656513304005784 0.311686467400451916454073852947
0.095644446626884663253953533513 0.749809586480432388455596992571 0.517507860759294002761521369393
0.966313882523253231404680718697 0.644900543104076517941791735211 0.398685834814356931943279960251
0.184586481293170318052077050197 0.926446287659342226916692197847 0.665202864281277728153440875758
0.785592297218934643154852892621 0.247489980713101603848613763148 0.313191784754680124791548223584
0.671190902702086700237771310640 0.378989289803056406125136845731 0.557225961979849526706232154538
0.059013160770593882376022776270 0.449941345194353581327106894605 0.592808187326538726935609702196
0.406858313824445316786437842893 0.274569106006706975531272973967 0.562946913228146383900707405701
0.543518921616772843208309495822 0.549146806865875802827758889180 0.348422367320680714808389666359
0.124302938254301734155582437324 0.525447126027978606011004103493 0.132962598328186271112727467880
0.582538223726857595785588728177 0.259576753067433996235990889545 0.324180460053551555699158370771
0.977862880884965868233393848641 0.424438153199058476605642908908 0.996751075877667536140336324024
0.427627293648720929741813279179 0.456847339616039183063378459337 0.226024991117934254125643178668
0.358962036054477573454590810798 0.891883077363919918312262780091 0.592870780110736017576300582732
0.612709768188201775451773301029 0.672165615119948101074953683565 0.526227076563258400199174502632
0.563874528627958948590048748883 0.586752494068294883078351631411 0.130774008491141263688106732843
0.687621515550728479304609663814 0.185498448044014940805368496513 0.779967346086580914921171370224
0.518308231340268044107233436080 0.705433833299270451888673960639 0.571361161330051658957529525651
0.530547082007371106904258795112 0.602755983370813042121483249502 0.674075007000847215010708168847
0.663957105727070673317768978450 0.738546988776407453691774662730 0.368666350287261190832310830956
0.767917550251489444690378149971 0.933254471910436089743257070950 0.272718825583324053773992545757
0.788571120011259507620593467436 0.261815168183375357457975951547 0.743892935711305658408321050956
0.394624416066061467489589631441 0.781580606323424298409463517601 0.075676185473807625059272652379
0.287507695910324212462683135527 0.806883590766923952664058106166 0.909354488822222362109926052653
0.384129931597165241718982997554 0.699715930536289221208789967932 0.265968644388712871506896817664
0.958012821703616013202520207415 0.180286434521893856874896755471 0.036778500199329752784471736504
0.978395226928685746159430891566 0.827449598062136582043990529201 0.799214264267619101111961299466
0.058491300175282763540440811312 0.786476610439058143597890193632 0.853826665536562390279584633390
0.616773536834077873436399386264 0.339972592754267832759751399863 0.663320725271783095955413500633
0.551370183440849537248595879646 0.935452030068927742334494723764 0.594195209561579118506813301792
0.158233213128191496643637492525 0.282349693261907674912691845748 0.450980059408649547325609319159
0.381052991078871527985683087536 0.854135113782821364658559559757 0.805241465192003902373585333407
0.612841414572692810835974341899 0.500744636233622086862737887714 0.459037104259364503455742578808
0.151302904129653442710790045567 0.304852935711296957332905321891 0.448498989743085219039642197458
0.489152023620212705878884662525 0.590765712943123744160800470127 0.337685124835554351108157788985
0.852382690193397518640949783730 0.091391295263095417844567691645 0.791314708920472176245652917714
0.258990945454702636840949026009 0.366178423350195625385339326385 0.863471044706626056353115927777
0.119292561965178942062770772736 0.773864578623899457276991142862 0.517155175044930803807119445992
0.985521007715110974878314209491 0.277360074048735139040644526176 0.578850123072688793612883273454
0.985856038136459833509661621065 0.498280878979407093609665935219 0.219492749844508228118655779326
0.482894195202489495688524812067 0.335172242578064605300625089512 0.889007979725914165847200365533
0.394011050632894543888085081562 0.402070867335048653945506202945 0.142297143412377674609459177191
0.214831871746149344337695197282 0.586576673579575991190893091698 0.427353154058629558509352364126
0.351479383395505606824116284770 0.444603207264439637125263971029 0.521429795855245514779596760491
0.899738255592361091395048333652 0.462676857508928507378698213870 0.422209937028833137695471577899
0.188898940906006534978800459612 0.058557335721110027881852744258 0.554182592256633688165834428219
0.155087947006031873220521788426 0.560533791883073728712361116777 0.986302585248363006265037711273
0.153128199620987087703483098267 0.751837689428582311990112430067 0.386804648848889931489480886739
0.055524302026429155076936439173 0.987609487709168676339288595045 0.907936722499315784773443738231
0.032486261268939928270604866611 0.311893856553665860253943264979 0.433576330018597910775923764959
0.546575141339045722510547875572 0.955779528733430194797904277948 0.287968957962323135468807322468
0.921331230911461629418113261636 0.645176672343805046594411578553 0.717885944718062218861120982183
0.567147588005329383875618987076 0.746520160139586219649743270566 0.865574822871581828209741615865
0.656479652130280366684189630178 0.822062293516078068655872357340 0.495013109334951351137021902105
0.482900853484753367350634789545 0.689020475772965323990604247228 0.470997360546632770628150410630
0.771399129158606866596414874948 0.479075066821426809315909167708 0.955245397579021160439083359961
0.060341547572739427651722365908 0.469382241687619994330304962205 0.129161939174849610401096811074
0.270468357079155508060352985922 0.259077571794249839065571450192 0.917380541335362731381053436053
0.357527426236526280067806737861 0.950451469761610656661332541262 0.459407190514198593422889871363
0.412830302462382281447617060621 0.448644735429861607478585483477 0.674780332448416952928482714924
0.522915937543165676437695310597 0.191423091866612160583116519774 0.186185594731992892780780834983
0.879653677462341021531244678044 0.312747519757244185623079602010 0.927600449398573223547259658517
0.695745786835257118418951449712 0.818496962014167328547387114668 0.166497271276998815014991350836
0.231899192829782913038982883336 0.077658258338963920275332952770 0.746472231653318218924653137947
0.489367928984559885652316779669 0.740854492545814813375670837559 0.305121217024024560249273463342
0.755073302498329934628884529957 0.717525781361096126609311340871 0.995700630178732559727450279752
0.829879935766116183515350712696 0.353723814713037432166942153344 0.825749199777548459344700404472
0.893863460878916993301857019105 0.301705317762779035017928208617 0.533887701496162714320803388546
0.823277815912220711780378223921 0.183858632775062647013442074240 0.249161388035970710053135235285
0.433415100043578804811517102280 0.243366049664062084056936896559 0.702267678516257154441859711369
0.221152571981902273945408410327 0.388658953298280818167143024766 0.149127919991492580154002212112
0.223646442589717692195350196016 0.131820202704558686601643557879 0.489602233016019350309022684087
0.309277457570843128387139131519 0.123919067808726468538083054227 0.908705556201102826463511519250
0.931863537955929910339136768016 0.356983865628144048098846496941 0.945728318895946662436813312524
0.784020636068590515144194341701 0.189752715576023744947775639957 0.004678838023532497399081808709
0.937759681893620355985774494911 0.480972969707146702500466517449 0.755551237654532137355545273749
0.389911058615674377403337302894 0.313401163920348890812306308362 0.852795614902210230567902726762
0.064511960464695886074970587742 0.576727659496453659571102434711 0.212605721496689131777557690839
0.055417959344071135441289754908 0.485471200629588761632504656518 0.291637674572997274147212465323
0.845705751545904882426896165271 0.078212661565619484571598718503 0.988466912400451591658168126742
0.921993892288802241452572161506 0.534008659824583120645513645286 0.481073065969390256668702932075
0.445822661130285624597746618747 0.031066636633547781848330160415 0.368796298955345325243371235047
0.232816603419231243909948148030 0.662183856223222733206057455391 0.921967338817270554152116801561
0.459281403592408321578943741770 0.830525106197050000389481283491 0.640733442930981889062991285755
0.240099414386549220301603213557 0.942577757313318942422597501718 0.719870659647619759446968146221
0.245873479426688995586047781217 0.990738222313251148953838765010 0.856204744397850991965981393150
0.536504693568786161783634724998 0.396458924843785254221728564517 0.819662081839674150351982007123
0.253382298176783593568472952029 0.525284024120463044482676195912 0.661903682312706354018416732288
0.317278064678175208968013976119 0.983996710493914683581806457369 0.131508956037293039953439688361
0.136846988182003997946978302025 0.780509128783164363163393772993 0.703146880005489860465672791179
0.210514075224638858019332587901 0.492330002640775254985072706404 0.995099149913355240926193800988
0.358843227736785064241331610901 0.652646344194440342079133188236 0.761881453955563725521926699003
0.809323250300558960645957995439 0.626386968457183335168281246297 0.072599062048186308038211222993
0.130171454751883963751879491610 0.821164717083613937553820960602 0.915428594658188821142630331451
0.475239776832275417906004122415 0.464949272234762733813084878420 0.868183065664552722218161306955
0.135644274662492431149374283450 0.330177537046319247160397480911 0.346863312017586467028706920246
0.474076993279437086670213830075 0.160011541859739730986333938745 0.447973383186064888494826163878
0.441703379976216947699896309132 0.989712062754526500363283503248 0.487812696142669310894746104168
0.637246073474590835061803772987 0.116554921851383400110968580066 0.891300832025550548998182875948
0.586815822378429219341455791437 0.135733587184533682767906270783 0.803368240962835655771812071180
0.921562522995621025145851490379 0.333470981681719125244711676714 0.150137295000764420249694808263
0.307845547795453533534981716002 0.866133626740597906135121775151 0.225163512620152050924815512190
0.933071682653844880483973156515 0.828617867186942635981949933921 0.854436705877674396170107229409
0.015176409259117175712394676168 0.545932824817410122797411986539 0.533497397720048893710043103056
0.810606141574265137705879169516 0.538492336141210725664052461070 0.557776163766345756123143928562
0.517958704945015724341317309154 0.679104542610036276961693602061 0.041101046621753747900562814266
0.818092823444218852912968031887 0.681907067762875684913126406173 0.862437353649458948723349749343
0.311648121369960728888059975361 0.254849391319815488099465028426 0.004070764968934080692275490065
0.503504860500267992229339597543 0.120841764907665627504229632905 0.338058135773788015487895108890
0.877699549831490566376146489347 0.984270611790874494495540147909 0.462063260976514844635687495611
0.450626567472418360082997423888 0.619366831466574674358582797140 0.325574165769287271476883915966
0.868577970554272105196957909357 0.417582853981441182167344550180 0.935117608025589186482307013648
0.763215255344097620593402098166 0.324875127904051375082872255007 0.030250621739686584660278256820
0.850422237641181300027426459565 0.875837421030036922253714237740 0.690422997955439377015807167481
0.723617499845131462166136770975 0.450106855607957212495051635415 0.731579659624824962804723327281
0.706135050327397983949140325421 0.557980563974232901536254303210 0.411126510701243896850343162441
0.277664983133996068342952412422 0.140261478771793846043181019922 0.402614099387314627875866790419
0.019496643895469831231359592039 0.911811702110657429365403459087 0.960451950821449851325439794891
0.355888811317787656651745464842 0.705448871817194289590702283022 0.914368370166171118285092234146
0.919653100212574958760569643346 0.925202963715864523663867657888 0.751141450655077869136277968209
0.644885147718306184216885412752 0.377587300207298914855869043095 0.057140870606639922180125523710
0.411766606002788082552257264979 0.762548811120129954588264808990 0.274385585719432834039821500483
0.186611667434734063153456418149 0.760742167331110663575088892685 0.968582232229720285765495191299
0.808839642086698562550850510888 0.157105963551576938153075957416 0.636139199413188638487781645381
0.636158934836586364980348662357 0.562753292357099366149952857086 0.519899749669158195430895830214
0.369095104356940317824609110176 0.050420254813436087004685504098 0.804212070681905033531222670717
0.125892319698984012088516237782 0.789504910494281175736830391543 0.416940436686397297716411003421
0.295349245398227377989996966789 0.153168505428233403531379508422 0.132290278479370609909793188308
0.551495748591836587593206786551 0.751990430912957807940699694882 0.926443188932644989819209513371
0.973708373660244208558367517981 0.490669292973794135548359918175 0.696946729781109608481415307324
0.597580981943970468428517506254 0.499407876763129809916108570178 0.635427858473873619082894492749
0.547033621301765360378510649753 0.874711026034326821765318982216 0.299142495653722972903665322519
0.440797820524840289202472831676 0.352337212743333461073547141496 0.028295950250853879603951668287
0.070269521230678574919004120147 0.199424871662911867842282731544 0.978236953293766919870222409372
0.522062044861467455802994663827 0.165747972188494213652276698667 0.694990051397125774279572851810
0.689356379755436177170224709698 0.542359498765551228949277628999 0.578018992915996343562312631548
0.517795655426847356572750413761 0.175970636845938249726017943431 0.238134804618633372230718237006
0.416400916342444527007415899789 0.689568291613056327804542888771 0.909401517521181923520146028750
0.512409400862695929568246810959 0.065137448300106176590773543467 0.095045730100936615114548544625
0.651947078906863208835886780435 0.778459820210909203552773760748 0.877759084202429984422622055718
0.720392129014792437224912191596 0.430779399416688413282372493995 0.309457458941407415053959084617
0.734036069997720752589032144897 0.363183670561505300700133602732 0.196466130861504800764194555995
0.189418537469197734157688728374 0.775170858183608757485671958420 0.981140377448277423155786891584
0.388121848108453515457938465261 0.285891097353765610833420396375 0.377019841772417096947833670129
0.406100450217133257524437794928 0.458284240824406163827831051094 0.142937599682921356869513829224
0.033772322646444911942165134633 0.154801970466882432564403870856 0.049359007139210799020023756611
0.555571237968227493730921651149 0.365373258984908966251481388099 0.120184046659716922689220552911
0.122460907225093312833408276674 0.960215161091046431884876710683 0.045901975797946616142386488946
0.702377437806222415517254376027 0.370013737368309947317612795814 0.707044329954502059898402421823
0.051109824746792480165691330285 0.981913623979655314499837004405 0.435566684770616718846980575108
0.748447819172901707140965754661 0.939747318928489727696273803303 0.725268186585613316985643450607
0.236479810246973121135027895434 0.250155848886487841564729706079 0.751288560282682760238515129458
0.758733738138510971360517487483 0.962645536213911690026634460082 0.652070592563844919631321772613
0.339440616034611397644482622127 0.385317897190202152124527401611 0.245265490308082062531624956137
0.393955914408241680835232045865 0.776346074316307976914686150849 0.173217513121967814360147031039
0.011492220951691079280920781969 0.793993962252676488411395894218 0.789943459939805747715979578061
0.180251275626456264333796752908 0.564627523920908314103428438102 0.769352310653304671816954396490
0.975872248294312294447649946960 0.703553973263157939044276645291 0.095253687942440587455017464436
0.319168190240738169904943788424 0.533289160486552171747121064982 0.490437634491903418076930165626
0.285229510270664898818893107091 0.781616952967358558090893438930 0.864555321244221186560707792523
0.750427220893810087432029831689 0.184239430990446872993260285511 0.938092402088195553844229834795
0.038681304360869139813416950346 0.974528265257331161031117972016 0.903414704061503037735292309662
0.382131664391351544285413410762 0.950903588356905915546235519287 0.597338230053982899292464026075
0.878533465574200977954433255945 0.808482870373472328751063287200 0.134437231764714365533919249174
0.805795810904756493187051091809 0.615058571152616528898704473249 0.810430255374958830039133772516
0.358126169268848382198910940133 0.255740225106532104160095286716 0.507903120779399031015088894492
0.249955278611263209675996677106 0.076703990856974185730265958227 0.301027458027068650636692836997
0.461667016736646507180097387391 0.924721436372092475686201851204 0.041431298473151363659372492521
0.863575370810903741869424266042 0.860998496783016209477068514389 0.805505834118766528284538708249
0.994262867185868759456468524149 0.696875064578284852956358008669 0.914705753280689037865158752538
0.651645871150256628112629186944 0.785957734657708573244860872364 0.918395802516075887567126301292
0.498543138837666544027626969182 0.999091260802871139468095407210 0.330828552789236063347289018566
0.694193591850952973487665076391 0.199268527614752249954577223434 0.165088450219760290993420426275
0.699857848541285632038011499390 0.504174918045436126767810947058 0.480501535840022919732206219123
0.504258418883621106765247077419 0.007688713421731421283900065333 0.597004153238645751677893258602
0.921393643730556877180504216085 0.975938963392819602837846559851 0.481583822578457387830752622904
0.714952065268320557933634518122 0.421171013364571578119210926161 0.451691424568972654807197386617
0.152225124318475180107412825237 0.620906147999612856303031094285 0.429746411527239469130279303499
0.018363266716616390844540873672 0.965508488230674810637310656602 0.872312164765527420229318522615
0.547674917932641891482603568875 0.974680492429261247089300468360 0.260349104060963509876813759547
0.556476822905978885103195352713 0.657506023855268129096884877072 0.981321200571250606969897489762
0.985241822240824571821349309175 0.682205867349857553172398638708 0.169850358397296036239154659597
0.686648052957924637240694210050 0.172793110649994557936892647376 0.446053504113681442699856916079
0.914880252883866984525695897901 0.738667175231170092253307757346 0.167092241555506393346774984821
0.653898353894691863885668681178 0.025360506143429557834867438260 0.696523515802678128139291402476
0.629794561935059005186587910430 0.299288410231027091068511936101 0.872445519486547804710596665245
0.111310287707645436117154247313 0.483726940281967499046800185170 0.499403606604358341058969017467
0.809252857516784773750373460643 0.698768684298629816353809474094 0.037754299173459661409513188346
0.471932832544839087063337501604 0.255063252246987004490108574828 0.515403094752011847745620798378
0.114334357276400191971710285088 0.600092844542817749342589195294 0.754837809273875115501084565039
0.283259390890589823897016685805 0.821168030514774827111068589147 0.618951211499019882111838342098
0.008001839721224068488480973826 0.184911473000475140571197130157 0.099263967751203593947728620606
0.171696903478674195442366112729 0.185543603177674848447864519585 0.386320136203158248644484729084
0.764305733233230144563208341424 0.843108076852965626635239004827 0.056352315319041723640225427516
0.780526154522143023051228283293 0.457586272237348656855004946920 0.031713228240076246633449841283
0.223022501248943155749415723221 0.532487404652328688570150916348 0.803179845966412231383912967431
0.344103380146246085047323504114 0.348052322192772767284196788751 0.130419715371048156038469301166
0.646368873114074427022046620550 0.975818296333321844038266590360 0.828803698083654505346373753127
0.829893320053292860016824761260 0.321369502749479840630897342635 0.751061651150421449862903955363
0.796993051908928773485740748583 0.764977859336659515854250912525 0.422239149993655304982098641631
0.863826455150101146784891170682 0.474953025769041192738484369329 0.648230752267057175330933205259
0.512484092296337401251093979226 0.341842835524009514003296317242 0.204334592931175895724749125293
0.082541469536157083264349410001 0.726520682944736040376199071034 0.523935587511678124705838399677
0.423201929821498512573896277900 0.673350282084931417436735046067 0.451744715271813535029110653340
0.019855673059986311823621463191 0.191061427151541451951999306402 0.880143784977087451082411462266
0.346075775675774355288893957550 0.315632467081632450689454572057 0.344804033500876627726938750129
0.391395050098890251444316845664 0.742321832245737445177269364649 0.254282614213184265938849648592
0.451475860780622240131521039075 0.768905423681313093808853409428 0.192659237555174500666765879942
0.746662578153168277061979551945 0.248724926416897418324225554898 0.141122094887714905064868275986
0.738446997705824892399562031642 0.933559583493756450778278122016 0.185252293781927840354839531756
0.460378389534551124562256063655 0.572166686121321044211640582944 0.239839123993465658246648786189
0.472821307554036673881370234085 0.390360347025121845465633896310 0.206153864522925944768871886481
0.050295359483996167349051376050 0.141855986395425515134149918595 0.293416006585974886711198905687
0.800401554313947105612214727444 0.718301039277969843865889743029 0.671206385793040483100924120663
0.394324988506500384577435625033 0.429313610915695587078033668149 0.967976489638310066965232181246
0.166038834782028327241576448614 0.144459527564817225009363710342 0.665408280125886819611480405001
0.985714205642579943678072140756 0.088287316113997094113585717423 0.676302480356565927088752232521
0.378959524693155636043684353353 0.517524916516125754739618969325 0.453802918035969560239806241952
0.387780108569676706942175314907 0.770738834706291342513395647984 0.339257349757874415718816862864