   0.59401
  0.971003
  0.956395
  0.860073
  0.469202
  0.615753
  0.417219
  0.719977
  0.021813
   0.97745
  0.384762
  0.110952
  0.167052
  0.903858
  0.996159
  0.463839
  0.555625
  0.961493
  0.521672
  0.774594
 0.0134452
  0.823321
  0.386862
   0.88983
  0.280645
  0.324002
  0.599543
  0.655787
  0.730532
  0.628348
 0.0649001
  0.698095
  0.458952
 0.0295717
  0.495561
  0.370856
  0.211192
  0.588865
   0.37763
  0.154249
  0.282062
 0.0431171
  0.249987
  0.704911
   0.33678
  0.770483
  0.673451
  0.119137
  0.331713
  0.149604
  0.902032
  0.243714
   0.88057
 0.0611959
  0.867185
  0.169187
  0.143081
  0.380604
  0.183936
   0.23034
   0.51414
  0.643265
   0.83143
  0.171008
  0.798357
  0.733264
  0.558515
  0.209356
  0.718442
  0.758815
  0.435115
  0.875299
  0.347911
  0.379186
   0.27552
  0.937047
  0.917557
  0.431274
  0.553555
  0.913491
  0.867381
  0.788787
  0.867733
  0.796628
  0.810111
  0.549553
  0.428717
  0.356144
   0.92196
  0.464709
  0.193395
  0.726385
  0.310122
  0.638538
  0.556163
  0.784085
  0.480162
  0.195631
  0.749087
  0.077317
  0.357163
  0.306435
   0.35326
  0.272867
 0.0380466
   0.36554
  0.397735
 0.0467163
  0.605078
  0.785259
  0.739433
  0.282268
  0.564185
  0.329467
  0.419135
  0.509764
  0.419339
   0.47058
  0.760338
  0.445555
  0.579653
  0.213377
  0.371229
  0.907155
  0.811426
 0.0590506
 0.0713199
  0.773705
  0.163404
   0.34223
  0.515154
  0.788996
  0.336948
  0.744358
 0.0899884
  0.550233
  0.648671
  0.348531
  0.298498
 0.0230069
  0.712462
  0.670597
  0.366167
  0.485757
   0.57115
  0.544812
 0.0104353
  0.228224
  0.964899
 0.0358175
  0.891608
  0.276682
  0.711406
  0.277955
  0.689039
  0.317929
   0.29296
  0.667122
  0.680391
  0.889007
  0.467471
  0.171402
  0.477761
  0.753664
  0.777146
  0.226705
  0.958561
 0.0775225
  0.507423
  0.893714
  0.426523
  0.356145
  0.576989
  0.777583
  0.301922
  0.909208
 0.0900122
  0.674018
  0.470148
  0.797875
  0.588714
  0.837374
  0.635283
  0.274337
  0.599083
  0.807554
  0.174852
  0.227568
  0.866641
  0.191766
  0.756369
  0.778853
  0.108071
  0.630518
  0.817027
  0.965752
   0.57102
  0.861119
  0.456721
  0.945629
 0.0327376
   0.33127
  0.347956
  0.940705
  0.599304
  0.706326
  0.198851
  0.765859
   0.64784
  0.232965
  0.543676
  0.242587
  0.898815
    0.2486
  0.682049
  0.620059
  0.298628
 0.0479846
   0.56927
  0.748851
  0.788154
  0.904545
    0.2138
  0.838732
 0.0815089
  0.902694
    0.9091
  0.217278
  0.468425
 0.0543097
  0.324494
  0.146846
  0.919422
  0.422028
  0.476054
  0.397765
  0.637711
  0.758878
  0.788757
  0.041613
  0.795632
  0.494567
  0.115246
  0.665975
   0.68272
  0.188448
  0.604314
  0.929718
  0.433872
0.00247681
  0.119024
  0.814686
  0.127751
  0.498458
 0.0238949
  0.285524
 0.0718372
  0.335343
 0.0963517
  0.174891
  0.726111
  0.780144
    0.4691
  0.434046
  0.882224
 0.0781962
  0.945365
  0.716005
  0.767327
  0.808395
  0.196792
  0.475081
   0.55201
  0.433511
  0.794348
  0.708648
  0.557579
 0.0192368
  0.415079
  0.477558
  0.834066
 0.0374184
  0.335437
  0.150356
  0.554565
  0.927943
  0.398206
  0.494904
  0.576672
  0.294088
  0.663493
  0.156725
  0.198957
  0.464324
  0.654198
  0.672105
  0.128688
  0.783064
   0.52995
  0.942095
  0.702631
   0.92949
  0.804413
  0.530055
  0.420689
   0.69674
  0.673432
  0.347586
  0.295424
  0.920181
  0.517873
 0.0876963
 0.0401123
  0.906607
  0.915656
  0.743221
  0.374772
  0.357258
  0.373419
   0.80636
  0.219455
   0.67062
  0.467927
  0.194729
  0.109428
  0.466071
  0.650789
  0.367094
  0.788878
   0.47592
  0.930948
  0.129801
  0.903148
  0.614033
  0.933867
  0.210076
  0.884547
  0.694055
  0.746434
  0.250356
  0.457279
  0.148262
   0.64062
  0.941738
   0.65753
  0.478408
  0.491535
  0.100239
  0.448846
  0.684765
 0.0130895
  0.985083
  0.587012
  0.866856
  0.783535
  0.659818
  0.487745
  0.989444
  0.895462
  0.646454
  0.706338
  0.831603
  0.384849
  0.789421
   0.30859
  0.249626
 0.0520774
  0.484174
  0.417251
  0.728437
 0.0457203
  0.511162
  0.941675
  0.896681
  0.583032
   0.74183
0.00111579
 0.0958465
  0.521269
  0.126572
  0.765097
  0.595897
  0.203676
  0.419805
  0.371712
  0.483583
  0.481914
  0.378669
  0.014973
  0.759728
  0.926603
  0.525703
  0.480211
  0.367544
  0.223826
   0.48972
  0.183681
  0.662303
 0.0112521
  0.799524
 0.0559612
0.00814715
   0.90722
  0.304648
 0.0622923
  0.721403
  0.652854
  0.952519
 0.0662829
  0.403381
  0.987113
 0.0984364
  0.671403
 0.0252926
  0.188446
  0.777386
  0.965226
  0.692424
  0.766659
  0.530906
  0.346789
0.00246087
   0.84526
 0.0576769
  0.455708
  0.712084
  0.455201
  0.484075
  0.353981
  0.245361
  0.309513
  0.408067
  0.999009
  0.344372
  0.380472
  0.769102
  0.954317
  0.243887
 0.0407006
   0.93015
  0.535952
  0.932635
  0.572755
   0.21491
  0.459155
  0.882342
  0.819941
  0.204261
  0.930242
   0.75861
 0.0834515
  0.600641
  0.693355
  0.306644
  0.271224
  0.732453
  0.547419
  0.389128
  0.452204
 0.0303242
  0.995456
   0.47633
  0.777151
  0.686018
   0.99267
  0.601826
  0.677679
 0.0197478
  0.258827
  0.984484
  0.619362
 0.0776527
 0.0758828
  0.770012
  0.102533
  0.850992
  0.918151
  0.495579
  0.765816
  0.213827
  0.847144
  0.303961
  0.771581
  0.933078
  0.970873
  0.241768
  0.122068
  0.291343
 0.0393067
  0.106081
  0.422851
  0.300394
  0.241125
  0.732212
  0.495735
 0.0819539
  0.364381
  0.788182
   0.82391
  0.020373
  0.966332
   0.58856
  0.975914
  0.443957
   0.14732
  0.657974
    0.1953
  0.679042
  0.764341
 0.0183497
  0.244463
  0.616985