0.085678616214194230904510618529 0.716063033798819859043760516215 0.789908332731424356332183833729
0.438707771271132307422391249929 0.839001020468552849429499929101 0.672080524162476211635919298715
0.808963900620129128249402583606 0.922654481288920913506501619850 0.331779696718589811599287031640
0.532967428508605900461247983912 0.782618424051057526291685917386 0.647575086790215803667081218009
0.736272165241620091258312186255 0.862322831028661251906441975734 0.015990001479099100883951578567
0.863026332073216440043950115069 0.148834660859237577490432613558 0.611352478249654995856587902381
0.210237188994564533350839496961 0.469962502194904319097190636967 0.431505264789334985753299633870
0.584865336519795997460846592730 0.773677053249611890173298434092 0.962445931402507559582204521575
0.403637996334470006143391174191 0.477176199197047845590446968345 0.846528368525317542747643528855
0.858848966196563701203103846638 0.658243446609566240645960988331 0.692985070374477207799657207943
0.054161888330247792699978504061 0.583827827065854454424709274463 0.461209539964496983976971478114
0.119141824935292309217693684786 0.408361619723570878903728953446 0.671697132694236698213785530243
0.528758276303848528954176799743 0.629207851546294882894017064245 0.331187512548666296297028566187
0.002707268852859747755579267192 0.745557347758397881420933117624 0.405974332306620389054785391636
0.372085679052346851580779230062 0.607793225603043607563336081512 0.552684758195672864999892226479
0.619612534321411501103682439862 0.826281642772343283276370584645 0.494628784449115455057466306243
0.637533351897414890530058073637 0.263632197157341985338518952631 0.327736240377658638589508655059
0.869167510594349046471052133711 0.364091222451534080040147500767 0.207515632127215077229465123310
0.631719438664953836237714313029 0.382893397043283789660250704401 0.332601387187994868011031712740
0.966795712159834619292553270498 0.352237228665491342027848986618 0.514972971340205698531633515813
0.461892347965243865726137073580 0.512240129565101121045245236019 0.861277266645953831769588759926
0.934576806977616136862252460560 0.466922179981059781717078749352 0.842878886015660411246130934160
0.228042217073814390548847086393 0.986427931113859735035021003569 0.270201941439655146659504225681
0.251937281440960891831792878293 0.574876564515032995039689467376 0.099675973023862052269095102019
0.274330765379832752781652516205 0.418312443661587152199388128793 0.380732221411045013148566340533
0.809246615472981822847486910177 0.915581112952953191097549279220 0.459544761905953835778859684069
0.177699081499880978673999720741 0.041499990795633649731666281468 0.213918370760890597104264543304
0.619214163221534108494381598575 0.426684783567362446721205060385 0.358313216550506019597577278546
0.254081059585877455653246670408 0.825970474018937528271067094465 0.539447989743724543032499241235
0.255155767864953697543484167909 0.902634798355673617642480621726 0.851001121972607466048543756187
0.941382844693331888308307497937 0.865226513810925412784058607940 0.634036042348439132787518701662
0.186063012689038104197081224811 0.494144397898370613120277994312 0.240426090095708755445258475447
0.474427054140304282903173316299 0.548481851302809575443575340614 0.854987202910957311274842140847
0.269413417440594660234864932136 0.475088345924492394534155437213 0.532691278221069430820477919042
0.696798959971474674013336425560 0.373620560844670268618727959620 0.257578354465353542845917900195
0.494137183868851359580531834581 0.120382517285313545007952029664 0.716879183281011522765879817598
0.256883424960713424578528929487 0.907017038921210216884105648205 0.669836596393750149935897297837
0.481145430272315210995515144532 0.929957810954651242774104957789 0.111050677219809962315011375722
0.103386715162128869915925122314 0.657539250318509682635692570329 0.440014512753823361368432642848
0.580701609288800435493271834275 0.525860259940676311174456714070 0.309753899453658665397171034783
0.996039501571711394234398539993 0.545380855731052105461742485204 0.467106538054798181569537973701
0.833676113682837005569581378950 0.286914762809784784636235599464 0.279934265512027713462828160118
0.198326043739868174142770840263 0.369483639988086254302146471673 0.016409470562418631417456182930
0.991985157088259850155509411707 0.149916580051463549372314787433 0.887815418010415080551922528684
0.211071261180653169109433520134 0.373389832017762102189806228125 0.142307736796683514945982551581
0.474868773929189302851483489576 0.976295398523129076551185789867 0.476467678349977497020972805331
0.391473054918701046656082098707 0.169794343013453502555520913120 0.064093302806231558510496881809
0.288395589728686951858094289491 0.842829138122147325518085381191 0.647455132232472752029650564509
0.730255298625308135740397119662 0.610706757816544376638034918869 0.630063590450183674818163126474
0.068081641503239420654125524379 0.386357426545713145138449817750 0.802812742119948463681566863670
0.679656224097014427520946355799 0.287447677990814443038658509977 0.438391724586734365942675140104
0.391557868304839851170129350066 0.386085276877751293334029014659 0.806641558693931837176194221684
0.574355558028195600783760710328 0.630544788575266856867074238835 0.860214860019088423115363184479
0.511395797115840156088495405129 0.900427667837829459607235094154 0.308058388770676594425879102346
0.913713577210615413015659669327 0.309491767131174655425240871409 0.716317038175984910353122359083
0.135814856153146062966996510113 0.400626795069040975150187477993 0.996910201359442749158290553169
0.659903119431334173050629487989 0.814542535345685547731875431055 0.981944308262274634380162297020
0.720801349623718778936165563209 0.482732617935759167338005681813 0.804569314504552046685148525285
0.948731923675004695795109910250 0.814922667211220752570000058768 0.237638091394640760256606881740
0.848673402252543729318290388619 0.776129314369657485883635672508 0.767128558645851832409334747354
0.994807653953087456244475106359 0.003549220276129483059995850525 0.163428296557159485891119743428
0.599317518146993521988008524204 0.901812209171407141994336598145 0.178438126349832859585120559132
0.186262997158999021873881929423 0.718167979632947761636785344308 0.535773294442934311376802725135
0.039222772400380155610744026262 0.789371661755556397466193629953 0.451094655323285687043011193964
0.118330939680426350246733591121 0.863222113302489546526885533240 0.902316565265471770551641839120
0.811423001792050735403449834848 0.314824033061319286108670212343 0.954229896267444144264402439148
0.625527525581552223954417968343 0.758084319243123805343032017845 0.704485252641220971447921783692
0.659269195279340802784417974181 0.407463416431893710178968603941 0.168722705933080557860748172061
0.393579426633466566975982914300 0.611888309798328644539822107618 0.104767913139550777890107724488
0.496126693492582981903638028598 0.989536500856887490940039242560 0.400941389821692306671963024201
0.807213263823644444627802840841 0.787000741488822375124811969727 0.050857940515181200569205799411
0.674913419594182717453634268168 0.969596954349523754146389364905 0.032352938231984817996078618307
0.080917434135988314247711628013 0.891615642782015327405531479599 0.436814416464028520969975488697
0.071162192664860068891385935785 0.570348880689376391828204759804 0.795996981222037991443585269735
0.866368007785458971170555741992 0.812456265370259056446400336426 0.812493410251078462813723035651
0.523895210369448194320796119428 0.495636076939817982189850908981 0.822303049876493163949930931267
0.907526238621379932602906137618 0.306580667476639534552163013359 0.706988664299924352008019923232
0.133376360880677891085355213363 0.319731569350636568582757490731 0.225123336999500101018867326275
0.340175452569129510571599439572 0.860657378818414087184862637514 0.670159425570454270193465617922
0.352975279218322224306092493862 0.773525708052938187897495936340 0.230015486645809896781855741210
0.815844979703446604446526180254 0.358212091898976958681544147112 0.764042106441841228914313433052
0.004315843614276070744351088138 0.940072416561768209319893685461 0.577515152982626567279567098012
0.365532365285672622423618349785 0.824339263540180500200449387194 0.952519111137176910375501392991
0.812338305797420834331035166542 0.762902451785271162876256312302 0.392301937309723458557897401988
0.331132636541576930166996817206 0.107720855721325781129138476899 0.012068715771205128228782399447
0.792246661618747682886976235750 0.890491731383369233832070221979 0.386548004356626173638744603522
0.686349426162198628098565222899 0.344849753950762616394598580882 0.966932222228981341771714141942
0.487947840176266356415624159126 0.415525162536420300529727001049 0.515189277776056053781417176651
0.902047239635354713982451357879 0.199695636912118695827089709383 0.820654346540325430048312682629
0.162590855449546572986108117220 0.205523933121162349912935951579 0.831513675174721300642488586163
0.550195930520074649727746418648 0.272317198615318389887107741743 0.142508914057676988607070711623
0.758907823062063835450885562750 0.670477365218208998243198948330 0.086055242998416506261527558763
0.970966152515539637768426928233 0.761770567195879766408950217738 0.380874192423840296495285429046
0.395595000314427347465340290000 0.577183101133571074825567848166 0.132117738144669621958016136887
0.734466056204294170939306241053 0.454117210634694623561102844178 0.612691471473162163619008424575
0.368856280643364009552698234984 0.717399153931964184138792006706 0.735953691087757766453592012112
0.100684040863725995929023326880 0.045741284233923241997477049381 0.846784239620424372674278856721
0.676784922673567712614328684140 0.576945283607547487747524428414 0.975520493201135985295024966035
0.358732152444704799343355716701 0.549862007268689390038218789414 0.360002392097126200365408976722
0.264082163618547527406121844251 0.650606343368534068005715198524 0.254715477638918719183180883192
0.289452754473883966390701516502 0.276372786334653119943993715424 0.318602293417658888330379340914
0.829002311373245537318155129469 0.862286472922397684293116526533 0.380918717706470733030954534115
0.119747085616306828126376160526 0.658542345173964482896167282888 0.443743995441405969515358265198
0.798264570473705470377012716199 0.582507802271259533810621178418 0.183370316906553892932763005774
0.247537620180871498209995706929 0.985731458307634422766341231181 0.954234452057386661749660561327
0.735075691568600420033874343062 0.051278362461466484023553391580 0.109147963506496803454126620636
0.307407534420690242704665706697 0.717233932509121263620954778162 0.945177079232641159656225227081
0.824867991728423732844532878516 0.965714711330117991927579623734 0.798103274092736736378128625802
0.573030481817941361732948735153 0.330168179878173928543105830613 0.531259896459059133277946784801
0.316002503676413193378635924091 0.609304488385629006153010323033 0.233633068254059023116653293073
0.676338549730622351496833744022 0.284136972508241880674972890120 0.976867822705472010902383317443
0.368173053875045508398500260228 0.101938952338782071183054256380 0.250507839854147262848016453063
0.291020394377247360040428247885 0.049818769581393335110774955865 0.641480131604873826667301273119
0.136762494275552870526269089169 0.965193728784885185412178998376 0.364327395578311674650962004307
0.548494867088319515424643668666 0.713580456222857040238238823804 0.536074177058229905945552218327
0.491809049637559780876472359523 0.474891477090891189760668567033 0.385942231014122061338866842561
0.958757569710115276073736367834 0.777828092793673486760042123933 0.009257655686937621419829724800
0.269589687698881197430722522768 0.086222673424819915033445738572 0.482190197166852574373052675583
0.324266392703223271798407267852 0.850543285877301435959907394135 0.164568194898450870233830301004
0.798834249811205987512607862300 0.472501036780691885397231999377 0.057770062554903418849949758851
0.508084244902751058781120718777 0.999803570971275146206380668445 0.335168520622859400504012228339
0.862861339994040132950203769724 0.956248745501020458448238059646 0.791790541544380666039160132641
0.951651051943993242510089203279 0.823166657873295459779683369561 0.543744703762582770600886306056
0.941224575592660372969078252936 0.713352372040725435375918550562 0.892116124284750400263988012739
0.374735514905442879118879773159 0.766355024032857490290382429521 0.276952398750523909320975235460
0.216168161887938192755598265649 0.742784181594668413417537067289 0.458504699443108620915410256202
0.701645488444352927182023904606 0.835132618794631076397649849241 0.571649042255761519193413278117
0.493507571404207201481995070935 0.639874065504565603390574324294 0.106939686518438575868472639741
0.013848100819960199037161885371 0.252599039306179440345090370101 0.928618442583557635039426259027
0.723515461037241958131005503674 0.639504818017258891416076949099 0.438624404759019204114167678199
0.308612160387143896755901550932 0.524727424176170798020280017226 0.108077864225063838277129946164
0.982201116091597659085721261363 0.337860573866493596462134973990 0.581182442459577286442140575673
0.323512823185461428909803771603 0.222308639534930130299272832417 0.765909432017024993655240905355
0.153339299946642554361986299227 0.822357939312622354677273506240 0.773133575141295215082948288909
0.894269581632363363965509961417 0.851019446983738880874170718016 0.851629196463825066665265239862
0.057576742927318576292794460869 0.247264520496945305882974253109 0.698596325370219650707781511301
0.640807572241518519362557526620 0.686924430425491450158403949899 0.366212593066622849047320187310
0.023355325652338634195848143804 0.447888511969074198937335040682 0.337449122344952057162004166457
0.308298190777053782163363848667 0.367404640167962814878421795584 0.397521379459401857925371359670
0.731425719422938214187013272749 0.956614066392695749918573255854 0.912457791449222566093624209316
0.069237455850558821124351993603 0.957158602723278351120939078100 0.495347211964858424870783437655
0.694903949909002949247849301173 0.176452296781768824818215080086 0.782442062245635949757627258805
0.364669954245516902968660133411 0.348760946992572484770533947085 0.384276849457666602738470373879
0.533787345919541467154090241820 0.220973110091210400707240069096 0.232575439554951468590360263988
0.290890033016484639283305568824 0.099701204728277995070762074192 0.265522770344123137942204948558
0.007501764873786812178046989885 0.074789766794762679857910825376 0.156624124492930061336437574937
0.479984675485301770514467989415 0.546612499964072795499703261157 0.499172105018281575539162986388
0.929258923545181803049786140036 0.133671169042610588073571875611 0.992562724075427005310245931469
0.443411806758948756623794906773 0.586894966512192750585086287174 0.534965169193964418248299352854
0.476804859053550800229714923262 0.324836873819014493314227820520 0.505805938681067268625213273481
0.684527763294716096176273367746 0.755559844534558266992974040477 0.926132432103803693301813382277
0.663236797385632237400443500519 0.749654586525170474331503100984 0.879706302452642141531669039978
0.009356256574589289637389200038 0.338478069217709953697692526475 0.845133242764929182300193133415
0.392598998798821097189204465394 0.757447910678223368385886260512 0.775373456475137778909356711665
0.156070536342365118187558437057 0.750483342865938984900253672095 0.443173494496093611783038568319
0.042812602530792095989475853912 0.649551642171083076782167609053 0.846549909669476297047197022039
0.655596252463744311178572843346 0.802401122295008262241822194483 0.968867684754756930409769211110
0.431194360706928514481717229501 0.721692258632083194491713129537 0.910625643697184572467051566491
0.688764209354467582535619385453 0.534218889139362107520980771369 0.382402166938777265947635441989
0.592795784726731112002084955748 0.388130504225957406738700683491 0.740799201007565022436551771534
0.969623993599018296762892532570 0.725267617555724219968737997988 0.883641781885363131188171337271
0.489997634871829568226075934945 0.762909860818248741765046361252 0.606086795306727044163608297822
0.204083682973803359761433284802 0.322655773570998283261701544689 0.413685966849667019484826369080
0.370765999118388311917016153529 0.477980092270793466280309758076 0.550696156695464900110437156400
0.358251140185189609344007521941 0.090290762466162438615313590162 0.524438912978287929966825231531
0.351046033297772674952597071751 0.997360103408315268325168290175 0.755661137631635781986005895305
0.104902818494680014071995799441 0.106813619725853348185751201527 0.132034205497961881770052627871
0.797000805000299905600513739046 0.917592993206321039245665360795 0.328520030041249300190031590319
0.724308005608783167517117362877 0.421342950374356151055366126457 0.096632285791363708993273462511
0.649010885716722052407590126677 0.799968645718486026652271903004 0.702406472714597662765356744785
0.580993597828982744069037380541 0.944634527410870505903517369006 0.997400933665180788878501516592
0.329037122865320996734084246782 0.143018582274564515222081695356 0.968367543545249009895314884488
0.763595983805717581915928349190 0.530336358207882607729288793053 0.355055318318543200462045206223
0.768858876115239175952353889443 0.343922177833770048582806566628 0.875695020291039294413337756851
0.472487472078171877321040028619 0.670544932712445085343233586173 0.998236958269660079601237612223
0.345843064438741631949625343623 0.810228440738045785352028360649 0.837089305343060030573099083995
0.123995899265639489272849971258 0.751947728908054502383606632065 0.908579385194207445053393712442
0.129450010163204232149780636973 0.933312157699233257979187783349 0.664399289438836526677789606765
0.131066386584964222894456042923 0.556262940841357300669756114075 0.932433520242476943096221475571
0.847750572866603824273568079661 0.926622607857153668398098034231 0.626759051733507877024464960414
0.290276125398072515348957267634 0.660337289308438601942441437131 0.991003683881242491970908758958
0.377662632464260239473219371575 0.531535778951320536656055537605 0.484955866796284551512030702725
0.916417770061119463242960136995 0.535605243325961710709748331283 0.909082900589523457135499029391
0.602072454896891096076672056370 0.363631543863370543245849830782 0.123893794801989712284218114746
0.746445574665854816309717989498 0.598023505186182746662382214708 0.792035569452737120421659255953
0.226488386054710444383886169817 0.714632900874422216652703809814 0.199407991593425149012830388529
0.592661048442278293180152104469 0.120585475548420958946671532885 0.869543977650390154110482399119
0.941506552907656169004724233673 0.695629963672173223798722574429 0.098109777903542819132987062858
0.407986686586756852612722923368 0.597697494948397300973397250345 0.207207103202757092486052670210
0.622688193739824202843635703175 0.709098218560330173509953510802 0.629074330881604804055484692071
0.427059136475362755014373306039 0.777976038444069151189808053459 0.134532270761395539304672297476
0.215802637438757494159347061213 0.388547850582810383457399439067 0.944991177092780909596569927089
0.627779517730095215632957206253 0.404160498580984406391536367664 0.690868793286837479250550586585
0.670518747340147935886989216669 0.777499495422614761430679664045 0.290405539332250939299484571166
0.470168648023884749864720333790 0.177236971828571926446116435727 0.681781758134806681326267607801
0.852396576997943911102595393459 0.759718168798130033536608607392 0.026459000347606256159371795889
0.810114331674733678667621461500 0.104139617318831978476367794428 0.864477493061607260571577171504
0.335338433107148670142549917728 0.009915646861041148285575985710 0.426445567963482374818084963408
0.085864070321906044158666304611 0.096849566542477449893056018482 0.068407404013020103872300126113
0.991853522125593189961989537551 0.988740660600341381147870833956 0.164666352357305312281710030220
0.486820435364833548064211754536 0.975500570339957628895888319676 0.714456128064461126747630714817
0.581535638671628385409917427751 0.074722179237656213834917195982 0.350581423872934949681479110950
0.185626036866002763758842775133 0.877279731459042366736866824795 0.817106416163163706833927335538
0.489960761172893055626076375120 0.276491537637493234313978973660 0.875581436353186748355881263706
0.522039732623789221044319219800 0.769817418041422230068349108478 0.231529956389972535468757541821
0.481573143447081908341544931318 0.055243414122511221020506155810 0.876690682056136316724348489515
0.421054040052963818308029431137 0.855031080976275337235392726143 0.192182506477042713832759091019
0.290251750005924624709052750404 0.517549605287455749547120831267 0.910064088956208272485071120173
0.973243290092838941873765179480 0.461417964169104244387398239269 0.066401472020158475162432409888
0.740819757128784561750478587783 0.482056328695647406945568036463 0.084387921919624492295142204057
0.783913160503204919926645288797 0.858394047751593225470401193888 0.739656426762114405093484492681
0.498024733623979587449071004812 0.632071557917036841445224126801 0.024921227785153019645969507678
0.166334223372326978074298153842 0.617641226552029798391174608696 0.929097513314665390815605405805
0.866792928893204028817365269788 0.469082254158562972357060516515 0.917089571812178649956592835224
0.042961896995559710477063930512 0.024146174497907468142754439100 0.787224105268282459135775752657
0.929081770221863001424367212167 0.620641624337374131492595097370 0.619356103303991045727627806627
0.623824782474846406543633747788 0.627532840400024216620522565790 0.556763910727992361593408077169
0.862654907657128044995431537245 0.035918912460054873425630006523 0.266803143157694044873551320052
0.729144644463740387863026626292 0.806950488479519334461542712233 0.610499463644100459625008170406
0.425118530508938496925708250274 0.339463944385125837577277252421 0.813842449311502513786820145469
0.396452619819527118938395915393 0.117140995085529164843052285505 0.292480168368319359828433334769
0.231170944422727120404204015358 0.906395789755364278406091216311 0.695866693521858370452548570029
0.502786508530033038333328931913 0.182925286197580305724841309711 0.735048770598829004363494732388
0.692909519205557211662949157471 0.203536404705969176109903173710 0.954147179951125634644881756685
0.584452608390217620559781153133 0.500640211962135817103103363479 0.005676880152433309498216651434
0.918074825226291690860591643286 0.358122460913913809310571423339 0.266881718396965339490378710252
0.210389330540659252877233598156 0.055043133439826197328414991716 0.027493820824226022914160694199
0.547433103637221862847184183920 0.192876174587942095239867512646 0.371996732242575622873204110874
0.124135662354193265777269061800 0.543766412193051773549257177365 0.680570490485020940241156495176
0.283228092176134427226941170375 0.616113528696661361117037358781 0.412028798351557923318466691853
0.582886140299208599380165196635 0.960747499995076248424652476388 0.946226002644821262421714891389
0.548459209873385478140050963702 0.012348270522430870865804308778 0.720741368550889660582470241934
0.846705022546074048683806267945 0.356574973500523639824422161837 0.196843286939885842024011708418
0.972610899063064526792743436090 0.973312776970124193809397183941 0.337697894240771123719468960189
0.980723826637710738296505041944 0.681495414876394756120703277702 0.794321917172885583191543901194
0.175378093307322430183248229696 0.172497583195310721926318819897 0.874205739339754539507509889518
0.897517590492023398240917231306 0.496400438302226576503528576723 0.572101881953999358287887844199
0.328179219116393861011005128603 0.822301061806794519881691485352 0.058574611652206273748610954044
0.638430712476607542527062832960 0.575917909980486419918577212229 0.842139506323040576418748059950
0.041741595214156233806246376616 0.589495219581865015356925141532 0.202670305509963760703939783525
0.597577655802121965322726282466 0.036107465063604696209331734735 0.297327046672507810942676087507
0.828782395099465829524376658810 0.187243897394206104678460178548 0.002366814065675234418639760747
0.602397376703122100494169899321 0.282674851891405898296483201193 0.357030288437080567387482687991
0.370234586398873855017654932453 0.505660122593782679345508768165 0.412774635928542854568235043189
0.276643887404912081073860008473 0.111297990509257441194002069551 0.794233816014194959898020442779
0.859411562434077791472475382761 0.055071429571867190622125320942 0.481926944905713694478066599913
0.061415782717873637630567884571 0.421436164671078972165929599214 0.808842082626555325397532669740
0.816250989706501228759805144364 0.962704250850833775920989410224 0.525488456575390450176143986027
0.440450634443625532732369265432 0.002438668286913431119955486537 0.238358860143833839462246260155
0.549467162728614511024716193788 0.931896724899471950998020020052 0.638007180598555212469591424451
0.217760259744173595430893897174 0.055342575819071544718230626358 0.701211747306145882774330857501
0.216851150087825628176574355166 0.047371552872014263679822931863 0.846893815947301953350745407079
0.092760908453702578535526868109 0.839733778417076304201316361286 0.305126265596634416166210712618
0.633832975559252553843236910325 0.720765832797105931994963157194 0.103428613731452359592033474200
0.943392577835275525366398596816 0.094175825731504014814987613136 0.344047061443405022274077964539
0.336089649193121398074168837411 0.626933779295151039079314614355 0.985223028329768490962692339963
0.894301400297799142791177473555 0.693665893074395967232703696936 0.246666202890912761302999456348
0.373451793356821326597128063440 0.800087150444737105203785176855 0.850452172089081304129365435074
0.525710442288195856086474577751 0.901996654679094844730968816293 0.022925507565332906706467852587
0.607204633393312209754810737650 0.264695251789899943517525571224 0.204990983808578330904737185847
0.602190712824385521173553570407 0.951425493350562034855499859987 0.361940001363522778632386689424
0.084335001211261320652745610005 0.376067079125796566163586476250 0.746165922871934172988517275371
0.002597677298443120535997863385 0.022797849310813893958238551818 0.765840063950980698415094138909
0.422236158589767762716604693196 0.922227506368314742246639070800 0.951287310126345930783031690225
0.014609202608084957339396048326 0.968394490194224522028321189282 0.282478017951824755815692924443
0.079457233750839684205402591033 0.952300926370871048121102830919 0.021040095432445615752925505149
0.070930210873743473887209631812 0.033667866354421253916040512877 0.625882717243214758973124389740
0.018157335470149089939884134992 0.171637673425134529292535034983 0.775773204136560368127106812608
0.924914774513725501670080575423 0.893755874960449059329903320759 0.533611463506002636769665059546
0.208829495676851772945070706555 0.273393059207049260450617111928 0.052865153911925373553248874714
0.017703784560731138791878080951 0.224039667717896934240329187560 0.233597160411258664147737817984
0.814250602351968222336608960177 0.047837482789914113900930914269 0.675184487199667726642360321421
0.789614738655598502603538690892 0.269989203164364199860614235149 0.571649808438693174394984453102
0.720665133098805421596466658229 0.839640156657934233486173525307 0.257192757636806712540078478924
0.964785649413699264442811909248 0.101398474782575506725201819336 0.497512054518552293558286692132
0.553519770132105959348223223060 0.190750449893902801479228514836 0.865859710869904652952300239122
0.477533216411421268521309002608 0.919646509397906819494039609708 0.376623915845267387414452286976
0.181542159870011071687301296151 0.750177807089883241786765211145 0.530585242835213910517211388651
0.607098379060859061340238440607 0.073868210431720190967119776815 0.860547164268517628116228479485
0.633849577987074752627449925058 0.985354576918133107099606604606 0.250637161611581338327425783064
0.577793281075512643596425732540 0.804472542071254514972622473579 0.805337216951702683509495273029
0.867013433536977795590416917548 0.896654081050096030125473589578 0.373821162522652239434961529696
0.115838186928250375107296576971 0.306901422117021427382610454515 0.572760439431487577977009095775
0.109772620792217043272920307118 0.192105589929269099380704233226 0.172017094766701572616796056536
0.692073974813268932848586700857 0.706452070028958933889384752547 0.605639051835985653404748063622
0.503828443808779335988390357670 0.639917873321779961948152504192 0.238304540039946083362920603577
0.413074159612780655859154421705 0.330373823652287290641993422469 0.489236870724451267111732022386
0.058718511620631831660066524137 0.889271459251183227223691574181 0.255500045056226421369416357265
0.913798732002044644673333095852 0.960476325243294071221100693947 0.788270164904997905352956877323
0.791111308559623416236661341827 0.543931259726444737978567900427 0.907728837689692702461741191655
0.662204479026238690408945331001 0.743595808844921268843108919100 0.082569900539624666024884902527
0.675754261222069940728829351428 0.931234498806813415505700959329 0.620069273461208436692970735749
0.274016085967150602176189977399 0.172987948798134200112386338333 0.423795153944370728282819982269
0.782557006712415126337134552159 0.224739929557769307910675138373 0.545952919748368015184780688287
0.797331099280264132822537703760 0.068060102806137612319048457721 0.244492609062325977342666760705
0.662170702295070134901777691994 0.009102241178633707283096576646 0.411252946476391489927237898883
0.381828258790633257024893509879 0.533381975718002276920515214442 0.903997451752262981550245513063
0.136428185564825166231628372771 0.902128616496156499060532496514 0.247501617290654229996960111748
0.421680046666165431190620438429 0.790076050916037608828901284141 0.052906295623669878647188369314
0.771876873547893582738765871909 0.778582832404011715432545770454 0.933978726424711247489085508278
0.695776563981781448475771867379 0.186763640097178634791319495889 0.135507138168729501792597602616
0.787026400185120156294260596042 0.832943499220477834299458663736 0.643530521666096144706159520865
0.707481895425341567040788959275 0.027902130930909648659499211476 0.236812282098587095768849053457
0.194487163682495800554050902065 0.833316258868272652371445019526 0.936682647923867017780708010832
0.065570214592593642488616012542 0.497933005618084123522493200653 0.576423516248356970770316820563
0.876006657950782807731116008654 0.036131166866596842179859550015 0.258445127154158571514130926516
0.584689032776156580872850554442 0.502193307229425012216950108268 0.047660247653667560385759571773
0.755671655102318928776128359459 0.497028770186368928918341225653 0.106638548609468961081425675275
0.317905173859999445884483293412 0.699820616331031208900981255283 0.296000122062123671717870365683
0.473261472463876453620201800732 0.736147439011587523260971011041 0.918739216593526641929656761931
0.905804407579042347720132966060 0.695604306442163200507877718337 0.528817701412337082267356436205
0.824098289920632387506316263170 0.007421726585369149004067779174 0.685774174614795395399369226652
0.551532347116537979836436988990 0.542455728626155431193467393314 0.745792576296057219131796500733
0.202842075582127717714442383112 0.418217563205543096938043845512 0.180118097143704442020251121903
0.240564619791053396768987227006 0.368481461576370850075079488306 0.841003039727049483964549381199
0.869095571310020020838749132963 0.641245404584691480742719704722 0.279180579629093983395904388090
0.691131568183662281512624758761 0.781341057397781257876090421632 0.613194647807655424109896102891
0.627538901657193504135534567467 0.409289905159948064206076878691 0.847955386279956258022139081731
0.532914373151512688053799138288 0.462443274015845839919336413004 0.284936807717243723026001589460
0.308746045511820110807121864127 0.528644291344652739184084566659 0.858482882601863561689015114098
0.197357558425823670367194040409 0.931188354333223000658392720652 0.160636418576239226041479923879
0.106217998790815476573001774341 0.917193663541347792289570861612 0.469030782139825019871892664014
0.635846404959890754149398617301 0.773768155929790091285269681975 0.831913282714672019935164826165
0.619249529055914904596136238979 0.464895834155840903534340213810 0.820650800896659093908169779752
0.386301786591142504168061577730 0.735145670652402882794262950483 0.339886715596720734300362209979
0.616513029054249317439939659380 0.698095164109951094033590379695 0.149448300145612750222667841626
0.333643171495909773849319890360 0.555226964869743655484057853755 0.608157008396557952067951191566
0.012965733726882007828540288585 0.950876059556161168373478176363 0.952750468365656577596212173376
0.758573649688384255007633782952 0.462294976361990073154828451152 0.803250897340817560099424099462
0.889920336843765036327624784462 0.201950774414562633785052980784 0.053027850887192432005612374724
0.426323000631887882860837635235 0.725774669741046984938748209970 0.122269024495463826673891105656
0.985375439385041795858910518291 0.544979386354967676453497915645 0.894821587689372255347564077965
0.399505700776609906643699332562 0.634019138949290184115170632140 0.191571657555071994671891388862
0.208299991970212816649876685915 0.060134506567057419146316021852 0.733316918996642419514842003991
0.741605410654404550996332545765 0.882886883903271635354315094446 0.145337511700884658427668227887
0.795405984891551565141298851813 0.901870958571866276898276737484 0.723833003591515367070030606556
0.690224251562218893418787502014 0.277479876527227942162312501750 0.743448156631942969063686632580
0.740949157618982834350163102499 0.407692235347876574813597017055 0.772626920676425132938902606838
0.950124737926609119753607046732 0.847424431207875028526643745863 0.395189927003906760205609316472
0.251323888374950510371519385444 0.227442438219879083938224084704 0.231806589239746757558080503259
0.983302631777716262817534698115 0.302283586733183506911615268109 0.704065975737353300090148877644
0.545331217534588685857954715175 0.839995205543835665729091033427 0.602310986659809088905603857711
0.738060099320950513401839998551 0.147614802995030464094483590998 0.828214326810042367199571344827
0.406367126382227161762727973837 0.048456532479126471213426441409 0.537366252278434819444896675122
0.433817918120863066366865723467 0.496014669215005976621313266151 0.065317013912524271579407297850
0.113256110379345117933347353301 0.199964275533455304589836032392 0.726473813243796340266555944254
0.925569513618098915763710010651 0.970637108425447925341700283752 0.371447121075225927810947723628
0.647053519774766661143416968116 0.965263068846933025568546327122 0.355343934842164532739161586505
0.042588080723743489131027928352 0.829681606526350590158358500048 0.337468942899466994855828261279
0.427941072871242944586356315995 0.296363307154435429158212400580 0.325270904110229075456572900293
0.242921295219868466075396895576 0.523918635501117724295738753426 0.587381010243466228359920933144
0.013690542857735490261950062063 0.776484837050579468353816992021 0.744409359342512066959329786187
0.516728802725720193222969101043 0.394656939306889054108751224703 0.508102918505415446226436415600
0.130227985684228803053841261317 0.183798583276055332857978896755 0.211079003291612277148914245117
0.950890271988643953626763050124 0.922774966541604513281527033541 0.215451904102994612477672831119
0.557230226129699968140585042420 0.110630637027747752432205174955 0.503736130327086750746445886762
0.153070855802586086591432490422 0.105999067555841958165885330345 0.517142145425693811056078175170
0.421585943501789572884774770500 0.608063120020603808946191293217 0.125103952945073676472631518664
0.987534909970439467308267467160 0.694993865355923223781076103478 0.612126893331156107791457543499
0.425768701105770364101488212327 0.314932378810592550344438222965 0.232440065651498495302718083622
0.087644943430000010753389005913 0.317662165313873035010772127862 0.656248309460101819645672094339
0.918822643116525394901827894500 0.233655553555449313485326001683 0.385471977726638992400864935917
0.535040285596705356141455922625 0.276663202239710415142326382920 0.622750086016004233968601511151
0.596150796755474776666972047678 0.991430831354005448474708828144 0.084730349033858592955326116680
0.233061776799005693217026191633 0.289923977639714169907136920301 0.331396120381606873461777240664
0.955228643880230765539351978077 0.233874702316504534671537385293 0.262207925781929973574335690500
0.479784722034860167116931961573 0.169154863890475182230943573813 0.776945533057533443965780861618
0.163570125382398928737259780064 0.402389689262904526323438858526 0.196392221110275100315334384504
0.581356709038110541776234185818 0.365398795514883523161131506640 0.183033966552922533477243405287
0.884358241609236483959932684229 0.124115602768600036265311814532 0.479950992014569643995258729774
0.092032525498299169730564983638 0.891300248324490174134382414195 0.753333804617887015098176561878
0.656916549831267793102540508698 0.622774969407288381262333132327 0.420357060796200332486449724456
0.634951802477703219906857157184 0.208506108851539695425714171506 0.281811272393314105055850404824
0.628220041311537413797339013399 0.859128585044268366921471624664 0.617901534771813754076674740645
0.073094792730764857058289862834 0.399735576756211574700472510813 0.301673329767174480675606673685
0.383900017934774684391641130787 0.171055582961337021563608118413 0.975714164969632036239488570573
0.084305552173692663298076865885 0.680320701565160446122604298580 0.456438112632235160059934742094
0.406707080628097683572264031682 0.378709467232560104132943479271 0.665053978140418111664189382282
0.239318644711763478527544179997 0.597815197800830699925711542164 0.175636566022894513583452180683
0.660371682357580036537569867505 0.258984442663193037414970376631 0.125316787892852971042501053489
0.797479507049745794944328736165 0.710286237029449929458735368826 0.130993744912003357017127314066
0.185082750581010119228508870037 0.189610269599526565231784047683 0.666837568670773372936366740760
0.782758310959919101357229465066 0.097849207105899338454690905564 0.342492997409996946522880989505
0.013085646082802292189395387823 0.610725204749006822524393101048 0.842812831763662617667876020278
0.707804128944655275290642748587 0.267701857508533536122996565609 0.234888388435686490396392400726
0.719846359163110349754788330756 0.958019711091696590798960642132 0.864173542092901980637975611899
0.702075399223911267299058636127 0.485650689039272387415024923030 0.015239035625825635839047933473
0.203966012190948647875288202158 0.498155499655722866503282375561 0.678399252202371738640351850336
0.826078782203806816220037489984 0.952443029670430263422531425022 0.044710321581954197422970054276
0.152178595167786590014458170117 0.942550350252925661642677823693 0.527886561474336213350966318103
0.006009613776228295636827603232 0.689450075454260291607511135226 0.414932692706535766191677794268
0.775143836487719339878310620406 0.039373039267323106660256826217 0.376970850314337802000608235176
0.573927250821970158511931003886 0.936415600482737087162377065397 0.444115297842604561662227524721
0.911558274471588769749530456465 0.254118649416609554414492322394 0.004703180712673771940446343365
0.482775827736599771888847953960 0.263409242612616389944690808989 0.273144306639414302662061118099
0.897972717002502696104215829109 0.338604963715002926782915437798 0.784058393557797272954701384151
0.147396228304882859205804379599 0.491386913009693004905642510494 0.397822826763083337020532326278
0.178036443196194660298914413943 0.846499978164103050737310240947 0.178597615737619674902703081898
0.796574470813488866305362989806 0.018727882398354139120710826205 0.445352890396127354399880005076
0.285876641540752318704221579537 0.035074251079073789916229486607 0.870600283681447817407672573609
0.279752447805494741661647140063 0.367016583556551700961989581629 0.067258559822598554256423142306
0.340248278470070386614310109508 0.189735053007776682809648605144 0.934912254169721679275539827358
0.820666068283322891474540483614 0.846769305193963539579726784723 0.787646531197373045429799276462
0.968983507865443516315906435921 0.415757012141010351413683565625 0.047832524933708014946986963878
0.926982565648108658429293882364 0.397984750256295594095234946508 0.058186446173103804901938218563
0.863617957098819055694605140161 0.068045617664425628312585558888 0.046978003534847198596757777977
0.532368830596440578695194290049 0.764036333061796968380008365784 0.948289257439019150908166011504
0.514874776101034492548080834240 0.047664566033150591872757928513 0.876052222796785406977448928956
0.168143383323344192126214124983 0.179557781011792094716383871855 0.848648015149891521424763141113
0.004081832491074041321943433047 0.009417412386397578868968416543 0.892401667205061310816915920441
0.603736204451217894906278615963 0.705033130159441467910141909670 0.738818588315938273858307638875
0.888289783873726368490508775722 0.194141559794030055252633815144 0.605991316711869343336616111628
0.826559300857618750590916079091 0.694367453611108853550604180782 0.112826667554239729041043460711
0.260653799407872643900674347606 0.500204617682071361883799909265 0.858775537020970203272440812725
0.617318997623802823149219420884 0.051328259957909946886722707404 0.539168979985078067329595796764
0.081996952172124090707505672526 0.372989142462645473230509196583 0.069897509992330811301464166263
0.797979916088637608595490746666 0.134655065172996163402885372307 0.181064650003236959907582104279
0.622155674845405015638277745893 0.675970754122275696573751702090 0.694973921997957821972136116528
0.984597289999650349123783144023 0.928812419069586892028667080012 0.201050147956642333291199520318
0.331865036149127989872908983671 0.099060046438284199421531184271 0.938730191494146049002722520527
0.088357690071613134707995129702 0.201490725626933764313974961624 0.715970286294199120824544024799
0.104541270583559747775481696408 0.181563063903797144993390588752 0.206301801311031790531203000683
0.108487634002656985199308792289 0.657082306263915283395249389287 0.660842344079564991687902875128
0.875244512202392299649034157483 0.814539491380133928721818392660 0.541451333389603717272109406622
0.906857587427344902231141077209 0.640208197372873377695157159906 0.986163674931436307069532176683
0.483615419815091429622810892397 0.827627862268070391138508057338 0.383013311338064987854323817373
0.459393240025187943320617023346 0.503792442088454528459351422498 0.087883029220008956894361062950
0.390889141602194845059869976467 0.033779895237368427751700750150 0.294604366244643922634338650823
0.318682921304414390473169760298 0.373934098366414169323235228148 0.849761075763838968910590665473
0.014712334958447561422678617760 0.701704166698240983102152767970 0.658137446965027073098042365018
0.687357040778173944417517304828 0.302137958078098400882538498990 0.723769472192284935019301883585
0.619139153048028578751882378128 0.127169776356446495579888278371 0.453764347822840752311179812750
0.214374265860835938601880457099 0.034433131383704226879949317208 0.481133609710459542174731950581
0.101860416871234385483013795692 0.459890272311419823214606594775 0.397023785149796526461329904123
0.251742979111189812968518708658 0.284365320240130448059545642536 0.342985070595052732311813770139
0.871583907981733019276759932836 0.616556346864197357682257916167 0.034405110691168389047689402105
0.098133718594996074968683785755 0.770216455354495233009970434068 0.450805464968511260259731443512
0.489774382672738872734896631300 0.322596993143163368600312423951 0.203321358859269690766424787398
0.755805962952026733070454156405 0.341449253905615701665254846375 0.853939135978338370591700368095
0.484546358121535292173831521723 0.961957436189629477851781302888 0.147931954485643502028580087426
0.652999785358096551668438678462 0.407991080089238511430238531830 0.545454936217920627328226146346
0.663993588567556747292996988108 0.043266745210369834950814293961 0.587373851048024531174007734080
0.307812855625557102445810642166 0.528819745416284736627687834698 0.793322917194762444736966244818
0.826651722193608495814487469033 0.644505190155294949150288630335 0.388813382056768352956765966155
0.197340912513393085259139070331 0.753838039298369122498399974575 0.905521572690429432661574082886
0.051605141225729109222264412438 0.577610728385076321877988902997 0.264571937331421647154883203257
0.014009695178358988129629913999 0.747853652885182240694916799839 0.330018049416865244527485856452
0.700409434751116721784569563169 0.837053852742721704593975573516 0.153642689401539384030925816660
0.043986207652264158740607058462 0.136442591960084264046670909920 0.743005288698564969607218699821
0.494247908783474354521558780107 0.811054840529246590108414238784 0.906253587337664701095718555734
0.336980899294752944683750683907 0.556329806914515057059134051087 0.723623634361299616912788223999
0.157127982972906893310849341105 0.691139052361732675322514296568 0.554143521798949434398195990070
0.246676519239235003677634949781 0.130866688258637481334645258357 0.140435380436179452212641649567
0.659611893454169040396095624601 0.618746816130956056589695890580 0.550283964888713672536368903820
0.521719942202681918885787126783 0.807360573588826291313580441056 0.744026815533096463894935368444
0.627636843186943349515161116869 0.195348924530419659761903972139 0.256236519321532962845111569550
0.396249208239675854148487132989 0.849894913509040117460813235084 0.352803062090850050314116970185
0.343728814423720885340429731514 0.697885461581468247160842111043 0.187065250626851364845748548760
0.547746255996356179451822754345 0.197265765223394923255639810122 0.546375194021220145224049247190
0.071595059693354293206546401507 0.986819293264974084500806839060 0.169476539301839895790280365873
0.045978677020169000932980907237 0.197755588849872931955786725666 0.103001744742133430343677957808
0.046980703522333029653612612719 0.111752019647743741637135883593 0.854680414030555279936152146547
0.870093238272552027545714281587 0.054769684946836962036176288393 0.330926484968871281733271416670
0.183503056084460297592286792678 0.387283756889578056892275981227 0.518605470140006352686157242715
0.919155079759416460127852133155 0.862801420716604483551748216996 0.610583785225117914308157196501
0.118858826705249776001238615208 0.004623814656887759860781628163 0.816867542400863233531538298848
0.004369336728194148783410710735 0.712792317854337831306565931300 0.983791185613625218664424210147
0.272104895015244485634298143850 0.555806089642461920163896138547 0.992252049606269226345034439873
0.885665229567742406935337839968 0.050307866321861953451399784853 0.240053715121870764326317271298
0.981590797683056015543456851447 0.401365678737993225588809309556 0.961485066149032729931889207364
0.715854707340852769448247272521 0.444421409928702271230349651887 0.603097168417627838010730556562
0.718680989645730239345766676706 0.686773659848977424680072090268 0.193445795036079948303608944116
0.724906478363061101966025034926 0.196551240124249571028514083082 0.665156538766242033666742372588
0.774365044030688953746732750005 0.772190016278089919055105383450 0.582336847034203075601510590786
0.538884768977553441082761764847 0.072406102980604472585390851691 0.134701565240421122782166207799
0.636221971395804830606834912032 0.230846824200914096936188002474 0.017186985749186527161480597670
0.805408114204084424336826941726 0.065047219104106754339333917869 0.560003786209315790323159944819
0.705690133329551549934421927901 0.462773434519129167608042507709 0.355688205556224545933474701087
0.534522205195786748177511071844 0.697242662223387266173801890545 0.692812688405524679247093899903
0.704850588801645749903457272012 0.829110177659403202454768688767 0.362514121485735585359577726194
0.583819696314642366807845519361 0.913154916762588086953655874822 0.050308336410734386112686422621
0.306648229455250165287338859343 0.700918510357069424188125594810 0.106979415697490060077612383793
0.594679102128955472394977732620 0.457086459428031055551855388330 0.163674606497518637659993601119
0.163614533710258441834284326433 0.858021783474732901986214983481 0.057995288126040538123628920175
0.713762480844700619719844780775 0.226293550320404435183263558429 0.274057372727900983022664149757
0.145397271147658602163943442065 0.671163368567113338691854096396 0.432241644249485135187427431447
0.675397044090140119543264063395 0.469262137902064058181395012070 0.088428751948751105338430988922
0.762844225941172848770577274991 0.230036716067924085216134244547 0.628996695962781848798783812526
0.780366576532235178831342636840 0.633643977316101003616211073677 0.131673375426989619496609407179
0.514310544058037999448629307153 0.121631997939378871942395221595 0.409184431983893481810099501672
0.667661446263352775787325299461 0.463493268327036578302369207449 0.453373008914492725551781404647
0.557828908124442301996737114678 0.911765757032762746980836254806 0.442067383074304987022884461112
0.623050257780030869447784880322 0.830770851685930455943207562086 0.842185226931002950401250473078
0.220928179108593886192934974133 0.430716419849352105675421853448 0.787560765574629950691587509937
0.399190669913286499959070852128 0.060895901965819509982225099520 0.234505565373197222278633944370
0.396026688243919899878875412469 0.484823064532884373534216138069 0.855794604578872464273331388540
0.238098925713644937740554041739 0.299943343937720208192132531622 0.321078981472755708992394829693
0.142639643263998389111080200564 0.265605360377178634223582776031 0.757214496441504736345962101041
0.160307308668837272813689764916 0.793395328144487765875680906902 0.981414143964915108853119818377
0.343131703001557819554534489725 0.639741499423402748547573537508 0.224408468764397489580986189139
0.802075431709645791933382952266 0.906884372629560564504913600103 0.464272744962815619995666338582
0.421102542846855110170167790784 0.386415153168474023726020050162 0.818184869962737426618559766212
0.572358044652212738512275791436 0.229304175473111326866160197824 0.727681865284468876176049434434
0.406239317823430756693170451399 0.038614594222944928492147198540 0.398902737644092730828759840733
0.546083387029795863654157983547 0.357143795698011579098363199591 0.988405922473915454773418787227
0.638381395948583896249317604088 0.585669582215102790812011335220 0.488844071048320949479659702774
0.361506709299310002858618418031 0.829041289014299964676979470823 0.641603244410307693712525178853
0.537943682656858324087068012886 0.573741332175605744936319752014 0.089300474984070454809170769295
0.817618901507856321586587000638 0.023701469486438250106052905153 0.054043216761152736149487196826
0.670489848334804183771495900146 0.946218070310452130655676228344 0.193076421312189577816909036301
0.780550482354477437318962529389 0.973938474433331147217529633053 0.624595049560945803079903271282
0.539365046706528294961913161387 0.820037536199833771988210173731 0.674721576019015611969109613710