   0.586842
   0.283659
   0.913278
   0.330528
   0.739919
   0.576314
   0.648931
   0.677572
   0.599547
   0.824886
   0.729346
   0.768935
   0.316757
   0.836787
   0.773995
   0.654231
   0.258706
   0.344865
   0.604425
   0.531328
   0.852176
   0.477982
   0.314972
   0.759387
   0.775563
   0.914428
   0.958631
   0.613162
   0.724419
  0.0881745
   0.188504
   0.566072
    0.32038
   0.984079
  0.0246214
   0.360748
   0.873257
   0.016286
   0.920967
   0.325775
    0.88324
   0.759423
   0.159411
   0.393125
   0.172466
   0.132758
   0.748755
   0.939955
   0.411103
   0.967663
   0.488601
   0.390879
   0.176045
   0.986917
   0.257655
   0.946815
    0.40065
   0.438696
   0.577873
    0.49912
   0.570874
  0.0298072
   0.606759
   0.187287
   0.199968
   0.915989
   0.708565
   0.229926
   0.244069
   0.272568
    0.53121
   0.829253
  0.0725341
   0.743528
  0.0659809
   0.813713
   0.799462
  0.0372455
   0.422011
   0.822489
   0.490544
   0.857031
   0.293213
  0.0182541
   0.130332
   0.568616
   0.822953
   0.961606
    0.62403
  0.0380411
   0.306065
   0.141565
   0.595515
   0.837398
   0.935209
    0.69113
   0.490831
   0.578466
     0.5703
   0.491269
    0.62278
   0.707714
   0.772789
   0.150139
   0.313127
   0.728056
   0.869479
   0.447478
   0.822243
   0.959039
   0.472638
   0.700269
  0.0130828
   0.544073
   0.766571
   0.959091
   0.941483
  0.0507847
   0.125648
   0.836995
   0.897717
   0.461585
   0.586802
   0.682391
     0.8999
   0.290241
   0.292843
   0.170075
   0.144561
   0.924511
   0.244599
   0.452438
   0.526907
   0.716776
   0.202319
   0.615199
  0.0499066
   0.950911
   0.054169
  0.0210624
   0.900873
   0.639575
   0.815181
   0.278274
   0.579416
   0.827128
   0.311466
   0.247814
   0.065806
   0.793368
   0.207549
   0.800976
   0.760985
   0.938295
   0.807865
   0.693304
   0.739597
   0.360112
   0.759433
   0.661307
    0.88151
   0.453743
   0.977029
   0.916346
   0.464716
   0.187309
   0.895216
0.000213115
   0.573491
  0.0871469
   0.478437
   0.937926
    0.59037
   0.372554
   0.836169
   0.121661
   0.638279
    0.89871
   0.444288
   0.928736
   0.308541
   0.781985
   0.415097
   0.171122
   0.582049
   0.679837
   0.868919
   0.212578
     0.2149
   0.876855
  0.0682823
   0.468136
   0.554222
   0.876858
   0.388845
   0.418818
   0.238604
   0.500579
  0.0929372
   0.586885
   0.248002
   0.701883
   0.620745
    0.11542
  0.0490042
   0.795835
   0.402778
   0.504445
     0.2808
  0.0266494
   0.870626
   0.385152
   0.773866
   0.854296
   0.830608
   0.855914
   0.946198
   0.832289
   0.572811
    0.62041
   0.590228
   0.855724
   0.236517
   0.769155
   0.993646
   0.550773
   0.161329
   0.635562
   0.831958
   0.213019
   0.784847
   0.490251
   0.820232
   0.111903
   0.291299
   0.524421
   0.431142
   0.619626
   0.259463
  0.0092072
   0.345612
   0.864939
   0.515207
   0.391557
   0.420323
   0.455909
   0.518523
   0.214058
   0.100875
    0.29791
   0.983297
   0.768157
   0.581436
  0.0690743
   0.408467
  0.0379351
   0.802242
   0.233043
   0.582514
    0.92464
   0.389667
   0.717166
   0.178389
   0.530614
  0.0871651
   0.339852
   0.142409
   0.142023
   0.584777
   0.840024
   0.393501
   0.107092
    0.26902
   0.866962
   0.932054
   0.601194
 0.00737249
   0.598209
   0.802093
   0.359532
   0.440919
   0.422835
     0.3464
   0.802007
    0.17037
   0.144924
    0.29749
  0.0614255
   0.874296
    0.28249
   0.614917
   0.416426
   0.568372
   0.771047
   0.568587
   0.887246
    0.11007
    0.31713
  0.0533611
   0.181054
   0.938393
   0.403171
  0.0365896
   0.987492
   0.121789
   0.760264
   0.351211
   0.753547
   0.160033
   0.504824
   0.875728
    0.68678
    0.79869
    0.61918
   0.734297
   0.917938
   0.841993
   0.291111
   0.432809
 0.00576411
   0.101145
   0.333543
   0.109373
   0.251615
  0.0370123
   0.330557
   0.960527
   0.107827
   0.841465
   0.251778
   0.788275
   0.369519
   0.975436
  0.0755585
   0.970076
   0.936726
   0.938027
   0.752735
   0.290011
   0.497978
  0.0237545
   0.534439
   0.508756
  0.0590467
   0.144227
   0.992334
   0.636003
   0.832404
   0.849159
   0.607444
   0.214221
   0.185877
   0.372436
   0.359408
   0.434777
   0.864491
   0.348315
   0.574156
   0.269276
   0.851068
   0.680193
   0.738943
   0.424178
   0.976693
   0.382509
   0.438914
   0.933752
  0.0463455
   0.653426
   0.148871
   0.191988
   0.619577
    0.76919
   0.185083
   0.854002
     0.6584
   0.890444
   0.339325
    0.72118
   0.658814
   0.812842
    0.11361
  0.0979924
   0.531853
  0.0294528
   0.909477
   0.803828
   0.295469
   0.555408
   0.818054
   0.712477
   0.330115
   0.664532
   0.328007
   0.588235
   0.498338
   0.401909
   0.310828
   0.202549
   0.344858
   0.808175
   0.979844
   0.641697
   0.397141
   0.463834
   0.966409
   0.661308
     0.9407
   0.702799
   0.972937
   0.985415
   0.341672
   0.637191
    0.52425
   0.729726
   0.455748
   0.646545
   0.684946
   0.527457
   0.653734
    0.40537
   0.817752
   0.663413
   0.449244
   0.839345
   0.437728
   0.288797
   0.230014
   0.189368
   0.286339
   0.566516
   0.495584
   0.668712
   0.631632
   0.122845
    0.18905
   0.717322
   0.355683
   0.708025
   0.401881
   0.631113
   0.676254
   0.631059
  0.0309815
    0.36665
  0.0294832
   0.726851
   0.948338
   0.978069
   0.884469
  0.0163399
    0.70814
   0.767532
   0.384077
   0.419466
   0.190008
   0.460765
  0.0440137
   0.166826
   0.354626
  0.0699317
   0.700399
   0.164398
   0.873362
  0.0299194
  0.0897399
   0.906032
   0.242963
   0.120625
    0.48792
   0.713914
   0.680963
  0.0169673
   0.606917
   0.699114
    0.23139
   0.157473
  0.0658951
   0.654783
   0.943051
   0.484717
   0.504949
   0.890198
   0.955154
  0.0114358
   0.137042
  0.0424448
   0.680066
  0.0200517
   0.336232
   0.822179
   0.735734
   0.995574
   0.387109
   0.737188
   0.758814
  0.0374066
   0.874535
   0.776125
   0.921671
   0.562541
    0.20273
   0.215552
  0.0655117
   0.315991
   0.689668
   0.921386
   0.804732
   0.785782
  0.0542129
   0.936076
   0.456891