0.717773859404319945841120090667 0.884297982325528153504495482655 0.269006607805804436349680071011
0.528297304346610799253264356961 0.315795483558747759192402576004 0.972486025567565519596130426689
0.046929221148664999047097645212 0.872731461719909571520954233257 0.033791334426131258996739900704
0.028175363870424034833623538149 0.056849733141268285334892284755 0.833844731333015975943736186159
0.103846398137795731716658952229 0.306217830870039127794960981707 0.501250157748732693216130207445
0.705389699274035256203195555725 0.306528318197818297948395715223 0.610824886874583688774496392700
0.577167074473989398543417904632 0.015623303460092790871543375249 0.981506256885490369158363496342
0.125068914660440440485266609335 0.087952340894220445766672445537 0.515721951416479659798138379067
0.656161163183772416058522478025 0.450283969697895287051636638123 0.431211533681976790066594607564
0.758755322079441068637805806908 0.074744639195952923227306666134 0.862129096297417444285633289339
0.986382121710659006700726865278 0.213682408992278064164199227585 0.031155931007068360770185632653
0.658357816275319981757400851144 0.244564483623984383990286253326 0.770323060495556026336655026204
0.390954932083873638766378245564 0.359542064032529011874128338549 0.322613501705356326975948323975
0.755955186490539869495736392436 0.425844807114784302534606755868 0.311561857830797262639939957741
0.042685370239969983969997749680 0.814660350961071389565174898500 0.335366934284326341824844850483
0.666801416601236210830245019131 0.160957226185171960477413264036 0.563556901951741344753403769406
0.209626457432960455034890985623 0.185830012903339011501701556368 0.325902861837705836616035055186
0.792623883561270040733191632779 0.519627144587130087163608477080 0.204319251669958878874206188888
0.153083018859425406657200989633 0.323937968116375339676171054115 0.049369209131926686705834740945
0.382593703621016105991765544201 0.458076179296353453462692972024 0.988228910822096609190620144377
0.548236708941897317805819488533 0.552988272971661926963789757447 0.962279287820146879457222627700
0.437188409188339909222319079924 0.705562128356589501976748372425 0.089995827061211479965566156021
0.912247075994530027625631743907 0.912697679269847986317992707649 0.261600036359008078147846141689
0.174426998524004169488485144162 0.607532896767957884666394468053 0.646519812897482910093658261497
0.402731915836023997500913505031 0.461197301763469975262419581640 0.156505526581486730616620875045
0.726731022530748824529807484211 0.896842533886514436712139278149 0.011038297241194229223813868053
0.010485570577843471630239119531 0.406865139443535895639283751556 0.185898482539232037007628460010
0.975331782265694056487445789782 0.866352842056979841705125654237 0.002912432148957073471760813509
0.415587756439417839810323193950 0.275787456018059528510284715494 0.149937180932276381200349138197
0.074942784337185401310765448789 0.144374412802340438476274814953 0.415482922994919105391453089485
0.525912258820269217143109033031 0.142313620386682701304132615262 0.804323513660011915624305326461
0.859407941313750333269481717862 0.304763446371999328972299433992 0.151942138259612020596586922838
0.861779908964804916538741731265 0.674578021037704815191300259573 0.510463064555365868495586386270
0.558034243809988272455291300890 0.821076935671138130831543399012 0.460566927811912561581427291803
0.542252794625893383156687634813 0.457513443666935654344055404629 0.518766540099898851449087517411
0.417940970691202408432647362768 0.762090386020564173515699044101 0.195868893384799458094464221055
0.345035739019434988336425465295 0.035172542319182608094393268019 0.265509069182515685071678254410
0.829203423424354340019126913271 0.204307085204058770582112493914 0.466090424041578192138834234083
0.712922362471600305713899118657 0.589224937508433485729469576402 0.059338849671693148031206508126
0.854527543536398028758734967766 0.435554052061659715551448348137 0.500807744976514415605583723394
0.755583097406986906249001669937 0.770467508550865126870562024088 0.016697947319032311101498478939
0.069850602329225440592538784070 0.772157590404531783194465139614 0.938383957991089691083978876160
0.711441289185566894295874102019 0.109910973698540577639402956976 0.638736964593548194763585166915
0.897870352800682833099769107083 0.088235228674772302522334049324 0.490156020521410180549113939971
0.077058906329931627372903416334 0.790679783269603569448016273682 0.009485456943923753118495489889
0.915032955079050847932804043413 0.431194177721668332880988439140 0.817799631312355789737813901294
0.572351102804048445640345417980 0.750064166632306592441288841773 0.204418485104240555178714424446
0.999816857399638217078187050000 0.359536680440733954484710079055 0.274422960828397417056096692914
0.440902022892662974062451955720 0.278834053958720325615565864288 0.558330277780356604627574308162
0.861223448660160455094849822382 0.652465094479940677927080457621 0.897727920975689769814188300540
0.296337894547930653254227507393 0.366946833695441094772326436949 0.783626069144790749770761568960
0.124022739213512999726204008177 0.067428037507140988094081783544 0.714394433961422289585538915795
0.709197730133273450173761895463 0.632601504115450992098938760207 0.932787136311459830537076483806
0.788624454010381388777040793156 0.355824031850724301900247329824 0.299933661456967908016503887424
0.609656807080158358178815315331 0.010902902293956910631627842569 0.500900676946380305471965712647
0.022338755131793474016994783561 0.890670524089403400365806641798 0.694474544450348701165687746375
0.927723530199952005672957452914 0.483188285659477261778208720307 0.284947572193506240043669567537
0.478744556648625059907020837637 0.987229575932117843509438128667 0.890057805005025710221918481928
0.407273438284499166011066760589 0.195244823083780765149009571238 0.712477738676348802161686136190
0.142007941143681549343953716511 0.912207548259942767461867497390 0.164070297066697003721401762970
0.959647683131018068255526005406 0.162998285662293723354543338910 0.503763349962477766843410364928
0.361881731398663108603374541591 0.818926687772871394288529703479 0.927354141922264212425409545006
0.786965921348384694061829101407 0.562513672452156338754876093167 0.741451319806648171980819694691
0.103743877394608642723960634109 0.772790411392647355966630997236 0.039768668305125210284619071005
0.269951505250969362435749783645 0.752906057071476842715235047171 0.129281846258501815080562353965
0.964173907396399792630274142124 0.213320369734641947271713646798 0.139953038858471774588220252151
0.329149440010296657177643207537 0.289583921794380857785181477328 0.093968098732366932518347539265
0.449050681008097523135409061691 0.483125582365591668148785478870 0.783636114235325507068353999702
0.554136852609620105739710977177 0.095999722701102700941383026300 0.274743441430071427792882123889
0.927286044063006324639298511187 0.056336734497239953678302809334 0.863518259463161043562473156297
0.443784217369917294320639184093 0.170717920460499732484861656894 0.623550645844324535576811816051
0.602881522784664111661023617231 0.754645577274913074300365415825 0.062064198502947512539339742826
0.976527071105479494950171651995 0.033058940565231627114856539212 0.955303162564563875692402765488
0.716952419531267861149788503425 0.315295167102565508625598709802 0.812374282635819464246411038390
0.600834647132275340257545392852 0.229081531847768887722556543803 0.227206742309824470960254213286
0.878227961035137106876596849551 0.465875420549444172041846046640 0.578270299059710514297137972188
0.846000031190404780738818764323 0.317235573040156920662997935239 0.178622532548046456977847518663
0.082428766924533222016119908616 0.364317696307015248277584540512 0.513028356970237316168359764665
0.956565050624663250846119217452 0.704449284785488001095979985845 0.056877146270033166769235020738
0.757797586005956822727191901467 0.636972524638527136795152957878 0.815643389025571212068456224902
0.894828261316090081484342625628 0.542452024933812163839278450877 0.049839419625497177380643967150
0.101341780779940908538525867836 0.514744321113781830338297445892 0.735864653710975111739816876920
0.500174932919213629680920401307 0.715688560157568966778536547385 0.806592338247051316298677851760
0.179440375398412664957305322666 0.825315324238291371870754367340 0.392922915686614001725810621997
0.842485022038328117480898959214 0.956821932429903704011147402837 0.885003029087124612865599416156
0.989131506629259699793028333631 0.376568200656051653980146616756 0.549219229819899086335106363946
0.245193966299044170793420270240 0.156029980095708280110236249360 0.043881515765903111894049292786
0.155327148654817667747790902299 0.692858135650716836128614423144 0.570207684660582751192001094118
0.450898325066481207302823704509 0.864383621709000306984495179298 0.495328882487780519406155261679
0.709766622456086489455336768795 0.504113889617446119149088495384 0.222681905187044457334815613777
0.591611716062982158233057469697 0.273413261106697510402058850067 0.339618182644922099026929807295
0.256895553787783567021215305141 0.964868468361413185104042049258 0.253406166118324563304065851765
0.197055607120295590831159257549 0.497533363900811707342835551424 0.516100516615563097458755941795
0.607469506587196132822082784957 0.124762677801607286628792456479 0.522076549121076128030237598622
0.068135423630431925333092644441 0.202529883821463788463756537758 0.813385241917627559600699684413
0.460211945361864770956309240298 0.215703851017689521794686312381 0.684178836870230969690267016439
0.816865065544646818752308818115 0.288794709235286969080638771683 0.463069846350227062819010949185
0.001785637791994625592263025681 0.166940987857096469957258549911 0.314714036972637420893404462084
0.922275141699832277205688873500 0.842176365752924786520066865692 0.870411346022206735300879606864
0.335076743817034109519381112174 0.036170975896317007974629343478 0.716373336885963050931556920391
0.262103748918378448383371552421 0.229111186846068013552378933328 0.698521249392483379000645631249
0.119399130544501903468014389553 0.667811298096988412611907134646 0.501414079141120752151239225297
0.234317605534992667043732229242 0.024523404280145077391755884382 0.673032770376723799035420458061
0.965599747817768364226276554875 0.601887889488368047433713835125 0.669542163582736434501845410996
0.546746941182562679740430258752 0.751121148350798032295148864152 0.340188695537948013332081889076
0.429173706712758391830945460746 0.006621195131673509433303505434 0.148985541117420834499705646966
0.527546206485789843917651330806 0.227376112496213443245060555011 0.287565287685353649110941015906
0.138304953094642263810782167540 0.651880732917063946657017747251 0.546735101305718672500544707954
0.385537365972407939705767242970 0.921371886104376361243955068409 0.485891270382158615817684308030
0.042967354515430794148751391311 0.615769581629919443989882555020 0.658665446460783959670109150727
0.891116975913925639870656471322 0.746694650488964859924873939885 0.927131531871497840980998256997
0.198824237987552674139309300634 0.739634371576506354794490179216 0.220388063640362877514421038333
0.474762340274881297142363786115 0.642836471976842174267433891584 0.633601328230863518154978242919
0.602828702854090430116488449764 0.619205903736548226325406338022 0.426865269869466042926284794151
0.296638115576512986433681879676 0.698617353084987150020151615724 0.611617860862620296628594836974
0.026025736717017194199763520828 0.784912801730150866814624014692 0.614361841109939473945680928701
0.380356528105108100080765342999 0.595550141745508137461761507118 0.598937722514281213548883125676
0.596775155024482835756369648243 0.976453531434368573629700763124 0.150744596375008902380929903813
0.225898129681749382400417869693 0.698412352247786260805341231804 0.788746972849052718718719463310
0.625181396691321703934900628789 0.609595615040188390574182198578 0.455727980847731288599459115552
0.119479294897488175146941987735 0.478216395129302994878558137181 0.102661692445831960967122360164
0.433833087822892705696361956195 0.114707450785915725279468154589 0.323836053741673550809851728403
0.339450336698337668518226837549 0.242720099797255976932677053245 0.797726368977180611130841653628
0.118443978022261036360842058296 0.799117051039377855711690079973 0.682968140733019694843653987427
0.929611089850652201269407492327 0.058886132187733033153960696732 0.712396174522926952244145880707
0.557041944336692907601091983541 0.204539188444165372573637235522 0.483296298660005816516127052071
0.880251454348408321315424499852 0.069984314638580170298978431345 0.403701292991210818598158302435
0.854041999054348721223957514519 0.401421714543881307111145574003 0.844346201075542938458964992231
0.613418370314307375823306557797 0.120301994250473822086089160995 0.233753313116539465612943312343
0.806302704996154055410950725630 0.170773400244941799846965954846 0.745367462638163321111937137008
0.762987529983604380788354073088 0.452634664021330297751515517413 0.945171148594349331062507736887
0.578245663954880827316202273619 0.942858161422254838025550222366 0.895949394065593215216019319764
0.237685574889274604820998635877 0.884035582320686880373461574664 0.712336031873892351410943315184
0.001153076000968232893416399638 0.833882354999558754833605183756 0.240494280477654622587188168071
0.872612416434649387716228713494 0.873400325149363361296520157636 0.511002466129476977447375589204
0.973103054190225616183518939721 0.964116949318853817361216320487 0.564751065701033214381438342221
0.620818202835961620262194834967 0.599560974257698954040507911870 0.413012830634533250581850496521
0.103358167534953239933196409958 0.655446545259089629038015832606 0.611815054778654995872181398718
0.151310657451609438048694870000 0.713657103190262467846118816470 0.755547964365201431018002866450
0.746245275870990609044527758624 0.561456081007570608778280626200 0.204861937154512170663239800591
0.138207431895672739796162905113 0.317487196950568672879056008735 0.341608891292561993635177303873
0.286533072495136162748397486260 0.481349173702407227996401524517 0.340543362790115465494417237860
0.732514910017858420972097136731 0.794859982354655497152616720548 0.963890576138129007720049999414
0.802339632008326826055481394963 0.171854147370297479166859377475 0.976540510841213023411276688700
0.891666871266832787970422199084 0.708953652863320839567242753145 0.204408338031360948816327099835
0.926136777545650958070171941674 0.390812885956244984743181699140 0.997136828116727628963206399145
0.860929052510424474493274327100 0.918078762892774804022643221069 0.049133010451649063708531644547
0.454511560066413395988409776262 0.394965643770819333467170113561 0.742234731426215310894949891040
0.516025506499390224827753490254 0.876967086766037250164987235806 0.109732429439185592557517679006
0.827027468743281670997239886104 0.218558876047114675035005262614 0.125149610320975729062894486298
0.132339178521214913124642088689 0.404907652558004266214690450050 0.283171099271133193756729734245
0.725315541765579131788515939334 0.202495479732188817953303232015 0.355568574705871703747507714346
0.211204999984455335836295107424 0.765027807280023415439057101992 0.679259570184912783367507626435
0.518469229713387098567586931321 0.461694287654919926471584244015 0.996311141194427541601674990437
0.658515573770891134896316677657 0.786161346288141921826468098718 0.568967432850939478130896417772
0.043002441497689793634924465123 0.693287844072465191030376455797 0.955534468804392235667140181403
0.054678525127799017782715393572 0.683424220033352388456521551703 0.772056412589879751783900983687
0.458243263419335546967639262923 0.950799387204616058164516766834 0.171681651480863708672117487828
0.952243248975358440883335795771 0.624387259945530028367826766936 0.929293316017323128332635206677
0.901470867189177319598744824139 0.269623145970912410697647844351 0.142719812739143990463480562761
0.536008372253368772485158826351 0.681193068163509564792836802383 0.678168462581183853005991279814
0.297681594450819988167678428281 0.691658640475288036603422015690 0.591667075179431760454034737174
0.031978809303651166501465951026 0.918643393871852489458329784207 0.880033498741106729522300574117
0.942461878269507657345156661563 0.758265542908083146993546318256 0.613190013577207658592795054622
0.667947403059004403208556831859 0.619622771639940034839359674735 0.546239699766065932603896478380
0.766909681949323265861454603030 0.767462391396684061404255116467 0.895484412449504190616161823767
0.471796863073208064042688380132 0.844207788989730623569400384068 0.433315592776610238216979503329
0.888654305783405913115295993351 0.566392563393721658722862795614 0.793616561981824603454144542016
0.145916064038081331761361579399 0.133644555926773050558415651172 0.699433622712375935295725514681
0.038527498804005702594400197241 0.171043242326656531736941360954 0.858457754413829237376166423075
0.955906717425999256936725037424 0.898564481834388290675456260775 0.926895172033789747236429964018
0.489097559995220424972375319715 0.940459967308156947901727899682 0.269963397843082747519766912079
0.356101064697388772826604792400 0.246698683371822729607899192320 0.911369694375453016433700419173
0.238363025918036800681965759795 0.807845327147274253425817044373 0.384848370960719395410864471220
0.794293506115604789459147877668 0.494337544360449451314029385104 0.382254854666091488900477146643
0.585437673127492998448155087591 0.336012088703889775582702349130 0.787634718872504375493220592306
0.546651378866079732638208943408 0.783403110647561056994528616862 0.156842823166138691228130308720
0.310639239570068157632636580055 0.704095922350868705366567419884 0.466585259765340712124172481040
0.406298026061073315798070970087 0.691136611962501342861410740081 0.434792268118160616415136617248
0.674127857283564412724953482539 0.238660641443791335315355403102 0.226759026753696507252217612035
0.426929140153489690352039302090 0.499168582194338021902323235098 0.429405694607779611053008206465
0.147600710536428513396822719585 0.853039924839443366641173905859 0.156939576103994966560830451088
0.829663455168096249370656262059 0.906462178246977621887368508318 0.638300325455843594178941342644
0.085004192114931278461069461751 0.931252577617195095686159406664 0.088776548784765843164431893929
0.406690864048589109900412905693 0.361089805712609725994936788292 0.372378508802735331577120843484
0.683386554323247104342939929481 0.735264980148617502423646105758 0.842271154627183911784679413710
0.303967983015116779034915339511 0.917819848101347475276403632367 0.058152358987037119687386806710
0.580239269461566820073625283271 0.527313517759506583208406686939 0.042756445651140833860726110887
0.433134090583840431640309414828 0.420140283389395191932669991367 0.185461245329537327185440930509
0.561933088303803654775510711003 0.468646302862662221593001336744 0.030288765943583228726574333428
0.299690774987864850433303404237 0.962444275637686276037070730491 0.181102007881034512073326255537
0.791201586463911064504341625489 0.962733699923631181605383856683 0.110121605404029216777583417857
0.220962558975426593244273858009 0.042430857162398550886191006396 0.599584528482599824475704079716
0.800707526641340930327674850154 0.501467420153489274641691325083 0.565808991771732160309745772291
0.256684903897039247522241655248 0.815969579080491056622628978089 0.337957773486687322039983020995
0.515335215020405793924438048105 0.828806003284397936144809319048 0.835040842879706170618020570651
0.748546336572635632195957836935 0.982320736402053008461774152145 0.578101559079501419349914916452
0.768577395997142034635380008486 0.652893009815995627898591421927 0.056056891395247137103838300809
0.062402853267685119769987780825 0.404053001081810902226125721829 0.315040160207312178797996969501
0.032666651777826920752105377540 0.891900180628145006312545237563 0.989076572909682603793613478386
0.419345242576692484115305960644 0.754108571658235680846140258238 0.051072908423649603614132416965
0.621069971879078565203178015008 0.150724721417164999113760044067 0.480855923888748547966886380965
0.989114586340265884345591314427 0.007985979757915295185204007769 0.070867608941847937928494223785
0.059218153135098128071781584593 0.999980156134185920917559143203 0.228377350643853505808964785825
0.426345724183232000410173640787 0.467128603944359769683049188518 0.839487767281247534784987956137
0.499460304164079781393691430791 0.920984726769721892028262378266 0.496008143457004859590673049162
0.567827505041154793301715050437 0.974915658570212197740124509927 0.712634375070172613560642830120
0.570696940188712452018890492984 0.114316543416298504275855443594 0.520994133213491514661358348838
0.089859858295573637517966230131 0.060204529521838190411976586273 0.392131334683517370612395786461
0.984842687273561250462501006022 0.784243922580897881788544221978 0.151219492464935033471209283388
0.798962628319754605816735371448 0.415097884818743117997969484561 0.209965585821845960109921270602
0.914085654599950523236217918017 0.978337846252663999635641670486 0.517241090172456860821189049994
0.558521230036255894118907473257 0.287678435126736791234849024985 0.075010661824117876696073229098
0.730206838071256317221791116762 0.928966592928993155230531860815 0.445181893757232746693908249270
0.497838560283579146629685236997 0.643922154427488357893641680216 0.280116336446947213073506182031
0.037055806339102812359396383244 0.547482472801424613741426301964 0.577996831336687003707166595019
0.326481800692047685246096959683 0.389017704651647605250617094777 0.440918932926393289884538092478
0.218912276495493807405191359528 0.802168426336932964801917109838 0.613443865326549196735081998782
0.492721341778232595533518830380 0.471215453627764716182315618778 0.874990266982908516609425880097
0.109959874515123227080261622575 0.326594542854858579602613311339 0.319187153982483424589507043742
0.649737576660260478519344985408 0.098384559264120469240445416520 0.427894714175599751654129751849
0.562680755639202035398543920910 0.278792785931225721565197131884 0.758642834065481831336746861300
0.563174491305326681567249511695 0.811024505847612189137701831319 0.505821510603139603177911701851
0.188672406750898342786264651871 0.391833893989184858340609465451 0.257439184589286174598601959347
0.393856673499500280179550268122 0.823736500886934685061083678253 0.311813146441380180983843960147
0.744748930974269932656406624827 0.153400860549266744319782636374 0.402642611874008334606116882875
0.594526399749599526312168315254 0.994250992413569920604589201679 0.742749099188538008862702463492
0.678463189050653087982675592356 0.997913729898199758477008520627 0.477946010143168617097202576678
0.583811837517003379311323940258 0.979436288843259373164607350644 0.095994064156594220057186888132
0.273939206025867449660514996048 0.471269136696853722982533522529 0.510298702225529335338778381288
0.395432913588048289617115196339 0.262678092390608993615389248814 0.275510438578543379460709864626
0.052938737074333181527490070185 0.743527956161875812197865302619 0.028730301784162461512545797465
0.569454521742455962860111722330 0.856097564792439946221413345850 0.317544245495310552688374505500
0.137821343807158934313413174847 0.346363077800175581295142220009 0.516621816096875940052052730833
0.331405033379371985090204083046 0.000919116765887651180528055702 0.550411128942275539488750356542
0.718908354356747977888203086526 0.459808282717327014934929228672 0.834990881765945491454521529874
0.264589375032948530027896181964 0.390166648331273299039369771393 0.862862473539029484146573930969
0.679222894524954062364177271738 0.488355905962583099207895031215 0.565996946198045616422816581554
0.000167503718758565096763296027 0.797402896557373051617102001441 0.805258668998822999054531064886
0.568199513697914425966775122106 0.926262009790159891465751696439 0.191873199641310495820822280304
0.637099029068666761038219832258 0.627144324420703333012270687848 0.627715318566134480895416139234
0.932004109684491622700631207563 0.432403246923072210247500235494 0.089416452946042470619850382574
0.688385008996444070469974161725 0.010475294961528929630680645313 0.139800036490851654306292241547
0.697479737879172015050697902303 0.525338369856251511515466499104 0.871932475147581284851322445239
0.914584975346044905092942605067 0.677319374777160039022998413945 0.344397295778273933023428203392
0.010543194254322379670216110222 0.592098821262875660809801992769 0.059372574992252090477833259806
0.478492941669322127076249193913 0.051613886634848660568760150068 0.364977391039273269671042616411
0.194209363331265522727770798858 0.220438109442714191079858252105 0.997250763002592356258131734009
0.765579755227929412953332260497 0.363538041509513498612804989341 0.033904936931159795032103100780
0.280641243690288167951843447894 0.992837287642649512720722787401 0.129942835009762794339868588857
0.498312836841759530491400758276 0.875446120182264751636043043031 0.503899106861485597678830151042
0.492225370865231202055947330852 0.559081352770246943413011384434 0.781968731091002523518434915752
0.927383289696001431038957676238 0.014207560966666287479912385386 0.370217746541698005510099132453
0.113664197845209111202263011142 0.205210735884878205246333254096 0.309666869306387277270919718808
0.216874037055244234321214891604 0.784746933478072682424032719645 0.932658343323151361981716432761
0.926775689594083026250275458224 0.336177414943116720440933824411 0.342684715448235328248584413063
0.820651890869246509873477391018 0.348329318568587927500192790377 0.600365790874672112736938626010
0.992083533426893265089910636554 0.987801830921064217306951706388 0.785852159569323513216464243573
0.108292261788856699054737272912 0.224604984788982527651952006366 0.672832148434304744127879787294
0.607126696974188735280154704750 0.058262231743784529692646600704 0.950503087094821473463780617378
0.697556663442948604269635064484 0.202253433656980183129668474070 0.683452544516524587572406624224
0.656483953493865061465694148525 0.817854633630260349863786906419 0.387166020009237740778135941787
0.535403172079429591381708708772 0.404619314653668903499529991295 0.413834221149728071657725858186
0.634601339421269313519317376624 0.195243656348914595813201288147 0.384151581276541612785012990389
0.619103293520446467013786382157 0.918894177379160683251231218535 0.305421280931436060996658819789
0.683602445101334807937738890301 0.055387491225884026098286939378 0.393648368000406726369740455490
0.645606529728778080055520460695 0.676204210836278159993208826839 0.121516077685734064817982017722
0.106675522734470324595959345058 0.937033136663959810195315921636 0.666034920419726237901684586613
0.955380466583184123472852644582 0.173931497523049941613228263538 0.937863710793522537798753637805
0.322262699729585402069028239857 0.604861410235968804063477449011 0.658792923521685570998651985874
0.371584538003170817003146504379 0.417465495846037307857387605185 0.912556981797057149246177262343
0.321884338419225732322626337043 0.033145516397104996629960303815 0.928461074030419089911854057116
0.783077890056879808099045046835 0.751798263213627757598859375095 0.646253011908771346661692868498
0.038694257729088859250878174107 0.469509234854370039539656252821 0.429737459826413603246237622779
0.460611905856463163675598138968 0.365184813227438651252190850641 0.754555546512146559200194408326
0.278126624120779161049938102794 0.205088875652819919444863969231 0.513954456905797442236979739472
0.212787171543888759820437306934 0.551839562228455779533828373710 0.692190900960934856000614246461
0.941537083667201171191534948044 0.274426541611414082237184911965 0.601077980328290085360677888568
0.428179906802376204333301773647 0.477537521063967738091306268052 0.712831296519008725084131492588
0.228114790715382909614465901519 0.830609528886465362523462634137 0.232381721630489266330366880003
0.155571608694691016799084647564 0.922989800785431914090763852205 0.308489308274257386079174167089
0.429925132322151792033023942922 0.502874854736451699749529170335 0.890821573153384331108288688982
0.209609215972701484525963945022 0.428994811961536286099224614255 0.817343224786442537181186390394
0.168520984381788261543732524347 0.568999474608190517005365553631 0.016089060717493635162875876280
0.799842550742322895857755013594 0.191635171797371430346058320423 0.753131069706638671982393379641
0.083925897526574536890569781866 0.200634173842667369393384101383 0.995168974112150540544490024184
0.827706755529028733682448204892 0.186816484836830038186681695532 0.772169382023697470908344314739
0.672825728552470171002992403982 0.413947118887398719072033292120 0.382626639879979259839518647397
0.348405016370782073012618508861 0.043232871151565484688583965005 0.573098070533418302871036853778
0.098352161447227466816073968857 0.183565021452662053890793967124 0.439508116698730091789826739622
0.576722342787479863529207812571 0.637966009104153907216889203012 0.200085296113493486396616720914
0.567540016550786319955831620913 0.211760887194172588630789200479 0.638705398426482706849327404660
0.159521675003264813849545305568 0.085599840804391847677396490933 0.555521007615152000879460755366
0.340610288503172399907258763112 0.952146101206405038886710281223 0.522875246023384533134470599383
0.340817835091506975990913757932 0.676689558862633891820613756779 0.103998607334719941471296195776
0.960852192183176868959979659668 0.388956284186516411100781279719 0.798136507705658419405169472799
0.682541596707447726110600003554 0.915730196188668815484134951553 0.963731175582904780718138206540
0.066631462977477450656586555900 0.991023002018726530017022619225 0.893767602064144487800312232456
0.611131462136962223581323580523 0.346312100038908853982916291662 0.473868557756818170095908267624
0.126664675670745133568912371686 0.163509836661936069087090616651 0.615393217608377039472554448147
0.872539594136337675322672985124 0.651484032136781837868241972558 0.863255602937287198111952151798
0.487182972620618133687050045545 0.279196871008158599809858086948 0.600621638805885888619151360974
0.433853290560706817619326218424 0.500575568200547582461257925355 0.291354893885226266453117467155
0.406650496805883277147107609622 0.931961624868302084344442562460 0.433594142218985032337365528993
0.014893466075497653839762823099 0.661347634335707976555599124315 0.579627789646564703860414623931
0.150778101755343799544841576359 0.925296351369627318186990050753 0.264484628356170527837503063107
0.273503760997976004098995605210 0.787974867779814592846834624133 0.561733112224866951656723215711
0.681910270272233652394129474677 0.707549388012548507219703904595 0.094134624874454238175934553273
0.484841762917601607682617668765 0.072438204997473371156041901583 0.132805933091950299861435329665
0.819751913159505709461253341788 0.543696436165498144296874104030 0.558433669153369224362744249546
0.128885136163125266297819502957 0.047143338144387681171758546546 0.801813778810432964777163702224
0.219326368853079320170141811143 0.498369647170635356966664073361 0.569321380930109773460785777049
0.973762471905082978757464065804 0.607140463451776472895589092007 0.654275161557767343782162976418
0.251832926494042393711559011191 0.637940710780692402962411083006 0.421063087958474806709904478812
0.853031014046607247989652159343 0.180953352295208094600149749243 0.345565134252088163946960901220
0.174702262005251450865735686363 0.290431073709736313832446647325 0.807120139357516654778881143904
0.526841021471550440012632747074 0.661869420050142540178713129406 0.137861619500050792749217832101
0.672064495485990560375796374603 0.733224253335578467802328516819 0.916495815708272620357870991069
0.708969818140501408790426969102 0.303371495565333316686626326248 0.150584780598295779562102331185
0.351186905891505612590826721536 0.628092428995402428623171049143 0.369696309432532534913220461564
0.098348534772405985692251717291 0.881112478418923864767503892603 0.978116592769289264059691687761
0.474957274053789065831982303235 0.132686486427775490639920732090 0.573371453298994271519944064944
0.987503342377025095006090299895 0.660042033394608461177761295226 0.248955735157173287963414046530
0.095693021827973176839980968362 0.888082340596839357343688946131 0.512542758043379103581371184066
0.490829714020658278958834555187 0.792833053044978275508897519939 0.466310619538938761293244518252
0.843876706119508883619389156403 0.482673344083285427705518622648 0.074045385062551450198069127786
0.146783533960867022892688385061 0.081184856452469141013852800367 0.970892474459305381007610741088
0.159794081385332668684991697718 0.319780168154997963900891467969 0.759756990460131448366946008901
0.479335171156743833772171905477 0.708316399312211465365518770269 0.592940590062719208375482871958
0.279088214395547087767715941162 0.061688718095605085842527538017 0.477673182536480203969033388353
0.724470233448095324902056545763 0.716708653215557858226286043913 0.367987453104220739729281959627
0.168536733090762441246243402592 0.874917983941368715152655908982 0.301886393455455366446579345527
0.507101542387625204223789686713 0.534667771121713874485768463333 0.198588613795089814138051762559
0.649324041496104076194207922357 0.143592677457754327643088235429 0.066025521440171409622171917266
0.348908267883010638984291138523 0.056961589461093393063842019409 0.137063766934873674298712976847
0.396049216650324611935581679512 0.161755808068401257384757625485 0.362091870960509215714553424084
0.797824109423108480395566054206 0.538847031936887753183687914240 0.289898472567364473844461206551
0.463968938761235970977229803107 0.451062023577037262266457135106 0.104807825974170256644379749404
0.398011474420940473590686782146 0.926564551857344604116137427318 0.996290924066772675212605793352
0.451210778655408309338732263363 0.800732748390204661571179510747 0.328739537468900977593014742547
0.925852222953131457559322268380 0.592616330123256214092858261581 0.556705543696429109402571836384
0.164510200033140298013894957190 0.063993275537300142419144078041 0.082719191203396659578978159839
0.891042193543613123144728596783 0.735439537375730843357776364400 0.455727487777561845302060503293
0.884500514746101489923524128268 0.635994944757403499938405701791 0.490757881498039392871465931704
0.725362592173750322117926998544 0.652725720142924719059884594152 0.507862102429481498936171606797
0.151691469510638263704794362957 0.379056882892066643416088860160 0.521442875456661176200012594808
0.788413953550996166548439765762 0.542287753174770168023589040116 0.237488784527872710491021640656
0.990855048232027707120635094770 0.850938629260173845745538054131 0.224021664677535155684045485351
0.052855518218214753715261550750 0.389736143559765077118510330977 0.147825309438307405979506411372
0.622091408466343901099045619574 0.940041056964883970028817522399 0.034252795905480867469638383751
0.012225871615707057590762409890 0.381349894110750814767701267689 0.045539671978835587382664248801
0.673089968101846397897073459095 0.039271726917343918253368408210 0.395111929773564276574498485557
0.537868085619375481268720614721 0.021419507887987485857475180757 0.008342469426459857601600906289
0.169623121527850112006968265848 0.710814854563663823057793756660 0.950123137063011291920222790669
0.929703343768661069622725387567 0.442420918647170360730810315641 0.547841945727485627169074944726
0.329816496472055548314139166068 0.507752857252553977863963779382 0.606935805972008761340110241113
0.494017815864462109235673927188 0.817179263382993519130806576034 0.430186446739623863849792162182
0.849508665222908602007589181579 0.137998096023069195493242813668 0.933621101763975328677542559943
0.035435468181861261624173446157 0.894993344357730140188088530329 0.310786178866984667563898906226
0.389289309231370435284441034070 0.651700481356277262222210188651 0.848148846241081709649763786783
0.555710207326448815055325193084 0.298711919450063374980659983099 0.303687920456436269971597100772
0.987933156354093562442998531130 0.376138547830793945247287577681 0.941466795099012875943998470427
0.868785962545937562033034648698 0.504246424574224450470657941497 0.938932184066476867171164361430
0.619441888526380949787094401185 0.696714040328955484070343544116 0.781913479350121040741427022921
0.461683721321631763011749427808 0.021727775328726891637390694578 0.804567040158693358104538285082
0.457168847591038733849875718867 0.373116789079785541054045538426 0.154285232585069376010871522826
0.677637126591487912528710074636 0.902727378740557665634287054828 0.151129718929348799167429839316
0.887314860639515280161316154724 0.780977500054831037547216774790 0.101092717744402096556362539356
0.712438208302019328012454392619 0.002206761035300918371453204138 0.550877756302416512905113049030
0.749603025960069677015824380804 0.366412489437743733555995209829 0.780737687286873885071771250655
0.011535504968943110171865469684 0.711278840272562771715422750726 0.304906409132462103496087133374
0.129279614023681487480680968416 0.383622397145869334884427554914 0.055354777293043333279625341708
0.833746145038564146439632538855 0.423434610239745500396423099561 0.567212020481769461640731241898
0.650144230402742612006003607066 0.966669974101956482871706667976 0.044629222067664792067395727175
0.953581356392431661921688912017 0.472062056804131577775171703722 0.361769844542056907404767259346
0.508760040977177487968213288306 0.076287203100122995279409475758 0.934997375662687357961057258245
0.689225149270232391052988409737 0.586425368756335444793169237779 0.284882356363488868103287984496
0.741936213523466593237382783375 0.877227662936775309815495373970 0.390402064191724505284555674697
0.444744660041766702581414856784 0.189358494607219878587666451662 0.977466504696664382411497104945
0.610205870684467174135573844598 0.422489811674138768325249673171 0.015647695292906960180197630456
0.878933678035168791520870772560 0.104848173847771350010200498092 0.251343683388143584395853893358
0.877716773076509479714085581224 0.956529267078547676236325343393 0.000519956445875356687528483565
0.374977783706738255743966332745 0.982675302448118690188548876005 0.115067327864632055103915146119
0.616912752689155075675548753490 0.735546552356108938401186965331 0.073191343722400626760055437830
0.825097454830465505230818394786 0.646942788350167363072750413871 0.466084443392921080930138189836
0.773602332236213077143303216789 0.056952598271511194529790387464 0.161034382667566568284187828621
0.912021306851983399984652255853 0.922497391493680839663232677202 0.630620038098131127214373776166
0.746074085766606493292060772303 0.482986299950076315834685194139 0.501069095470524194747110482435
0.448405616510263313468981271246 0.549030007096954454152357722932 0.566763920562284508244016160599
0.097805250747301800628233882876 0.272040729861243232428818377860 0.500992897629571334734052053205
0.838665713236252246059411163931 0.918558263357228712370261982389 0.807977446752350986448484365474
0.437277618710499071915137052072 0.092617014761919181266384272448 0.124142375174920193033821629847
0.703747788946680638789260225220 0.574771919894166749102450606290 0.483200071902366117280955398025
0.887184884913395496068027497355 0.966036680335135685984162208524 0.031533918434761087887959912910
0.040098085210279962579432099274 0.473509080299105231948315701473 0.365445014850652790044162269453
0.002554557310388971491339930563 0.718087923657719846797719423831 0.198786393644697720514078911916
0.332969933061605042924383076770 0.207052387866713646361307243479 0.492533923747890424304710216994
0.991147903597356265299168953348 0.855703843588551868817327744271 0.489150927494633617985356567297
0.207373838931876563490726778394 0.071968625008031709650136884976 0.982425720734058997741382191357
0.302303605711354615077521285126 0.802451953810565590453256283340 0.354472317470760313395503997572
0.491621508488722285423180642711 0.261645648474100365633707674121 0.303959088668015663441874677142
0.980057578508784673271585693489 0.364234143869865444858297520609 0.222909429465424441055434242740
0.246385700466820115415205907923 0.930589520964331509742753605477 0.867348892986771841742008040663
0.049028225182492940528834795113 0.564629793968731402195627443026 0.248115212543255082403370748437
0.032520038897144350258762679565 0.715890586119098152129949671670 0.668607672800598109301100737039
0.585366658484199148425052623467 0.903208031693173692634345715660 0.147524303885136160077193460359
0.283986249849179281310611273374 0.118008236645291368989762032777 0.394064353436055991134510504583
0.470731807190899827895305781465 0.234625241303321687447046627080 0.774004185353409820636673969868
0.575013363830080354841579999438 0.507585741755878973627656494982 0.500033593359518943719364121768
0.091971319922488915276831326153 0.106082953113857655686606849729 0.256262392103762626365473730222
0.311607627989032479088294444890 0.575561877063987118839765368033 0.399009294931841396292476964604
0.540660430361697106980552018088 0.769027369985067053647222996255 0.899349931095968331850134739720
0.453561608069685021962528649560 0.853745298993503710715972042225 0.090125679014283964450941515659
0.628013291977537262749354587933 0.356416273272071855482073605400 0.337897284088021338808258491773
0.969049704038566717348584980074 0.733087962994998865111962318796 0.023429295451079876647189020735
0.193020293560366590657158031567 0.384224754441182606804779309965 0.549426601210004919583712945209
0.753614756125258520411428512202 0.991218773218700517764106281578 0.630541118296682968874095201108
0.596100680568386896407148717568 0.176834460784241985837770158122 0.006865211416423139876400155375
0.917760410987422190281347430290 0.360055148298842006344272320494 0.333077711155588303932972917988
0.834491167089337996320129658575 0.869457300258087888255546734839 0.635950438314049540144820551778
0.515365398138919158361010590057 0.778175628966757499561641738090 0.662527259936314786221719582960
0.774409480023845038841796406483 0.408810436924879884198097435974 0.641688172255689981172779947099
0.370141166140732909773215832005 0.321358302404769278092855595599 0.464581783167431442205580821487
0.953092437921991529426472818372 0.708605156793455680260172779513 0.778238063313612718865993919774
0.476961968196559277040185926788 0.183265057226943148299580863927 0.254486640049392317677978802064
0.228099862096051442408643066319 0.501728291002759253581220514030 0.319640081931970094398761447011
0.195675961500894429771639764837 0.202415387588112237275972834493 0.969339092807601904609990722392
0.891703429874108100212978882675 0.192200595801215721094894574121 0.932471288101786103755214964448
0.672367711051991700660779866817 0.051286410034598890405121535468 0.758194890623884553538954285670
0.306334383644550091086788870337 0.435358111116789487297550780397 0.389470366759871922616876828080
0.652615840022433875163133992575 0.080880739369486776589649368389 0.391802932797272304683431222809
0.953807841223576198968059067948 0.473712429915880005051594735776 0.290900840293747695196545561701
0.216074925563825148687485580555 0.960961614443861796208342717445 0.589325419872167332263526492591
0.736973856891143930428431472873 0.723085612342963051645991792116 0.070351582580854141069782423480
0.530410053498116956898843961142 0.079197242125891726882555546408 0.286599778127702011094631335320
0.101896798111534768142991316843 0.965179968118856219485844343822 0.051018984980379637334380370609
0.325532065637316295096567018850 0.952813481843910893112988128277 0.449977158850546714798047360846
0.144652983674062596211701609400 0.678417148483882925861721132529 0.888092872077723765989486349079
0.096468427805838803146043283146 0.813450780222446288597438322448 0.763281612075652893249416073675
0.347662637726651945092607931203 0.351013951377283571219319228103 0.152593072169358733891858673295
0.236028772406307702234002239814 0.646368955033933972682042314586 0.805923849687333492843026156999
0.361216548114550537044614493287 0.925750939998243266172991245164 0.340534378439587586443087699930
0.000256244624882523119142336696 0.758338335462831490064342470615 0.673848584091374877582579000277
0.221528788617518257348999713882 0.726316732224443427091846632203 0.181556424739062009632214101731
0.057214085170608778166120619544 0.414161543262946168599552695585 0.133980525387469041064300517520
0.003880685528207402134984143846 0.818332615442229161688003378493 0.949437418033497600247635787972
0.445808150080987990001242682091 0.979163445393577920619558021206 0.545083672758027718566387348364
0.713679237656495680485658651291 0.982906153574592128900011333624 0.983738280899080470683331609445
0.515576555846900401738240149522 0.912859600042906991865284751772 0.761679793884510551579441254855
0.214528418378390152694318270438 0.421324765607169205488215450877 0.066786878065399417940572779515
0.316338410842337941516469498625 0.177599716763985276912587903796 0.325346708990466608293884108438
0.679111071420268843824012154708 0.752790276438703785229247361572 0.393037145402402916594436271088
0.488865235665155527291957201317 0.172687089220865968627896699069 0.776119606321769281632140807291
0.825323435929227606835414414100 0.270482492468279649406265687891 0.448887091559803433638877375713
0.307007813166000042467427813882 0.441277808871460657188887889376 0.528004888901397283258078477846
0.705493739691406853126031216851 0.753005964615258959168051142024 0.557676757534306120320336488674
0.695921177181953742186855889030 0.588063657085122233866199707334 0.282354473116326370366687907253
0.677863399701715084216614344260 0.780928065119682966126403511797 0.207459023748233945762617700258
0.577041249075370177014814833328 0.699504411549569809713909657181 0.248618128029917894463298490553
0.458643844906914667893343124214 0.950984720597021974083951703609 0.169250574106166613870422639967
0.060428119094194209748118122912 0.051055488261710279689368899481 0.432285664960320212909810961450
0.369296004349826677331415012818 0.701231848337856428010935664715 0.249211258374912061411090350650
0.102875839747413440347585237801 0.802640694431837268648510353366 0.203750813092525823379023676884
0.524449307099836526474786088285 0.569334041668216405523167896234 0.310492678561113397589264516700
0.241909575809368957697133449660 0.005217422199042199796029705883 0.477913795141978315704555151875
0.504261565446939061511160581812 0.360852932582693150539955806924 0.308757417360081912689337560985
0.422627962187938952204678947469 0.061491303285965513201287236922 0.600586399405066589319792763861
0.230046655614714333001593253301 0.234214290569621602370977104907 0.498521113193849628636207390941
0.772588059713543792741798567061 0.994527450298172902371871773874 0.278497580258680777062834081610
0.788560910036807676750769225261 0.526545712089226182347080152855 0.306371989254309556963054658272
0.940389244100227608994444662494 0.133723910989453660094836385485 0.383183483431811938065691516589
0.878803406654737642971565175729 0.872235154071078075666688936740 0.761971911338446316114949662430
0.539570604208693364435016474436 0.372272744893978597285756162377 0.023117410987773717202824263274
0.389142393334971232964685696087 0.214964762052648950792588170923 0.586054535511026514909591079914
0.634260319693399919853041812741 0.166149315263396471321229434301 0.895021937830052761746571530872
0.854874704064910302385532766823 0.107765190757248500738127549836 0.085431930260965036661425644909
0.263388114618072027769735799655 0.522334677507923153106116537317 0.070311163405123017454473055156
0.244837738995067550389665197057 0.501473169986645137323253166250 0.620053781597915822291361951365
0.623629967167295865825895283069 0.966962375171940986944527106204 0.656552657411203652810730661069
0.709609445607813902063020777609 0.393783804583798035428839303049 0.102245501013751960276689848844
0.973085598926646481595669464656 0.195286203625446597817986310083 0.294657883310634050577997551589
0.173632076218283535056702862371 0.543024210650928158133197749562 0.680251353421362745650255199329
0.770865520692742781702870280002 0.005281063936588022899789884993 0.370122112123928004176523904832
0.917708568967677292465610558623 0.620252525130056203739899483385 0.640120589304429676002350980147
0.480811791353634693228897837806 0.355179288654635773941553685374 0.271945126978092407643640111923
0.044255320992458286968508135452 0.022253451427607448072017910308 0.404589247089110180488787562875
0.280346933025009459291907065103 0.864541702718056181536010789485 0.684346562664074657260226132847
0.752563178914611664850965448703 0.917269534985626353195634867636 0.788418618931073835389033024238
0.863189622705410256631213970571 0.378333310918542478191313793585 0.558555319170913980303661583266
0.650606743790623895980868676788 0.030611179426496909958059681708 0.108357112362076456620092993276
0.694925846161153009715282743285 0.774828974772686521722674179527 0.518701112052211735386517800778
0.816293538877311573328580136589 0.901852301225283703123706104698 0.277706813493411793940298462906
0.342363343089985882551011124058 0.885502266247366306845379279820 0.840750572923557944400121947992
0.825055696945369625316348581357 0.275850666684978388475418053512 0.851863950768037162122102090711
0.321414815185459757074162958711 0.508896386473611238229174936389 0.222435792950846391277402125158
0.579626798726818681705984791062 0.203982617168028704046858637157 0.158881432297409449781996789856
0.058699727839064890516478012948 0.384531250993177122262529382349 0.416030956645424838970760357539
0.104875722014959493719790575488 0.779119410701568648675030415344 0.915346417820313631951200612632
0.721189427353795148836167908332 0.878193427747920032989968209548 0.471853384817905803636250837564
0.921796248473734069288009620926 0.674276458595976994985130608595 0.559465240038292407242726205350
0.157014880088520326199764687636 0.441283051050993071534993352016 0.454663295794795773006339841602
0.670175507649447504227299688167 0.922117615073170155463087460725 0.161789383015117183671343024929
0.177755224937841933817714672960 0.630162673432199452020107718944 0.398719360104351618499084017590
0.231117418403556539249963685018 0.524596469128252137842408917606 0.384208362573223600054794770842
0.720038011878310273039986709246 0.550170159809327091364248212162 0.842735566167790782315151732620
0.232215533128492402984461403930 0.533608834899132374268628030668 0.210511487819558073888502489956
0.361147377734607089703773225793 0.159753973521247017142719612626 0.834207339483854992036133965626
0.432764286572531845574300778444 0.353268775287751766919264317575 0.206997411995445169029662093954
0.931241817512537142840597933367 0.914257994231644418115782324275 0.411010949065590433002351471923
0.169940196617394806981222554042 0.752609418318917854930086843189 0.260230865171208335641393566592
0.082039076707902985200009397909 0.302909822388753567813757657686 0.858577747027731326656839437424
0.386516589737200202473039120898 0.434380719911143043991375969526 0.497833319245056927545975810931