0.756563278997411702494444816274 0.460573858809017641902108913927 0.135114883809618497358613135869
0.423604712081201802727341962525 0.085468832292134836664015831488 0.034012002075697834052628644971
0.008107750012709733428448089887 0.761480180026143597539207227847 0.992225591640041649678485167486
0.095557645403779423185168072841 0.083274780679738059535147512875 0.018159938485744949644281771389
0.633620566847536175018341976526 0.691065415168464590270739164082 0.860608058142294749844243775309
0.951978490073826162777083677393 0.985176835828224996363968975719 0.727642638315519939014160225575
0.866400243569639940357149418158 0.653184582237487258804972457284 0.329040379552358580462868326408
0.068773120504985870170264947021 0.387441388386773869698648478501 0.750671775397396917771643346825
0.344079095745835519426217956631 0.996654378565466226204770559374 0.860543701470545322532284925513
0.405067014411382765150852018703 0.204530628611257976876715510815 0.261047371854368619328222346085
0.368147112689517984254101250687 0.971980629405268841132837842113 0.298481255422486491430339314716
0.030958550962033203629436159785 0.147701543251522402553573833849 0.551104503493709905903646898014
0.992026081529815467591126060033 0.881017305785471468522014018046 0.457927699881326308141888130812
0.536107523280383455233139010773 0.854897721210339802145052924241 0.215619512729267708315922094675
0.113678559236872404160208876352 0.054274799202973857665477231625 0.619715102343945527308792025054
0.810606780758411754486316923251 0.959897123918791423512657781932 0.602813895079899971357286528334
0.118721111056254383621422499169 0.409553602550736711276875284541 0.097582930180491657967322801517
0.718470322580980553614204498833 0.757343331915143939443719220307 0.541560290956141327820349166386
0.154836708840626886679841611486 0.103686110935837899518990384908 0.373765286300289050328393815620
0.543913390824256537438642928276 0.658089467436849491243187459446 0.990575934904267821560325355854
0.817823809836277637791987477639 0.637138510201907439533275734845 0.667802307258754608256730531437
0.062549500840594694784128257470 0.416576521683206088069255825210 0.174466926785924471711709783977
0.382419514669780804060916377472 0.161914445886282558238317241184 0.952406228400530059463847041951
0.155443279077342439908200568292 0.095912193770343424003974315178 0.341264069594039977550887921030
0.585106116095277779408414009550 0.313860856696485644196818988862 0.626268630835442260821740653695
0.621619929206821708025599314668 0.187314984136079430506658191894 0.670600709460966891207219697118
0.439174659305235877666734066719 0.391674075940237491823731264331 0.828406487193863439239288208444
0.938038528288650893972711231106 0.157763173785151770082160659433 0.934053649897245987356370849894
0.690803761751306487002078422376 0.043000115751673535410862296602 0.285059748342419811515051812547
0.275849587076691187659243943568 0.366472576577175374193699661109 0.130394997676981944523143602635
0.427963542161227509524661566048 0.605015137075093471552888688160 0.912090254608810054419561023099
0.121705814645584187829592748620 0.770527003335986057463035143960 0.254074663917236606571503908282
0.907256002206414510403295045047 0.048624216683092866371356881331 0.478606913415373239146496167889
0.151500800724997450595057035728 0.217738262151517201436275297845 0.163250117363549105874020490476
0.218520014141172993480286186565 0.267766048095387044456636573707 0.569882114624962523692997508740
0.053289928679738234373028911714 0.946723980221521131063201650297 0.925782629713232310025602160781
0.303620650122131041408001181755 0.147258872064733612927427355792 0.609408990829419606581327476845
0.839848968944226223617197241302 0.157313885195480723792235044364 0.918417894119460105696220758103
0.488887863738463369458979908583 0.760405041533048447127628598419 0.328192440909133749818574957261
0.922343438844354534414562656101 0.247940369744836847541151033545 0.678884214008036370758273794927
0.064968574232292026466449436337 0.150125695539651902216108956261 0.695184368613832461681554698174
0.098392243291309802994906168091 0.080488811334992215648977489950 0.125807762975024106031815219198
0.812363858005818772561738350206 0.818887240365137473715548102682 0.824962881483893071363689575645
0.889813934282130925860376741369 0.427154425464887421699465519195 0.011538591464658383667627828718
0.437303087816500400130818834649 0.954670286442717106608066836669 0.614150433014502298144309912556
0.439152873904228969262934842319 0.989926015343297807323467032909 0.592591466570536791129840875375
0.517524152856564552826448710502 0.649202803982672613641317442623 0.832102424836817422052460048293
0.507834106047397235998266343911 0.682423544675590512179980697726 0.213540917978892446288873002647
0.219210951273257242959500908999 0.206568715397383904478402495622 0.831334046752656737983526913943
0.453660571469521649331008417642 0.932064493009610554471195308216 0.412513034494115427727835104790
0.125435733520299144635388039240 0.242696610518577087572301566552 0.800351426957922300906922885068
0.557273789489055280075860351028 0.340696263168417136120858279368 0.636029853809342801956996011711
0.498417621790715235429501392382 0.801613688532358888106951088043 0.375412428403883051680300887318
0.982559252760177197121800114585 0.154789747090674126105597327786 0.225911341655992179131122662160
0.049588053527184255221349058811 0.432721210568883367792484195910 0.711838346487995724914505990644
0.521904835565659266220693213866 0.199214152610222389757390020860 0.569433621248397100192997274309
0.357876129036688007579631391474 0.847450900323475048328839397185 0.225237264555620769263546652835
0.519307245676698672629779543723 0.370539455273535967756683622389 0.532545274095581839761995773889
0.383909759642103982917581952490 0.766606699303213511457558521858 0.621425431694090061053487216771
0.838480414933045752506582248950 0.050427374840684391926920800383 0.751543692648247740530128737846
0.058894326232636864070350042465 0.006799037731051698047905533343 0.083510887181240445766850023296
0.083215218929086002343063485395 0.596578696972005632611392646481 0.166842280535000882839832007717
0.525667556770151847477408188543 0.473228086491104455063525687396 0.470990413524415131860538751396
0.230903197995996311672417356739 0.586995482325151174493796394827 0.733556178896088929452370769884
0.674877808377826878537787457223 0.149861198167445848142072713365 0.916589616814382841541526847596
0.344126097482370370813190253244 0.959249731387154029733034392969 0.032898825066517044121119549212
0.599505097681602681462412663187 0.125036390152756506363890082846 0.138738531841585373439611339918
0.023727097248590189464548405774 0.548568054317378845941388726884 0.872261975479203645886167721332
0.830568945670455910529379288389 0.473575084890687773205914666168 0.279624035440478658162175713347
0.912323225235726698996193662141 0.270877258967133166261709926642 0.299563121430084334568832177232
0.566206103396003594592052903485 0.015879549040395023000882667713 0.152783320747864698565568854624
0.047531008652864821839345126243 0.720328523547808377454603264462 0.573712621609183259989345058156
0.698194910257196761151117396507 0.983798888522830514003499325717 0.099927152669974730170820970032
0.148060863812690830418988414660 0.718253748624360264810481032830 0.738588381795899265394934212328
0.449958895809989778504589754884 0.973238751684421351614342557158 0.283903587854472476541641091817
0.410892210281002253872233489259 0.223813894528820867912141741588 0.937165184117446032368036281351
0.503152338517200684279420794775 0.633487739698275217162327199434 0.054779548191193876662818083136
0.226669106262524773757271921838 0.545295669669223278289104825278 0.727828893542498921167984335396
0.012915837093549695972490294782 0.065017142063004085653999037382 0.336683225531248492051672538113
0.732232152234883996635083574379 0.345387958998081005546142325125 0.397703298795504061417947844942
0.157600732641919701356669082870 0.727515472045222979522337038966 0.388353169997743697721816137817
0.454481818428997255173724194560 0.610101186619074818274179585634 0.940083038803843790176047958470
0.155667888076856083894124594567 0.413340005369012519130598293102 0.393195274767849998095669560452
0.308038186425613907688862122128 0.285830262995301863890512792644 0.034722726665914418381099868284
0.382333792860904430951602631433 0.403570006436882343356800188918 0.418168954450161202857142301687
0.504372161782185763338249909528 0.311807638291095592119788226332 0.275574044237533223329770792155
0.462819929215537049129103822798 0.306497632545159728851199674234 0.280357278241042717706878859267
0.006720377622117383976295876440 0.202697306577592161358575246155 0.794087956208178679577188639183
0.317835180632896557999236188713 0.910035269411248249015156160630 0.341462797441164010413715805199
0.501971636489924129237043118867 0.380261595574146269350686458299 0.219672255679895818843640639354
0.093519273029349999337130157008 0.029852300359489066047952315786 0.953776368542022957828007314671
0.004811105425562733381320687204 0.848567698220233827736815057731 0.647289433052036899328815813496
0.437859410698650887196263188074 0.100866516299208719568212522881 0.982929256780831374986559683926
0.502152408721881075952933991433 0.298358936737383558481076650039 0.666102723077015848190791568666
0.254175974502797914336552381027 0.333049310416505424744624935949 0.871597828866533459735645580289
0.930965809490137282477342367000 0.938433003652874876829775552035 0.474919730981722860771360884859
0.938856679789463661735048578549 0.074139814406950537584636323862 0.691240372687978001105792030063
0.614088378702151176190678182643 0.002115288106783872761326227009 0.168763929562953664442462442729
0.981236909597264444395802291125 0.669670516550148019574041762063 0.817660475026097177381919735081
0.999486323611396860147065229900 0.281378775375074327745174775554 0.308135605710585072140580040281
0.339874140728606302608673806271 0.632685431174073929867819018634 0.591055247158644400019165729323
0.652781485216417713886944590873 0.515247305262887032817069682629 0.136038442820932419147096990283
0.283043240895983729956946443508 0.432141435866117403448592776198 0.600566284394567498718732807618
0.003903797948184554256229080679 0.861850710968166705280732540511 0.023299694549605674088027008585
0.497032291517291115868585784888 0.968897602824111856029030171121 0.266892296671975865013518560367
0.080525070444544146586657884147 0.768576906323153404778960756366 0.095967693946513785530664417159
0.320963120842396270744713868988 0.393628764209883730122588492508 0.421297146946826934078063126809
0.066296197429995907767279956722 0.649771998128109563383438995008 0.998542400847354248765628802034
0.366400177355707774288566381837 0.132518154035595805655960824478 0.980447565175054567704595741552
0.895767184321291800375307600562 0.647275302014186328469232813072 0.069276157540834824509198901050
0.340637184920908613953101488756 0.832813453400461600624696208317 0.345765892451965646017196473986
0.358391100387529534465551749544 0.118981455817429459692253853571 0.386898928336813668226251629356
0.546302147777012820768845978262 0.142550805121611542330443759777 0.280074651665780082464432973846
0.348313547387324497242705370333 0.631103903510674955585912389251 0.588164710256577008237088020991
0.042633233788517191198942683464 0.713220244930667479995144235156 0.788865144991195246362160907139
0.124741104253765733565335014011 0.460237561741448023642610316451 0.414840181529287451984687594044
0.453738589167156004381406058352 0.388779637479218161187895309835 0.041381484902061657608760961948
0.376697637026331581352769661859 0.104826303812435385082321835048 0.510533753158957462128045826534
0.771113427440162860591089497052 0.620227319440523663707137879757 0.646224378250435809885639300792
0.446570778668796989707733890521 0.959055852167227335845421157057 0.460750227006103760665126503204
0.429258869127540365919258653988 0.088722279748218680985245458937 0.200161751118639015361701816718
0.526698306756283468429438761350 0.103086518844945055790491418251 0.381343157202751741764356693779
0.466562428775683975705385832001 0.771105791767543302063365852606 0.036660248607914405592075313684
0.130482792917850022481193726885 0.517681411146539524873369688313 0.936402787397915764840350940963
0.482995382763447584181941011057 0.642643868923792259187634830571 0.835076571963214473948239667528
0.681301249902606948202414863139 0.663349592271158203617717342486 0.137158039546960564735181890481
0.691054113761990341062854966879 0.960670843565527474175843361529 0.438303276182482544867902761030
0.736949682375848826110944819597 0.611857258004899909173165610496 0.676605755767978611459699673298
0.243118079862941133986238554272 0.118893020552449596941451098199 0.528368468319203291975800697455
0.392543909185319377186492529312 0.431576769323306020231855139864 0.720592157686641034048620446910
0.494952748794026324081263850093 0.115887454049214875640214858327 0.252018460384610042319324791248
0.658241338037579218190354106259 0.983919102797115290596292320945 0.654634230441820657069450853999
0.447492973897520930270875623948 0.099664431659401896558075094145 0.846505309790143222781956596712
0.474431290771075732893543623232 0.268892807586631723035722680125 0.267403635753393906656645377065
0.483982711503856239362362208560 0.163281937570515020801093703766 0.855636931050920039198968483108
0.999883949106580541719948888951 0.974435352896537253054561814112 0.446151568093539995951434705152
0.849939823913729268727192945048 0.849650259799469438458631286416 0.268852249501602765795649918895
0.841429435190064208289676231786 0.727851200443576793270293757125 0.231636131200089690700876817586
0.589290642934258906849650718004 0.743199729152570735013637911211 0.113669586354720029209407404510
0.077392132176431981384478332612 0.895719940276009853964076567809 0.295599715657173279701749811694
0.898748300965627541549414727276 0.691885698081824011778091829855 0.091865109520590658710800325033
0.462524749250675585474455470121 0.715946951732406615455647649628 0.307845188800767918024915244466
0.618936640835160443170419655873 0.679788198254957567594192005900 0.459830593599722455630708656489
0.046944861585792949634156474381 0.729692991926170031343101956573 0.341588065333275368787952411283
0.160178089503229930358980467574 0.622460854661463762148019579083 0.955839685548724132677295841116
0.207340404681005717165705110357 0.759894947962827168359599567034 0.473362879078588071845082383424
0.853206913965300197400672306742 0.474649265583346003058943233649 0.365363557347538496694541695760
0.527425771798197334410601456562 0.314498710154037754854971694208 0.251741463899063707654065021266
0.576649717750205698649740640231 0.125507815906452458915912753676 0.163714209806349395039477263590
0.718780597754950645388919549662 0.614621856601704062522563493544 0.252695663376255523351593620937
0.771822005732447370029086597965 0.759499780173046138507904702462 0.778794686827895685529253571942
0.754470729238273785559387166183 0.780502864458989566878912654065 0.630568860861616152455998797681
0.863156705954369721611291508661 0.208520073417037647461687078564 0.711992862961775546903191256359
0.854195352946731834193002193121 0.841155529887114169503315014769 0.704016285469414263638168609173
0.119594517090970751116537091916 0.155287814571626118387124722622 0.289915141850333001489365876458
0.727561236359328082109408135075 0.959696006799765119631448841741 0.862461982663819835496759082792
0.265118078443507263450304314794 0.805213481377898363735637029053 0.467010298423999308976747121044
0.501552164578964380463769928325 0.071653607714779883790848173444 0.797557525680265633872522277540
0.859544385821480002466925154222 0.421363248931349674762758591733 0.035266139221522923961378445560
0.290717860533653350874966113675 0.184134124310937146521714407046 0.165508356097956756762331525814
0.191450037329099689334924205566 0.516178636931905628125037642054 0.941538366626611262821837406618
0.961692627288157587107868579644 0.383765438008145147942596911300 0.262461818347667214192364072771
0.355884487295026405610383707202 0.395324395970611686435210114428 0.405314614172837515498923237499
0.184671590945287517050788570300 0.603589986942208648939881235895 0.549317671032942555495235768062
0.060667575528742213448117736192 0.769681298966096338569338629974 0.597094832915190704697067054706
0.243799382997795309904060345733 0.347844014154792106976205670000 0.499540302529663299195712655601
0.114780021916666193101698953531 0.727157592595344236168743504165 0.804409972170609944664345402457
0.412269515142785187370502268690 0.358823437987952459907247990597 0.464114092395475852716388857778
0.362426548024074551828856665447 0.027788115667528452558737281876 0.983846444019004576073920329658
0.535082965173406153531813787800 0.308673641040004764322773341517 0.405507726793405642184395492638
0.840496007933524211021236488080 0.385924389222092059990437538034 0.346398081744804602790130284589
0.865922517812722985493517272878 0.590858451291798357276536799868 0.337573707723200007485747126038
0.507105114273537040757704164071 0.716282900925030815288562688404 0.919695375499876776334868014506
0.900866285625397475869186437763 0.605173553274397658137122082223 0.294583969621397535286116885690
0.673512753440845900451455732954 0.228204273813698438302739648704 0.675418221256907296702435381457
0.359233639851857866500013351276 0.118773199740431955078860766103 0.633449415299683634879101521277
0.884314511374821078202384905838 0.292819879784094420067717231703 0.895381940609873384106993292757
0.438831025590300989708275849490 0.617055170812561593251888393391 0.768889046309561739216314358103
0.616353261900299443887378087769 0.897622396695145064807393715791 0.361446251138807913416682540056
0.677452780688749934144162788100 0.817992699683612684718815516312 0.094094743392708688662728463419
0.202450152623067978563367741640 0.165404625609911535600481367895 0.786271157768196598870713808754
0.299555986117816286118251928153 0.779984864501599558360850586705 0.962614303891361565380717737645
0.558844849547739226025086815155 0.635715915514105547174647250064 0.700042105787804571377114146369
0.684982051005839776622724687502 0.249642195275655021243130244947 0.635904388466002190349788467694
0.984287872807873792559992267353 0.804429285563628118850805506581 0.478183754721459634842150213194
0.055600877928531004892752682234 0.943079468230801261765333524479 0.502281538882527401802965604279
0.422739779101656964996652865931 0.049483842267220450712186587994 0.059202060443089126200232836084
0.762848777588387386889058310206 0.536709006612738587044454588219 0.397554449243245358140947493472
0.779797414071734461230106847114 0.588181824036947892279228183505 0.231982226696113886466213035262
0.091721593570387938581607555823 0.456343965364573953864072771653 0.710987848133698666913173882528
0.921935255074982340901826570782 0.208445153576609380528208074162 0.655824068499088556324907463052
0.783836772465097556696070191160 0.149029137348299968289920191568 0.481297403828296085150158276856
0.373087073426694785919886808329 0.656428085019638500146970284983 0.185210311017977131275158323248
0.139411302598882471566280246045 0.630905826285348805882273984124 0.876035594954106004500294038758
0.379129339598630878422089631068 0.890402172712680776840449997166 0.139747010996002280107244902771
0.201431637879077165532516622199 0.003756368036993794740413246352 0.977963481793111402389002233848
0.810819390780322593635274565306 0.259080568687117821703555448996 0.978060795119777697010717929286
0.758704267074297678969393560981 0.401242317366288755272573686421 0.817973239849387315441240858715
0.318048110429962224659824243101 0.217752608457055301227279949575 0.341497238633596037643561880892
0.721621352593374569883350062212 0.252088473105917077573791682155 0.083626994451242854211167501671
0.975327823316661208525398089437 0.133754586699493962827214330091 0.031552547088770650660971018068
0.999136235106781780943041040155 0.893386562089231888071529747947 0.296493571468663718370397927995
0.755231675544360472031893718025 0.058954325017711881764257545643 0.938420415294266198708108412007
0.834542810036046244969098853481 0.651526318644381735789664626654 0.812890344114085871200839953476
0.342599438954213259928843825140 0.272927894393075371308238440761 0.818610285020596252428883784588
0.926289012368693960404415667454 0.272082264692574661810305007015 0.997780918891952821059375372849
0.833298184587595062563923024643 0.773358952991996167606607235518 0.551690842658144453844488871270
0.001145987532864545719244303636 0.630486783348871918724157901195 0.164534483954282010779953698191
0.934421830052127156783127480879 0.234665541872669370349092097644 0.924162410266516168698685102378
0.802467726732247732048689338770 0.279887784211826860066677793594 0.246919798335023577541478969994
0.391489303287326540162327278131 0.537145588082126805902082148888 0.546200003041733638662296694188
0.399652806025148077064616533250 0.508470904493352184302494315799 0.980408000444144118527552323937
0.929482036151230872018411971786 0.141182975896938875222833263685 0.091431410450495386781317989956
0.153372176329083913501406868808 0.795843128308409619288377582305 0.560021681654634380261993998545
0.407445959418239639960534726684 0.318278173911781926023686819196 0.327626321183350265075335092879
0.040101758588343510112727517306 0.079235011958568231185753077093 0.304794629667131181990837338985
0.176427161366706838960226755116 0.485217694391122365189267819996 0.435845206469205937671467391099
0.499901500113448483905432053993 0.177140583772434964473618840571 0.829611073793238665792232623406
0.711001776917790879130173058942 0.232425626450154229051133292248 0.911993343786978008062879729976
0.251473579963651896613749547640 0.073681812519977079404485671147 0.112101275941705331565476465183
0.279983455473157691662420893811 0.309798908266020199705464048419 0.498881036204015223942978877381
0.794413222878513098699217504815 0.297720019738007827224114635978 0.908132052849553591307283547424
0.814262363362627288606514376068 0.435727454914057993259101271778 0.810118333792251918517472466775
0.411454063902003633463533607576 0.252666975327806050607568267205 0.123695278023319194040877653777
0.984671135152856379372604255138 0.863909663684809582479999201970 0.986322153555940768716693098922
0.715742492831483145742297989695 0.426139752277910520084787649083 0.126164425632417616241143163700
0.078507683045445256231695435372 0.491380067637298518467064895156 0.399791318949561832152975769823
0.896266530450040019806829979424 0.539215416330528837285421534129 0.073695489828222106070434165235
0.163446134957827606218090034781 0.392008161503234179839359423460 0.238503057244965499395478582786
0.624472756754186109232606723529 0.235333076545919728571257520119 0.394503959858326177069048433630
0.763250025503186366267939320410 0.234062842934519551151684531675 0.149278701018911020540635665940
0.950025942173613588064651347413 0.931986993049517787057081187081 0.476476989291406793582925769345
0.542973434779709849595650072828 0.700572944591456279029772245200 0.096106942338226666418726599226
0.804484377481665881814268805499 0.269607276029886396557564700298 0.968927747006628122932789953101
0.300294682462158476320007703656 0.666100968700343716703306301134 0.764131430100757935246282815025
0.288782304479849574581407631719 0.113211904964085798643666689075 0.764180332053542763771608584538
0.841373508038590667731024867952 0.241136932064296658509771604764 0.385764814505184102025346653633
0.905025004481279569393603854045 0.138832220290167846832146855461 0.678576814158321686040664091568
0.383738678934886644528012780932 0.392156139251429853625629310313 0.132819593224383281063406808448
0.404864434223256101304835042537 0.546965030599836350148223920874 0.637422419118061602643446738687
0.720725382592921781556349145945 0.701399101715866766686436583703 0.786211074476238897411598987813
0.459408674934745875999598311939 0.387906658622506405890724970621 0.177046543305313138063992023641
0.481273470084889356804341912350 0.440684785345938278692872560298 0.493534534397667792313996667212
0.258544018302673382089870091056 0.173897411381052227011211594157 0.121829968960683306970847746895
0.169832517956019119111146410137 0.126358929992508251297010565805 0.587323676566862156851125858234
0.020275175352401636733728697549 0.668568352112517164536131255126 0.691311002078376239122181028759
0.934366517642200006742601003296 0.178174314167714195944017005151 0.165089525284566794209202727918
0.520152495077940498907922458214 0.193625782393522389508874633793 0.043883016233061271171170007306
0.808244797271473399239347404771 0.150507825417874249133447598305 0.732650918567127476244720138869
0.702608878270523189688592295625 0.356057154943717529683657137696 0.213595422627155721182730392515
0.537123264893774506016416481476 0.318674235562557993624834262612 0.920834540412247250694250183341
0.125303108171439631267353681351 0.665136901701474159764867475129 0.546722869772040330081308437043
0.359876912712561494870405041652 0.237045704027888008446195524650 0.900519523268679078607455263593
0.641438593628151102418823134406 0.493354792682915387392950942811 0.550431928433201176843760849065
0.181719763490075671821246769195 0.808135730708221601923159009853 0.874633198272638392328731322712
0.478181270177316778331278883972 0.577782744208541139056642526332 0.561786982867870802275121108716
0.069653947795065770067976568402 0.934208230265169662681094928055 0.388978446091048453485208798428
0.166461922149452929780893000522 0.947098684955379128547087572910 0.714153032043157741435439845324
0.245247384432381876443226721556 0.947654774176632777685075034754 0.145942568675472325644334477058
0.138125361770695415967137435560 0.228472955502055625038966517643 0.020381936495788073845282424462
0.035187209942027711856272178896 0.876272123772882326725329093907 0.332759782197118071509071648731
0.836622589608839159973503761319 0.453666819345756332867366145540 0.402719948909554350008332199419
0.787772535281377059231830402178 0.000031247822396379145214301873 0.280831981275236631762987423755
0.402520513575731630792273364850 0.908786898555186487131911697156 0.267709675841171485773730289930
0.194033652533698229874233372245 0.719420255816187017989744916326 0.280347169974752668378182444528
0.413507908275820690013068940332 0.304277981530775387894062698548 0.670618434911651380309301202477
0.340628800811406819488504351674 0.197492684915704601543256718336 0.585762641978877041517161364862
0.207547725603828241203931448416 0.776202391493476180333291352288 0.721816529789772964507668991105
0.972505342736449476066554975662 0.914328559794470693938897252302 0.496344796374903055858978313387
0.837670179988393382254869585708 0.992294886239016198291994609985 0.586515299791521078871433099351
0.620522931442906313956995837715 0.051163366491919980018943411851 0.765655463223321835110385253125
0.045115601817003475634197523628 0.866976539815936915252901700861 0.486100834942112222777215971092
0.305027550402634844020182763164 0.326525118276370005170629403732 0.999168994341727999977263387942
0.420979780059957775374508683992 0.779488437002043910988066204964 0.121075232574342374648620570068
0.011532950123083746661954150736 0.068625839364045977914847179404 0.709402689503715074011016606401
0.688748654157602042836579974377 0.797582016035972677162454983902 0.697731421467907685496082691500
0.240497358961209436968531162888 0.160482236620401910150287360271 0.301831492874800638118367636255
0.774861419657317754755533155298 0.323974957331039236102581659414 0.434486222157751159227576583588
0.679488208761048317811074996120 0.121836930917003667421611315549 0.800926032710286914004871512054
0.959903529349478009109943809839 0.018883230208219705954118477173 0.966110202222170921072001646135
0.148141510624151417480007824055 0.240886803246316650883501933758 0.320023672885265708783307083638
0.987758504509668625813366394592 0.753489819524983029487049962923 0.933173859140969522608082492441
0.597073728596593679198418773440 0.760789051509045550215268425419 0.332721300828769468031102781623
0.614362313270050253427319860334 0.628951019283905315809591247598 0.914903473777171158239725866001
0.838752471817480562483765501045 0.941487431054506502951363952291 0.429967554302472088728668020423
0.332044291880470965789846296522 0.676884571818167688419649903910 0.482110101779705155501410879495
0.477049098027104138864441806928 0.000726529960008098051983811076 0.026405256781704924569177051908
0.119033023241994652746768521113 0.197285654078443829274957467561 0.778763047419773047161633262972
0.058892145077424314839679024220 0.093658166644821105877633499551 0.145450956873182803316354626572
0.261656215632226535153290025406 0.917181598089840939401387734330 0.230142070049071776200254664062
0.316987109580407184570447587475 0.016592091157769354657010765866 0.979193029190275397209584670027
0.351172979193962419375442279718 0.744923555683001172130078797111 0.758185015819355820015570697850
0.131229995706692170169662973016 0.782645459615258494595211689420 0.364736434466068397867546597429
0.795731566449820113578056984882 0.248063767033713103773735059906 0.143199335265795544051529485301
0.444593455610455435016759711082 0.802108733603693237321603875616 0.811138949837986705155132486198
0.136216247405012108931141347935 0.284469021958282385214624947750 0.357009446768785929126379343301
0.730349131114317278159418309452 0.015458797267021709235346296739 0.061213762306852495173698937845
0.096300499056831072196529340787 0.346704388584596767283966235008 0.500683383970448102172821161471
0.530159541098325548195976110084 0.041001933711159029036716995683 0.295938945442332555879884438549
0.222345728958306133443941165590 0.097515851148946083737917266384 0.749534084556085182742352677674
0.456963238181370865162326042456 0.879549148930449257331115113504 0.611881519079555780036168919041
0.361138522088086922848848372781 0.013438342476460373944394174964 0.806487095960270512719361367690
0.777496790662325141506509252325 0.347442526828802822201385697128 0.680663074530490006720323770780
0.313797455260766064419388939019 0.464733617043434181159400434688 0.931540308434499681518227379300
0.924918425510058665447475336539 0.042641754756686981226671852767 0.026655243937891943165235094151
0.144144661639303456484692310296 0.638251584871747034774649337814 0.147145101729336920528621438278
0.644350707248135383520125176643 0.020145687650111880963902718023 0.596047736337550131816327051933
0.501274897332303205379342664656 0.406494161852658865916885328612 0.980640747360009793116191039584
0.385143257302882015872002221567 0.635738340810771964256588753079 0.673560472451708923833819006020
0.037743870957542764259812620294 0.173725982478224733860796278294 0.529255422416725963062149614532
0.570082945663893979679345708354 0.549073958919339924371502464852 0.944003164926603280364404946533
0.648911690812819067631161964769 0.782356494196831900271228006102 0.361628508154582229291372015760
0.792506174594978209684193918562 0.331274145110207539596895485375 0.095027577703459823712237156169
0.555250299248040602658069807870 0.992242241882658663099680035822 0.652960741225378567584428932054
0.190999047302252492935999545277 0.282652006653508611036725151462 0.674829135691400965193100010480
0.107411613073853013111415878811 0.010692389136508985933238413067 0.045607863060897921536404816957
0.806980365741559212797511570641 0.860952404459572757580544628487 0.035064405093779804219545748379
0.051475175281996740990710185935 0.124636336962039709736710518296 0.726586478347144549600346313451
0.820731261458214985182413194475 0.959690633489105554424913990675 0.297200259632833927408590127356
0.763360610281235068911127255382 0.042135966506719364652951100736 0.288219768436765418498414297358
0.247546860233503661924896347937 0.561906254101228881787364249835 0.735242137490057867761024836201
0.721155692989066312939374193477 0.747522742365284832541206235518 0.004118438963033330487869290300
0.919077552987369235831469888006 0.411551722483463257933984976801 0.408341850947174692056239267614
0.608845135640091671771128906267 0.372282165479874786072789907601 0.289699964827021998034085607727
0.911650239001787209664902081728 0.019974889935808238204165426841 0.328480193765577489345337543142
0.350967075991589946984631074547 0.565985774780561168617660333934 0.100046811025085679209275690897
0.946760749431039525373154814199 0.074101593004451812324437217246 0.349024331263409591468438613311
0.243609009312817249884343241228 0.779208963071069707859255324609 0.295114865218549194738103942022
0.138855315173696532327845967078 0.597570717790346169958145799330 0.419628038809395112187093505913
0.880505303416192244889319282770 0.122286889457395586350554715863 0.369326518488721232325904039512
0.765597430085888478657372769935 0.935362147558005589130140822955 0.237179842288110252322497487984
0.854651983483927174213904491087 0.378533677847480685846559739492 0.399077135847496735698078758804
0.800563595563016989100320276687 0.320688210174735591772797181013 0.598268436373126572643579375579
0.070459413721480748734044705870 0.282850001895821187503774551928 0.578254855552923484378947228287
0.346510027402983446750632022447 0.864150366140042142193106147195 0.379364725978990017829467049651
0.767167277596583573520093923710 0.500373123533701317458546916387 0.949125567255812503124847769674
0.222316460530819417096929639283 0.191020632274763389038041471649 0.131811411042954464531983563527
0.262612529292365291366023938457 0.238832703051092675997821213815 0.999861657814645656902982552024
0.598629200738954145263245227331 0.623604612563135788619527137626 0.233865951298079720365415633686
0.087241097269785551310630871048 0.171883135049356920712108575522 0.194991611752179799585479892754
0.091005215865807540561964382227 0.577361399405235756927199811761 0.359673793261400181053508266797
0.878085212090262558261331673456 0.814569616214260980468032442650 0.156139482259924530015941679716
0.177014933751680807263150668148 0.079266058678843511330516302219 0.158879845703234728724170331114
0.847690276637623235190213075909 0.217182523415507794777031763960 0.833966376349438333307181592537
0.007317899478466560923282705934 0.046039346769331278260841731870 0.888016638311103181584432482756
0.498851336534587638749750182058 0.499450405891297350543416354438 0.268219130717803928409815811766
0.737885692264096393968655415616 0.078532629639635068046229486717 0.884032834232601928163112686306
0.331719467857259051948047516071 0.454492863825594844337648022392 0.287704379323718033319424972250
0.826151854761801481515703283691 0.480017857656202561385509407507 0.204472356870432736268755486610
0.270105981116047513065334091633 0.805743314803616523807452953513 0.249345722212344040635985461423
0.630280038750342757838837683363 0.297824267301194858148689943299 0.941896503904320889775265483763
0.341909574234828942062061318500 0.980812746941358050289037594977 0.823107204166196658017016201331
0.324633757936699156625702360646 0.512213289939085424800036600650 0.643244234135042186465883515017
0.697083256592226577947341165846 0.802557333114215141359635171170 0.211781419123597622060051194160
0.884759043068159053539103399525 0.875113866117323862115241020316 0.663265222516510596166294484464
0.124982102037154570762535622328 0.875593869970204318668061571209 0.766399209568591270394169221206
0.301022483338946055138313332207 0.398599394183877410428289842267 0.456835782937353669332542317899
0.996817210673120529466376576553 0.381554112785812460706241627110 0.418565957650867523329762319274
0.584094210809151720117738024190 0.474466637920310336602526455147 0.269856679201034834273198902155
0.358654072796179976131447582364 0.948342242842361404398852293820 0.288421682463179406907759606098
0.176874150703822839983018061575 0.497670637123118508699185880553 0.805450475905960799141524091819
0.744001027890830429076418176577 0.599655781224102862896979146478 0.220210023004615704407583314493
0.186605345976455681218748786418 0.832635688744644301017723961045 0.960817882477365911933728573477
0.256799631795076611623110962844 0.683613560208281514338156092922 0.858246850380429088574594821035
0.828954261230237479514565544983 0.780955973530179335756826217720 0.787091433233342862599316043237
0.466552437763959434911820364001 0.562186276756048920392161758392 0.948860337504193193997767394821
0.465221750589575808888222793757 0.213898232472975076892706785965 0.468354050967948147198306859709
0.030663893161431540003953204400 0.214660333375747789710102361617 0.757552701519629423199785967152
0.495785220934054790633176836720 0.602980257889764258151200416656 0.415740175318465459691679122080
0.987145168382604992327683803038 0.655766507161236444240605585720 0.928073448663360783370669046728
0.076592840243247792835723210150 0.595039926554955532135110954642 0.383371517340904828086146664564
0.495655992164585865040389158782 0.124918239347354320243330818900 0.156623207132674904060300094683
0.848465733946556015405750138979 0.622213424507030017026457844210 0.990023807638983684158436369232
0.862665466944712620299187872760 0.252902673198001950717050766656 0.921395259608424312298074557030
0.218278868818770970604596646176 0.437997316045370679022163851994 0.381089140003051370403836577253
0.267804702899173341294016220542 0.622804198920985857704227029025 0.518118445851727004292791860372
0.948935034344810776657689452870 0.860215771617017296904096978979 0.565870041375201212758879327660
0.974058826047838877429569617898 0.762410079097556988168506589909 0.290754642739267237474930825301
0.044661162284112843924984715988 0.312075915823828012386287923905 0.972329592945173776070571030714
0.559769132300792614316460626758 0.470427509720157535671715109213 0.928879746556516754553686521034
0.115755946940656045955613009972 0.606951193783476790830948565380 0.553609279606591272834494358496
0.910516775154880044971905380960 0.031434314037777835603723538403 0.932314630860462131218387869386
0.135510511282089775209031622269 0.649567514303178161648270447513 0.471411135094804960068274073325
0.761181810499427910406064584356 0.962071133401278394578261228472 0.504547304087172812600559444445
0.690171149053233243522774441638 0.103226630085493900866735495364 0.938942587954259286922404616344
0.341781102334228334858275330743 0.028106027013294545481874455719 0.336088680814167471200641660368
0.366914114310889686203396437189 0.809533243865247040368909707994 0.796428711320726835480723971895
0.583405876739697742214041779292 0.198214783539670307932812145209 0.384181450751627782204523767599
0.045157432312064501873393570530 0.924035805735498405958467575382 0.751016678570324175391746068129
0.124527190581019213501219053748 0.132332726105239864689793827286 0.719593672088669336981465840515
0.501557857477700034873070074095 0.144165508100902449777116086588 0.810269183578332427949500178291
0.306391836831746216116515327926 0.943623111549352759277832630962 0.040188010344136545409868174454
0.205580302497255349278543400296 0.424074559181244892230356957495 0.924549316057656437022225390225
0.837061233049293646075530505390 0.518571063321881074538756350152 0.887287287684350360478621039317
0.042827633461212221103760637874 0.792685567325064462824375351812 0.289590265293982946049678610885
0.001707993483366064136093137353 0.395425265919840305799046216023 0.886997744714898917451571813928
0.705181655979125602020517468549 0.336782006356335629242929098806 0.777464770652615835028042366680
0.832843619918784754591683951543 0.264825046679668228047130530041 0.546729207629137926341311671207
0.263802191383953177901381738591 0.698347558216777158537305264519 0.369362429522609092995349208861
0.441475350635543147821143686820 0.098234663731170404937778576713 0.647156270753525112781608843874
0.859274472143632278007105875648 0.806330877074520801693335208503 0.836614236066169607387090302213
0.721999622505892315841412715002 0.514605881522900327926465580360 0.032092016118597399993141879671
0.088651904239877319142041553368 0.457694124535058505939852387839 0.179451046063611051641678111482
0.016633506553567709105925457444 0.368332073505886701542637005337 0.507554947404855595984960340652
0.780879359368891392948855536960 0.372355566123613657429225861398 0.338225501370429856857707018882
0.637789531890701678358937923682 0.758736538771962834926438742085 0.707298239859544966228480325894
0.815163564218029909179804280794 0.911804364604346495133564448914 0.145418361655408245917565086988
0.547037458756415546832431717968 0.926993725446816944545197444258 0.539120851518378834618167423791
0.596589058590062817436454878072 0.243643648443735549506558133290 0.210979258623175228234455007860
0.641019178186097536493833098067 0.231042889470725756996232195873 0.166849536365416030254759497769
0.742738341860157185896972836973 0.409416186154801879343322545698 0.384580141679442235230138976895
0.434676916726628457679265729870 0.569124665083779503183767409695 0.819401563562464478516600775181
0.581655555954779780917910024967 0.955040737556549897124574639775 0.886439636908424485634883043244
0.992772345918857974860050221347 0.383727830489609100848907990615 0.343916617576062364623050724430
0.699232923973244064582235489468 0.634921345920539706992525025456 0.350382138112505676466953808998
0.039217899000184149131998551019 0.928262908313292409572243279378 0.697254857701554439184420276551
0.746329840062001237974212168389 0.657665268259986058750585075371 0.875957474882402120528488069997
0.648850722919844156296119212786 0.424833858959382075927082572794 0.518333784713259440727069935721
0.595748317139484866664650126056 0.308369888658459426105974369176 0.811227873015076255082031997350
0.737259398219909704213831278692 0.421843892639963858160970131897 0.226088346914239466022621450652
0.483647928574578424524486632236 0.059149530198649083380175909848 0.578364911152651757229304553035
0.358896525856737526964076900060 0.245840710331289688985572185687 0.701101441296166846547576407896
0.742987197280457018043655250064 0.263200893811773330505391005233 0.343419768335506290281150646190
0.046224448471859144444929276814 0.032299695445713087075426354942 0.121993189255989382490292106068
0.963609357898275745792592953130 0.046649707945811736422793556736 0.151078637642872829560094329637
0.500160772699096491575124702716 0.414078945231811635240979689373 0.323690538644609192023994107188
0.527451378197155488477066579939 0.675320047452414294037775316725 0.603929070393184516357669251927
0.253837804106686748019207095158 0.423254190275372335751689730202 0.778035063815193269057726697163
0.943035758729217509344552029553 0.900850365270703609838384219938 0.407050130421890040980187654456
0.411204269618325503483832255735 0.840911601361201993663461795545 0.827041335753036195340229855840
0.149971608735509366322567198822 0.132584552798247975165351324775 0.485482132899941867463074829367
0.079720230961870024196124860050 0.377410183850987574059379946743 0.602918139012059478604282671455
0.268136798976773795361280707943 0.130865393774896605454749874259 0.988595481498557083282331765051
0.319052247680418038417386908873 0.824161998122306501977932185941 0.403204484348536428644974628243
0.574759401971151225421083160328 0.477198055332565556565828030992 0.201341752850650847662049037616
0.621508760770882046467314651838 0.555010479217503713688060872332 0.443317026358492883733426792497
0.333219710528178141094392105990 0.937697997301762797084255354900 0.190949998374754263171435367821
0.848427680470573385349963336989 0.048786863948440025999200832179 0.250389398894038577428625755907
0.343046243558610836568084635358 0.331669818682277239758423567719 0.942068967611173877101119902796
0.661361074573631352995895126453 0.093824447450378619899648569274 0.081489927229721345761243846763
0.988217186728781679809444039632 0.284353485948048284709243778802 0.476330006092760236617392465826
0.105820570734187786635801112779 0.027974899217748829947947495601 0.233455362136929926635568117759
0.792891497820089572135707278805 0.196128491768043322706485099184 0.961702746407516085558775783770
0.658353573823486207964000673086 0.575270609615726467463211732924 0.085557949229811288786988867027
0.289634682740110329060287685671 0.244261286674522935013219932974 0.574295364361509595775963670941
0.707520430749182085416117942549 0.956556333698153478930713563522 0.176623115840863774280346422709
0.240293108165727442535804751080 0.788114190351759803162426847148 0.919060109109024471407134960284
0.125522176824688561990943272592 0.511828769149039840041561184197 0.550848820800785702519378905835
0.807357420347893860092347453015 0.117127210050412848883179856367 0.633236896453552641398881718173
0.037395973787187839027992765952 0.600420175254105625339558349758 0.589513462704723892364020179022
0.535441203922609137968917831529 0.045110459499744249957724454115 0.455923189948547760871595821307
0.166387919212679232764640622532 0.778685532959121605898151315804 0.104691337885712561140601476657
0.660599688912929087218563112163 0.023100285884124548045753543966 0.164435516210195859746251028454
0.597043956142459343176989305642 0.203123862640795346107554995776 0.508674290551457767353083233527
0.884781104850493242608650599807 0.009389572573040192247921138242 0.104215522424456012243172563630
0.777957888900801234116764603104 0.741151860188229441380793489100 0.968922954241494544093405351256
0.319347614703162960302568075016 0.525601528160535476503289909573 0.165288243593069141921474106920
0.154274027579668807273800537424 0.728825180882082443704112409289 0.983481044056664178787784446875
0.683632997927347567704464029906 0.815066221774969641629326883186 0.557859491713279347031300899814
0.654238491522240035825352008651 0.554369070131082883571069035222 0.973879731601832913839185349537
0.830583580385021254577739906098 0.843019367198067902913563385290 0.743624383214121859307447933914
0.638586022247899104382457867533 0.433621613981553616516962899585 0.423405279964004875201469699947
0.485237149052655854610155063769 0.968851897729690696356912538015 0.146965258568100493861171703403
0.355885944360117839495149564577 0.511871995637607343042088837390 0.678710089965728585546908438275
0.796322717993884590507848542381 0.038517963968085569851057110602 0.826305246769525032362213360211
0.451127685986417254483667291399 0.537259873766002451715752201561 0.168479986464260570023835667456
0.182277537133016425378753161499 0.011059139204195462967909415101 0.779190510633923494796655543594
0.303777522585864865199387528728 0.990122152674813540028767156383 0.822144086817395523931492238297
0.638966926673294616783617510673 0.856754072540412601628074760688 0.220579365330644249300381958522
0.399150851539971555487237725229 0.464310705590695677153178967143 0.631684295061336718832909138778
0.578615734613804834164683524196 0.909197885011115108323067803537 0.382824994753389280288990052870
0.218469527126467221173123692195 0.539077147240064645872147190394 0.578439061317356739184493829656
0.452566190628470137053413488107 0.197714986997960599351102824041 0.058810644242063549745930184787
0.629723961677947751786242728996 0.366490051683096650073916721817 0.684203688304048601977758014900
0.624001435571985264912285449119 0.033888457593283723031100235812 0.396569649208744722635205564581
0.837870312469161442703958108250 0.408245972013009244338216667513 0.816481056372041257268707623118
0.475547454183981007068001896449 0.218056036040125329522276576093 0.437818453764101527270313447009
0.645240603599384482010636158683 0.650256517630941453462662459031 0.313477052247637629870952883840
0.590958382600231973184724018489 0.956783023339444281496994502149 0.143098757940770128156457655273
0.005378895380865486117650913563 0.643205937997978199582079393983 0.612892965014006265279721413074
0.012834157022259123651823619056 0.671020400008953184598356141690 0.300607396171010754716426541047
0.089535129535784904857571696907 0.648601668695819244408533633070 0.905006098175257956411544205871
0.697303245485532274416747749893 0.389020464638795182116729598913 0.586780265885468611492959237216
0.569530213418215097291045832352 0.803825213229172300850143789273 0.985155576612630916987702226397
0.969106414048872250549364545332 0.164453504086790151275105796894 0.219906970309093617242191556365
0.238522753858219362398870529557 0.856544164206475980939702675346 0.259115060080893255499988453121
0.667366601571917588924337801619 0.939589312951418301235894969244 0.875859907634433171851579082756
0.276403697982421158007005325777 0.718176431894902573645388291810 0.855622559856266711708177240918
0.998738430239738911454180823282 0.969754945223924596958752584367 0.684082171183787786047268199598
0.818201169962314525110639586248 0.468106297464210562312997349342 0.900445466508906018925716710018
0.575237428633554833860929635434 0.639313300591664412598151315356 0.321386896315624122315901781680
0.741560496537615720649961067454 0.428273287311323402219572330309 0.223922193657009236176894565389
0.839585246245082682720574876875 0.992485120119025574144179739924 0.355788162948691948453988773049
0.316992079786561144116168719314 0.467321515685181481291506545247 0.819434756356922174347848477780
0.890595761895867861974136008167 0.475438432332760469693773520107 0.715155175169904048381261004722
0.203513311784453313307454179338 0.182217663069407162666111831027 0.909919396076049036966659336466
0.458073134763506154184115489510 0.244724680795748795540850289210 0.743942204840722774022563695214
0.772473005689631150229309134060 0.764682613214769023837434182385 0.046304198093672529920094464224
0.354636608014800485480471504424 0.539879199073769138127994314952 0.688133926099158228815167589333
0.461891576376386973684478074839 0.166574535988649951097039474898 0.023539981502576073808240465603
0.681215685096091827452350890309 0.305333545487115436679420538365 0.785252636574461403426746976958
0.871650393943435823760984262561 0.651919582375696677109969091714 0.115765062986987777920929868666
0.724265488775542333214433760485 0.762328868237754732301251056253 0.704083022218143647365919566861
0.075751564685198209373262190593 0.200840094365835955950089200793 0.168571323262285268536016946553
0.315067378597349694014803973716 0.134013033006716608394580105262 0.951654475775048286558992670457
0.306851106046093499915998539166 0.506661540596028782528469870227 0.843615880820883842335919309057
0.459187726726036467275949112726 0.518927707910516859759684960889 0.022639052148718011767692244745
0.460438298781733904897702658589 0.321013377640028478523595567355 0.274989023789175114409411600904
0.128055113189279237004024727691 0.612306562969960207474721004757 0.540328410001737700928272315085
0.515715811786077739284044493872 0.669361074620813859988258030021 0.976127836860156728132545009021
0.874197773855986144646143465690 0.488439364671481131408778357456 0.418695055390237812664027381874
0.669439820685312547592338808410 0.974723248137007855242463190833 0.800441941790642238273787192118