0.357383911238041435149439376598 0.437408657783856978981636440354 0.571658010609388419122518905318
0.686912519837021288081294460956 0.100402902243328310253905418467 0.613173464363247353643034947996
0.562287467449216138760106566922 0.754890334419237714509200632304 0.765576010699088253671646703177
0.080291645016314248325448017961 0.627509016019566295167085168719 0.598493555227096033545155726758
0.152726750394333847702933844054 0.458908873866422937337949652146 0.846224336518421743620555884617
0.239175885682586959225408550516 0.765536243895910654574735070855 0.249515790276573719842249832850
0.976595860294488413945188887578 0.869598138871835766302787700649 0.522369371564247752894860692630
0.188875146208245066375922493871 0.931835145085353005892398523409 0.531556819932535446889353214935
0.206070025389254432163636438735 0.977535945064052420294520865992 0.408958077653583646923740857502
0.276371514172987813120819721365 0.497949967310269307589829727239 0.586791600193452018189545479880
0.444360955780914227821321728120 0.989630563000115956692969343417 0.743310700192414656202586073754
0.984088537256056355835889795275 0.377557112948372737429777513300 0.217847933315136836008373407592
0.618001627483120353851849111066 0.437969219408820129806027874912 0.086745683059344998257223348185
0.742441076840522532248371609301 0.523236970072298909885707626757 0.404269494889198265303592042729
0.394795293835441193889427556739 0.495051052514233039729261402601 0.329187055382478882556825603797
0.385217690688435156571620184892 0.794190527786713457819550887435 0.454880224618278145858211838007
0.407285079858796172816079717167 0.587054207087263123975075042121 0.331333192151155568107378830241
0.261929463537706058106470312220 0.662223217232095739132246321176 0.183673196019940863550341046794
0.731294922834210371497948951670 0.009883638236929233579130323495 0.113815514939176384642612218733
0.413478693514967227905879082656 0.468110689481573829629321648214 0.762104527152620053843145935885
0.036014831999614526635529679990 0.629059259469678940507414310138 0.223758103917607875354444716170
0.287247040650109215713235052424 0.058430885262380991953848520467 0.837967714733387507007030626062
0.523663022580715770501433884556 0.594017928638009055922596607117 0.127910965056810271435734459497
0.494176541245621303964658727104 0.203567419719433484305326518032 0.966472784878971780384810629843
0.959631359398630471421215527516 0.244000795719900361934842308184 0.111147365123226704170382785839
0.856131159127014689934824788368 0.613821789856919544862562757597 0.916890439706108415890134286796
0.353125360119718826963613828048 0.177567357072617620448419321564 0.426366457053584814442535595054
0.337579863804013635514496211276 0.514787752145726102784080612974 0.378701719316665074151980244027
0.085654371138779115785022762522 0.645159292234751962613538453279 0.990084571650162492812435494875
0.413240173770487358332229445926 0.150745403265344558873883367845 0.400315237561000734187969188475
0.260750829882530178019178008304 0.049288210378289094515849588489 0.789844143767679799237786699814
0.165406689990219044470417641179 0.882007452836365975879377101990 0.193722299531878994370308272332
0.859954868687295618101728901252 0.937904647840750165758627302250 0.299874652756337020201247091856
0.557486695626793653116449740126 0.044251831510233588123448402717 0.553711948361709639229262630749
0.391233543950372269403621999300 0.370310697338767843881926631644 0.922282924561062561181690059320
0.599338667435372805302907409376 0.582152590743794838257431107841 0.763631708237897067740175141021
0.424436448540279061807032489545 0.588727874999746896458295274726 0.808755802925030320642109855750
0.274712034016012033724725075408 0.820566143830366970893832869781 0.743895403381603034491841742661
0.235178161437674468851363232010 0.106585945395949265911200436047 0.810779889586603266493060798226
0.260808938506846692224557522432 0.958672354543832930865807559889 0.425939531773447838170510701152
0.873984965547076649906537802399 0.499356432691074172767055592733 0.808240720229224284590069864281
0.379795166343659580604791712535 0.335536704013672917394492885238 0.544672478470437951070989891566
0.670734451363653747659373771640 0.497537891160724927766438167631 0.318617839408492478763079901378
0.316534238187494483500842141751 0.641416624706663580596966792765 0.273979321379324197529940019679
0.535996572335999580914622817633 0.313524109626702848478609446945 0.631371778243755502116282337893
0.924667054998412215955845137045 0.718885147522718762061135914667 0.000095633878892011551055933076
0.248823112572249914624787881068 0.186174901843907943794396135852 0.652031854326125358314815441530
0.993199240897685256452078951820 0.188859456959198509631128033636 0.207003597128304739567404389476
0.482172138233548570334649584417 0.905033431016413261098848166905 0.203627827362073485521294584517
0.908977876164384049271489913166 0.042536108667433587258223669662 0.515117346927189055866032510975
0.487517139843609160371303343890 0.731722062501173787124437024015 0.940544478653002031335476444969
0.481302555096209168932083005924 0.083747383572669276532517527503 0.945385447391100159908784690291
0.256151835763350071989588742740 0.908132617464242991527895293480 0.073494280300300254949251624903
0.392003616883376471419825879649 0.484981679848263204895220168978 0.718002065380321267094752375499
0.795838464186584486400199395064 0.534293499963274420593034248487 0.966045637654449756594000158294
0.417307933118144571968363985994 0.355028919081550949090879596388 0.127543577114901001245893268007
0.600120397520753343441371761619 0.596369762863359248489090444511 0.667106327183532174576656456004
0.378072453706312169526391422064 0.565338886156331688230723498010 0.925900295165366522382658758866
0.655751683576550650363758180825 0.895220874910477627794542453844 0.079219016944444082241341038045
0.913194439134960310271781227055 0.483993216070204203027542249242 0.182887588456193068428161893455
0.654178448996783873082251226069 0.330131650785699983688698876530 0.833376326014904916915539316624
0.293338041294162335589760692033 0.393388683699479505919126625326 0.583205979917523658543272252186
0.066697282391858740817137512328 0.741257546724143397998767327473 0.967853917377409365169624300223
0.397820839802251720420223634131 0.006445389381075949182653273444 0.740861665970474706633990780832
0.154169969779306297026194101890 0.496608366127663070354715677252 0.219965947145295835692067673484
0.569700799422050590530474676568 0.813912495628414291412649767758 0.144964421246957779137070748239
0.299124394651269508978862378391 0.092534356940551876434288599897 0.288177827219121129613627380907
0.346726569848860645645973814703 0.237692060274405202315335775705 0.124178922177698481274759630105
0.867378893381691244951960812344 0.681514392344740299333770540533 0.875794877586137856635540976181
0.131374722662993980809823029004 0.321915901372715614894902402069 0.959598896011812046793417306869
0.898534195509966295759450464335 0.507606735384282332103720653190 0.042168628444777535690865839134
0.891749463457476320043928626385 0.892925140758601564791871018668 0.915584562793243902708875037203
0.164040481987278358921910173854 0.143428358455028016057052525345 0.315783397648611467143097102657
0.673380653536412844111612666423 0.281392670968666859763821711376 0.048032569877226386218327551709
0.345137127832486373641768860631 0.947171073751381723202268927229 0.990987249632018514284356852456
0.554713272885556341398761279257 0.478725061378030477230744050370 0.027788365799182540807712682016
0.355672265485402252580104373178 0.538474031620451548988031072041 0.346198975252921077726788985929
0.522609094805307035753336087264 0.314259313355154229657212086077 0.227185468063210588101508029762
0.046289909774907773379529417202 0.640543515701343232231897662863 0.189812904985134030658635092305
0.346408109848204607732618543532 0.791019106598501188460632037207 0.250594120000385150093038965644
0.690843548279448547127180261047 0.992438034020564826164510765253 0.525119106138938787768574919065
0.414449449328575049475055838039 0.846822025958122825204502877070 0.513638358554598006799976005740
0.825515495171627541271594352386 0.068452045394380452552174885525 0.596279533563640124995198092195
0.612734683300682115752270491241 0.325313844121542383782621317954 0.225472259425048999055153679202
0.759682185135040959453451356018 0.836323474310327254271952868285 0.702924971540557985315586715586
0.173837819497905453607588536311 0.169643094850091234003410224527 0.376814843450016550174756936456
0.467771416854672231042628742712 0.015158961552286906328474931764 0.236631729532037962850632738979
0.395553997244152432538661911201 0.455145021480275295997019120052 0.614302352824095612507707474784
0.828389125304823845765941263472 0.690709594342579509270000661707 0.335666636410494492100474873151
0.852175183776078046001697607354 0.182937594745771255325220306068 0.615832079847877821995236647755
0.755247783109451570405001276341 0.977702649581894682851917528258 0.214085710452364482556321475040
0.149089923887557117677538351081 0.991510436916611032510663576849 0.552101971932548846832914607414
0.801606896814758662916256853996 0.491343894059439204422406038928 0.335537863580115880346299262511
0.704615475728409661144488881793 0.701430145581512043421305898599 0.655233269815758956549091558222
0.584662543778650602495407651009 0.456355948851304335046839144487 0.592815837640103166604326318075
0.203610018461442663307501174756 0.646251285056792092665537684825 0.626763762349945061736255186890
0.123171911749630317752918981885 0.087473496532227238440792156290 0.156227735057148051450299941672
0.893552617281765973176873186245 0.663144093048331739914866781613 0.873622476469516349851430951384
0.630143476549303287152338669652 0.274758921410744830022484049725 0.619939979471177278433625098460
0.650476423148226097160087007705 0.579319095673368994618412376855 0.990560248360225747095029918855
0.122730639872104392993618612142 0.016739102393889260159068341288 0.000190712719381616952601797808
0.133701198946281065294139561199 0.916896880183175178927724491315 0.271372867071332155208892741142
0.215546171463337605376900634312 0.688071114100937890651708774041 0.474788249086023280185674983666
0.035094513347639401227897315894 0.895176438517708345749800112156 0.326282342444256580477457643615
0.972474551206691932978516030641 0.846185407874398271746293930336 0.651857573772664167700987007748
0.364197166054541126623809811086 0.354024859898709395374428850772 0.052831934904144667432700829630
0.091591390960870907294406049703 0.505313758907350287734098151525 0.145311307861260712001003289639
0.797016373829182272952411364616 0.796339840698158239755586243874 0.627626636554460301156534398981
0.207539663733686470491267267751 0.865687920824001050304206900928 0.318849058226249747600496992280
0.027822596183893106768241622132 0.283045319249533304182233505143 0.800268129028110747167176506141
0.916512561620925548889393392441 0.199143082067809993379794003243 0.538842816466388708186467427485
0.940456499388024102376601690778 0.173746505114663918369014924221 0.378389591079445235441754734593
0.329548914821295536410661637848 0.776561216354930273895405640477 0.337386613931922941494092965890
0.758648524226208749756243020793 0.297062247669406994812526406277 0.537122267254298221610291052307
0.417718540670019290478722567972 0.799093637251120188945251511917 0.556937449023899329821936921573
0.918141604468958994369177806462 0.426788257934161676665823460828 0.710576364954112245460543339719
0.817011299161495028190433712207 0.829677939132382891515668153797 0.921466189998104698840376955501
0.616938004473854363537605977605 0.171466274390585440324759822884 0.466682995821848549580383798389
0.204068870831348435992633511132 0.368814625998322412283947436245 0.736226013489450810034004215300
0.324544681975638974019141229196 0.475920548146784791128581186904 0.292831845957065872068954446664
0.093150765229039268852606521399 0.601579069467705833218337877587 0.274806114303789863354667310658
0.741892685877378255209914742047 0.769667624519407155113868100468 0.307009314919175393627923941916
0.813891813071263989026791953187 0.664098476448192370230816620639 0.670512795254087209136827271283
0.586604264739428204269847650704 0.594844950511448371339295848189 0.401066578482024998796339728344
0.444651321793785581199715729853 0.022388126188545565233603680927 0.760301646213700975183590858726
0.994058272545796226048765172720 0.237234771470122892064299071108 0.156808470079939282134354974360
0.510862474968243097675525747595 0.538452122569527895799183630783 0.122259769336046111655623226391
0.423175759366086531906191750317 0.928970424006787378647056653868 0.336862104101759962419015263907
0.483105920207674993913879645561 0.002386655598275316076650302311 0.504074306013438131261223554649
0.413233238328579865916604377869 0.348514215297085185458740597130 0.426987137776483195937720720507
0.743848902221134694553658406355 0.525075521658431688095800031599 0.127410198706090729709467384031
0.397121225818608904922529110834 0.099960846889235345957973283276 0.217694665955638523005338725557
0.122955501272950937846611677522 0.649521979118102404416823652403 0.000532496849464037802650677309
0.871450596716078495478991673224 0.019236536832048041595719143419 0.326724925340537333518319553474
0.091206865166198506859668554380 0.230876157095398975744840254443 0.118589854484458757678226439741
0.718982676446107115812892251729 0.117380231533477473497609821551 0.403395693237959684092532877749
0.278255023877670695159003004298 0.554140483111832008123648372385 0.795195819772697690538848841966
0.104906628385437817622900140527 0.542597901223205692514076695307 0.552726626487874478111878364476
0.428650718487488019671566570803 0.914862363668215617066147929731 0.476840374425092804935717362390
0.560422904373631017235514980610 0.401163868460119954098938679436 0.593631433424824782610943408689
0.455533810559835006322570609990 0.208994749975792224653132350401 0.068773935388126107004588019775
0.501921418693302996900053848945 0.282609939993730481689633170903 0.274237038920345787944165371627
0.112563882308099994074467559921 0.350603842047883365543222809896 0.464091117307031093445525716973
0.671695254789861353669623148604 0.891896750913382778218263315640 0.777469643516903048811967822410
0.809676869294643400516590511934 0.202701039837757901207788052862 0.777903917094231061307644015249
0.815746264519872562871335403996 0.812883164698386158613458654684 0.684878301070640596126898819110
0.007660406260517187273652298803 0.868026515797775355363379229903 0.709396517337610749897166303731
0.508648147248181651697914619131 0.048155678308855609839932332092 0.333567384240784784559102025025
0.228229304568738843039378806003 0.919377693668612825422471454592 0.702666762092159268661078626211
0.032946478196804298812237379716 0.448197605914428901270201975490 0.536423616628618423583958520799
0.031333800226293032207665208180 0.143051251755003389204241655549 0.466250380762463545016530076234
0.734602690884867707462417147665 0.186402206576873309676334723541 0.427430693873763471668563638513
0.508210343658821735911624428467 0.613086369269962812862409187313 0.526414918293469511074607749858
0.414555511469444374752124939858 0.067352840969864480579631910483 0.156790432796400455793165968816
0.381084912380342405296530576985 0.219162636866399003225783979833 0.830198798732581826130523438477
0.950336016001697724049071201660 0.045046442376505041592492914182 0.086006820519073660266891443455
0.111408960313686276486442918848 0.990479010000954200703908765033 0.561407482609352886274437175426
0.974888186184060604146117232729 0.047049418098920982056314470046 0.018579730210250667054221488410
0.881696580402371590892551586899 0.504957892378995198465984479964 0.806004487994272699845362957067
0.665532661644583667162480419360 0.009682318454847186325073760690 0.921313971189440194527036500741
0.082104610753959646971905727717 0.669396953603832256262482318761 0.067436108698196408399069406075
0.659824275720364174675460798031 0.396563636897414493040283267109 0.559439388974966465213241766843
0.189072828866181654511247253372 0.162062065031912973574337200353 0.620249866637415028353578572051
0.252556718165543686845165575842 0.509619892768191882232166197666 0.399510887049983708276639116613
0.034847253767754000184992088036 0.095033826649960853017271965071 0.031110861049112777037801427964
0.216216057440632974133342286101 0.547793646037329554809181442110 0.345944028745395827395245129544
0.704253142821283514273531127768 0.823367847192203631949155189197 0.634590213562618549413217048188
0.498019443458541121294246007795 0.678950576467524494504467572573 0.308625804475646986123790577048
0.538325441804555014700628656227 0.799675130728874981627786994038 0.591319321405814081967364572191
0.845699820989356458900878981486 0.801882565392044355124195210799 0.125160923592102255978540330594
0.508486434298182750900982453762 0.462840973668032435626681160612 0.042423366099235236975126594617
0.504762104752424801606103839831 0.413802467665676608640706103686 0.191128452123152396587680144023
0.576524860570558700353427655332 0.095070945182742540930999305266 0.637719361979984610073893074073
0.064180467334563308798923000157 0.009515719694338822100462258168 0.707359423778283795958550618562
0.461447018130679978980451147724 0.416007649253032340362393523966 0.634330717828731291734416846686
0.486828268886757780221054016754 0.170136219263243341711105308866 0.357849290172010512986636663475
0.591713006619034838158532203310 0.504284033373242777304673518094 0.008089502884841789644759780417
0.515418517766589839173911099796 0.278734005188370438080171968531 0.336383646001320618907255616427
0.360248757316062646642049849919 0.593892550287432420644469120295 0.432108149858948384445510972991
0.244557145108648622137477018005 0.328057976967200658354276311306 0.441481679739657119152681511126
0.709733657164677009185564426779 0.603514452652434231616852765012 0.721077865229223930706773527427
0.604128041943427260655194655785 0.869584620778276134604076160649 0.821966313991310159173092190988
0.176421436320065841198611989652 0.099059754394479594596773534863 0.015905825777827208397386467213
0.205875405200996108536768453300 0.391680628550254899244576080212 0.158164572123054507087162621714
0.575272946893511083845284474516 0.271117664486324294344077895035 0.322660445368182408108030595958
0.598271108746757491200769213529 0.956452899156833815429651093907 0.945070828429218169287516810057
0.230590805363390612977424640338 0.086225939466689048530912195563 0.862483139208559370054232286665
0.291232403638120556612043748214 0.534874714378355614835878748509 0.268621326329974375534573115899
0.927982819966511227229122709941 0.893855717683421409066555000293 0.347880329447830700809717803685
0.839845743127017764352678940148 0.383791743122108253515319890054 0.866744972482773935010324960913
0.692535650958677567138288245239 0.849350610689250084446746408961 0.343159471337827570603275065142
0.432248330638261977500577293425 0.863045218496724532277716943914 0.331452267775422377077128643052
0.555379010312544747359095261706 0.339628631281492216778184256822 0.207885993694743245669096981966
0.912074401502631804523966384792 0.770683566776720552135028758724 0.677159567921461012355943701554
0.909005224094043207448232308736 0.676956860557138791979330924201 0.569774539643186532725811486253
0.370760513920491646472564538790 0.216442217296406906407165193330 0.714016762067651187104967739208
0.576306739990038153670948924601 0.063050927291810481873296167148 0.250451958046564745739232947233
0.812936983639140004626821890192 0.418374498914086505198045716736 0.289674390640371033619033850658
0.409141621497108245223107030880 0.285502842366901283437744236443 0.533050663240327551314556109605
0.172064874322841856078095383777 0.103635976127313576055283868170 0.519066633015163463907815643136
0.304667676300090408400100858675 0.827508583284132197269328033263 0.156493932830871468971882968466
0.209877391955616990728983972445 0.864410081681088162379749320069 0.260386823117600295537372743960
0.440787740052183652767641614236 0.255862417756544049310426807656 0.311882626907886956422054555142
0.661659382318576494241905167957 0.576440263409537219572830440687 0.690540734496476521297066128305
0.049211435246693801407223592623 0.865569388680363909344069735548 0.741655974245810261230716877456
0.098047575810191932356812506019 0.491632750017038065673692308695 0.816384046064402875368920921929
0.119026568841475503302092552039 0.173024269603182679299985268372 0.362711130187304180140374282313
0.903216646642364350306291251259 0.880868186108986060129653840511 0.321436772056931304137474589747
0.431468943267247251316387586466 0.841503454198802619075920007148 0.530001651516367143354636913458
0.695519223281607538326679232227 0.336236736061198127422143236581 0.401646812267535728843285827888
0.055969166292668138457478463761 0.476235897156771968928929243856 0.427483476521321342639874984694
0.015705169662784986602342582949 0.662735668415575582819897122491 0.919634342579294368148872455993
0.495923099900863688674285222027 0.410083799933466737678851929334 0.484078543819950879534879062328
0.261165709640008479728697145865 0.304308834800062983999608105880 0.653928447328936295745794165824
0.157550273632977146281602110728 0.928935104998363807049166260924 0.181217420753751058838764568449
0.045082758733916428200018938480 0.758984396447979752559926347866 0.967494552715381869845033422658
0.744937353936331632566653752922 0.052705980326159860620924407244 0.643208575945836054911523070620
0.046234619124512905637097503116 0.311350145736604919930146585076 0.326543666511929972968514761362
0.213571124512197608149015372624 0.349640247906394791996634646627 0.660394320700705135926405951249
0.252589799510296879315560076084 0.999024857358380494031735514740 0.330932802879549063669504201796
0.137170150547075605595203727750 0.531773360801343874687800790087 0.822522846838277206490727604328
0.191127328696770199611612684634 0.366394158322555948030566538622 0.857985661266399963998856235918
0.822051907106752330436097492970 0.212628877550669710588778091354 0.340287435401260810145723136352
0.549938074526043908252631372613 0.711269248534270788828415547053 0.856623726268194807467550597536
0.992572159251788340651394729945 0.158804905877184725538625592297 0.885956959213484685882117599675
0.000357614108638285644620046617 0.239439214339555265715273456728 0.323100501862408591173545056725
0.911749541503853851279532738221 0.602601390499014052044317989541 0.518904928825131579397671162651
0.233383070606159336052372499132 0.071385263378080523624336611396 0.126999280493070060483632304599
0.755031519139519856331426269239 0.842003712807943727459912914671 0.822058412127344549157952131435
0.748459015454814659374109684067 0.560183923898559728975377228075 0.354658925191797892379663736467
0.540856486371597133502137455598 0.133004654912262876678123005551 0.939316355341027894957126829531
0.060018835397103606779527339909 0.797047798273330690976010879318 0.992553924538290906303833369995
0.223225681739549784860723144483 0.532732847475885915614185319010 0.435456000044078306492620434209
0.001803384692343047908714291427 0.787306640212475597186464982208 0.737610037307869515447038569790
0.843856446724682292269171765209 0.082098486148944979023495708513 0.786738050739403048757293513178
0.384605968970278271219664481443 0.027863984412427388185009428100 0.251694198839376430188547054038
0.300433176948844533576709179527 0.157697644036774268538906172979 0.840202952431173403464829596982
0.574922764773072271771243872800 0.392889220314604488961131330725 0.425970998927058125917121743052
0.079613552332331975785990670156 0.131030464804701184532648216075 0.993921925684717343759880043017
0.149224627021884671275574546414 0.706671794443369626525173167129 0.631063951229260800653982394387
0.400666909739285599012917828318 0.009369792534105726513105001805 0.056811499901204852489003674660
0.944211745797572809342210011107 0.058018429913942381112788014576 0.106911882699185759400362240413
0.758312533855831790311340137893 0.272947778857728200860310989047 0.656386615960669133236401426755
0.345910338450790970753296182898 0.145496188014986571252082945714 0.028611051073423175026161057906
0.603032180188602408699293954263 0.480105641650459566906481354735 0.633735790235524479125281742237
0.152163200658491803025350410532 0.222799915006844566708281530200 0.116895155906496801846504090866
0.331902215595862083627787670535 0.762995986100509671495559121309 0.320449010400805190546435404651
0.414897444995837930596647041264 0.691538578714566748252764459326 0.146388576632225058613168606505
0.088694691207091198845673981637 0.296255213227434414844538000360 0.468490726373902895760893915956
0.963953976733688700749198473091 0.068196042846792501574591758534 0.717955509149326924124310970812
0.216930054556326444102952126689 0.834386515733740563672932715914 0.564838492469270992517253005711
0.355393796728024264671109156758 0.661828497147354096083584282329 0.834353000279016557247486321726
0.919491750560376019678558051966 0.918729312453802340189087057484 0.175665247167764565386432728003
0.852420201862877775529899569592 0.263449690703901159711206027254 0.452557937996140300953695030350
0.651595107071602840208367622384 0.224664534884813489052414824168 0.731822412374075757810452594823
0.076313028809713145672826177301 0.114257081637172745745606826071 0.766509479454344020132120127045
0.145151605331184431544434869738 0.617988672015970369318931747882 0.643777641968984587283415470532
0.732221949603828833566742814455 0.863094623951936127930643023974 0.307169191054492381454848434513
0.519441423607840580326790636893 0.912285039852150472337961506612 0.259196084534346041353181755914
0.813290712509939779787368954248 0.467783862546805964248513211549 0.976567785124509192702623229722
0.799513893305398586514897888834 0.421957141801477436040346217769 0.414662671679173264992893652191
0.397919474787738783701140940416 0.777423372192728102472804703469 0.673453517000166210608291510160
0.388239479019728673176127460074 0.644764922493986579027101926552 0.228857685205973490583664484977
0.754653940919033377207669366227 0.284923752113651499161055519613 0.957267544738432484311647665274
0.694158162076474877145487894085 0.751751389392912320714746919838 0.306977471523774664049127935372
0.376561050753323932793557933381 0.491223393679434846534242705244 0.080865510502498670885234136753
0.874031855416321802933852366317 0.336085842797294601901758028349 0.909299165673956411406241441227
0.689931435226896428651818180796 0.915394898777860715882043748806 0.316401837168915331808839398678
0.458054880081855036741906242194 0.318995827940050405176779461805 0.734524428065899144815386429678
0.841719241379405395864462114159 0.854532865737926579197624656060 0.943135678563926174959945154706
0.541922736327609025648190549655 0.957578980536674980811561681742 0.823728503615336514769312423264
0.777410229072487861889743995368 0.718977109459046640798868108011 0.445821733132825286661524374560
0.834954381871276809100021087745 0.551437656488662105174203094530 0.505253259188684662902055097360
0.188641580884846076896478849230 0.204030657647078491520276480930 0.933599872979911071154413749980
0.978620645198485358568291099674 0.960406253704613333970664606483 0.515787068258293788116281719755
0.845742732710587337359638182697 0.032783136988105664354837308236 0.398710699059976971580771270623
0.509589787162605115863249398095 0.313459019336095679900745409705 0.144740298538659041191221881004
0.104706695033563457669619260862 0.415373958057091260089914517783 0.574971378202043674562230460735
0.685843777901275471418540353613 0.576856463468930808708265880929 0.002325595691366680013548668686
0.267583461953606361924664028399 0.537735052134772290950409756085 0.882090738371420201350374573265
0.736309514102331514066320168886 0.598430996741738836243660588244 0.637962208832943257981714166623
0.417476936464830617896720274687 0.142903837515903394380072484279 0.210705358109785059734747208151
0.121557270430552506123968290850 0.779204373476657049996966069035 0.485637558450614976682151533322
0.989713190932278196351082447331 0.723221680281683741714975698935 0.789479503498863602659158816529
0.306314243694136796281569765659 0.241263259045529447942538900916 0.281777340321449777885623603193
0.702929300446542691228062281085 0.111092021159769884255406815833 0.511973792486138048124296155485
0.036873490253769268276592179971 0.678091266115032934950776678545 0.037475250665767360016867060097
0.254867327808856207138831686754 0.455470809491769624745456350527 0.895667034541134854750359575324
0.940351427286226683033366073749 0.959113461735406112521223929210 0.227436415347157936828210775829
0.501887348721148164887697633445 0.469701844096302131231181982859 0.932766913613757807266950919901
0.671181046384901596017922513156 0.377608072108571865038677767272 0.548752564835875600076177235978
0.036877278164948213179490370606 0.202193768339161607636059595790 0.919037141874778369765564272917
0.004791849861282862123647426103 0.008780579431585149889530538997 0.581159774952410160339676739812
0.698131334196036980268796986969 0.111578112318336808423548989284 0.760457541028852015368394588594
0.056913249950289641114312060211 0.068801610260500709465327838172 0.969328092411996064550024299443
0.350734309403866915709511738399 0.812483748412648325293679902122 0.251644985403477915105201150006
0.030632233521998360675403234377 0.238536021549733818448767341860 0.625178739204318334722843331080
0.140769408039971337516159971996 0.762399796173247882645720818712 0.180123140733043183272394160130
0.351823190497465224677662641843 0.044882831128817988828312594267 0.496663615742717488529926622979
0.945162296346952073376044483386 0.905858511729295370169154841631 0.335798297545620345964149678043
0.903424513808026232581482989867 0.675601994843793023319006324719 0.731109814346324533530910296768
0.641728092335443486345150804014 0.449980819547875183406920800830 0.915496121688005922544883687305
0.793937690612394318965086719622 0.107200556201061555887790740598 0.859481080237668993830746381406
0.970685920264032809768221793677 0.015724642061052426497239944771 0.765683708055547691301456675899
0.317815219354645137897575647890 0.342646544095239626816008734346 0.850797955284637218006100087289
0.224908915033569966738812687389 0.897481545925974926546390809359 0.177996846461533935910884002404
0.560166178743611807748578796026 0.897206977429461197130154273191 0.341882458585307936767288503057
0.126955184923653452696117783256 0.887257362957232481227505399094 0.422136971768046809640253269624
0.076561068472439544503642903483 0.527285184996734641963044069166 0.504978811540137849846061737611
0.558268742441445738403162240581 0.834984183246847924243053650577 0.146616520478274286437605290566
0.146337189239162409494190471542 0.449403870601087674478307975320 0.463341196639063476898835420653
0.108608479478529219677334383877 0.220299691259825180500960727817 0.976064237560075856771671158961
0.539557909190602166786971934417 0.355310127792078301905023386290 0.255541481198699124257804308158
0.500935315244629555039309714366 0.038837797904906510262667943229 0.314535462204588416872247772589
0.383100753666947451900248904011 0.558413604047754944841723455470 0.347973795107348394930771538661
0.879619127742122295124400373001 0.459733976100090353689515731646 0.405788904096660878617786114640
0.478658531937047161631147194052 0.897920033831014370942174243425 0.090470896140679912562777015915
0.631979860595233716927860655575 0.940207860905196897772072080287 0.566014162078195016901644811414
0.774639515763652352356853974097 0.933795512079903503983221339937 0.575690690886918747325566963273
0.906001507171108358078785107586 0.006578145088677890792942970542 0.010670921518170187626328561597
0.446799113401419058250421647602 0.555865689334437877291162183264 0.334114224404190649224354815198
0.983702505387109677512880616899 0.510826690465280077502594033817 0.915125725492929313465285591339
0.848099439749758531783931441482 0.230551865556644417499172555532 0.620106512885079785545990728069
0.291318665601626697299515964839 0.780355275554377629607080738063 0.735166658453026224704268441790
0.975991273403331721354111963461 0.189160113458533872033236406636 0.001113089331451471374088477351
0.142246208494779200548623262624 0.793180002421013346809695935512 0.906486271524530692475606207344
0.745597111376102444617778731562 0.943618439335165428080955240967 0.564483568524135815703474190102
0.498839980093215294954380436632 0.457029136833067605034841230759 0.099408544897086713985353173756
0.020792061270492258127223784080 0.601973857793546558762924722637 0.593602856704580531786932681728
0.656772090482840353834272574175 0.315457628389707892719773002299 0.553041926615621623720514388635
0.189548288194092929185067478187 0.066731425655296637943673110482 0.858870262672658730072122187388
0.453538396534940058761157930189 0.746479037981055648376302382151 0.621302954687284244826991518613
0.642332090652482739007483562049 0.826976787806486696917787362952 0.862289525209714985769642032658
0.882082272839395682437468357890 0.688738549185605165577689717934 0.705826441143622012552498383730
0.731436933883654895342227799936 0.238797581079108937050622308224 0.943745421571076038700970116373
0.890584252937210641716730237621 0.975978808608250713599613947403 0.873800324322945331446235602654
0.968080978408802525702840048741 0.505229964482236252283312579303 0.078951988671888158965613598332
0.523808165119854424211415176803 0.922121264951588819748095185489 0.025484712273730067744458410531
0.463493297244317347526728309388 0.610600996940057196270585303431 0.419925741484188202433957407424
0.873592987899169859908221569303 0.871787134549214591186078374907 0.304458976351956245862951353517
0.936484869146274385108942509531 0.735074223230380526963661961695 0.151033769878599933334035004057
0.408223378200970341227496091631 0.641608139827656323334441829879 0.654233974964204976326071205057
0.777620783386294750235063615327 0.463279359628304916329243617011 0.443385507943689181068539978011
0.023168679484494390652778261204 0.577676388068524785033285085194 0.716187051960113369392065268167
0.727900635851567888652146962840 0.000220339680833758821747861833 0.990859475710347506276447200957
0.895460310168540221165606786685 0.604901157565742830942387678887 0.380976154401873727747692064592
0.238927931109668067700654639341 0.450703512251631685629254941853 0.659879846328643268523356837022
0.845384428472086176577457982544 0.168523860395930609958172873671 0.291239009147312474302130756217
0.435216230788400129387977697760 0.617528614417446405694052534362 0.350109322905124645215083627135
0.841304106022894951923343130799 0.717208817691909486325378886488 0.022428810235479078761660193388
0.416271052248556047169116416906 0.879905268189556445831129854386 0.343861868768934094685550979770
0.757158558017316520682693307535 0.819898263345976454607873906874 0.799860082597541205032970022863
0.694333865629309131849312499226 0.948545990901482847958248666685 0.897782363887433371402666570717
0.162366100921544579857984585594 0.016425651729619164349584727295 0.610013321205677999861729741773
0.957029834455695869803857832129 0.402352430391088983533592675452 0.346791822603662729457077098298
0.847095012187001944130936618745 0.904752743310266480010008649461 0.833419785706473530201267103524
0.571656358767523100406382129821 0.264833821997769862454300904274 0.397129092749529762838034634534
0.572206747647346290165108200822 0.951871900481836616083730110086 0.777017725932179141152092670744
0.863833694039769903101973767522 0.146916072232620377209763334963 0.772494626000130927814346678152
0.030725819448445158697718186576 0.379305390446006070008007364083 0.052318430349119353439745177252
0.720069617277573689780204456091 0.448177287697839761577398915229 0.533600484201062826914615620102
0.022151824164121227535540674788 0.602502171767573178694250609657 0.502765994363128934825585204246
0.885085294518185861037643157565 0.693624821305912776006917409074 0.463099664452052193964908505416
0.335219268247135593909203274039 0.530117882579639161274768313651 0.838819745770569588465240131671
0.561760460831413206283694758408 0.620523284912790796978541826523 0.721052128971972126344570800709
0.058118186628230802133896272113 0.536744056407382194314187735151 0.164827958371371408821622056126
0.062583450563634348623754767251 0.703840606246414362663587381652 0.530057065892378794698560102605
0.628770201300022213726407904335 0.514030367154172949951044024524 0.080435514979576981318124961303
0.803685024872330585097139308631 0.582230606800099486683753594706 0.186809624514717114112895942681
0.499341534684423357062593460987 0.504096479617909016464159465748 0.356967358839464594421184336925
0.097085715836915192972513610771 0.152266679983596574473111810657 0.013161772823956541484735040161
0.333780475276759289075905187866 0.832431192877013698650810206084 0.879620298613561567003203796731
0.573317114756433720737020852575 0.286118033761669576006565259665 0.670756913759930257737934640186
0.311038568796763928154430315600 0.304118543310373170751800462054 0.607866696180224914830421877954
0.615515643707358519864592758185 0.159561122524539806518527535744 0.396129654080701709214317647939
0.050500172298475621622907486883 0.522899879754732891988416448621 0.667508314978677033376828852168
0.426240921511657925854877668043 0.744187743153690745249139919400 0.180393646893975605540017495507
0.442434513450344287939233170483 0.421733119312513407228360828239 0.665729516628427982965861299157
0.413059177272116516213880027580 0.999365485907552634291486816970 0.792062571559864024442236344971
0.778427225466694691421933810650 0.734453051181202566691398891382 0.888581038232448777667322992539
0.629954723258521229115020414060 0.203440778746865043393033952006 0.919907477420903742111969780001
0.340788809448492127665620049516 0.385609672274698126185043283019 0.417920373465135264294518557735
0.917904650161560683710200109336 0.622616935375172243958640705058 0.829980921830473696116070069976
0.483863583938098926502383728110 0.702060040916162401298387527088 0.857369174560562899228958625972
0.401279676555747327932893029347 0.375774361059335321738248924300 0.645872028702421072710568080694
0.376516657731015364716128751153 0.480521265610974968761253175680 0.402586081433786684402605528791
0.963697560826360600833205375972 0.857121801338367169225276733839 0.421943619087851812430303222876
0.240513352286191681331684953015 0.795276550195575166747635709372 0.876510313723881801590553788954
0.951561862656353030988248042214 0.144920525765050940570769543402 0.635235802456549753776584021879
0.829810766861838715850166977864 0.429984743395106422625960417160 0.110603103620527377882587106092
0.822936481847351821887249102259 0.714453503441482944539672244054 0.554452558994647806062144545893
0.142872598725860284803394016271 0.173449086205334432273178520649 0.650563541275502369644457249396
0.540397096090635803612929367780 0.832168123851465362227952792096 0.431907855849851716055327448712
0.152069802081730668661041516099 0.315017210709305376800176274438 0.487204078923551737969123336170
0.515414114045245947959174533286 0.318093552871548201906952021445 0.852947143806453500926978462453
0.295645213871087951286470851466 0.782113851184322649894908139722 0.541371357376804854884561685505
0.115549844513478353724881613753 0.723257848863806427581019484354 0.000299196450130405680717758345
0.548902889971163978045126133191 0.651249072403479910381999397467 0.401951198694302891686487058244
0.500989133312800541557487871159 0.706825029906867012988026650284 0.658913226627792762113311846470
0.560783562123262359960693906367 0.302418450347141595268662445068 0.794256537626800204385013223847
0.758558133651011568259163731105 0.717754535631506825958050693384 0.379127153572472894986929873225
0.516711221391756922844021662686 0.931171230774505017681044005442 0.403738220309348254435948492722
0.906769264082153829352283918771 0.841347632496319003772626928362 0.324341181174281124543778872294
0.652095289398818619063222348541 0.162228949651263112570275826289 0.981949661224612462613062601668
0.957633685218527502084190479580 0.377110629714139352992413013820 0.644657964418782585319511877628
0.646659476426851927153914318364 0.253176283209086125502424279140 0.685966842816839169946112618679
0.715912808457315960087782597177 0.074191323437577272860891503330 0.163395730048663159688911326593
0.625622627939133725199064600099 0.703270407010908463307220057230 0.910779526546611962584755354685
0.961230859606634556202997648364 0.160483637226341771733009063671 0.411631487091439305750071092004
0.809127318137389735221112151679 0.068440989151830504025068411637 0.570922404119568528826312256654
0.857723881278078519666767831649 0.490542850431514365051465109547 0.370399353518781996966980505030
0.745609479541619837453684485396 0.643420773465357805049131228951 0.843149026998328911474878406050
0.222309375327398223973834717081 0.688992758138390327478340487584 0.176506357225751071847295390449
0.225369869197342382826358039489 0.686050614353050577368904822185 0.988995510294257955944909525924
0.705597909136878575144620723187 0.244020072246238938554031187065 0.368657120395625140976779652036
0.885302990377742587230084398693 0.034237483717367188633701429065 0.318192979704709909183241500760
0.145830216511732645454561658973 0.800682751692481387603726200749 0.429926591469777795675223880688
0.658295186300376257875344197829 0.616400561561081634968882347614 0.996876652258480710178588454045
0.278238139039479297004589971249 0.143892803430621448060550767716 0.352646423499977711634084134970
0.507912749735531745877368417917 0.956317445165761065755335948377 0.020093752837231671647758510482
0.418310585635202229136158342518 0.490884927004345952938521815344 0.675506462833023467361358212231
0.108491179341920834794904968897 0.826654059862550488047309673413 0.355867976764283379440989729880
0.847891669411153055038035302714 0.043114922312664000395563946348 0.487241005370409266856205963218
0.572434640182388663739727140830 0.252778642138588340298840546938 0.400716469874882582031931175079
0.001522480684132178764186214796 0.752919163601385997074413666462 0.739832334577748903510015288765
0.849805624847545628576335947644 0.410793839692733047288651567470 0.205293814384369974746191091485
0.380056692631616926913658162530 0.194865440584009129195300150777 0.140333385403551894448912430093
0.316947477705763653205086871865 0.231376063312490335897413884581 0.164832268768282617293839606443
0.145571874095142649803991120678 0.937112494926004093110529050874 0.861587816664448741255245499051
0.101845735596869822576911376487 0.198470421441493235243027360525 0.479139074704124869071510162473
0.880503562820078458176335175778 0.561175370210075752754783819605 0.101560651364046640692768451225
0.715329554617805744532388371569 0.583383604609982158064294578251 0.018832070626524343418305084155
0.035149524219910649302930422785 0.487398332069791776818843164266 0.753066095707835319000818544698
0.788430734121597248790339609864 0.020981644949034215594916217775 0.696880759698513673933695287476
0.979327030826522647427270828581 0.752618241434842059877120739408 0.113578048867500664330309208619
0.503838653966389209702180736258 0.177603339001702163586990441182 0.747534836064109342357027579330
0.127044011767452975470929335432 0.781481546189354419203206750185 0.521230514229703510428546441692
0.440788046630383772358122659707 0.061278804857401442590293811949 0.128086829554662967754017885415
0.565400170119311294274977321277 0.379444177560926663108025555057 0.560872310087729164063771856714
0.304381846260665495703724467084 0.132235891103096290958297396218 0.212906888831780473280245119992
0.034181625249183608687190835462 0.365611404766197729637828030034 0.826253935424694779603239199107
0.938671011173956466962765182652 0.580074550061568063590187364254 0.997105586630318748020205863890
0.651822827662328912746117506901 0.233643507949333526410613710765 0.908185591827573637373348371824
0.920132605379509583624754357122 0.525092737396727752713543660696 0.335882413546437251222283160824
0.721462049080739167624008936670 0.282614885401397704459168480396 0.939033260676781990919854280566
0.728718839530262302736222809022 0.493429984099445895400571105862 0.316956141904060788717899923784
0.210701927198085033863101127342 0.042781942634381858841289980740 0.900837360638966769026529288554
0.822051251754297137711863205809 0.694119787905066782922847821914 0.083464131499966569394021740636
0.580565686392110390683301668035 0.812423225194888987704453620217 0.393703305646534487397730598183
0.457203739174951490659834328266 0.770081258541763523951665919028 0.690991115838021631011560794365
0.075769301320755405290455798336 0.600409679686227122659347420081 0.154587496106322893143141989864
0.161047457463692673619657240740 0.384144536198863402852308179131 0.976800652996557792053568770828
0.268448295671322620518622107737 0.976411459062156028948912016150 0.852689508505736130093162457913
0.453559100217073915009555015233 0.821158636621786861023509077951 0.195145135470661928607361142653
0.486763532453151406456032705884 0.802533162228071629531846312815 0.320885749599380796386212796053
0.432436038263886628744114995610 0.063399967204029217150888583702 0.247652614263256150457065927712
0.736472184547247630992916464257 0.749052965447928177498371570558 0.571305885438322953328854390301
0.683017074344172334367352976361 0.275860086836315300326083645688 0.515727564016393232775499577859
0.304011223415955240858332833248 0.008962505588990740387703622072 0.549727014326775069502247641681
0.648503519239855901902234773598 0.824690459883800133802654630925 0.154097696004009373870279447776
0.132488958190972406057573028258 0.586110351734530825878252979123 0.497450872382553723172863262619
0.367502603094464791322869666250 0.677941928707917554972889761738 0.130572824844878415487433167539
0.258951666651230181655932906706 0.653707623696250712071282254149 0.788068426187699037695500455554
0.347285753716693733870894387350 0.625932651253659340467472972515 0.122103583403417444865422455350
0.008983309491397067365955027344 0.390996303103028694778002424607 0.168534223897874539953766560084
0.531864140873311417387762674292 0.595389936934237902853908488615 0.026241869309764609163495669250
0.738991071954382255958187953096 0.439556008390263767365373127783 0.113074988393779439575250168405
0.512339005167045536471565951660 0.188944921602092279872616306041 0.422258039841192906965913247722
0.616689599227441122006784906125 0.743832316195324558390394012158 0.348327106723477581710235619013
0.704999334093363895596197037053 0.566044179003221325986517960574 0.884423854857374380715680276946
0.995253645908880711806541576931 0.481409900569601355471724545582 0.545477413300581851272577185022
0.942313320929943314112924510424 0.802467758144656669349639540197 0.812300615122461290450272034743
0.800109279927699528027426375688 0.299955042587204463925057582535 0.637152892161048560259614357377
0.043567990232843171907562492787 0.960900971364221875656975507205 0.278576033112062627766769948954
0.001828573516995612787112436880 0.066315666043717142453483204196 0.106432689828370928998584587435
0.618429661324798566890365597209 0.544347738191032712668717566460 0.737739872042553747776478769812
0.966521673318270670324007559401 0.265386625865453361756806509845 0.233402951187114157083182806485
0.037791324850335849081187465801 0.754098664587073863949688439016 0.577716789918387509985094812115
0.292793714758264299080996345431 0.887493559397063041776875181742 0.818180501854500664694817618726
0.597280076566307818095135125006 0.290618943701732509185132527544 0.126207451752079870020714351524
0.841166329080637041457614741678 0.982778981022458784507479743087 0.768069412444861537627383718184
0.637606775792270271430198414526 0.653156291169448891331704713607 0.757345141357027531777786970533
0.692240706710944397272394100982 0.247155804835425390369646068927 0.620261709180970509477670783090
0.613107879030244289115380348129 0.933574859438424686270840385110 0.444271581015175863057603091727
0.030646864804104822183515179695 0.799302302915216827887849966876 0.771448245935143260917197637495
0.087792657258436057029651553586 0.601321795812212545186127009549 0.499887110164140130893157642040
0.590269603689654674167952956143 0.735876897511355250125502034265 0.699574111025153235436130205960
0.190645646653464753817436072867 0.857634224119199660503284007382 0.540420658414587116614159083921
0.417522647947554891330695301886 0.026258444475243030085092776438 0.085945386643260601814908756058
0.709727262347739853985448513220 0.809045923756881410333443048194 0.797206012297394786185512919770
0.221376949678809357178978307050 0.464952796948436676867517950366 0.909353870544973611981252596991
0.726998250811314419791249619228 0.233067333622823392623911262316 0.637372473412967816962900803079
0.426119291324157517676038238368 0.817575936030735605442154836660 0.168647929979903558774794662109
0.840132279395141756131628054224 0.032145998419687311611372178894 0.445085333931248868181228788767
0.267145947404703625958358258887 0.778070668031728762599373747698 0.580379222865399725455185927966
0.855420402285797958217684017714 0.856069704463075919909065064939 0.093934956459295614840394585704
0.548819305225893677284877820702 0.715661033187029248157826433113 0.958115041664085351982844624174
0.676850716942537268492915489772 0.119774019539660190269481237991 0.972760838709033709244630220294
0.717337180046243919268877627240 0.344958696398396748716675010527 0.013274269770794291606001309236
0.638624199700303775548887790241 0.710575741405229689770264388733 0.617618037628655424902688092465
0.992941011500228890674413074161 0.545353048374204615141339860367 0.491460746776078333534385256887
0.356196274773169120979401277657 0.881834962324022290331539239047 0.906565351721419250251815182706
0.868613989583648460755627094743 0.955212796162824676338749198267 0.106263448834369519984871686650
0.695773477925306044181475794588 0.769858260348261707886418118850 0.406556677443433086601394028036
0.320377278734493909384494290874 0.846899145269617019959040723535 0.444939903181306780073077498459
0.852610726539648216401394211788 0.676252847478921877911314794355 0.325314827546031834942791853161
0.826447206656276647336236837416 0.163243398639680883639076869694 0.981925884950006919991255310164
0.574853751742715081519035058241 0.372332221845701423269430653174 0.982587455926644299223056969756
0.824847334840022783091580300081 0.774932668338504309686305689443 0.318189672542443331434518773668
0.250942933673675300878001531315 0.180877933191519018323462575072 0.671111405696825817829277621121
0.822583750000854509581064425490 0.818026878267818981706567894099 0.124656050970562913381346122780
0.450651908817734162773460516582 0.904959852901018508828194806778 0.119781407289901492075267749279