   0.745651
   0.600823
   0.565356
  0.0149442
   0.130654
   0.481959
   0.388414
    0.11285
    0.93412
   0.871292
  0.0899583
   0.688779
   0.467776
   0.577404
   0.062015
    0.59536
   0.123936
   0.656765
    0.94468
   0.993016
   0.994347
   0.350036
   0.508211
   0.364348
   0.751786
   0.401365
   0.319375
   0.675422
   0.389585
   0.957054
   0.543736
   0.782892
   0.890541
   0.298794
   0.466751
   0.924813
   0.925381
   0.411939
   0.301604
   0.330248
   0.942465
   0.723326
   0.684238
  0.0190508
   0.830663
  0.0736261
    0.84316
   0.897893
    0.26413
   0.406821
   0.939334
    0.44411
   0.787407
   0.888702
   0.537775
   0.225232
   0.255117
   0.195289
   0.218336
   0.196651
   0.391861
   0.726737
   0.297152
   0.110569
   0.704944
   0.764958
   0.110335
   0.465127
   0.335775
   0.919878
   0.633004
   0.540051
   0.639649
   0.904147
   0.104456
   0.734607
   0.181034
   0.357956
   0.337187
   0.909667
  0.0758823
   0.225474
   0.281195
   0.678303
   0.714324
   0.135006
   0.457047
  0.0293215
   0.581937
   0.252255
   0.117153
   0.518176
   0.712916
   0.262394
   0.361631
    0.55046
   0.554682
    0.90429
   0.951278
   0.948276
   0.287315
   0.372706
    0.94573
   0.558975
   0.746404
   0.763818
   0.827983
    0.23107
 0.00929952
   0.323844
   0.409965
   0.361029
    0.40905
  0.0143193
0.000748314
   0.901478
    0.31733
   0.856095
   0.151758
   0.896134
   0.780156
   0.203447
   0.623091
   0.853204
   0.664579
   0.208127
   0.972982
     0.6854
   0.729363
   0.130007
   0.212471
   0.457745
   0.127788
  0.0161584
   0.984001
   0.934097
   0.997676
  0.0714008
   0.265332
   0.331314
   0.669472
   0.629018
   0.308074
   0.481212
  0.0967409
   0.303353
   0.807544
    0.91756
   0.346858
   0.704917
    0.61569
    0.76963
    0.17321
   0.875962
   0.801816
   0.840858
   0.706798
   0.987462
   0.759752
   0.359244
   0.555736
   0.252179
   0.455423
   0.199554
   0.786651
   0.178484
  0.0987259
   0.203274
   0.592202
  0.0984021
    0.13921
   0.397098
   0.097792
   0.897033
   0.544725
  0.0930492
   0.453594
   0.477874
   0.141396
   0.599295
   0.547678
   0.975155
    0.53876
   0.425859
   0.120302
   0.161354
   0.480736
   0.991758
   0.246389
  0.0310519
   0.840933
 0.00456779
   0.110212
   0.675511
   0.209254
   0.672037
   0.355109
   0.693384
   0.167906
  0.0846276
   0.986358
    0.41758
   0.789832
   0.262732
   0.187486
   0.396815
   0.309518
   0.698987
   0.566305
 0.00446536
     0.1652
   0.879355
   0.205926
   0.779064
   0.995608
   0.566569
    0.62593
   0.872012
   0.369919
    0.99514
   0.857012
  0.0259719
   0.282084
  0.0558429
   0.770805
   0.218871
   0.879239
    0.73286
 0.00262425
    0.66177
   0.420237
   0.516855
   0.712878
  0.0542469
   0.103333
   0.794382
   0.663274
   0.533475
   0.277927
    0.73445
   0.383096
   0.500657
   0.264603
   0.880013
   0.487696
   0.844105
   0.483174
  0.0983345
   0.482661
   0.449884
    0.64199
   0.041707
   0.234584
   0.616255
    0.42756
   0.208498
   0.849137
    0.78299
   0.680018
   0.404659
   0.687567
   0.673172
  0.0286161
  0.0470917
    0.80416
   0.317198
   0.453331
   0.789465
   0.351046
   0.472083
   0.702591
   0.599511
   0.567828
   0.192224
   0.859538
     0.5932
  0.0602505
   0.283569
   0.270914
   0.433051
   0.374593
    0.15996
   0.493162
   0.552887
   0.196048
   0.520703
   0.461835
   0.803691
   0.417735
   0.347956
   0.869456
    0.89543
   0.627912
   0.370363
    0.60973
   0.567467
  0.0616405
   0.428702
  0.0167312
   0.126175
   0.301095
   0.424742
   0.648435
 0.00997431
   0.313336
     0.6812
   0.131539
   0.889048
   0.710514
   0.345629
   0.844837
   0.627662
   0.308641
   0.204102
   0.856099
   0.337533
   0.644316
   0.876206
   0.143779
   0.550916
   0.054038
   0.382406
   0.639031
   0.174458
   0.628239
   0.705945
    0.35114
    0.64254
   0.554609
   0.375423
   0.152647
  0.0454895
   0.491169
   0.320665
  0.0723634
  0.0626327
  0.0699643
   0.979795
   0.548178
     0.1141
   0.795166
   0.386864
   0.566448
   0.939996
   0.713972
  0.0761273
   0.016823
   0.771858
   0.225364
   0.185516
   0.618852
     0.3681
   0.738259
   0.834655
   0.329334
   0.359464
   0.938746
   0.546336
   0.448547
   0.655802
   0.152451
   0.944203
   0.302574
   0.311148
    0.79739
   0.995134
   0.249038
   0.311659
   0.462191
   0.681362
   0.512359
   0.949896
   0.841648
   0.922707
   0.801521
   0.426119
   0.430646
   0.728157
   0.602288
   0.858581
    0.82304
     0.9988
   0.271923
   0.673172
   0.710626
  0.0333649
   0.321069
   0.851424
   0.105618
   0.282555
   0.507463
  0.0570236
   0.881422
   0.837489
   0.461988
   0.961852
   0.377343
   0.836815
     0.1299
   0.476834
   0.668219
   0.702809
   0.858337
   0.780873
   0.045735
   0.666469
   0.161271
   0.506392
   0.868477
   0.779513
   0.184504
   0.622066
   0.181282
   0.988383
  0.0751349
  0.0709282
   0.488981
   0.490721
   0.903977
  0.0481816
  0.0613936
   0.655805
   0.520768
   0.114956
   0.976471
   0.342234
  0.0675812
   0.901265
   0.905529
   0.191246
   0.105298
   0.254577
    0.99341
   0.914899
  0.0174757
   0.928657
   0.870028
   0.298376
   0.964184
   0.257361
   0.649081
  0.0939024
   0.742551
   0.662506
   0.180709
   0.287091
   0.195205
   0.791115
   0.263985
   0.293743
   0.295024
   0.609715
   0.991392
    0.65035
   0.241997
   0.527834
   0.185963
     0.2091
   0.213999
   0.645355
   0.936462
   0.166616
   0.518808
   0.645913
   0.599024
   0.470126
   0.339416
   0.870035
   0.578612
   0.360847
  0.0312728
   0.167052
   0.501909
   0.609537
   0.894195
  0.0660526
   0.928647
 0.00738086
   0.106204
   0.691798
   0.645549
   0.134997
   0.192105
   0.291847
   0.496342
   0.737171
   0.243944
   0.943509
   0.245419
   0.562428
  0.0134402
   0.968369
   0.999211
    0.90519
   0.715057
   0.255587
   0.277787
   0.608334
   0.534521
   0.538277
   0.697707
   0.241245
   0.908177
   0.226539
   0.796713
   0.491283
  0.0816041
   0.339209
  0.0777802
   0.936888
   0.549783
   0.786425