0.637733504746523016670778361004 0.955066892538800615852778719272 0.384931763040837926492798715117
0.645190764316657672239330167940 0.776950083835359350814542267472 0.768176452438729007177187213529
0.610290499038445788393403290684 0.924076144702090873650490721047 0.963319226809721596005431365484
0.900040531674456190103228436783 0.487838044327314868109368717342 0.729534510441506522937515910598
0.247220628839561168410554614638 0.137603951647181727002688944594 0.799109116007930442293627493200
0.242040939418921102754822527459 0.101389272530339913380714733648 0.307083514336004892442133495933
0.022998710806335549011736318903 0.628225071116254141223578244535 0.110545219656066645574910012328
0.119022925755302030892401887741 0.374560282010800327245902963114 0.835846039021771125554494119569
0.304328348721780772567768735826 0.054236643962413254305143794909 0.657595991741035446054297608498
0.617269547520108208260580795468 0.329242606657149328164280177589 0.823333162468004697842616224079
0.300177170438481799585872522584 0.224320241771579442779938062813 0.504200956026681357258212301531
0.650826452147743483855890644918 0.354532667218548869225713815467 0.912832264215704958232322496769
0.492939382204538256715409261233 0.797106110080547214380430887104 0.562346462590407214499066412827
0.403893465086366310057286455049 0.446333928560379400440893959967 0.727812378437724283308796202618
0.853676850675505138887899647671 0.501990007102740221078818194655 0.553372999480362115498621733423
0.687580001881048064049650747620 0.199901972420435891653056614814 0.897233113576755392237771502550
0.006069381084810414328511996018 0.048705923500073661225329146873 0.004117154581869963275719825901
0.966248018193597735248090430105 0.075183954733639146716939194448 0.528989306665057834599963371147
0.264273207026552381382344947269 0.654929316501475677902988081769 0.471072543994850378989980299593
0.686137252843533995694258464937 0.699603587834751960983226126700 0.960023334165121422500988046522
0.330249788713774972137571239728 0.033521137485547532197660558495 0.635950632949214833544715475000
0.138919447061744666394034197765 0.551118905332494746218685577333 0.408436608183623872658785103340
0.919233369727832649864751601854 0.191562522328232398560743376947 0.870260228948646297197910826071
0.092555135699920840219867557153 0.025229999304244282026798984475 0.420339614914745252072236780805
0.569079382922424992230503448809 0.889981687883112049242129160120 0.682413145947780130917692531511
0.982435265406580993108320853935 0.480986496756512449390896790646 0.399677882838352815930704764469
0.568526861454810905627255124273 0.026077234705971299999482937437 0.059060975148456276717645607732
0.536503276932640660312756608619 0.655389246835368366461693767633 0.074323445442823765638706845493
0.039878080933683980602300067630 0.762548335754217654347542065807 0.086835240467153615440132341519
0.296326864136069290101005435645 0.655545890008808473936596783460 0.962062168399333561552566607133
0.578674828365453697287534851057 0.902027309504074170654064346309 0.902067585203879862554288138199
0.152908179004689143143380647416 0.128283460967514556516633206229 0.956468872934289171539035123715
0.106285844545742469424709497616 0.926742941561900734903645115992 0.116701607756375294600026393255
0.094743960653600148291708649140 0.697885177788746036142697448668 0.553144106023799597693368923501
0.428817595469852375078545492215 0.789779769171376710978904611693 0.939509168206659195377028481744
0.341847249318645629578838907037 0.143995760806913980500709726584 0.168461137930346588342800373539
0.662414770692375975968957391160 0.700676259452029381868953805679 0.231790908696867942184738353717
0.312206519162932349953365473993 0.623541045242713365404085834598 0.820481615251770768360017882515
0.240643165999706420965509323651 0.830158096486909857780744914635 0.681296178333594126819150460506
0.491403332337726428402646661198 0.589531407553839481572310887714 0.103428005285790131084766585445
0.541903181010970125264236685325 0.294782091278384394961165071436 0.875684699602758187531037492590
0.875865792834893297502674158750 0.909912997796707756492651242297 0.929939102755030000402314271923
0.012212646675250574818116788833 0.773335894800897372114434347168 0.326723735002056536735892677825
0.210601786487419284643607397811 0.307851283235608119692727768779 0.169445858086852946255973506595
0.973569560254741950267032279953 0.202499370610566692407772393381 0.084133281660937905832575722798
0.984290217858885374546673574514 0.941036937481391944082531608728 0.861367999743619883190604014089
0.286296677977103841694628272307 0.251984423117150191373525558447 0.277495646903899328972187277031
0.326171539280725897302914972897 0.763245032735994644035315559449 0.934351273570971474491386743466
0.403902715607369067196685818999 0.632107165284192973331300891005 0.081793864342253025379037012499
0.624801094518881328099269012455 0.072999797387390430447595690566 0.893465304088171929919326430536
0.700090009915758648695316423982 0.346553965491903426254793885164 0.769958618282084450434865630086
0.381771309761814503502819206915 0.173612225596447705688873952568 0.799830710943974843019077525241
0.534752364074351671519025330781 0.437643640680398571252140982324 0.793522820805431461366197254392
0.223115596165261609318264390822 0.780515969821496069513955262664 0.639920076359051237524511179799
0.247934354930888001256050756638 0.748150550273089076647181627777 0.579403808771842165903365184931
0.931599539541156040911573654739 0.005915318228617539968172689413 0.333183159970358411250401786674
0.616612078536010743690098934167 0.875411498891227046748042539548 0.337343322419255797761650228495
0.238767564823649192096155502441 0.698438084579046547517577891995 0.401668992697749527298611837978
0.398361031801883869185587627726 0.309593282964373606169772301655 0.905776299015225827560016114148
0.067906709003693485615649194642 0.763821513732234280702471096447 0.012387153736163605474707161136
0.869842160626761007335971953580 0.399597282429146438698097654196 0.423303480921694952332501316050
0.580092055020960173372657209256 0.345071550830239215379435790965 0.713839853847072269843465619488
0.437076546618237193886358227246 0.480786442982840567239577467262 0.657338005516353796053863334237
0.063791341352768773931281032219 0.837221628634433501225942109158 0.825926014278537512502964546002
0.091791061757453620839619645722 0.589317278512723641270554253424 0.401310514364353942973195898958
0.856056524543200914045826266374 0.088720240716509121692290307237 0.343646001364809605682637538848
0.710723347425453511050363886170 0.430893510977296223529720009537 0.254812354875526725361822855120
0.323885469379620150043308512977 0.219266305901166330682983129918 0.469330225984803117711408049217
0.901740498576004134712036375277 0.037807923156180270329862480594 0.877228979168230615925949678058
0.956355361445274776421854312503 0.912965917370300972244478998618 0.863587900779147932261992082204
0.579724980133804135284947278706 0.634388649881210353598248730123 0.414458044229886413134522626933
0.019583342470244121530376091300 0.486183991066374665557248135883 0.286015070906491808422345002327
0.633930112785170529754452672933 0.837026604553219866211577482318 0.393256949458331950264522447469
0.041206686776409914840790804647 0.465699431586450551812106368743 0.745802473754653028059635744285
0.114094493909573629908393854748 0.328390444384453361603704024674 0.160588439122960419114249930317
0.016196597558737098332404258372 0.972495896996886655117009468086 0.723801924583938327550924896059
0.687771448210180547100378589676 0.021607880443257364289078026331 0.236278152175555256064853892894
0.835075192202024196852505610877 0.879863267276472127420561264444 0.773670281481809940515859125298
0.813410363010648174153516265505 0.910339164094825958883916428022 0.215548205135520060116149920759
0.943119086766179726133429994661 0.065583495235427918812476377752 0.007025810401429384913218889608
0.136631024285832014530939204633 0.306546363125190846066203675946 0.772867578896958451473153672850
0.231845625971294794220867174772 0.017400198738957685373751615998 0.215668800815738220810757752588
0.149554940790572882258757658747 0.953881529151856200066106339364 0.180824456297270591553782992378
0.258399040315568262471401794755 0.110940737877098571928513592866 0.777837707802753963726161146042
0.472317246355881570352153175918 0.763587687377669466215479587845 0.277836738516106240837189034210
0.028710242804942217448305186167 0.820581432092761131613656289119 0.859047929362785733786722630612
0.893689469621334775517595971905 0.230171162609808077625928035559 0.909864377933618517779734702344
0.427949388827589594086475699442 0.287584840841940747591110039139 0.861091715264414303554474372504
0.467178485044921820712460203140 0.360505762100707505268815111776 0.837464345542383914455797366827
0.294609567992326792928992063025 0.249594763695882321252739188822 0.405064920345688139757811541131
0.643245478074191856521224508469 0.846079988617016054419650572527 0.743280810442148887062785433955
0.431789905829653597457706837304 0.029727177153430248135457247827 0.232270871583970639484562070720
0.362869244309086624866722559091 0.769872883613753167253435094608 0.680343475096110261723936218914
0.964735107685853909842421671783 0.639388387451399364813653392048 0.078767619147442707872031064653
0.082767780043955824220702766070 0.441373507174055768054188320093 0.697890299908006328521992145397
0.171197090766907367154203711834 0.169370649643357185087921834565 0.383986796786398132397266635962
0.713964195578302152078720155259 0.310875819262760644257070907770 0.884304306545454776866677093494
0.157621461499673959361089714548 0.780291251919874140341448764957 0.160939934069931567250932857860
0.993593181670808123229221564543 0.085295099330533821757605039693 0.874820359227501787025005342002
0.645488625795219261860324877489 0.432663368245752355534250455094 0.444815377852675775116608747339
0.881050715662355043988895886287 0.551302202364010951463058063382 0.720884682607495275163955739117
0.182884949158675980118715642675 0.719021222232331447266062696144 0.494130140006537099672812018980
0.282920303068606882046509554129 0.134151497426147237046478721822 0.048516301084805375787301073842
0.707697320670045981749751717871 0.306981823440595380514395174032 0.763116394510042650445313938690
0.034520217449731049885741640537 0.270074972523219603015576240068 0.445042098231339167124787081775
0.626610022006695244201068817347 0.847943795641804221041581968166 0.328163125721349924202030479137
0.151807493021822142997834248490 0.220884765397804272435422490162 0.601292491365366554845195423695
0.756453850502522229248825169634 0.002035352212672571214913119775 0.952282895526530337448889440566
0.356944186545770369978214375806 0.319055919865645298827416809218 0.768743970942058485462666794774
0.348031314915441924995320732705 0.073512146196678410103864109715 0.270915011674485228798658909000
0.012255039057143569947161410028 0.757637107495768291620663603680 0.443475762159010633567390868848
0.879473343501658844090229649737 0.005539115789748754077603809520 0.989535620673520077694718111161
0.197575542362158351750167639693 0.691941679573819690141078808665 0.355658461979710405209686996386
0.890990766702762559958728161291 0.800518258841649510415550139442 0.493651926814554331546247567530
0.597885479992581903019299716107 0.362844094381725157383300484071 0.664915287986385217244844625384
0.322664910053446829518719596308 0.128850588728275372574216817156 0.852982114973777183486447484029
0.679832934208693617783580975811 0.405404859365114556002396284384 0.786546950991584781220922195644
0.003523217846161963776041581298 0.623226412351130520939079815435 0.913015487936235770050075188919
0.690518449479359253118104788882 0.383436438508885146791982379000 0.594169661738623178237617139530
0.918456328368736585332499089418 0.417331798366116890619537116436 0.720347428098149555886209327582
0.207010738846536396229325305285 0.097470918060734601517935971060 0.470677911688338723728008972103
0.217788529887901538550920577109 0.083854854117227664578315682320 0.827832472937957919434381892643
0.214671721843961993414495736943 0.803300898989411926720549672609 0.912791872474226884115466873482
0.465849563798005572579086219775 0.483406792201567347966317811370 0.461361445858970875555371549126
0.457013743650451220723596179596 0.617553978296614958232169101393 0.909790847808467861845826973877
0.326742207370597115279053923587 0.249227574947484875611536381257 0.304412274957963913113445642011
0.693027262410354949473401120486 0.616364327484334229012574724038 0.923537581402871454727687705599
0.404704911104983633407528031967 0.999307336983990879275552288163 0.647238022754493047550283790770
0.249441561880218737323744448986 0.521469132242944333199829998193 0.041535083266237275700927256139
0.422041919588698744014720887208 0.605862954071643589060158774373 0.889291835490516935358584760252
0.881152209543779374456562436535 0.350516544860316248133358385530 0.843433159363273121655879549508
0.076804681573924699078403932617 0.305240157312792359523001550770 0.165235236154438969169433448769
0.056157454452247998477609769452 0.681162550781281850298398694576 0.837245536388775302150122570310
0.252727868273138533972144159634 0.335889073569272722519230001126 0.044344849576102809973754403927
0.540836858554233246287878955627 0.458067813184115546487618075844 0.393897277754691244044948916780
0.896337071269347807067617850407 0.301181120725556306094716774169 0.145837982960288298217577107607
0.465986157089575525613867057473 0.695206569379670957786743201723 0.126889901690822676227909937552
0.756190583384232839492256061931 0.087118727101654150346554672524 0.483016502129682445687564040782
0.991933603079769410371113735891 0.932933734123266633631033073470 0.718911901508831885365680136601
0.672226868085155082610526733333 0.499281907490246257275146035681 0.312687389427177719891659535278
0.143052960062933304241639120846 0.220273704720596652517627944690 0.456616207466478574161783399177
0.177806922550415663630829499198 0.398597669700182177798808424996 0.485237816543345579223256436308
0.498525039985115547835903271334 0.394353752154170178467751384233 0.863613247354127144816970940155
0.755823356728571482676670711953 0.915128017591575693145955483487 0.999165131637817949261659578042
0.341741907182904092188380218431 0.101422308049440509924998821134 0.666574054263452508983789357444
0.376513134715348640746412911540 0.684160547105318039839971788751 0.318032768616122840654725223430
0.327444380769377985096468819393 0.668909433486105986510494858521 0.587799389586413312258628138807
0.289472378989703793550347654673 0.134213960633746409722988346402 0.234874963215945448125054895172
0.575816393086283628832688918919 0.640565117922543225681408785022 0.315828306853368601103682067333
0.314993322247653084744456464250 0.715293827804598048025752632384 0.564129614419758729226828108949
0.740544014021211727261118085153 0.178458673194128392136548200142 0.235871745449421937879108668312
0.999195920292684891528267598915 0.206450152956174942664446803064 0.078553704982221181363222228811
0.011614203417451705174778808782 0.271863965320609024534093123293 0.788377660016854275859543577099
0.437335689010362793638364564686 0.496814648961070248756044520633 0.278743726157937410370379893720
0.559310989196428742786793009145 0.030568607839486242050419662064 0.958515786017784976458244727837
0.918655694799352606771947193920 0.044205047645819221802110376984 0.356853697123483470932114869356
0.171754356090793286471196665843 0.310265977758368005634537212245 0.768170566153392631036922466592
0.444803040244329372931986199546 0.871540923640537812389084137976 0.989361398482290099742897382384
0.468425601318813333850954450099 0.696965472106571337640446017758 0.649744840509925869476148818649
0.765503378485938412723044166341 0.991388606540099748265504331357 0.050283739030877412645725854645
0.112747671074538605151538206428 0.780055580882868415670827744179 0.590459423268674954421442180319
0.236756600913412357245491079993 0.806215454113588192441852697812 0.697017743428562597252096111333
0.366172647516792737487634212812 0.632204903151184827159170254163 0.710723346138437683805477718124
0.192252860301312944457663434150 0.959784948428132556053071766655 0.368124600733949258746235955186
0.489714389742205047362233472086 0.703696133555012592886157563044 0.306927446598403819155720384515
0.669749666513040131654577180598 0.597589214148369407553218479734 0.445425215198965052110224860371
0.185887565589655273656788381231 0.047664483279120831160646787339 0.290364572154978961560090056082
0.998882054621796133808686590783 0.129263253253050575120042253729 0.091635432169589789430652615465
0.417751375598921337317648294629 0.618819539411666896810970683873 0.141998096392022710166003207632
0.931593776491764224978453512449 0.175373998372022055214358715602 0.276426935623463321256565450312
0.157567836747683320819390928591 0.168101478448509533691890283080 0.859812199050813519285441088869
0.502814752484642690788518848422 0.212808474761285476573036135051 0.451404054089459993992505815186
0.127748041196218298232167853712 0.309153751273489041384578968064 0.424476590313842050417036944054
0.896554187836511307096998280031 0.906869620873771986602207562100 0.310476696715361821787837470765
0.278938426370954783983791003266 0.479483583323256301600423512355 0.884483035994313993022331032989
0.142338457102920812324953203643 0.310475855493750785285556048620 0.838362921958396345445407860097
0.593026893095808582678785114695 0.203400536368206347193066108048 0.071259852030100073738694277381
0.529241656652965630769358540419 0.241077850143786381886812364428 0.567135164303366412497098281165
0.697461887663673785198170662625 0.470516060727803719920814273792 0.312590860133042047763751725142
0.713298991881530897174457095389 0.523141198424665443411640808336 0.720929346328478160010888586839
0.055101123883144670356770689068 0.897467099678752822100591401977 0.730436227574049246058507378621
0.244010223734210496271401780177 0.746277285394234102255950347171 0.559429157978363900127760643954
0.483998487215561545848885316445 0.483513730024507981664072531203 0.174486151088550173193780779002
0.013143250458504533370596156772 0.182452628699770552644920940111 0.550184327079083712597196154093
0.225311030683987778555632530697 0.051997503731742784893743447583 0.094449229110887267246710052859
0.017042105466416965914300263307 0.928098948710724847011022120569 0.353328911287973113086735565957
0.050112066954178816069465085548 0.015787266399163012858819499229 0.124065805847618962354239613433
0.256294913627922560372951465979 0.296751476822119497622765038614 0.622917630137167832593547700526
0.140886466289486117497986583658 0.419472626239993651164894572503 0.005097098893104384277619178789
0.253857210009222067359502261752 0.226486489265738055731702615958 0.630882573567860149843511408108
0.483970939537254063456117592068 0.628915466901681763367548683163 0.930712522227806093866320225061
0.858892870441720690521947290108 0.427369266318871898757691951687 0.237522315558221286391216153788
0.092764209562443189494018724872 0.255768977091829496917085862151 0.586823605447394092138324594998
0.677591683474393247088585212623 0.383326169103421710016021961565 0.524141640660107044347171267873
0.065420370175534842127618162522 0.405108858361510171253172529759 0.309812628287472469068575264828
0.273498112898896195144260445886 0.741027441344818682544826060621 0.963911153040653667645187852031
0.489797931136612740843361279985 0.385673995105693834251070484243 0.464277067091223127892618549595
0.241915959690148590910396819709 0.535805845959607673911762049102 0.428375667460754283588642010727
0.062428924740320329567211388166 0.376732992637573704808318098003 0.963483969575175458466276268155
0.277671274222885178240005643602 0.278975792453567683626403095332 0.288211353606230236135132827258
0.737092467852903721059476538358 0.573844351719176692938617634354 0.783392618803683604689069852611
0.531315807421214647554563725862 0.634944522715791159761522521876 0.900024661777983348009968267434
0.785431381886522395063821022632 0.927435414893196807817332683044 0.340512597837151709256886533694
0.386252474499999887136425513745 0.782235985897434815683482156601 0.502302051916102998418978131667
0.982514216949460394978643762443 0.741653489274789357033057513036 0.325830967687554484690792833135
0.162365411083294469696269857195 0.525576682170722619957814458758 0.186528112307330046215625429795
0.559756794166913485000236505584 0.650910965532560781277027217584 0.224691373359009849419720694641
0.731035144187165308871101387922 0.843630623596541062703124680411 0.977520809709124471886809715215
0.669496546335535680505302025267 0.715736505343078754926011697535 0.812620320476455271219151654805
0.834870164996601826778999111411 0.537888043939395599224440047692 0.711418688913384889005442346388
0.989844560857966904166005406296 0.870598586272196883761864683038 0.358322636246293735329260243816
0.306163363219926820679717138773 0.703861100757989022191907224624 0.409886977487286086052620248665
0.916610080051163289560633984365 0.698464474064142248899145215546 0.178532907506674526354473186984
0.440413131037540372947347577792 0.621211801064597279875556523621 0.249489584297172911631079728068
0.035544609117773275086538120604 0.409460336444187666948835158109 0.552609077297731232647493015975
0.969985532812122852597269684338 0.142368335944556723138276765894 0.155054493169156593079804906665
0.960551147562481943964485253673 0.485083156027217632377812606137 0.263276444653072760893053327891
0.507813194723830796384334007598 0.736041894286759257326480110351 0.088909077516604415047929421689
0.247691513741338575904649133008 0.722416387978331075991889065335 0.066978187676740713607514976502
0.379361007621394241695611526666 0.663502275680226127896332855016 0.482191443416247034203792054541
0.914192896416065381437476844440 0.093136504906443401408111526507 0.261051022269465027303425586069
0.187827896632573571045199400942 0.263825114810854743918611120534 0.509661598787021663525820258656
0.702669910122265317653500460437 0.659718306567716350485852672136 0.106205263213852499348810454194
0.427865615131427234896221989402 0.749472664241167318976977185230 0.171468917008705312721161817535
0.727298970032563829590799286962 0.838763054042596323256475443486 0.763143370331012649288027205330
0.676049828431202759482232522714 0.896559509523533026964514647261 0.675582070714004223610515964538
0.292715590243425582972491838518 0.034237725700851907861821388224 0.098316230348383229498132607205
0.395638499502091067761000431346 0.585101741501870553641140304535 0.849108901127897830463098216569
0.206007551707548225428112687041 0.693059885037430767340538295684 0.764552988033386782262823544443
0.288865925286135027949541154157 0.960173186564983072166512556578 0.066869797284376059076649312374
0.392347384024816503433896741626 0.030526300963239081515121498001 0.462335867865139193977341847130
0.525744990319275240509000468592 0.745937691780026557175631296559 0.663545945229668587828086856462
0.995153213684244697390113287838 0.337627536553621376835820910856 0.152750867324153716264589775164
0.200776296801379428025313700346 0.808284924075691968425871891668 0.543184553322837104794018614484
0.210087193805013811020998559798 0.497569209603556994458983808727 0.227479674939886522544441049831
0.254898709349181462613387338934 0.089169000146718205290774506011 0.000602941925451773875349603671
0.169449592680482485906878764581 0.109019104755704990261655495942 0.197571384212996803420026026288
0.640008856915754043015454044507 0.793084804354653116753581798548 0.496056977928006459510612558006
0.887758859915215414737588162097 0.361292355025545186553159737741 0.317889535585691385133344510905
0.056641947465846595455296608179 0.042736473008372174997582249034 0.461480104153927206400709337686
0.008573655789224100473577827586 0.946155030041786249128676900000 0.616467364798940375969493743469
0.671020047257738005974658790365 0.891014973843463842229084548308 0.277703698760539130496738380316
0.315598936087679970974306797871 0.142041706966071823448061195450 0.996612394865196593585210393940
0.595799248603292475046089293755 0.879101845676593884881810936349 0.383222600059130780181249065208
0.991214544943864739323657886416 0.482351566251242924732167693946 0.314590167906435624889383007030
0.298119488413909561330683573033 0.769255609100560677759972350032 0.777174598648749048734885036538
0.988896795943325579436589123361 0.804484237569979665494201981346 0.135872480139030887835716043810
0.190860710759350182819105157250 0.312606123611726960387358076332 0.334936434243703673452330349392
0.063206078322432218685733573693 0.594427119708544893228463479318 0.284309581658181320662492908014
0.440309213226883877645434495207 0.094621781582764311058220130235 0.291544237968019037676725702113
0.145481850943327828407092283669 0.100236617340483349924973310863 0.207951270852392872123814981933
0.144732827030922717170824398636 0.491775954808984394617255020421 0.141408088207065935071327089645
0.849327538659473635362928689574 0.816698510251580578334085203096 0.510059819632190603044818999479
0.611481266351251218083007188397 0.169882554301651750305879318148 0.172000908718375505879194520276
0.260819572869620985855476646975 0.894091615901526082232919634407 0.268208401726890366401079290881
0.298810103824576012154778936747 0.144969606052469779378100156464 0.579976778388441749356729815190
0.169965753465394525667520042589 0.932625555742134237924290118826 0.559987166366581745613473231060
0.883228419155118626981959550903 0.589079283503517681097605418472 0.135654253332450708269263373040
0.805645697327108556429209329508 0.700039379636838710041502054082 0.655454624604503321982917896094
0.888741281681256878322017200844 0.282679038023559592307520915710 0.092878134245852922434849574529
0.169141573409296031016424421978 0.774547443722275130717491720134 0.353477918012856440199698226934
0.785179677751140170371968451946 0.078301318168469385971874885399 0.870669430048368386820811792859
0.425453065525359774845526317222 0.678483324858230263387781633355 0.683737436769262796332213838468
0.455201374148853588064156383552 0.146275818271852431351476298005 0.519038566397845180233616702026
0.815573629762744722881961934036 0.998502896341793455547986013698 0.586915663192894121458209610864
0.195444995117664610528862567662 0.773959484105346762206067978696 0.960906041425407253520063477481
0.460348757795864427233567539588 0.168254226606928125598017231823 0.157933078349692529451786526806
0.181340565982700818725703584278 0.061460453006276463683299482454 0.980538144879510076279416352918
0.786620605196094335731515911903 0.546629449155596192078121475788 0.532705498270338306809890127624
0.528440815330939783756036831619 0.673387562709523934678657042241 0.058020170048780350668948813109
0.117543184441619680269397463235 0.908460241090756737136757692497 0.031346774166981901388329134761
0.387135138972828751757759846441 0.596039103075135079379265334865 0.284235323271912587728138532839
0.462718174087105582614753984672 0.278087166990896861307192011736 0.540597290098852045758803797071
0.770735209815997746041205118672 0.253071650493513766733144620957 0.731341697742375007607051884406
0.195944123614044618530982688753 0.003247558791993614569354464905 0.187526877311987250074309940828
0.691652169154314711008169069828 0.936181109903179597964140157274 0.110054242677252098192575147095
0.721154543243462509138907989836 0.879249463929647423476865242264 0.264875962130479092326851286998
0.139836836436730088673030536484 0.749466111260584377795623822749 0.876923050399148196198950699909
0.326565542845594192211677864179 0.863588410740708689594669067446 0.521126943919338891930692625465
0.104112927714237593623813893373 0.280716795780545647076564819145 0.626515533832888826815121774416
0.870967612080818964770401180431 0.031109463111721011308041795473 0.237959340952683562342429013370
0.584617193975052851229179395887 0.902551829393704818649268872832 0.284891591134892763204078391936
0.350304233474761361755156485742 0.188000093565248715954396629968 0.177837618375598638387202754529
0.494092241821674660329222206201 0.947026999607035846473479523411 0.913999654228304314607100877765
0.849723150662195392257558523852 0.970402117656673723899984906893 0.251772594834709373401437915163
0.961013522116462737265862870117 0.931428230021645986447254017548 0.108370732253367893505036079205
0.596910824312021248694293262815 0.419199183359178384478127554758 0.596058080777979615305639526923
0.484870548632207576389419045881 0.370192592096130312917523497163 0.151745397761651024115536756653
0.757235091566599405332738115249 0.607658926458848003271384641266 0.980147027255934388811908775097
0.043422626690699343832147150124 0.823030716300877540625435813126 0.881931214425071163809377594589
0.919624509163034176140172348823 0.489488451593009854523330659504 0.022054321538128893870345237360
0.501107036123700000374014962290 0.933341115656802999822616584424 0.132580960743382797462075473049
0.662234677436344787437860759383 0.679066007462531540106454031047 0.974631898718857025976092245401
0.015166445712495455616641848451 0.644026513421291135763624424726 0.515905868718086857427351787919
0.227265914527571583070297833729 0.757373395356066292372076986794 0.411217923786654726558964512151
0.564507741640956628437209019467 0.176793609157818804034079107623 0.753685222011314048806696064275
0.329718056507977419489208159575 0.473337312831972001347935474769 0.264456922766224622467490235067
0.081658040469499093561012159626 0.029800034888270703070656253431 0.987299237893210279715106025833
0.031749663571350165980344826266 0.327443978000664326355462208085 0.697407911329445906467583427002
0.890249193035764885273408708599 0.007284199252952049813414348023 0.785438594848042570539803364227
0.090450517020695744840885765825 0.043258164315034243474489272785 0.776442387855638571636518463492
0.551227034077224842256725878542 0.344595595732277382161612422351 0.042320205840481080195036867053
0.011940536092207970284007068074 0.293687533374150933074275826584 0.776001077320361831723971590691
0.781208357524998509013869352202 0.511400547008011074900935000187 0.114522226101017338129040012973
0.605758199539311648074146887666 0.561539742284898890645195024263 0.445691240760315132707347629548
0.491988351166806225922556450314 0.180571357630806922367483480230 0.732265921998995428232603899232
0.989732416486107324793408679398 0.165114748848404796488509305163 0.039349490933636273315432418940
0.136012089495264554273035173537 0.673903329721711852329235625803 0.864583000918462407646813971951
0.292704745396733134743527671162 0.383754968770422588697499577393 0.815631543133502945330803868274
0.783415337036727721375939381687 0.944199974770584371519532851380 0.334999032383714423488640932192
0.595108620169583102388344286737 0.899422972453312818963411245932 0.964265661964569531505730992649
0.130223185979526590028143573363 0.111996910938989988060221492105 0.395722519945141293362667056499
0.379964913737164233786813838378 0.962572644524663290077626243146 0.797458322672962349741965226713
0.076170655261264347268834740134 0.741942144227188737914957528119 0.928786607949558029595493735542
0.008841190259302137560704082375 0.544330024385521138441390576190 0.355734681000764829672533551275
0.627397584147447062719038513023 0.132713969633828948735398967074 0.941378195208153689677033071348
0.647705658887112623034454372828 0.596279399791941777664305845974 0.609135118709230316547120764881
0.003922345233390531551997959525 0.527779967052875220723251459276 0.087570991435162351401721991806
0.537808109551957347349571136874 0.849798115056054403915197781316 0.715437043836273156571792242175
0.477360723663333152977372719761 0.566113446935613606747494941374 0.136164938294415727160213691604
0.374015924540759880922990987528 0.622753322995499680736486425303 0.589996478061268869730326969147
0.074233695484677772458148581336 0.990604165990408680464440749347 0.752006269768339730141804011510
0.235716282593070314277383658919 0.253043865734063788686114548909 0.657329530018510688194055546774
0.103567718718589898974080654170 0.606850523254636398107209060981 0.652655180076118335286139426898
0.601104220744536732468077389058 0.042322394280150298084830495782 0.639793887501830860209395268612
0.166711471783687059655676421244 0.683270460270837487470885207586 0.765255927466959473548513415153
0.512723604552241418730318400776 0.484018949268948450725957854957 0.882302515860223457444533323724
0.892953344297769846527046411211 0.805901750840876229808884545491 0.668605705726509014219516302546
0.042871970890759829309057948876 0.705965324391785054025660883781 0.654833297105195111242892380687
0.701953457337520791980978174252 0.486735918241028242547940863005 0.949006272567993636180005978531
0.515339246712285259377495094668 0.414463269443478721232310135747 0.095721263890605964852476006399
0.871725503484532704412401926675 0.235841413915010289503726426119 0.107377420622150498985547528719
0.740090891701838171634619811812 0.873447927086433484333838350722 0.720297602657653635027656946477
0.974604968950809169569993173354 0.132665578877599138474252526976 0.086327911852867797448674025418
0.324749794611704167834886902710 0.241627816209280005255166656752 0.444330307659684564658419958505
0.408601782598588814110485145648 0.308603471251968297650591921411 0.622798500693068746159042348154
0.009448588940670197069970903669 0.507782014080057630955877812085 0.072420320152106781863565743151
0.815288765640024615244385586266 0.546037048905602451220886450756 0.362261158166310215378302928002
0.833232397733275176321399158041 0.062823065870863642468080456638 0.806245724819360076729424235964
0.929472399141807792410929778271 0.219309234538227176836144849403 0.040871024581858407531687049641
0.722179153735453938089960956859 0.635829826038765477669301162678 0.210099496439200311703743295766
0.416256809468924071637729866779 0.803790209708917458009125311946 0.904260937805279718659789978119
0.196938757099665739946914300162 0.728860119764729308400319496286 0.989604995261798348060722219088
0.974769251104694922638316256780 0.902222945128792974678333393967 0.246909850625714966110280101930
0.707935615105372617605894447479 0.919036053335971048205976785539 0.251163075240856348280260590400
0.869379541630272645313937118772 0.190364045054193908868001017254 0.108369638289362801852888651410
0.416824509554036604086491024646 0.490654088165086099682099529673 0.419316715484641222566608576017
0.564391868294338072686855412030 0.987469407949264854629234378081 0.650549680431054433427107142052
0.707215297699956391141995482030 0.298066266580714112066630150366 0.837178206671833069485444411839
0.046306840038137057902201121351 0.061866259215578811581082163684 0.166363885905636804674045947650
0.049290512785811278761993747821 0.067483286452167556834780270947 0.153238196843726859341927593050
0.888874133865215854122254768299 0.203878984500428767079327485590 0.446031873102132991881774159992
0.179254118977804605128412163140 0.181881398624502088612331363038 0.846055849558743022775786357670
0.118807430891439275155718746646 0.812233608372272875008945902664 0.968857757953575982057259352587
0.109593273463326881800306011883 0.255604958438303220269460780401 0.068880172722204008328716895448
0.349117270909524157751491202362 0.696058335890827328817920260917 0.408608466967875560982292881818
0.368856376240465633209453244490 0.590615301839621853474682211527 0.112416922117001064074237604018
0.401332876196238363952772942866 0.003971291802984684878030652300 0.288063846410476720460991373329
0.162783715986451082979868942857 0.934121023580023579491182772472 0.942993932238935572698323994700
0.164173368369556399448683237097 0.915662750841639394572268884076 0.941279264992224029562351006462
0.770032076983403923620130626659 0.785440297789277042106448334380 0.024140127459468883885929102462
0.449374008329278262774408858604 0.214634523134049265413736407027 0.469665925937345130058986342192
0.796086457489181165136926665582 0.400355042804277194701256803455 0.650980442106721013395542740909
0.064895354536183003091309728916 0.058504270868635167845983602319 0.699270129842991750024339125957
0.811133064171127515784576189617 0.009327467339154776188037132556 0.327490462717911545720284038907
0.105226251195865094789638760631 0.693352483699192334576366647525 0.914809598182635852481325855479
0.239047077782551797842103269431 0.885946627808550379867824631219 0.776416970949306395333167074568
0.045071699964537359495153623357 0.633721574650325858435451209516 0.258895404881294532994928658809
0.465629943365787890563467499305 0.290957251736371103056910669693 0.849151273551919882898175728769
0.942207030208795814907318799669 0.283023364592136283945933428186 0.303441629580188110271166124221
0.851209795422219084315429427079 0.077504886562165767327492460481 0.886535036092276684804858177813
0.997494110049856774757870425674 0.773696015256362223944108791329 0.956060701805148571708059535013
0.624094303551327223011924161256 0.543892122543941702872416499304 0.357209212851292978729844662666
0.343127481425366642753260748577 0.599542909549010127889800969569 0.475856180620658597568706227321
0.644833713606556835351568679471 0.932165424616919535694137266546 0.108283430291945093060235194571
0.913717849419739658323180719890 0.848659509537630141196018485061 0.041300378303022231007979314654
0.724307588918607359040890969482 0.003537715519397271590057441060 0.183806214260373551594440755252
0.223581698645418408544216504197 0.157564932869765389478189376860 0.753294420339503889572085881809
0.659538615832385266557480463234 0.094270248467518052981617415753 0.457542009028107210522051673252
0.920183887588254201261861453531 0.112491546511485962511756042659 0.859164175583143729930668541783
0.785267492666641087062373571825 0.256042521329962691201131974594 0.740021873647520922467890613916
0.588904923058779616873437134927 0.042606268320055921960953781991 0.513901137744676828056356043817
0.424113712023102218395820273145 0.665564564045952655746418713534 0.967534361536315778984373991989
0.414298778170961778943848230483 0.101189285644806434283360374593 0.257274227478602235397175945764
0.198435716849069937461891299790 0.272951097098815320673992346201 0.212582284393402265454398047950
0.800950395317011176743449141213 0.368511582696092410138533068675 0.316018823888169875235831796090
0.586221931430122911166336052702 0.745904832497824021864119004022 0.518297444443552635107153037097
0.089867258996568652462677562198 0.315164990633126862462631834205 0.573475779471688484889568826475
0.017193646158063947276817273746 0.040814818635740740537798387777 0.860879314110643334423400574451
0.575905314686304681259798599058 0.088792809692351343242577854653 0.237980833427606036645229892201
0.974921932155008330589396337018 0.504510040583139751646513104788 0.339787483342831098109826371001
0.183519863427936219535396844549 0.434505128313179000976163024461 0.100701136109880406976913036488
0.089341700482242172864921769815 0.926842068890392112301412907982 0.288572115481142588144791716331
0.208694743713619956793081655633 0.307892406781576977170544751061 0.471998158085320529409045775537
0.911397935723167740285077798035 0.087466370693896969279457209723 0.584740731878380937125427863066
0.613069553563512559257731027174 0.890864223845467595452873865725 0.551976492980434385593468959996
0.590235238688580077237588739081 0.221122409830902727501111826314 0.040842529574144414983294382182
0.249544023478116189229680799144 0.042769942396595719835694637823 0.498658270985341045555827577118
0.550991910151531372186184398743 0.301483557843857830071954140294 0.486438992431170391661510166159
0.145176608492294634267238961911 0.872991711350612376030255745718 0.838154373625097481870227511536
0.828289279849276471878738448140 0.176949265915939929483258197251 0.280944533151340158916298150871
0.538961643907768683803283238376 0.026040921560011674046331009436 0.671335608573956910127833452862
0.185092017112526152633478204734 0.145210317380556147570658254153 0.242491963820478273472502905861
0.493964206292663576824963911349 0.988278737555098873990289121139 0.853466829036920282547384886129
0.438097779216906235699724447841 0.482820240235217412738677467132 0.984696164651736927098113483225
0.412068203717835424004789501851 0.206842552513303967742785971495 0.491167518111149004056414923980
0.241212581729624009341250712168 0.714064135987407921923875164794 0.156259293307471264222741069716
0.299715925252897585906453059579 0.810261338815181697547984640551 0.922650891653479465759346567211
0.802013134201379984666857581033 0.042204435882436767968339808021 0.112376566595194612996344574185
0.854924831706309062973048185086 0.294741503641300084392895541896 0.102605665165177245556904495061
0.393316030400486238427504304127 0.926000191213483980767762204778 0.636973678151522726409439201234
0.319374709888452068540232176019 0.153943013275358836500217307730 0.659532385447829661018204205902
0.593650399622538849087050039088 0.988759008180909337859532115544 0.954495013899199551410390540696
0.460905134835289387318368881097 0.570251782398616513525269056117 0.537632707860035141678167747159
0.047351652564631245556636685023 0.738472996079602261865204582136 0.748408223067688171958877774159
0.229873432202357841358519863206 0.364176573846856199700994238810 0.464335132002614447976895917236
0.540647206577229644253179685620 0.635375398903260890648425629479 0.364119124008425887328854742009
0.563262299545323363858528864512 0.720640823123310569897626010061 0.623186728097998465791818034631
0.494476204596758284193214194602 0.576404639184050604505671344668 0.826695026656497411465807090281
0.261890339342354894203168669264 0.226092256513946071594389763959 0.525996132047697351197257376043
0.438233878031787149609499465441 0.789767320084140633795755093161 0.487257635264308375244723947617
0.235820718533738121758247530124 0.383607529617798315157983779500 0.334660084502255095184608535419
0.892964666600877032820449130668 0.734436253694376373069019336981 0.406290106083214863641472902600
0.602343321550439014799849246629 0.538879748162503058317440718383 0.795801220479550597275419931975
0.443033397815731144753215176024 0.833495983614872759659419898526 0.777289604253801891253772282653
0.818365108369492388895594103815 0.019856903366818466627474748520 0.025848753934047737079726658749
0.909521518919161442440213249938 0.724501415255282665839331457391 0.653659106003414036578647028364
0.855907103518660172802867691644 0.384197371178388868973030412235 0.172238005144747380326109009729
0.502258269331844697802580412827 0.726286779168389018401796874969 0.522999667165882642372309874190
0.146629792445506945686162225684 0.333025367590407239681837836542 0.903532307472073581422478127934
0.869216253967409646641328890837 0.073812502634581930727186716013 0.658392484886836437674162425537
0.463566054794716075893035167610 0.762541340293529046334697341081 0.207371449693805220970688196758
0.506431380408564613126998210646 0.484496843505617946767927151086 0.748841720648219966172121075942
0.321804774438732232866300364549 0.371656138711848049727137777154 0.316885831028483888616165131680
0.302849393245787079642639127997 0.675010100126876344539539331890 0.576404174287568737966580556531
0.208040143849040459755883603066 0.486249077862110190562106026846 0.061174576979336432736022999279
0.440919694173144693927213211282 0.379899648276490253806514374446 0.410416876582669010176118717936
0.220903861851656863057868918077 0.066958075092060156952022964560 0.055915749342000567456700821367
0.873872937864223597870250159758 0.228503569437867676272801986670 0.140254606225057948387657802414
0.707879850740689042787323614903 0.778419360782534819342970422440 0.429464961126800826018978796128
0.525390852949698006213452572410 0.276956837381344855852915998184 0.910438181178789052161448580591
0.357601521379336984018948442099 0.320450928802435142106475041146 0.726362422893159442871535702579
0.688338164413907938055103841180 0.691555618391429760549726779573 0.716080643551216367015399555385
0.402431687554642425475037725846 0.649501038986814993592133760103 0.954130588420514125225224688620
0.035597044895697510513699057810 0.226822509080825407412618233138 0.336041000239291898221694054882
0.665999733600458498905538817780 0.991765968011097176493251481588 0.143217262240062093159309597468
0.269974677012234265394141630168 0.273303897293567299442429430201 0.573043904135983606096260700724
0.608616959353303288438041818154 0.628058297624341843601314394618 0.187352398033768630103423902256
0.820477421784757465772486284550 0.513894664932473044238747661439 0.559404684471484170416033521178
0.648661618509409731991866010503 0.044972193166437766931320396679 0.529420277261023364268055502180
0.110848928089453180323431524812 0.875638092215791030703542219271 0.575764949251341917602076136973
0.332331077461806234651930935797 0.538870490977819360800538106560 0.423074292302939358734192865086
0.269838717318113985310645830396 0.734349953686226464277808645420 0.491733520759435493996392096960
0.221406637996573590898563566043 0.492580563002310956033369393481 0.403959494151379328030770921032
0.387244413662768405259839710197 0.072994444756484713754396409513 0.191001349387889679531937758838
0.605707136334857176862556116248 0.770305250915657047094953213673 0.047066358459644019873735487636
0.581012368700082659778161087161 0.378182581463710476565864837539 0.671477253167097942743168914603
0.042871412680652115634316601245 0.915404504836571764059272027225 0.863341550537286228639288765407
0.671888377683801496509374828747 0.066977052671534351158122433390 0.286629081728635659587212103361
0.073573322223225059990348029260 0.899699479828937387360099364741 0.648574670067300851350466928125
0.756533855523337850357279421587 0.668547110716001369290495404130 0.667704296332471192165769480198
0.473072783351309367194659216693 0.152908366973706660862930561962 0.832703589259894960683539011370
0.644382493662198241324290393095 0.699510220950862682265380954050 0.629578898502625383670761038957
0.920207477951814900585247869458 0.313772914215057097120364915099 0.529603454755232627704231163079
0.351479512531935156527396202364 0.048641253220236449483770968527 0.296546439975916342746131704189
0.165564436333028114356480386959 0.816773672018619834034325322136 0.537019720362323926821090935846
0.597350800281644889189180958056 0.022675355506998728927214870055 0.868973417930724689739463428850
0.390162904375085273223078274896 0.354519029529178630877339628569 0.889764375643392391168617905350
0.537371096946596682464303285087 0.123266074524707558435210330572 0.790733231092929589323148320545
0.172608787551384118552633140098 0.709837392897192165364117499848 0.335655218244669817373448950093
0.671691928987748543278257784550 0.593534360768997570900751270528 0.995464141531216428759876180266
0.650330350181131722209215695329 0.904189471469417749283081775502 0.397547846881168787103177919562
0.304864976510767826667347435432 0.306485081797563396754924269771 0.585310232281778697327467853029
0.905925049897073675353453836578 0.716092102751924697301433297980 0.414456886592711959416135414358
0.248849613839032368645121096051 0.849650914826281855596334935399 0.742341932740534282686439837562
0.246063144140621609112784540230 0.591705598037691515855840407312 0.874382997969310959973654462374
0.471919212396662401953761900586 0.017129867173227772414456637762 0.627281499402690290168038700358
0.379636921768278623456893683397 0.528792038706053624252945155604 0.696772074307244082547185826115
0.539880553323565215428914143558 0.031763661252119650135750106301 0.834698927084780439855649092351
0.369617237144352794864232691907 0.499070018934692827272670001548 0.248209178946042857694109784461
0.053734134725224383388741955514 0.099302900876364758042669222959 0.259477169556749376333470991085
0.644273238581697049731644710846 0.472940180339596227820919693841 0.583292654887887618286868018913
0.892874853248931676930055800767 0.690463187833959990413745799742 0.690064178089556667927695343678
0.385686411528654404801130795022 0.254456882627324687540237846406 0.476391663191591041570660536308
0.396708615962267530097307144388 0.189971124671696439678569845455 0.073169414780672265008476529147
0.771045524650939007038630279567 0.147145211929547797824469057559 0.113823000867301016292287840770
0.335898271203826259689861899460 0.512913227707661456555854329054 0.179855432939651838086803081751
0.116073534345973172765553727004 0.681344813029785667524151904217 0.984236552547261500656361477013
0.053507001869258656590044864743 0.758573460253913922635149447160 0.239574464921159885344437157073
0.741704316291788123827188883297 0.186284565521802392140671145171 0.182183286116809090016133154677
0.249117441372826070589141522760 0.299167287487798305711805824103 0.296945265253087953283284150530
0.630888063943340515749014230096 0.877152667751245229688095150777 0.800990517246742528278957706789
0.285916399220059458397003027130 0.125733025420108807113095394925 0.892757097244868735863576603151
0.445522032086213382040540409434 0.919675645518228113139969082113 0.740914016853851720156853843946
0.195869384531516588232591402630 0.409876421243121680237919690626 0.589386616445224276183978417976
0.257481897197915310382398956790 0.310848788718869228908658897126 0.204700038103908049658130607895
0.863113792054711614909479067137 0.380179392004621308220890796292 0.459998932612411148834752339098
0.476397714847108688651644570200 0.115217014885397386891874305093 0.769099947848637777170210938493
0.153506038573702874305837440261 0.405523963821989075206886354863 0.588247660076421485797482091584
0.695808893753406931814708968886 0.164291254078556298034996530077 0.920413380669822922541811749397
0.430571315052437564308007722502 0.215449771518700178285499191588 0.276137023147757010299585544999
0.578884214409706165938018784800 0.849349845913701106958626496635 0.853381742875542581572290146141
0.528623213114870482698393061582 0.819028158959663077354207416647 0.887542170543651587344413655956
0.931314680958762464157985050406 0.843455448424983322830428278394 0.026401456207391899022596248869
0.810264750224316765425669473188 0.814979096208482967078623460111 0.114753800451364601498127626655
0.253468460993273692061222845950 0.218649042725018033506145798128 0.515012150307361693535312952008
0.568283109544591047423978125153 0.068586500826945312470073190525 0.995498212584929653701237839414
0.297866108440447918681570627086 0.961073790913926084833462937240 0.910427777468409415995154176926
0.853382879577832986761620759353 0.466542853526805134656285645178 0.103271309353381260387472195816
0.514597907645645835650327626354 0.334472918686131992505039534080 0.372867876934047104420244522771
0.362514099032147707468709540990 0.025475184692386982493461644594 0.478840078949834213606351340786
0.768507339089656071884348875756 0.525705528281485978681075721397 0.371403354515614292363778758954