0.645290824711341581831902658450 0.548490161715582069668073472712 0.053194904589720024001842091366
0.815089983455879130147536670847 0.600285109246217696288283605099 0.990796783192511520965695126506
0.206189046869033110187530155599 0.489912545570225510527251344683 0.271676107078370698832969765135
0.581226361166359062337960494915 0.390560854940352697450833829862 0.526325524500543040495870172890
0.640551860897688341012212731584 0.888136438025967533960169930651 0.714560352644764362750606778718
0.651523000606593849504122317740 0.642685305374764981323210122355 0.941739368717000480124568184692
0.572736776670006109135613314720 0.844808388829328738012236499344 0.657388582114336927908482266503
0.681995940133044320496935597475 0.581414692648302589006448215514 0.032569242419742468197529916552
0.126608638573450171804779529339 0.308960416601507636968904080277 0.031634755014604359901753127815
0.916057367023639157466163851495 0.773183564710280823994992260850 0.218885472512012596579822343301
0.516097978399097434554221308645 0.215919817663469376656237841416 0.652929322985017712710487103323
0.131190118723263582367621893354 0.270469751902386756903240438987 0.312109649526787935602811785429
0.195384964370577007830576121705 0.362663755432522827426566891518 0.622057728757143379993976850528
0.414117582483844337559730774956 0.985800567311461373165570876154 0.693732454747029714248185428005
0.785759855513729288389868088416 0.501571392321336739783532721049 0.134601389541694038687325019055
0.270942721393685526098948912477 0.254871215301849973755565770261 0.926302512830455060388601395971
0.602903337478213230404833211651 0.633600338765805681795484360919 0.927129666233253990625939877646
0.425403283214218774777037879176 0.321326843400630390856775875363 0.600763703723764974640175751119
0.201439831186702722476411508978 0.767048577102158013474308972945 0.850455547318818672053453155968
0.451981354712356730995992393218 0.646887162131398296693873817276 0.857371594049402996340347726800
0.980544699128798158405118101655 0.978533217466663440831098341732 0.175329230539865127402876510132
0.506035771369442222145096366148 0.192825998314945290523780840886 0.400311417013906600814721059578
0.487003187313580276907032384770 0.107114490440250662017795946213 0.285595957282394286025350993441
0.884149343380251750978970903816 0.592018308052749242520462757966 0.938332064205251725752532365732
0.011553933212759420062765158832 0.609280171938001435805176697613 0.307048154310761323149137069777
0.505031222199049167898010637145 0.629532524633245049727747755242 0.396574343768571146995327580953
0.285519251498809190081829001429 0.328121914150806270882299031655 0.491671611043667244889121548113
0.323004905803581376932953617143 0.056431437344538551426076367079 0.685120567488469056627309328178
0.636135947849863825354077562224 0.859345551303677512855472286901 0.606323583669677979024470459990
0.017488565081642204468437284959 0.219964271098456454200942289390 0.311478387679348434069481754705
0.070060754228775251606364804502 0.832525759135191889548366361851 0.014372026392398568050978724386
0.186895125661874578204546537563 0.819522239307343358660773446900 0.201961750420250191195847833114
0.785686210595194500783122748544 0.164392548328771870291831191935 0.125947637348356428210749413665
0.139840200544694814865920307057 0.277145380574618960256572108847 0.282558584899413267610412958675
0.734255912485615280793638248724 0.465907284553668310511653771755 0.230587601075053383326007860887
0.930465555255161391734475273552 0.343971609962976487828711924521 0.243414306853675488362398482423
0.634004329815414213733504311676 0.912255236975516248243422978703 0.454377456019349035276633230751
0.010520075984640006941384093864 0.366167570165491451650296994558 0.426333341304443946828683920103
0.074305670069772719599221488807 0.497390734689343305685582663500 0.850083872438697873974433605326
0.644857130893052410414156838669 0.229855183233099946704669491737 0.791149338620417807987905689515
0.941753215360390028010328933306 0.658529063004988479690382519038 0.477825627237026984150958242026
0.380040842557268332413400457881 0.357455040403667767545670130858 0.086107991501005634593646220765
0.543272911322956963964259102795 0.425798022800331188442157781537 0.050344080508030970844135509878
0.650115861598809408050669844670 0.459279685184273589459991171680 0.521146037907843195924328938418
0.733955827158439766400022108428 0.951512554416890643516069303587 0.064560951088615509130264058513
0.728162246681242075752038545033 0.752162192544519325743124227301 0.314995839983071235224088013638
0.356722807142878628461346579570 0.677310856942806904790188582410 0.014850524257291844443251704888
0.082605654591411267761991155112 0.518792845577124128730872598680 0.129907087325596248827963563599
0.641444887041639599800646465155 0.201476495549998052547735483131 0.990191982748608090503239509417
0.615306216592302335222086639988 0.319898262764270580049696945935 0.941408991249990445560058560659
0.677859972496534179953187049250 0.221936508136165777660409048622 0.378191453339766614494266150359
0.731268828612503862807159293880 0.893956025436914547555034005200 0.434797133331565943681340513649
0.746341221207774019319458602695 0.382229305000119146118464641404 0.968215947497850448755229990638
0.596745395680878587540973967407 0.069954228918508276624521613485 0.867085318484963729623871131480
0.999971981323668490659883900662 0.814392421667643584548557100788 0.208443768190374217885718621801
0.354230564582070361900889565732 0.382458538217761656596849206835 0.511946718981448722907146020589
0.549670693435487467404243489000 0.414466904636329791511428766171 0.770304440788126210115649428189
0.207564951903377842290510102430 0.811730442401720209133486605424 0.677244439216113769397509258852
0.237955987387853784564839543236 0.127675033367252999116914224942 0.158266369675784585036026896887
0.381407481388512881181895863847 0.972113342978651484571628316189 0.278991233431472696047137560527
0.201076560600388282162853670343 0.479740253406462424656808707368 0.393573111240157313961418594772
0.426099031282833440315016559907 0.879144842066855169981920425926 0.522837884333446800688705025095
0.273053004938073162755074463348 0.030482930156114161623914782240 0.488551069810351512590074207765
0.594862420091942567523801699281 0.658475668046729190052701596869 0.371772823430977783498718736155
0.967112474154205647991489058768 0.728857593239408574348203728732 0.798044426850131660700071734027
0.461760197306755770796371507458 0.844595695023909964760377988569 0.850885363775408576358927348338
0.653958532390596980476971111784 0.971525279342602909871118299634 0.058973447903338131748096628826
0.850142294145518895298607731092 0.409554802575874621339835357503 0.404060478351681295894337608843
0.019383261563688962414442329418 0.047034992924531872360294215696 0.269852487780863625754790291467
0.910872423072475845273743288999 0.828420239316163820042504539742 0.095243424002951548867912379137
0.918358861196848064167852498940 0.287665423308255618906059680739 0.340617097395897683309584635936
0.888077920453159808111820439080 0.676228536141275093918068250787 0.669470107292633787032798409200
0.561732900520164557534030791430 0.055106993113328013589313769671 0.388740550438857190851393852427
0.838589157414320607308866328822 0.864789026717716180492345756647 0.398314462915237921247779695477
0.955660388138101946076119475038 0.229556538210804628175054631356 0.150547825609952029557447872321
0.504287842826452004096893233509 0.862786572846659383095868633973 0.633881488548545091177288668405
0.134015686750854901010399089500 0.481073571274812095133199818520 0.844741553703686753884483096044
0.769113173039408626330271090410 0.367145686474625476680699875942 0.655914053752524539575574635819
0.217772727210320010682309543881 0.551343009887255930401295245247 0.935503652737557533924928065971
0.327868935064684341451624050023 0.824993743434792370372576897353 0.360005390238568145910846851621
0.126270971116378916132561016639 0.401899280045241447112402966013 0.574687590485265631379263595591
0.592816032334246179047454461397 0.807664673854242676220849261881 0.284234977576378944341684018582
0.622966439461272059041618831543 0.364483563094200824217239187419 0.160012967384062315678860954904
0.090707800148344813750966864063 0.348324682318956413418220563472 0.734012332043715187701593549718
0.789045188702975019978680393251 0.214623596268561367406135786950 0.598864915443825140961564557074
0.374560867052643908792219917814 0.242162838417790460265877072743 0.895472784900869678281765118300
0.136384029052591976283181907093 0.245480719913075101645816289420 0.983392514909499637631995483389
0.712420280532323757505253070121 0.557586430999110427286780122813 0.037618776631522160558418477194
0.832359408176693071901297571458 0.715525164918556777493563458847 0.259383966502757967731440658099
0.970978762310814369485001407156 0.906471408928181454633943303634 0.379812826199488751122146368289
0.939710427746200505083606913104 0.087779573680101641297568448863 0.900808807806641520521395705146
0.800552381590442840852972494758 0.701383390448705679176555349841 0.982325934878497730728952319623
0.760468025835586036720314950799 0.895055994031048407499895347428 0.433302917967547107647163784350
0.891680907897283714369507379160 0.417197392088433205437070228072 0.623780760624689123439168270124
0.354497105813186053069330228027 0.466291589232396885833509259101 0.521662174105704701254637711827
0.885919882049762352771438145282 0.508631047375485256800686784118 0.055225503511659890243379322783
0.588824107240412009112162650126 0.609138865248390448670079422300 0.022944325286859187235100066005
0.170043535966635017686598985165 0.209535726378784370460550690041 0.329707036088645377702732730540
0.017879394096953576953623610279 0.917124627324459762434116782970 0.995293035601127251688069463853
0.400781541495042026301831583623 0.074190321379829865522381737719 0.163661952923924713942938069522
0.563067548668857775773233242944 0.838811276498172553317544952733 0.329625642624539250125081935039
0.475311376705423227484459403058 0.151108906322497738017318624770 0.333970503234144733273325300615
0.932197717322179042476193444600 0.078901868648449960397250890765 0.155190758656675392712642747028
0.174018460643094619033632852734 0.768254909242875538843975391501 0.276466209557276632047262410197
0.912519861135566268117713661923 0.232029469714126468371517830747 0.428544274049691809036488621132
0.393684174173771550542255681648 0.536492306235670901592982318107 0.811511163478461083897741445981
0.171640311453273769481953081595 0.383681849472243485799083373422 0.131056678324734859897304772858
0.460368677522969116377993259448 0.375219363358961666143898128212 0.492793298447034067155669845306
0.048189654474540974393725889513 0.060855978822810727346670489624 0.803746011765758106015766770724
0.326671015753635773926077945362 0.971240542713532661878161889035 0.248836872177786522231102139813
0.090119627589998738126375599222 0.379746532358672228557594507947 0.703743145954171422928880019754
0.025045502573982966060262000951 0.840589643029809208130131992220 0.394560714772138720896066388377
0.438991727516482022064536749895 0.715309789135740836663046593458 0.807567470080644778107625825214
0.306684929668818273551522679554 0.271010666324742521826607344337 0.590155686405554269491346985888
0.215653678185901032104965224789 0.330695098653146890566034699077 0.869676544844175336557157152129
0.327505728157712228121312136864 0.440784792958512638971768637930 0.458952326952010325467057327842
0.992238431152424382730714569334 0.021022576451001497715997956561 0.294562948146621372824682794089
0.008649355135221966500713719483 0.725650183013700655898503555363 0.148627069525895189050501699057
0.625355396353797332587021173822 0.328253279537496001072582885172 0.585519854050573052006711805006
0.418739009582484278393366139426 0.126713645095591659339717693911 0.822997265283288648163306788774
0.127122497329823447298480232348 0.876663575956623808416168230906 0.866924466144948557833060931443
0.723633319858243639899342269928 0.490674451557121027445163008451 0.838985493840065377213477404439
0.541795020543514915800642484101 0.946524587555845120512287849124 0.556049632732395604506336894701
0.610022272916025509736925869220 0.420238630591186046459029057587 0.909069822459730225716612039832
0.706538124459128780152639137668 0.470387601833522461802772340889 0.407957888273554003522036737195
0.487815584112367139901778045896 0.937156147288040974885348077805 0.926485588119966063658239363576
0.330754315783672314665864178096 0.820996596712361470515872952092 0.467159800414967574244684556106
0.794172640121004191904319213791 0.465974114525158411570515681888 0.289931428832299720177445578884
0.436014439318266777689814261976 0.970774556758098428055347994814 0.208868687710914352484437017665
0.668812467886287898011232755380 0.914354387048604166920995339751 0.056408809836835618889416821276
0.985480320265269438273492141889 0.993546637139064658938991669856 0.301688782387212084401539868850
0.463557680019310691665879176071 0.214049053146810969172619820711 0.968585657020822665685955143999
0.653858614381995217890164440178 0.313928246796410792551768054182 0.707885151411377644414812948526
0.366031184379615848190070437340 0.174324391778715642731256707521 0.678510818024879891474654414196
0.019317442549144053787202324202 0.817981749520238055062293369701 0.045331417897386767912326632768
0.580140108636040818801404839178 0.759182599629574794697361994622 0.591421625914158921588636985689
0.403847871148151738029952184661 0.359491147595547622106693097521 0.457333916327792855405220961984
0.775692374466124490162144411443 0.651853220658792142927495660842 0.283486667760024457773937456295
0.555004188412850263389941574133 0.449567795613396714582421509476 0.601917935931853165243410330731
0.314164745099283326812411587525 0.282286730875372149363045082282 0.572102344894921621687444712734
0.881447986566805674613078736002 0.149209585899339691739129420966 0.995249827819771670789350537234
0.230419222066283763128424766364 0.519993649165320870331186142721 0.571357729918151258097225309029
0.898441002500702801114584872266 0.902833807058695980707341277594 0.468064079592342918711977972634
0.992125422635493081635615908453 0.524350406432829374558934887318 0.392580652002543384337940324258
0.259961625016211894667605974973 0.548637926824155464089471934130 0.557760345337116714148351093172
0.842341350315245929181173778488 0.140830415885023568778322555772 0.198419575859515140425770596266
0.989968586812448148037901773932 0.785167721570703580624694950529 0.270256374854267289453702005630
0.495800268379560316045484569258 0.308897770271599980684840147660 0.788780384309091919803336168115
0.157612766281002597557048261478 0.640745783180926675726141183986 0.760927976803915773196251848276
0.844192341783994382176103954407 0.934039382540093332529806957609 0.105498386813514657966983634196
0.730566365063913147892549204698 0.308419665659336761365238999133 0.613607347251496126894210192404
0.315496542435325155739889169126 0.858851601499349359691848349030 0.652524444488677746178950656031
0.768564941999211659329205303948 0.909753159225138108290309446602 0.753500190556477877912300300522
0.073491863990845840426402446610 0.777458850592472106022512434720 0.020636391747705627036646447436
0.550990407907737345105658732791 0.432441647369462001115891780501 0.713676437316122513898619672545
0.504899425266985835136779314780 0.616937831049184093323844990664 0.407934077273305495392463626558
0.916413414715717133951500272815 0.764196766177690056665028350835 0.062252738713329855424483127990
0.878709914010946446794037001382 0.644692732883692998235858340195 0.012416590126042978056708498968
0.018637281910363814180220387584 0.833494152683400657544154910283 0.179610482071990790187143716139
0.732330273825407496168793386460 0.740445329697347331965318062430 0.982623453536574320565932794125
0.089780726865260812585844973910 0.378731003928923004586692968587 0.668461030244804299549343795661
0.266080445365299955717830471258 0.708129928726683122164331507520 0.456288738880363531347228445156
0.111495542223143298543597268235 0.312406722272423387209983047796 0.333055369242654941697168169412
0.144955782530237969885078541665 0.348537314461203950877177248913 0.174286831882997678144775477449
0.106977207738583171559021423036 0.097468441879751094303330205548 0.308933489054515564298242225050
0.177656821106472379012686246824 0.379154832320276358181843079365 0.838163268535515704193983310688
0.663550834960290880637501231831 0.511894358369013535714486806683 0.831919355895996526228941547743
0.790659669012316657088490501337 0.617852470809616027835886598041 0.402438380497681824632394409491
0.660963697896125967901070907828 0.096136706117250086967018773976 0.228965645022000452435406714358
0.037491304997024098299984729010 0.847471124010473197962767244462 0.765375558122277310779679737607
0.333450533354935907404126282927 0.207592664370004342799802543595 0.449469377609644782367581683502
0.463659430480792944528900534351 0.816552195428458249537584379141 0.938326239428274644360783440789
0.691462327571302659556806702312 0.854355113785405517745630277204 0.001933495316013291408230312385
0.316327599520886015849185923798 0.604688830424784051764675041341 0.828338254751824099031409787131
0.475422700569530731762313280342 0.231981886001281112363869851833 0.523991483996890328178608342569
0.052294533671247513118007788080 0.495148261506746678595192179273 0.538477397834081550342943955911
0.430672708588943076168931156644 0.465236288864807889797958750933 0.966490704599768601923415189958
0.263656713017868915560626419392 0.135134095788013358641066474775 0.529549785396666972125956363016
0.896048690307735262727817371342 0.852347637484011433350872266601 0.976839394411083139502238736895
0.195776588985450167301749502258 0.326576072087762847573344515695 0.184127673945183034653894083021
0.795395050602951902973813957942 0.653684542657969380741178611061 0.996125129479026427681276345538
0.291960822215310777938412911681 0.399072894916129961018214089563 0.922548336826804482591057876562
0.720402056487328024125815773004 0.129388235928321243539684815005 0.244307017583102720204024649320
0.994890699536046807516243006830 0.453010500815956562714603705899 0.354761609316268156089080321181
0.664712142610479950199930954113 0.457915123288913539223443649462 0.612386306440551586582898835331
0.515198085435292107980842502002 0.246132406711690371325929049817 0.544932580396070176398382045591
0.295699540630400159457735753676 0.520877062468247498117079885560 0.471246147537100146251987098367
0.523748622089084681086035288899 0.477584733302663821952194211917 0.038620806803356118319658918381
0.721561672663195485810661011783 0.488270164351294500004740939403 0.902351654112124590412236102566
0.415692146119517103031171245675 0.068398823753825735427547272138 0.089291343909690484847985203487
0.100867629455812790606472617583 0.052922284875218120192563731052 0.720584475210705233116925683134
0.642834828293604498838931249338 0.254135942383988400194994028425 0.472464373293505879303211258957
0.003744508218038376974601266767 0.859560473960738646859169875825 0.821361931205995321469970349426
0.381553722541702111659134288857 0.014788608842395847484119109083 0.598144706722288921341146306077
0.026045161109103161234390455547 0.481632102549652607592634012690 0.273428849141017615842486065958
0.758362737985325385814405763085 0.069343384735445073863147058546 0.695418889290264408131747586594
0.245130518724359147686442383929 0.135948994207605644568559455365 0.514081085037539908810799715866
0.090130314579161582844157862837 0.870788445018949253118023534626 0.710858187735440627541549929447
0.755135683805350343966722448386 0.533707112059409127802211969538 0.899571898415383652825028093503
0.379046879229542610367786892311 0.445154321546859521596672948363 0.430904239812809619625255663777
0.570412802574346233797086824779 0.346458120530731383812650392429 0.240462129909179589404288890364
0.400569214731315570432457207062 0.732710845330659665819439396728 0.903448403604192762372804281767
0.601167486886744595331322216225 0.656967954343291027363704870368 0.952181829542080082617871994444
0.623141592193916293851430054929 0.555158222313025695449084651045 0.759199587213444382349791794695
0.680545072035276144006843423995 0.609585972130465392204712316016 0.135762752059957941819234861214
0.611217909447461793526201745408 0.921886998467991269912147345167 0.700592852485061978740077393013
0.147608133146862802176357831740 0.284984030789462439159365203523 0.051805957289099896501127773263
0.626719939514792323542735630326 0.245464035770219052290386230197 0.548272930941060332443726110796
0.043104114368575183191545363570 0.950361694704606629890975000308 0.686475114690982657350559748011
0.044695468341384950172745504915 0.459019783506676659623479963557 0.632415495463023114020018056181
0.771643330153931050752191822539 0.433027060336353852854074375500 0.599859193091447528978221725993
0.201072891348931359623009029747 0.968828993887624112524292741000 0.758333449293233541332881486596
0.285816883263020626859685080490 0.994723285107757759782032280782 0.116246165638764553662554135371
0.097693005025314874623099115070 0.711313170382784965006806032761 0.620195421719692885353936162574
0.714670067505688400011365501996 0.318059879479154816728225796396 0.029429715873386427804625498084
0.558412744752965317651671739441 0.490970958437709548149996408029 0.280366264956499078309093420103
0.172895225822224385403558244434 0.913503073150763622578551803599 0.387894686591207960013605315908
0.883780355013593643676017563848 0.031296870463785056437622245085 0.409571905210842523992198493943
0.766977272880905558416486655915 0.738494351150681405115960842522 0.889169687973375699741040989466
0.962213933775744045817646110663 0.578151904445640130170147585886 0.358460051911473009944586465281
0.881738388374645909451032821380 0.340085341521120021468505001394 0.565251445042498135151731730730
0.021560887886987956107986974530 0.638610327124416454758204508835 0.543620095850291584760327623371
0.345231694122527854595716689801 0.766699965670820215990488577518 0.481180485919813327733152164001
0.794974745012309247371717901842 0.593562193735875487377029458003 0.535340901283720693726309036720
0.831894382624705386319874378387 0.483751014938102574802769595408 0.661744392353280974639062606002
0.288794236248823832369225783623 0.511535830708892413909438801056 0.736824287622433904410002014629
0.575545165235299305273031222896 0.878153057568910044849985752080 0.277016162723800640765858815939
0.415252256651415463384324766594 0.270385948826024402613654729066 0.437571840586663762806551858375
0.156522713458052326052083458308 0.933576332495126282040587284428 0.440259932027083855654581157069
0.357239199802247442416813782984 0.876789524899118322132096636778 0.639986102181733018667841861316
0.571291263837494511790282558650 0.017725428701109664786361719280 0.674876749424276667355115932878
0.402512496585845258589841932917 0.765172452541910796952606688137 0.337190773790419617839120292047
0.198994601308069923861765460060 0.731149069140611951311825578159 0.187799130993292123781301938834
0.077847922762876289870526136383 0.206964749524807922753666389326 0.495315449165599608338794723750
0.691811658188135281122299602430 0.523730806733371134775723021448 0.890921630397868757889057178545
0.585914059980266133109694237646 0.532456981634943371517465493525 0.526592155661927296961266620201
0.259481112533009816711881967422 0.602627326010734543082492109534 0.622851065661073510781875484099
0.661705165478525869637849154969 0.713473412864835565549981311051 0.728377653840530880913206601690
0.426612769055625451475322051920 0.404558496149896473781382155721 0.011779296318041697008704993266
0.737419669877312000672020531056 0.014530454844618090684549294167 0.747875196483189119689427570847
0.088503222853404159287116215182 0.761181708374253918059082479886 0.904156663691739637123134798458
0.745541940595716545736593161564 0.427814458040746803391130015370 0.075668933532819088183529743219
0.860493259857144754398916575155 0.164144750089339291898582473550 0.141669373108731205812560460799
0.947798367052274159938463071740 0.014494925633349253768500375372 0.590239036862034049946146296861
0.713833616808843718359867125400 0.502392118097606310556102471310 0.411867158636726293785557118099
0.432311891408871384889778255456 0.143910662578933673527714631746 0.976143275671284449401809979463
0.264126022664702753139920332615 0.440513697068116993893482913336 0.385787402415222857587906446497
0.557522778485231906842045646044 0.688377280933685553598877504555 0.838753940028558631070154660847
0.013454589110401714985298937677 0.069929263556835694060076491496 0.359071061563715265840812662645
0.989848764967373173639941796864 0.603846354278410601956750269892 0.956190494902852350378452683799
0.066884637273942199042764400474 0.060826853623419864514065835692 0.163560469377989542438811554348
0.488489540345543760135882394025 0.142397799334310071195375257957 0.865315112065295655163765786710
0.939328802059885559216922956693 0.731804818708444715369410005223 0.475120598624548029498271262128
0.260841122562432914389063398630 0.075581939079833515560125078991 0.585519744904485328618193307193
0.304385298563628281520720975095 0.033679178840974433040145186169 0.424522487777431511979386868916
0.274447749826599418643269245877 0.926540632915031858729548730480 0.025829574882436940469476738258
0.870188861997033380468735686009 0.709302659520844591689581193350 0.722378173130538092649999271089
0.291654778711831930149145364339 0.227460882641022238415118295052 0.293071819821140333583997517053
0.469263136274714831586152286036 0.651886439135018869173165967368 0.900753186331144872767140441283
0.510852590339819001563625988638 0.135039377464096832515139112729 0.130481285667528673632986624398
0.935396117810218474808436894818 0.696484676253289136660384883726 0.170535572059658163679429776494
0.308041155171066616258457315780 0.707096630091395894623929052614 0.871457252548340499664902836230
0.963507657574245057752193588385 0.665601435642139027670793893776 0.387115300935959139039255205716
0.242412033134927151767357145218 0.703481970926456923187686243182 0.328125068363929184300786801032
0.523346514443145616191088720370 0.071160132250005531107106548916 0.125690925171403011795234760939
0.836177846416186865141639827925 0.692012472027857539202955194924 0.987903734210579975716370881855
0.666731854282281433121681857301 0.020969039943527108954546278596 0.682211545374144301412400182016
0.163836987368706249457162016370 0.742458846771493541361053303262 0.534299643986048233834651455254
0.535328806472213925005121382128 0.720958656832523692159497841203 0.327402552991841566676356478638
0.550120063321348440332769769157 0.359196793767991739976253029454 0.133031325133575406560737519612
0.383854355764658539129641212639 0.333160139534243671111113371808 0.157272586945774395239538989699
0.529370451219163040690318666748 0.549512743249456536709374177008 0.759997336989233551740596794843
0.866309677980647174777573127358 0.290375836130723985473167658711 0.351782816413614918271690612528
0.815452154935724871087643350620 0.403065570524967220489287456076 0.103932174362714679904939885091
0.928277867933871125849520922202 0.934846785884845599134962412791 0.909009885201264467013970715925
0.612474939768431925202207821712 0.560518998056616979397404065821 0.565493098516407166620467705798
0.928831884762536419408718302293 0.334170937489877084569656062740 0.749407019984887901031811452413
0.644709953099122934361275838455 0.802730739574866070107361792907 0.745626585972839373006593177706
0.137616080028056947393011455461 0.496471726296338899953042300695 0.494615006548674629449635631318
0.128865528526777878282061351456 0.870317583934062222184024903981 0.214741207753907953348360138079
0.047578367567566171025816856854 0.536484033458149878192955384293 0.767683205216609709786723669822
0.811047703327301361397871914960 0.413193285697226186936603653521 0.534011589274798970095048389339
0.745179688385271155048883429117 0.624123740784036318274274890427 0.372046744492679437588122937086
0.614017669197932214331103750737 0.086467009932081007050896914734 0.981514443832741334539093713829
0.248097694358302700567975307422 0.540785373519750200976830001309 0.348471953047956251037220454236
0.019952219576385817750852069707 0.456913863674530906777704331034 0.703176854850926069673278107075
0.744343289258321827439601747756 0.854504868919650384384567587404 0.190570588634597748445287379582
0.025777226240781887789399462463 0.379553495421403042087149515282 0.668931287246456562911589571740
0.163328467360888324177992103614 0.679728754646655386473241833301 0.693468209724274475824756791553
0.364215926823933611178318869861 0.616398264918367577713809168927 0.896674301844649357384753329825
0.204751655167632773402175416777 0.247211129258451900447823845752 0.479475139777747805247543055884
0.723191883864702012019165522361 0.276308597851068926676276760190 0.957855723104074074925051718310
0.254768520477655802114469452135 0.903970611699604242872396753228 0.077952714482165133547120206003
0.861503933802351240522909847641 0.174831429912728680831079941527 0.460718278085779198161020531188
0.721720341797169595565719646402 0.068455654924471670552676982879 0.284478015037659348607235187956
0.764999005898015616011775819061 0.609581930308586206201937329752 0.360424755987250600153259938452
0.575613811068538705484343154239 0.976826592038157914821283611673 0.239627354562976874197133270172
0.586518911754179472772818826343 0.551320038440430870707587018842 0.518198812674935505029338855820
0.432642050368484687439263325359 0.229606185531250811537873346424 0.335438083697545574857201700070
0.753038627714730512963114961167 0.092055286186013329796651305514 0.898997351486244822282856148377
0.742785006251471147109555204224 0.907882055429904522014794565621 0.048099675259196159049501773097
0.064199616889932129004670002814 0.677439490968327007180960208643 0.400965459571777149694327135876
0.343266001684346344635656578248 0.645029142347658290823630977684 0.033082428644030437148160217475
0.794573780389262851464593495621 0.443417308354409345216851079385 0.551481945062540446222953960387
0.185684674376728364730837483876 0.195489826560983320780096050839 0.378996414263530090327236621306
0.212318476845275938558188499883 0.985226437939058508064249508607 0.770392021888958500319688482705
0.218511814595020642526534970784 0.650298571712260131683080999210 0.031085301696166037221935596335
0.897692194263625342642853865982 0.817062834501930512765000003128 0.510847276395758220779441671766
0.369789034426234064500960130317 0.931392474265246295139775156713 0.115167132435400776380163279100
0.727336933636804960912058959366 0.318854095320765085208591926857 0.357530196941365674412338648835
0.813920296026078404771908481052 0.931071670098892356648434542876 0.210392229271579023208715852888
0.571536834746106170435098192684 0.373571643235055261822452621345 0.761688432342996324386774631421
0.846175466246305241213576664450 0.663676561544829346495077970758 0.765224486244416080005237290607
0.968579843856100075605297661241 0.359347041738134920230152147269 0.453312812107477092204987911828
0.150594171680817234815208394139 0.417358550216614998529252034132 0.022914181796261066242914594682
0.971796178300436408470375226898 0.052494805295161164893080751881 0.972355684076931181536451731517
0.349414463329949909198290924905 0.448650107338340209395255442359 0.048345737845516018049707440696
0.532777979241376153929365955264 0.130253540171891529775294316096 0.076740710611388485151707072873
0.838996553926015242730329646292 0.966957756068633988988381133822 0.017491755998884986333941071734
0.233392054827650963222396285346 0.922049380946736496511562108935 0.749028599280355256162522437080
0.188807639029587581713798272176 0.735087250210015641371796846215 0.103737219160128846251467393813
0.488355212117807691019066851368 0.362459728715965101564222550223 0.901689125504518185216795700399
0.099677106789217484461573803856 0.681760699319731489076445996034 0.980945345741005114703625622496
0.328829233380534102781922456415 0.321069072301106595013209243916 0.981812431448989997306853183545
0.259664185351009435542835035449 0.064291079458537958579711357743 0.875714439102603381392952996976
0.496369013478959009155744297459 0.898541018272619340656603981188 0.849792215755757918138613149495
0.034210310055566676978866524905 0.060342719643255340877807668676 0.163118567500623340427168272981
0.533318539472659058908732276905 0.961147447161797563452978465648 0.696160289427999012801251410565
0.630987916821295513614131778013 0.152681932072304238356963423939 0.618003320296770297659350035246
0.566769778365332821401523233362 0.037524558208171375495165733582 0.174609478699231712717221398634
0.463236737134809950511282750085 0.422064829691149445700659725844 0.013999568651337369884490868799
0.956222062257618410363591010537 0.265953470610109099503404195275 0.630313110886877248084658731386
0.164539993654663041500185727273 0.420003925064408978329311139532 0.050574382923413090107356282488
0.460190625115348250773195104557 0.069094178893228844207108352293 0.090596422109096672037331643423
0.436847397348619603807406974738 0.501140102225142824998727064667 0.288847499527001561059336154358
0.205645925168179116715450049924 0.585148273017768616455214214511 0.987733509309372537110505163582
0.994801491339989740758653624653 0.000450080335737240038763984362 0.108959580562090041500056258883
0.481281293057606196494901951155 0.838349228177349803381446236017 0.820157493208683474605891206011
0.753618142873289542649217764847 0.050963274857684946750335797105 0.321484430894374229037424584021
0.542174492836717036858829033008 0.623309000491707121405227098876 0.432898306564100665561056757724
0.350141478405985140387457477118 0.527106948152182619438121946587 0.272968021751184286571856318915
0.962477470710350724303339120524 0.424033222391248909577399217596 0.455293455223392484754185716156
0.234419113697178604915904998052 0.289568037207165063229297174985 0.976044535326233142491503258498
0.312731747270536930560780319865 0.417317950253357106138452081723 0.355444439863145278390987868988
0.856464694942880910843996389303 0.847652549377302388933230758994 0.407895668973519143207795423223
0.517365865478560893464532455255 0.856795432031620451951425820880 0.791067706706061968269239059737
0.090511177723766433889096560961 0.770246589808598169923925524927 0.988649448154943821798212866270
0.347928602848636303601637109750 0.220385625313647581791087759484 0.208612490404025879842109247875
0.381714027052898474678954698902 0.291883513943727301853670041965 0.941477124297095402383206419472
0.093922729275863800491030985995 0.940906895149577593429057742469 0.102982264590390698577593298069
0.964529075585210837751048984501 0.056180744934233813048241046317 0.665553187592022976737382577994
0.177421229402122043738998513618 0.981712261030032951047985534387 0.998170846612945195097665873618
0.512501515908572846669244427176 0.743876253571112200368986577814 0.785077032656656959019869645999
0.179386763281736694164436585197 0.187779449882704424501511653034 0.890720788854325151717716835265
0.419508694345466726094429077421 0.823539196671697171225901001890 0.663464934999650424174433283042
0.613207313297947753660821490485 0.055865408860068757612715728555 0.824131392227483772217055957299
0.408374477032835636602925433181 0.434517265029417509847320388872 0.135903784456240017686212695480
0.661644089215395414527165485197 0.793442004815911205994893862226 0.221852319684581050784899503014
0.137287654679847853644858446387 0.101401249532703685574119845114 0.783452074276322796286819993838
0.347285510500452421212003173423 0.561466318799314523246835051395 0.122493556967691819004073749966
0.034034609943753471594796167210 0.321218062259445824579984218872 0.967553050644602508079117342277
0.635325161444105890318212459533 0.753267275876469133422119739407 0.824731764155382518488579535187
0.773537214795511962606155975664 0.487394977138774554425992846518 0.189592645329556608313481547157
0.580279414214718403108861366491 0.916370387224709426199353856646 0.207178950756322560744493443963
0.575143225981105565836060122820 0.831917731904679325083407093189 0.700918615003395140128361617826
0.021776546569551889082072548831 0.387571315360652979276068208492 0.190427486709491999850030197194
0.731627685011505213275029291253 0.665726520829698298342691487051 0.755255566955137624951532870909
0.469544808918116840512624321491 0.223442719140823642387516656527 0.723920314726970048901932841545
0.334023139297581650453139445744 0.571476645791116566464040715800 0.653845746200863220387589080929
0.953355675226737919736308413121 0.072477114913663931439202769980 0.781290072417823111550205794629
0.736948207377464803435884732608 0.634385236110708849999184621993 0.868160566984858328432039797917
0.942064039400954955638667343010 0.880432669018438196495424108434 0.554019445420343759067804967344
0.388212458029510876222900606081 0.923804701672156225455978528771 0.535085549326269838132930090069
0.707432968759253211210591416602 0.351128713087604904519167803301 0.008300978074612549301170005833
0.144733851678478714353204281906 0.556486346250170349492236709921 0.313737274694220691362289699100
0.239482274960192587087703941506 0.188196920628847963463670112105 0.174642494766772488068440338793
0.828301155382112130887151124625 0.772316242970629729391873752320 0.104518002791154654418370739677
0.146827823613239039080013981220 0.333731465903380764004282355017 0.040845346955711708814007465662
0.552141075614107745828107454145 0.458773627573052678041420904265 0.547371234568306497259015941381
0.691371502666722870245052945393 0.830241875913500182448956365988 0.541264020439556792219093495078
0.758655897836771120346099905873 0.813554868353767446365054638591 0.699829100892375266518286025530
0.950161201507493391460457132780 0.211778815761210520429713710655 0.496824326965232376807080072467
0.419667849994107444722146738059 0.984427171939357026353434321209 0.293358820816531473685273567753
0.891191699216782540204917495430 0.841385041047596593521973318275 0.413017224183670206283380821333
0.000086680761975017537029203352 0.543324913919734142631057238759 0.328214595430037503476228266663
0.495810665171891928881819922026 0.557868538530711277623197474895 0.140561407152695438949052686439
0.207385432106047179479091369103 0.477367699483016383332767418324 0.851684659135093502513313978852
0.608821881582371271512954535865 0.909426774493512835029207508342 0.172156921307245552865694548927
0.331225301809042194101095901715 0.829378324304018255119785862917 0.260995923297573317878317311624
0.009402781559237287367647439851 0.503665844252440764172717990732 0.894944541827712658488280794700
0.341516264701332505904218805881 0.402884804358470793861357606147 0.076448437027473808980104763577
0.651809896030696611646249039040 0.058811773957507196275429350862 0.991821597752240102785492581461
0.216759264447818816856639045909 0.385040430412951495409146218662 0.416907431198515976422669382373
0.796743343421975946938573542866 0.372472374597802691198467073264 0.804635019907978255027103386965
0.265637314579217242993536274298 0.450487424072134157171376500628 0.477800900029861974616096631507
0.039442963823305594861512446414 0.771040677279386965636831519078 0.199279057345928073408103387010
0.983087558177466624975693321176 0.255148675313413508813908947559 0.209242527012773071870554986162
0.941873963769532696055364340282 0.901581140887019127916346405982 0.877839002380561672644887494243
0.469000422475709388692166612600 0.029848141401715738707522973527 0.564029770082885351101253945671
0.977200257007958650312673398730 0.027097337951317572446452430768 0.562815866809186382546670301963
0.843201799042618382884484162787 0.211267612300106183420567163012 0.811927352798863743998936115531
0.889166040165655036098257824051 0.574109120153797003460738324065 0.359687537319892003395693791390
0.437230271325273422977630843889 0.644252074379540018433942805132 0.776682429274805685714966330124
0.309902077617038973489371755932 0.130467659297473365098696262976 0.600373079662940956069405729068
0.688370364613053675739706704917 0.103473879606213264858993738926 0.350914675436796663632321724435
0.039123078781188334873686329729 0.426100650200105401932404447507 0.903628833985177015719614246336
0.889464285681958233276134251355 0.030668865722762457537431401988 0.762554200779370638940690696472
0.598542952396930671987718142191 0.052417594460710301151884493720 0.853390539878003728802013938548
0.556498521979947424753731866076 0.937097419127702502272825313412 0.246395964316047016984256856631
0.544856174764035250390747933125 0.451176964328970087070302952270 0.297429734779200594108061750376
0.387685918394864770242236318154 0.415251763731158685111211070762 0.278094298752027624388460935734
0.309172630800997716438160978214 0.833057163711882209256032183475 0.881636688304914484248797634791
0.406156751762833945207376018516 0.546395786636410862868729054753 0.787467681946423692096459490131
0.154726208317622987431505521272 0.759210985650069725139132970071 0.078514309785671171360021958208
0.137168122553782634298613629653 0.549617303280459434944305030513 0.554604089222044072116091228963
0.154714811066799878824795655419 0.667621775961163232970818626200 0.784705884115454166405356772884
0.948778125873765310061003219744 0.240140812677787945927931900769 0.963083232816169587664489881718
0.223868538628034768889207839493 0.588100717346905277338464657078 0.193697705008059939402187410451
0.979627632877389298293735464540 0.622230439372491894722827510122 0.098060063197290797676330953436
0.458874873983876607752563359099 0.449350876322602232892933216135 0.941611739552412618792232024134
0.406446479991195097625222842908 0.725925757222312784122664197639 0.106292460050178907970952479900
0.341644385936363703670792801859 0.722108901502054756349480157951 0.505434076112347363540777678281
0.492847659343820965194282734956 0.845347556698966662303007524315 0.544567912582128998977282208216
0.123168937146228493761945799179 0.838426554277881819210449521051 0.910722414931074308874769940303
0.476511447897227990999624580581 0.198710723395707306027091476608 0.165298143404780856213776019104
0.438521097461667508365934509129 0.156317676818180317788176125759 0.809677395642020347743539332441
0.673139812180596375235097639234 0.834001911988802580033564026962 0.230167633525156845042403119805
0.201172706642559595557884222217 0.553090933914776150537306875776 0.623729248969585814421634495375
0.930312747144521612341350191855 0.770547395183877714686104809516 0.642771385601067057891100375855
0.836444090166264198060730450379 0.463446324985363422577222536347 0.792765451423345202108805551688
0.456930706854640100722519946430 0.441568347247152659384994421998 0.406039712103347716354306840003
0.435909217327247522355548881023 0.154683384793434824944213801245 0.182465107680723631622399238950
0.166368478635286282107941246977 0.150677107195476667200750853226 0.776153662637211083641375353182
0.367352416873186427004327470058 0.461260864848977714114397485901 0.939090782076427599278645175218
0.125087191675046421890371561858 0.086985655327857722141082774669 0.360813039990975248372251371620
0.887746459143630151089610080817 0.801722007558110738578704967949 0.953167345108048347235296660074
0.786327787278234602297288802220 0.085591736430957174319722469136 0.356131293908862944785909121492
0.328959560379052884382389265738 0.943753431683227006487868493423 0.348074369893342283610593312915
0.916210345105851642344418905850 0.341868847766109651420407544720 0.271789469860273247281412523080
0.391856130257232149194379644541 0.485597728139773587852090486194 0.514358958456780368528882263490
0.008129040386347364394170611490 0.487934944396400060995233616268 0.489891186064245753861712273647
0.643821962737616271255092215142 0.316914860871927828167571306039 0.158426300144361542621140870324
0.029640390616522432898349848074 0.921372345624651645223934792739 0.388957576125304016478878565977
0.682953349973060674926728097489 0.251687231519830967307882474415 0.204714270378082874302094751329
0.552612826960151015676103725127 0.185789631899882928811607030184 0.844134153362463335312781964603
0.599928274321208099273405878193 0.787913037943303695698205046938 0.610347349642897607502334267338
0.981127069284402186788440758392 0.603065260420752813352862631291 0.050802980899399101388791422096
0.140520120069363735337830689787 0.995741024270637931081751048623 0.199054165553606610128412057747
0.238733130872713694703435294286 0.459737526977595900579132148778 0.839026193542421694360200490337
0.410814800370313204513905702697 0.249070785277036604865585900370 0.076303677759357438348253310778
0.511459022209064806396838775981 0.786212682361808745667985931505 0.876239620216192838242363905010
0.129962156300765713234923737218 0.422903859792794545313654452912 0.723610016184852877785260716337
0.345589210146709957527377810038 0.082849424916432795606979766490 0.148274219492740499948268961816
0.118832253067703702553714606438 0.098888444871006397907109430889 0.904378478149659992268993846665
0.619093513022955010960401978082 0.620198619619764079935464451410 0.984017688363003739659973234666
0.604584606570706895034561512148 0.760129345038628057018570416403 0.329700856753705084933869784436
0.361249329046809619647717681801 0.014748185963438171716677338452 0.685212876761561395788646677829
0.851564585305632948397658310569 0.736107489376906065636774201266 0.791939960893726646595780493953
0.768600513594592027466489980725 0.548523734709315036184307246003 0.152378842658831836764932177175
0.629466766597622795487154689908 0.282075875291585120852033696792 0.194632167060998645391478589772
0.815132379920646132909212155937 0.335374689199069597744795601102 0.873986000728312117935558944737
0.018945935132402197398349130708 0.689470672376242044165906008857 0.454717531411282793740724628151
0.277527266660289095856484209435 0.553487722049079922115311092057 0.818504968013155975725680946198
0.279013706235142877609689548990 0.339959275988651943301022129162 0.729501797351748471065491230547
0.050657013983217251407165093724 0.002811713692353801433143623001 0.537480883219096261527170099725
0.422010577377196827164596015791 0.763880615603347523645538785786 0.979376442051232309893293859204
0.299979617616822125114595110063 0.178911497393401924815847792161 0.807564021190557479457083900343
0.716491294646566023729405969789 0.566972439005177908377675066731 0.803853763281241806559762608231
0.147831694214586334412686596806 0.696133131322940301721757805353 0.271886828887779929964096936601
0.593958005619456885781914934341 0.156875562892211606325076900248 0.230866561027212285894805177122
0.181255994018120925037607094055 0.194005373513129408813426834968 0.206501123825995419602818969906
0.029362912652446497563385463536 0.855787276506602911929633137333 0.842485168301361220244416472269
0.164861584198531863076908621224 0.785420952758859258757695442910 0.137456355520994638608200943963
0.858674989023862078596494029625 0.616238959611763892354474592139 0.238177128549109967670105447723
0.485129172097967020782505187526 0.704141336422782315729307356378 0.951631959803831528610373879928
0.429507535776145144001958442459 0.635309896449588906719441183668 0.532587528158390499655183702998
0.263096437668067506532310062539 0.751020765445098326118511522509 0.199674529049453736151420457645
0.387828865370153652580853531617 0.701239945865362868104853077966 0.055179855480986195193082721744
0.898747454222545094637553120265 0.374459769882758863879246291617 0.475984560399160150367947608174
0.297321713941560483718262730690 0.241072387143562272271424262726 0.099152940460705982217426424086
0.907678255139167222687035518902 0.017088763288881973767541211373 0.105599950503549686042781274864
0.429006841200295641058914952737 0.396419168867876370310199263258 0.769925496959206090430427593674
0.172020163544285953349799456191 0.923940998829467785569136140111 0.128909914823117421889264733181
0.815787969413853009115200620727 0.498109514400464081784747349957 0.873961196981408061645879570278
0.193144328958444383426140689153 0.320784511365618751899120297821 0.503973246911397665392939870799
0.761067058877431756869214041217 0.195205212933856231405371772780 0.650449031682235889739729373105
0.587145595262157038440875567176 0.929053381585093318584256394388 0.953955858872505335632752121455
0.282086446482274377789423169816 0.112508426593970381479614673026 0.607385715265690517838947926066
0.818311732542553849079070005246 0.266582055166603104634504006754 0.171413675909176554945645420958
0.294306673370004767686936020255 0.237261548773223751584993124197 0.476908103360414503679720610307
0.012643603525714723276318629530 0.804439035136777058632162606955 0.671069321168471177863068533043
0.820236964842386062635171128932 0.793520001669484775774776608159 0.695698085967937696061369479139
0.179903187533695774202868733482 0.632763153140152856401812186959 0.788346902961589490743676833517
0.298074490557066029694510689296 0.595718757347367677823513076873 0.182313747624195637841992834183
0.153114807916395201381476454117 0.919350936331990498118216237344 0.326854199792191102424965265527
0.849947203662296479897975132189 0.450967100972974488382050139990 0.493840940893371938003042487253
0.009892862833432504096609072519 0.053787911012712720515427378132 0.706376522096763603819624677271
0.726709853902249292012527348561 0.521106526962527794033519512595 0.883230020729002363033544042992
0.833378579508266326136833868077 0.051721565848887027239122460287 0.381386039302485657653818407198
0.788228228596313584830568288453 0.041846240841006653032874140763 0.604232687537334389737964102096
0.641544817494565378090953799983 0.392118480457694873475560370935 0.142894406161074433159186014564
0.627341105236625784513648795837 0.502232813756192220111529422866 0.414902708206928261258639167863
0.322121648440034047400359895619 0.195849518401138483758572306215 0.004724722495882902224828558957
0.269864232255920932779247323197 0.923995740714937618953683795553 0.231268651286382048715140058448
0.695444519854727216667811262596 0.036831337952213730191353135979 0.881526439789592108908777845500
0.706332793015910453959804726765 0.530541518918319132680494476517 0.334023773086525532782786740427
0.186421747053312381048328916222 0.777147124174991432710157823749 0.680778138363402729460460705013
0.968397152501616176323295803741 0.623832027671692768144851015677 0.790857264882944943629183853773
0.536491746075748565658614097629 0.435872902778426385417276378575 0.868430071500375211357436455728
0.710374685321902066270638442802 0.639980827556046683035617661517 0.411226549499546734089960864367
0.155237734302903662708672527515 0.194885891349791617876974214596 0.700080943109007369784535512736
0.146190887601591851252536002903 0.471569443696378987063155818760 0.447058062289781066311888935161