0.223242584454907078139740406186 0.508315264374391118096241370949 0.624265615425933173554540189798
0.343746515152705434115176785781 0.521213460381469428917000641377 0.094662094585089326392868258608
0.560046035734642844161612629250 0.370701476855075540139949907825 0.883094289197862813978190388298
0.066414101331333574851356615909 0.513289013954151829288719000033 0.659972962945061802919610727258
0.548909713844865865262079296372 0.428858048483084897117834088931 0.286897159585720595842417424137
0.883651387626665729690955686237 0.345986520715432843697811904349 0.531127448196502927046935838007
0.208405715963802334877996713658 0.423550511359782555498298961538 0.946534517345731685189491599886
0.326011909060667903759167529643 0.538437584562303284130280189856 0.713958116660806108022541138780
0.446699760004321988482445249247 0.071676576723896490150877980341 0.990433963130302186250730756001
0.180225286029386422281817203839 0.096439590371531311308039846608 0.489925511970091931424065023748
0.469624734265686960554830875481 0.833601205148702950609163053741 0.045007722655128937216950646416
0.303280523897383524900561724280 0.936721482795632165441190863930 0.375647038220842166555968333341
0.435684034019493182654514384922 0.012585110864053677612317549972 0.968420382790372569203896091494
0.919870642840424523889453212178 0.016146713793609747400470411094 0.707701917178513273398721139529
0.349605011962996481411636295888 0.243180591454079247926145512793 0.739767761577476701262412461801
0.640827852561916211371340068581 0.795381403505942108367321452533 0.656628889792241210443535237573
0.092779527612418324911125466770 0.486170959462138840834199982055 0.423620905209929288215420228880
0.436082221246406775971848901463 0.851345485723390749122074794286 0.475004934874821704848812942146
0.547881228835984335212572204910 0.899773030566120568529697720805 0.548530799642046207331702589727
0.948239044681310816464758772781 0.527573566760456413859969870828 0.621662448207794371413115186442
0.926119084242363777015327741537 0.135516005033638059495970651369 0.259541945300896803594525863446
0.695123827313010589357133994781 0.776584703051823366237726986583 0.783689623927100509348520063213
0.041808518663144292326627748935 0.113582871736629786862948776616 0.780852961093055575325649897422
0.314116732847592450283968901203 0.536885135356039433496277979430 0.688939668792704962285711189907
0.128083048963959972299520018169 0.811107800827487235295620848774 0.008739358523872723868985978868
0.145725123899122011028595125026 0.100565476222004179795987965917 0.551797972238610601181107995217
0.309982389083633014248420067815 0.590573914815326506122517002950 0.420778502077914118295609569032
0.573646988596681950411948491819 0.200758996033091746680199207731 0.683470101059941215204673881090
0.146944965939544119892801177230 0.383271821242649302075022887948 0.746138980162356357794806172024
0.212990238285880262303351173614 0.203204444955917301607328795399 0.728921743037849290125507195626
0.219837280570314874683646166886 0.074045579586911450253872146732 0.160565031359284932088726804977
0.575017232111140863537457335042 0.275518873645059281241032067555 0.020738853918593432024142231285
0.398488277922330547120566279773 0.125024489457441406736748490403 0.807770574548610897913647477253
0.895031205110178529338327280129 0.805178059364531018005095575063 0.929098468971787938563977604645
0.602863133802909678671255733207 0.815040760830993193941651497880 0.996825901759046062444724611851
0.336675788310732249097867452292 0.141247082504119630952388320111 0.103106184288174737573307027105
0.796328211486868942081684963341 0.529635015702216160882187523384 0.042745930288171495037286007346
0.861233626970409393841521250579 0.833478814179055893518466291425 0.933549141901222290229611644463
0.128165543092459227603185922817 0.911664877843436416426925461565 0.996871023800940503356571298355
0.666723133766294662194695774815 0.308231628839364613092755007528 0.311681103023610017732636379151
0.369787589452847786919420514096 0.388191368035867956365336794988 0.302515016364434619067225185063
0.473323991338919336513413327339 0.584568101932189665426164992823 0.316388268753878043604288450297
0.636061582700085503816467280558 0.325792943264576362327744618597 0.149123390470410066566131490617
0.512070060812789495940933193197 0.725416331946114545381476546027 0.337328430712672489022452282370
0.694496235763503499960336284857 0.829057336658834853615474003163 0.502856471000624360989661454369
0.722593496573897042800638246263 0.194004663154018625048635726671 0.194563572615569641000021761101
0.923097367802119483926048815192 0.855560873021136258920193995436 0.389639572508657106020280025405
0.603935220188992372136738140398 0.290205361697406183374425836519 0.379546625522059977164701649599
0.714327367574668303795704105141 0.743983099185257845675778298755 0.145419026004942553154108964009
0.582464083890061656845205106947 0.839712807018545670523224089266 0.015731602102381680302611854927
0.363932596589551349275382108317 0.510860073065765196709264728270 0.804131855824718466685396833782
0.815624108588584584289549184177 0.813643093795766270126534891460 0.552331964839868350125584584021
0.706351222661508515443529176991 0.859575278431677802792876263993 0.067924021497623165988244409164
0.968399389506567898067146415997 0.185795488918034823466740590447 0.427826907541642764698508472065
0.942065767836382406130724120885 0.560713400579809784218809909362 0.825817453961233405301811671961
0.609802417469751500966879120824 0.761213113857675427453841621173 0.048696400824266690421371350794
0.229879308494169598553469313629 0.232618325639242840008336088431 0.776148605883219877554779486672
0.914663489173644039809119021811 0.670309789145844714397526331595 0.680174352813353921831662773911
0.974087754665588168023759862990 0.894547361511653260635057449690 0.401318438064798332920446455319
0.866704363369905084191202604416 0.950496777995693098439744517236 0.298024719498328705125089754802
0.701713088499540948994592781673 0.043532840094679330078530909987 0.770358850364083913575541373575
0.159322174346769873665152772446 0.246457142083167657364839442380 0.892844467309655942521828819736
0.373308911455161762660281965509 0.314420491401181778634565944230 0.183337268564567501538675742268
0.990512427240842208142623803724 0.894784097116924415082905852614 0.795678282370043343796339740948
0.741106218527287530228875311877 0.517385515692055486525191554392 0.589054829341101870987529309787
0.154137810488013005105756292323 0.048439538697875761386058002245 0.199702094425680570788372847346
0.605475343148930478243130437477 0.009521836484932065525210731494 0.578340106395415665119230652635
0.434605940441711913191369376364 0.208867819292453044122126470938 0.571207493833946200467721610039
0.010902392910256518063216724101 0.536549153641944109871531054523 0.175996767931300701626184945781
0.778155602373845178831857083424 0.944798915532440441999995073274 0.921455872261527253463953002210
0.361515551680559599212472221552 0.324317960226180757032921064820 0.668943191777728651814527438546
0.978202448924672451902040393179 0.845082124925567113038482602860 0.018425901197221348365440363182
0.144938487304795304844162728841 0.153677153683061895605987956515 0.772151380710328294476596511231
0.885887876203586444034954183735 0.260405533338273875720858541172 0.977943225859778442199399250967
0.940784025376413257646390775335 0.917845649370773175590443315741 0.834292481916855233059493457404
0.305323778965203962432184425779 0.197317638291373498304892564192 0.835999440854283126789425750758
0.509976579780214378523339746607 0.618890034836450886324143993988 0.889682004372317591922580959363
0.661447672339974590549616095814 0.185338667415051866482755826837 0.314579128764706561494080006014
0.317626938010775294873866414491 0.690818619677646461596509652736 0.775888773910971218938925630937
0.120073130236767244838347323821 0.571426380259012933748863360961 0.131471961614830629150318941356
0.636721114598381210392119555763 0.484293518620696139542758373864 0.870979205230524633485345020745
0.719826860584337313575531425158 0.480418586799752189708812011304 0.441621990289625121484107239667
0.930094420400903287848848322028 0.628652309013574162044335480459 0.502306872601773979347683507513
0.151151372400248090732688410753 0.244159078967189330233722444063 0.737658316885602016732548236178
0.561686428711229424060036308219 0.808384326147972065434998967248 0.725843796771980964699366722925
0.790623583736390189713461040810 0.793979209232827609632465737377 0.012769603912904076148393528456
0.048531230315318758805620547037 0.162057997218459676203039521170 0.870176079761266429990484994050
0.061433837436508403895274454953 0.972891844217217860446567101462 0.529468738963999152602468711848
0.853928240753533240869899145764 0.701034810973771294051459790353 0.908162585283693979398833562300
0.121181986751259337942165927871 0.278665121132403714732106436713 0.733212244636167409517213400250
0.497924577627569198146062490196 0.092845521311268441877473378554 0.226315354423013065376935060158
0.107985250466031287852608500089 0.470838359080125945510530982574 0.699668321545083848889134969795
0.182033807819093229607432249395 0.659982743541833949407759973838 0.981478080368041183589866705006
0.322525709472790744758441405793 0.728475166523082084957252391177 0.403457869279697844966392494825
0.617931123705188878325600398966 0.061287212399368871940108505214 0.306053468907200865167794745503
0.355943662172916230890251654273 0.344368541841984676654675467944 0.416778679755530012673858664130
0.250274557821508036870028490739 0.273088542642065890131419791942 0.861744210455420822647454315302
0.912993175144550694888323505438 0.154030691298594674121247294352 0.087651535654751228099357263090
0.680852825177177600757261188846 0.097787116659062603418739456629 0.669969163463546846237761656084
0.839118100619208218127198506409 0.916897538861291105938278178655 0.653829972107057622032755261898
0.683242957827555841276989667676 0.389086062104734398126026917453 0.006147269605638622930188219584
0.618096845363176661258819422073 0.866976426610035488806715875398 0.293635653856075817813575667969
0.987539638501656935609673837462 0.615919225367509537427679333632 0.647231149794199822622431383934
0.770494533549772486757944989222 0.665141293181282677871024588967 0.142850737857932841290420356017
0.746459682118908895986919560528 0.940497368024754809567866686848 0.898638343340740219922224696347
0.083903944108160072312685429097 0.189071354371488586920690977422 0.880556919271818450134503564186
0.889473951767462800432895164704 0.913689464104391779741831669526 0.567892046266287309208564693108
0.650992206244600857267812443752 0.611749850238250347800317285873 0.391977846153113151927982471534
0.892781223087188990916729380842 0.929219272200644930137514165835 0.364002841947325295191006944151
0.011716244195719378862197146418 0.327873638765329766808775957543 0.218558114068012426800535763505
0.760374194810653714071690956189 0.673840398036417154159494202759 0.622947966052920132362658023339
0.159845836935895851960154345761 0.506329810542904490411331153155 0.604223226938975788158359137014
0.603690668750983205903537509585 0.551131753388135581239737348369 0.116323761240512163483984409140
0.323886070969466310920381602045 0.123363842052869931986691653947 0.548801389872229483657406490238
0.049611808626878715899888305785 0.718647901521631382593113812618 0.326542473170605584975589863461
0.107221886062615137658049491165 0.458442242150856993365692915177 0.535683314981000746612949114933
0.499702694482070441939214333615 0.949504650935405480893791718700 0.873143080809063221181531844195
0.607689266976807473952248983551 0.317560476056255924781623889430 0.246090457516478039456941928620
0.583614346989161814072133438458 0.689584316716918555023596582032 0.566390983751915100263829572214
0.328407629932424893759446149488 0.629294318297835331144085557753 0.224585071956676984861189794174
0.291154159338512963373091224639 0.683178689494887358968355783873 0.248807975818533311240798866493
0.166359654469714041136185755931 0.395261349852631949097769847867 0.676377891985560641963104444585
0.020691922560962656280070248727 0.260695096272914150770105834454 0.909680368649114390322552026191
0.683882591430569508617054452770 0.964006553907562846461587469094 0.619349505400044297864781128737
0.711054863758103339321792191186 0.554675816904493301784384584607 0.127686323570251086811921936714
0.491919768135878732184806949590 0.617421322664798433166311042442 0.825002158032538956966561727313
0.970326036738361707989497517701 0.493524520711457914678987890511 0.903234493320326681242704580654
0.390079411045153479076219582566 0.951659804935627851030233159690 0.031526112688670872297169722742
0.868578380992329646126393072336 0.852364363681612835499379343673 0.373210510750563995152617735584
0.803084757717404396082372386445 0.648580153361924982569064468407 0.116844366148298184349130224291
0.099476072808780499623360071837 0.308477584348540334602262191765 0.755029660951425318771157435549
0.431512106892279923009425601776 0.262359414739384511072728400904 0.738018305910421834603596380475
0.462415494372159063818372715104 0.648966259613166784880888826592 0.598066634919065753805966778600
0.254400408250355203332304654396 0.052956429441923906498157492706 0.673094908250248091796663629793
0.374604662661899179276758786727 0.218234411470418609990673530774 0.962158000856432216174596305791
0.354760708799394697265938702913 0.267987350467663587583189155339 0.040383401354679951400505899528
0.042402989001604128593836406935 0.219042835185668860464858198611 0.962004714187707943295890800073
0.767993835826708326486311761983 0.750366980618796475255294353701 0.385199699131842765442712561708
0.674718963496770740562169521581 0.170767001432741427624506513894 0.962337618387762883109814993077
0.717226802807617302981668672146 0.993299368355802458907533036836 0.472039234925506145934548385412
0.187051590745829665607402603200 0.283569283114942671808478280582 0.318023980816089013590186596048
0.881278009070695977911213958578 0.251469111686057122945214814536 0.989217325478726761112113763375
0.594158577532647558250289421267 0.837680486407827329387032477825 0.114445171514281698876835946521
0.357820859181418871042268392557 0.804653870999441411804298240895 0.969970655444131968359045004036
0.448181517682565588867049655164 0.177851996917881671755878869590 0.083409268103688205542312061880
0.232163670838846286637036087086 0.668544500363890015215417861327 0.939545355605177712199349571165
0.039399603526062434988297411564 0.368428404223620775681524719403 0.798510461457648146321730564523
0.327407899099068699921843972334 0.639994879542004735384352898109 0.956159323852325937487250939739
0.924243056394383311058504659741 0.140505754035741808882775671918 0.449877718090673117679045844852
0.258012498388737132604120461110 0.535980757321173673091152522829 0.034900160661659393457334488176
0.831057061122094875571519878577 0.175287391490748845068736727626 0.443518902688682659096741645044
0.078356532678407045389157303816 0.573743646533865669923102359462 0.401404555801870954745425024157
0.774343138885492110468078408303 0.115077984931416799074810342063 0.276526375506127075620810273904
0.264614039263986411398832387931 0.284049323206972015309901280489 0.611198705370788686330740802077
0.697535764207097619404862598458 0.530646767434199362334368288430 0.697205895206688186505061821663
0.791429232327685583392451462714 0.134630161555104349568878774335 0.926282324837415793616912651487
0.302271660413001408418409710066 0.469913067635017445144995917872 0.290526080457893409736414014333
0.503719448820524329235581717512 0.857565854676567873582371248631 0.132407573059408339988252123476
0.692278294197447019442392956989 0.570896447050407984669107008813 0.459509854700866138266235338961
0.827918028994655719188244802353 0.867681554255800513431040599244 0.024214820006821444198230608436
0.141307015499596760887968116549 0.752322074033900056733159544820 0.231800785002871101436738854318
0.255138266254205769989482632809 0.411229121815423037666903383069 0.164013055763101656125968474953
0.636837959406900910863669196260 0.076404501194264909380571282327 0.597260785634315949366168752022
0.262470117070350283938751090318 0.323583535157434321050118342100 0.071831347155115674030234629299
0.057353567348880814258382798698 0.453504512630473921586116148319 0.479130206442851092063506257546
0.598904342732537453564134466433 0.876833475826951036502521219518 0.272895109243292854905860167491
0.916938119813860308404684928973 0.564002458190654532010910315876 0.089829463765514525053212935291
0.101119170862380564068772059727 0.244184858180469893662589697669 0.941687170339380208439195030223
0.456344432257743681802253377100 0.617006576983532339930604848632 0.396832171739002037558208257906
0.659809329515806397559174456546 0.824356378507894005380762791901 0.541047403216619482435589816305
0.797904578549824661237721556972 0.860742348905226717370453570766 0.510545831953378215217753677280
0.021629830467368042767883906663 0.054189829851933879467651422601 0.073643677138119978398123066654
0.278278632961882432805822418231 0.746265238544679077037358183588 0.887613182806764822174727669335
0.330180768722754591770751630975 0.356606997492852961784137733048 0.804401451990976346095862936636
0.875841365260953130800203325634 0.306453171253864009582201788362 0.089166478496347650883890878504
0.474527169492308165121841057044 0.249905359862243992008501436430 0.518624071175383782872359006433
0.534580130668512842895268022403 0.654828813732748926668136846274 0.475334337286444641446081504910
0.270266746498251553276759295841 0.800031945669711141988500457956 0.189388668713652147390646973690
0.791488765995986054413435795141 0.651433057659419834095615442493 0.868303279465945543336147238733
0.933827120865003856842179175146 0.347608106157825946791462001784 0.113378956982819564802689171756
0.614979925884370781652421555918 0.267463119407692906381868169774 0.481448423310589734835929220935
0.090836648909879386115662214252 0.708591324676537293036915343691 0.770181380019889783028474994353
0.625575107521006978927857744566 0.896819662943148077083321823011 0.456913272556775773569626153403
0.757442955814454310647931833955 0.180032399103514068050557739298 0.569766527511834097730059056630
0.147104920080248557923141561332 0.491950883034498742674145432829 0.663578779532019269460363375401
0.482433429714833106327631639942 0.035107852458546008611595112825 0.195963519765209148726370358418
0.289666954492904027418376244896 0.877339481847611679654619365465 0.518808661157775574679362762254
0.280633813768582152103903126772 0.707245552862320270293139401474 0.866482690953958578639060306159
0.815461099033284231296647703857 0.124386958445140013984619997700 0.335154859389059367469343442281
0.047788531041503629070987813066 0.434305990157980437160745168512 0.047714023700011536088805286226
0.556211737135621442362776178925 0.669753544268120282190182024351 0.234399056411723261117430183731
0.585454496270056523599123465829 0.901549940653016523839369256166 0.486092961682964896930059239821
0.901662139165602671830868075631 0.311411272563943020141863371464 0.430293713387214393772950415951
0.167188001097681560036534165192 0.154543132253402770714956204756 0.320078261387974682961043981777
0.092086520554614692546380183558 0.586249578500453116802759723214 0.838254958082332968238858939003
0.416200031019267835397101862327 0.863490944989582676072359390673 0.719257727351433340245989711548
0.206407627229529322399059765303 0.829063485494716312373952860071 0.589910537547708502259524721012
0.565451739464088221076565332623 0.734031359542641204107837893389 0.366589458555557246022260642349
0.820300143061119868548303202260 0.526483831617226227805872440513 0.609699700151516532642403944919
0.086258655007688811444666043826 0.584760921998830007773051420372 0.828530723595228391076261686976
0.107746477060594161856421635548 0.010997710247675238776077222269 0.706669089724630494764312516054
0.635001138591598124349957288359 0.726920022867285520185021141515 0.813969955499836750334452517563
0.433761190008394248440737328565 0.567582634016119524922316941229 0.384792262942597218522422508613
0.843047003614947443317362285597 0.081756326556938471727953299251 0.333063941812610897486024441605
0.595209186156706371306768232898 0.616651139902747114085457269539 0.836935206635999517921220558492
0.796745933857919030884886524291 0.084088246300197358462646946009 0.732546891851806103446165252535
0.758691744336399520598490653356 0.352453877024637707293663879682 0.017517703986479456201852400454
0.725558015876741957406181882106 0.556719870418881601636940104072 0.485373688044874129765560155647
0.193963694074022113822408641681 0.396435241598218801595265858850 0.045662033359731554749139093019
0.909474608275077756047721777577 0.005710282022275582104742230882 0.403251611160346079554273046597
0.555534632503468350783748519461 0.582307038058791137657976832998 0.292961072726797111531737982659
0.201088078396639169387327683580 0.627358167907725250422856788646 0.003250874557788734856705881171
0.856797420467761083884283834777 0.587135994130259963874607365142 0.598818149243675601489655946352
0.153150191728153917125609950745 0.516417701424839670210076292278 0.777165349255693027608060674538
0.158325454348363203749272543064 0.396087155743437002719531392358 0.648161765641647180657969329332
0.700108928612849790162897534174 0.040214327998292352661646731349 0.332415952550885074323616663605
0.839108705821470457486555005744 0.254573057278147774074028575342 0.194045935446841483207336409578
0.821105297549479806740180265479 0.077236200156903425662058282342 0.643370819412573125006815644156
0.692323589320593901774714140629 0.333871597487813531746070339068 0.088907323604913157666373990651
0.267355986573600490352475844702 0.727905551936777195365380066505 0.699350366991060679033864744270
0.496321196301680866991290486112 0.798999843591986724788966967026 0.056544640569530561780009492168
0.259421606690871386913244123207 0.845327640511471467554827086133 0.691813841844915011769501234085
0.374920490155677410548662464862 0.332654148863278653625030756302 0.039105219872104718392691324880
0.911618854046289617265586002759 0.957819884649229180695328977890 0.420009174927901962615095499132
0.348233414545246922067178729776 0.329593933452215437363008732063 0.330801361116359882164061900767
0.279118146319084270423616089829 0.456743046566033761290981374259 0.089098837621750359705430355461
0.264558312950562479759497591658 0.615458481353920339174123910198 0.105295440007673546389810326218
0.765426222885931428763228723255 0.159016533067896120856588026982 0.081544562777859999624929798756
0.019665071801091785902437791833 0.021316448039067091568821155079 0.538005284348225032431400904898
0.587050724625022612990221659857 0.031797185615583617446233688497 0.623698782740332524632265176479
0.935236071174383010173869479331 0.111260958332890597111131114616 0.509574906671404148639226150408
0.221433747762372595824231780171 0.227563104508766100853023317541 0.833913615586895140552314842353
0.060590927818038306518211300045 0.032992370209125321256493634792 0.029199691338630318071523106482
0.375829590292919846206132206134 0.919810440541229179522986214579 0.034376741411673829296180571191
0.013559714931155512560034814840 0.814313108748921266055731393863 0.084119785631557225658028187354
0.735164792892755158959516847972 0.158259924916081040624504794323 0.303266770329081281065697339727
0.966751704214408591475660159631 0.446517086362102466612356010955 0.339921998035838002216735276306
0.301862184183809445503499091501 0.411665742624102215518888669976 0.025171326853270170609278011398
0.941135510220645454815269204119 0.126967220364505445351355206185 0.034354493391272000746283765693
0.312574548463079748827908588282 0.796494879297092173153771454963 0.953931221725322631144194929220
0.730109418933667986273405858810 0.829092453932475659250656008226 0.193133751372071976737387899448
0.906435098570159247799438162474 0.393066108331611818726969431737 0.150686222704214028977887096516
0.846509625324154524328434945346 0.248389548907400725674676777999 0.807262592267764866882373553381
0.346573325266361642604806547752 0.925322625765638173689353607188 0.977629948807987148029496893287
0.313971118598501408580858651476 0.026713823496882289909581942311 0.557640523205913618554063759802
0.377630836093547195275732519804 0.894224802215468628219241509214 0.746413921084393972016357565735
0.418607281148135335069326856683 0.218512474000979201038674659685 0.278183043091343118469183082198
0.713894263304073350973055767099 0.561835155854269241437748405588 0.986396178724117556058104128169
0.186840902013762077960024043932 0.282797600082299815937858511461 0.580160436714165284044497639115
0.730731654799087304574811696511 0.887577536670701161547469837387 0.278352314611590434534349469686
0.809575838910747691556935023982 0.163383185225683930097417828620 0.268559147956524857381310766868
0.654462668013337411920815611666 0.311729962601852927939205528673 0.465413917454623793368284623284
0.162611933831126709293357635033 0.231247479590076021604971856505 0.133682326716739741101491745212
0.817371943896504360438370895281 0.417236121110518221044571873790 0.283487615135655068865361272401
0.089363511481265825442399375333 0.510922778078081063490856195131 0.841058448180077355971206998220
0.728323184051662075866317991313 0.752799843301191540234640342533 0.986796485176202664568734235218
0.358054648639280881372570775056 0.480692283743923254313301640650 0.613346789631958988486815087526
0.844505798666736140489774697926 0.333803829847791055929207004738 0.992660908299942135180060631683
0.246677793288001351301730323939 0.547386098865492276566158125206 0.047699851349085331531085785173
0.620007645637248860914780834719 0.191036742537577020062400379175 0.432248414786463974746055782816
0.197134581392976654390380986115 0.566746676419153105896953093179 0.043312005085010298055525623795
0.862851262667520879645621789678 0.486387022503582455712489718280 0.188864608518317794727536806931
0.077300943903018823344375221041 0.934644942017437974079996365617 0.638610217731737206392494954343
0.794800494441253002619873768708 0.948436769799943846237511024810 0.925616498322436531687174010585
0.766734354205349410982250901725 0.472879305932482174590347767662 0.747116821682727527687006841006
0.936483999941805533850924803119 0.888699120314261237219000122423 0.864721511289945232725528967421
0.819882085044652320071634221677 0.212979786987062214009824856475 0.909179973195766599758371739881
0.561431201200762730607607409183 0.246564970160026514234274941373 0.368157263504380105612057150211
0.280351218732085905038786677324 0.141302097787509989279541855467 0.351685374531388594832037597371
0.019268351179695518415879718077 0.739824006654174581854022108018 0.481305226411800013419650667856
0.369252828153908974062602510458 0.214696735467620164472535293498 0.218263822748042124466394398041
0.601633854237362597494609417481 0.480158270623086802508794335154 0.062955138557083067940567389087
0.546344753369281455057659968588 0.629396768526120142794866296754 0.295138074140309569770579400938
0.501636253742008153544418291858 0.078443179982298813501806478143 0.149450598258540401364058425315
0.922029416564769555009206669638 0.740240765130974032182109567657 0.132595858577306491277170152898
0.281729095133688878238586994485 0.902866967458144653591034511919 0.162688004845036787715528703302
0.084485214480765097322390033696 0.308936527792100734668423456242 0.318010518898948546517857494109
0.312004691883290052878408005199 0.188091145734910730746847207229 0.349092974569301217613315202470
0.147258961380890451842162747198 0.414773127363664340094828730798 0.287042707612458258825682833049
0.174167778591649807795604942839 0.674059764932631644285265792860 0.660763412710701714125605121808
0.582144602357230978029178913857 0.822780075137851452105053340347 0.785070302033576861155950155080
0.790209643675130801732109375735 0.429457662738671530622269756350 0.413983546211758868249575016307
0.184533785246767362275832624618 0.342999666569555439199490365354 0.237883917973871872320046350069
0.555488313906716268952834525408 0.516002009778465331457653064717 0.158502985702550613922312550130
0.516649072899953321069688172429 0.043035426993391537320299278235 0.559898259008120069424307985173
0.085103765756844473866493672176 0.358788314128036855965575568916 0.413117906250893285324821135873
0.430347071823359794695562641209 0.476891988194892979535666199808 0.726579597411337596568614571879
0.913546161000693635045877272205 0.947441198026480413396654967073 0.937825709294936693538602412445
0.997386056083860550458553007047 0.987510445044695539529300276627 0.461410510349534064289400703274
0.714586018244016463185630527732 0.660652657593189696072499828006 0.000473202351387874621969215072
0.993402801355928510851356350031 0.438445581563506991962242409500 0.095543045709258631048577115052
0.081991132024649956977491171983 0.381743559287318678929779025566 0.285502764856639112966973925722
0.787767819516067446805607232818 0.042724504410707471457886441613 0.264743741403179799753786483052
0.335907274820021084504872987964 0.151536336678022520718656096506 0.867869983734222860682905320573
0.795476668457247182431046894635 0.339995342728419136513196008309 0.327418153300105818637177890196
0.520997055125318020429858734133 0.945734746182291363680860740715 0.812991238817217132250902977830
0.838642043350048105310179380467 0.148042369934286321964123089856 0.059296888503026758121539074864
0.896085400425117639677807801490 0.422614097144769829128563287668 0.306177322324347800375221595459
0.258674981401096959476859638016 0.069049133089313319278090830267 0.604033936620887557111814203381
0.001936879430455818416889623990 0.926652292860293491649770203367 0.971696978792890297960127554688
0.792465514403820736610839503555 0.359770990597093998086819510718 0.223993381172697042513775045336
0.394870504707303726643630170656 0.982493848666619373766195622011 0.994513379098223682106549858872
0.766344688819858621542380205938 0.543943032489881406199572211335 0.046046073927233727163255139203
0.669635258882157802240442379116 0.653715189153226683416164632945 0.366458662181199934515518634726
0.918157267862005799230473712669 0.461642976040304908735834032996 0.990555010456670159690872878855
0.261325389348408487766306507183 0.057848381186229938522025406655 0.494490404764529989378729624150
0.122417414644195574058294084807 0.011869631930857481652563656382 0.250407683945242987011425839228
0.272316131678143391603441614279 0.744809879190540091720151849586 0.568215299308019727853036329179
0.853603995771846535411953027506 0.873688535597052617909241689631 0.547440263916188163406673083955
0.582669652347558297833529650234 0.376544573366532797642491914303 0.013973142639498416922583245992
0.905191855824983515610426820786 0.264961813133795687225102710727 0.498397273219102876495867349149
0.677356912532302790630467370647 0.508569347747951261418108970247 0.198638835951363057485963281579
0.907016469878261899495441866748 0.460824384820204324686443442260 0.673923828278384817735968681518
0.707995733948765360032950866298 0.497489382887752074058340667762 0.877876756835143212676086932333
0.838936227478775942145716726372 0.422319846995879877304957972228 0.038258856966493497153702918467
0.941023238352143631679780355626 0.056538607503728063874426368329 0.094353054215721210429279608434
0.696969277462358816066512190446 0.079034244474761317089672729708 0.204303348005018509114805169702
0.908261780381136141215847601416 0.247579980987861186791931800144 0.372295493097239860169622716057
0.179669476495945307226165255088 0.571955014877965961517247706070 0.564466128063168315343034464604
0.761155806872471307755745328905 0.366818807811251701433974403699 0.544382345300563175172214869235
0.582815777202291607217432556354 0.382134878387939802557582424924 0.929544527223521321879218248796
0.212273040558709769065615091677 0.529829345971888576727337749617 0.707230416015928842199400605750
0.431985513711977853201773314140 0.181534135291805120981933896473 0.631464669807673573131978628226
0.115628110185734739312479746332 0.352067874189055607381249046739 0.084999990152693646883186318064
0.734448980562290576479256287712 0.861398342392212801321704773727 0.535798113813156562379447223066
0.920492484359917817471341550117 0.763339996919580876522104517790 0.898793210547035426039030880929
0.491049281473025345245986272857 0.029031256412282619577824860357 0.677924359941605159107780309569
0.538794388847316785273733330541 0.983983269356044742970368588431 0.295679589587356794755379496564
0.103738117591195777578150227782 0.992321073266945519186776891729 0.361670788592273806383303735856
0.843359297400940399747071296588 0.843275316621448167708763321571 0.600670201957857030627963013103
0.103923700703713470239186733579 0.802651533034047126591303822352 0.892067394250210310424620274716
0.289600928651001399138920078258 0.783935730996527913028160128306 0.344154579056072662535115114224
0.896520844252856496936487928906 0.622187214153431922269987808249 0.462582113683603968201651923664
0.165330923202038293506888066986 0.255671820531796600839413713402 0.880701730179729969094637453964
0.104868279700505856455450270914 0.640968179921447500646536354907 0.723684391816327265978259219992
0.060620421198841180354666136054 0.339614692033712251006960514133 0.497112593470550867547075313269
0.106342811986019109005141558555 0.990845448203747647397676701075 0.458905772532784028694408107185
0.103997160138989810929111001769 0.441284011523974895041533272888 0.208328136517241496727947946965
0.807479244387272698801893966447 0.194802265877511787683928901060 0.550661868088843431401357975119
0.764171449524798651609103217197 0.884130183203077790743407149421 0.474600153614396280676857031722
0.536264742997622945175351105718 0.814026628817479003252799429902 0.674004904245544267382683756296
0.108942086768951201802835271337 0.372016501657705334071835068244 0.851512430399236186495670608565
0.916087470067884046542872056307 0.071865609449028811095416813259 0.427500388327491098738875052732
0.062123748229471809079171862322 0.446753583823767730365261741099 0.932119896120541913120405297377
0.913605827128270653325614603091 0.790519409506661663300519649056 0.356755988515257971283034521548
0.889881525747733159725783025351 0.573465501775734409761753340717 0.043848011299799899420648330306
0.914179753659108751406847659382 0.294024779944996594860384675485 0.548856553426579352183978244284
0.899529444767075192501692981750 0.981946789281965215501202237647 0.222973178186159443070479824200
0.753058455917269831125793189130 0.492306881494887771388846431364 0.186718459417486382090345387041
0.807783700681618421768348525802 0.129910715084603001212570916323 0.883866652609395009321247016487
0.165547832417302948071480273029 0.894414923904515268837656094547 0.817739927041410075148064606765
0.832343686099570989611606819381 0.683610239332207658691231699777 0.031754602832442913040722487494
0.000240684075057095807608636973 0.607321201716684355709219289565 0.541218282359869240494276709796
0.587791772859421857155837187747 0.213565433716557090404464247513 0.696237574923230018164588273066
0.692480534609209330554335792840 0.738652882578970437776888502412 0.072912364638218679635528474137
0.104006972012737786137392959063 0.628514595050109869944776619377 0.156574736510262657596115332126
0.346064109937452457632645064223 0.400293515736928895432100716789 0.828358777731269313449047331233
0.416836868716975894599841012678 0.829188586515321679470957860758 0.881244396245607353179707388335
0.675661427854392648839620960644 0.656622137096072311379657548969 0.427940547915741043016879530114
0.681569388670187015222268200887 0.731886432403401010482468791452 0.362604618612548279532603601183
0.717439669287506687211930511694 0.379576195541400929212016990277 0.630617109770885919672878117126
0.133577639537193065821796267301 0.704015530460557759084849749343 0.429453318273808948291048182000
0.618208704132577002710036140343 0.181869176203521026868870080762 0.713768077541002354813315378124
0.801464719893054344801441857271 0.455363787588298540853770646208 0.526203412044484397647181594948
0.554082825208478069178852365440 0.484938639400187776473671874555 0.575363350215627900041681641596
0.866942447679519667680381189712 0.017384315003729403081855764412 0.103522141655574578811283004143
0.103389684769757211890706116719 0.034970569335484112671874612488 0.297285033314036106766309330851
0.647202237027276638947625997389 0.073747016036115747850132606800 0.304818037499404059786911602714
0.464984680959547647116636426290 0.607665052209520606396608854993 0.743737216680892876397024338075
0.902669055592298597012756999902 0.438587347063238930378048507919 0.378922665765868249554415569946
0.251168081204234561187860208520 0.305061182851394663284594344077 0.289322999528216329157004338413
0.899841531352709722568761208095 0.288983771155019664167440396341 0.268938223659215325245241956509
0.219467816569793250369713177861 0.704296083630244429407696316048 0.588097100094539859682640781102
0.672132463052394713010073701298 0.576948070495391651668626309402 0.669759881243699228825505542773
0.317492019423856908222347783521 0.853571826828579682810982376395 0.199827170663211095558153829188
0.630795916937056944107098388486 0.066578369832700642905187748966 0.308753215734316910356938024051
0.166748559719697209136057836076 0.100036740697155013268826451167 0.285776749862148848890797125932
0.854288784135757262028221248329 0.638162007579480605734545406449 0.067359592638136234210577413251
0.895075909526415358641315833665 0.804895600624161766667441497702 0.891285953498713090503713374346
0.491531667224569701613035022092 0.363159565877794299204595063202 0.070707189570681810986130244601
0.865790937403893345880590004526 0.956913487897063319564949779306 0.836773242547742213126582555560
0.051797648828917401686577903774 0.190747506714994130572193853368 0.967170801330648144400470300752
0.738356550618342821756812099920 0.622805191404738001104135491914 0.204105195149145102195831213976
0.595319948778854968196583286044 0.735021215153148332888122240547 0.482828408332648784107021810996
0.939393596286445919929519732250 0.009030038167847736357840560117 0.492180110048623942198275926785
0.829353928012233621025472984911 0.176095395383201486216862008405 0.671687729348369066961765838641
0.300241990986107487593415044103 0.869426124325589189112406529603 0.169859488168983774336595615750
0.201820460000521173515863893044 0.672994523638041131086140467232 0.123173410570694211174647136886
0.621739584561431857245850096660 0.880253054421413327901291268063 0.287228284284945345472550570776
0.327459543797144203569615683591 0.037714851156193156256346554756 0.340477352138207844944872704218
0.276731098191636992744690815016 0.174150021746882960327340583717 0.742768181350920819738803402288
0.561116117133458436327941853961 0.947796026653908385561919658358 0.012980023422064846869150578357
0.596998331199203202679370861006 0.649479035766656220829418089124 0.892835770713434784262574339664
0.313792930283666338109327398342 0.796995793365975369049181153969 0.078923003342446937380394444972
0.768190325926309425241811368323 0.376200491189202901320953742470 0.768954774455410161593249540601
0.122774437924867876881229733499 0.065524689262832558345195366201 0.243025024118084742585921276259
0.211602962764042251686547047029 0.033230044634911450052161541180 0.462193630757597839764372338323
0.499674708697245617550208862667 0.594305572378084567830569540092 0.085662042239463859205628182281
0.172472681899940805116955289122 0.833582129559221840509053436108 0.584137989803849011494207843498
0.796223378511399015877714191447 0.311675980459861112770170166186 0.078321900287013274111203031680
0.681279011635303688443343617109 0.882873926266628972214789428108 0.718968613901115438657996037364
0.636345059707904225909658180171 0.414813478570365323783164512861 0.242898812328345731215151204196
0.913816818687298249024308915978 0.763799174823909354792306203308 0.101466014147534269729256095616
0.122922335330392776264751830695 0.367236667044663234182877431522 0.567142220013891917851367452386
0.163769583843008992296574888314 0.573315843701510230445705929014 0.187222387419921559859048443286
0.849733226340688485578311883728 0.268872024521540187169676983103 0.804600263641546353809985703265
0.163777471517808193013365780644 0.253999432470292441088588475395 0.005059638137741461448582125371
0.902797850229918652509297771758 0.140520344271624075815907417564 0.123895645094467793390080601057
0.725004813066015829647881218989 0.459927009387439855725432380495 0.400067748909232745457842383985
0.923056508414449861099626559735 0.608689186025645811994877476536 0.828852111687743087209412351513
0.523607315688225827265966927371 0.432480872358800616517271464545 0.600617081626916293757290077338
0.781422568954026619536534781219 0.328187367776023974919041847897 0.477576225916053087594548287598
0.788327943925999252705594244617 0.629182168750457626593686200067 0.008593600956446465280458291147
0.779243164699095713920939942909 0.631226112046183840398327902221 0.593566503301107717405216135376
0.137930933047625298160099305278 0.469885378830952715745183922991 0.381850704930224993383092169097
0.009342726195128527033606502528 0.952345208880342131152474394185 0.242661275709166401881589081313
0.583851593666583124075941668707 0.996174708329453650890172866639 0.653650514913302838060360500094
0.064878812917759084988311713005 0.806368646808430122874256085197 0.701090852112210338731301817461
0.676161432495305692036424716207 0.397787039902358974252649659320 0.072378901039770335290590708155
0.382737124540640460956808510673 0.567124372957378164450403801311 0.920999965979788171033249000175
0.628320094305084397845462262922 0.937305565749707469969109752128 0.760454849051081072097701962775
0.674303585882933931294758167496 0.203450414046183220007080194591 0.656920729429009142563700152095
0.041362102351163068658657095966 0.717169979104820498605477041565 0.023180116456619669768057789838
0.813944602034799014056432042707 0.119762795384271369947271068668 0.588127145033556009146025189693
0.816127209358565197661050660827 0.401648820619973923040646468507 0.827178118578453358544777529460
0.942244145033050095605631213402 0.634686197957867181962399172335 0.676003646021719029057805983030
0.489447850849428989228329101024 0.218809917862553549028348243155 0.720787640481081015586539706419
0.565245479449753118750265912240 0.389348199678869855144824896342 0.365027250365546784838244320781
0.691454366654337349018533132039 0.540282651223325083300608184800 0.723921481987787940326484203979
0.578513831934805877743599467067 0.682629471531691844887745901360 0.772837187477985687600323672086
0.516845897335562742824777160422 0.358734327547551801185221620472 0.342019612035368181235384099637
0.924087895413907345343318411324 0.196771341420264395116745959058 0.751403763223856269171108124283
0.771173514052220232528611632006 0.539125340327810897989024851995 0.999809863732324499707715403929
0.161274422831853558868431264273 0.812864624540831304244647981250 0.492295431298037156064850705661
0.752405615430156160527985775843 0.804526392438457027544984612177 0.169026884173485797413505338227
0.915579245835037469625206085766 0.568431792000856250801632540970 0.371803991901023644928159228584
0.122748214012608880540966538319 0.749023684649509746691364853177 0.637764376529545762295470012759
0.805256023881435911704329555505 0.807154961658186120843083699583 0.186162822402888228356943045583
0.670920518638640994701916042686 0.432102567885521759993849855164 0.089648650234500734668152688300
0.045419336354098324703976174987 0.889094800766125015201168935164 0.505194048913474968998116310104
0.670425858290624510082977849379 0.333113166067084298660461172403 0.285711738948703886098456905529
0.174089400057768545204694987660 0.732461456523276877028649778367 0.634795925547732342586471077084
0.510899593312778455000966459920 0.026616521455890721631343254217 0.384111918071073976665985583168
0.817091720335340054859329939063 0.066827977420053794044285666587 0.734265111383923252397210035269
0.975602751173752058555521671224 0.536321992840604555574657297257 0.634393715222206888704192806472
0.789980238237279586144268250791 0.560038878387309257966819586727 0.638814910001848867970863921073
0.527825392691628758612409910711 0.857452437638691056243089860800 0.919736307240416328667720335943
0.433673527727515939478308837352 0.922001905036413660354810417630 0.397029999571985592332623582479
0.596491865627564954444039813097 0.179289030179197811376567983643 0.635217383612838304429715208244
0.071081851153015587763128735332 0.302893144529159552558184032023 0.099864989322923022885269972448
0.208594984432408342422959890428 0.255136004639910873859065532088 0.501129422380104050382954028464
0.130426689245251858917384879533 0.122577834872724181214387328964 0.931257987232779416153505280818
0.079886206489821920406768640532 0.167773231369989089811767257743 0.141061042825328775141002779492
0.389137254863617276789966581418 0.352289006584970088020725142997 0.639459804008533527763802339905
0.148733721706554911090591986067 0.888009264641528739403497638705 0.746558171994408548144406267966
0.972911732350052016471408933285 0.450902857254933397967988639721 0.857452588060375608947083492239
0.081365143287852895181977430639 0.767038408819101458213651767437 0.532275353657847949406800580618
0.397124643694670653726319642374 0.224795506600137695585317487712 0.413955070086551746300074228202
0.004526035416613782835781876202 0.509453266085888811787185659341 0.457934509926874233620708309900
0.121724873150736170868135843648 0.256933583457112535430866273600 0.944976560523889341780545692018
0.319197095571218669718405180902 0.918657849558793815347712552466 0.973238097511523125859866922838
0.362836557487504041130677023830 0.403869037068005254376146240247 0.686107882733658969165446706029
0.621630030152401702459030730097 0.623329566632480402965654775471 0.064600747587148510397980771813
0.872417957059056226043480819499 0.949848809143564509760437886143 0.756512046450075636983001459157
0.539319662794394139027076562343 0.488873329908335041427136502534 0.903886601571760373019515100168
0.688844951504978930678646520391 0.939164353301764731618561654614 0.168136092039756046556675528336
0.225657774560304419386724816832 0.544521425624023724942901480972 0.467269756573267469601518087075
0.050492572912885648472869348780 0.293372148803518528747957816449 0.361108296810055739989309131488
0.364006992301846354909145020429 0.486293981103591177461709094132 0.343373553774112993952627448380
0.237125395365979707573700352441 0.426802126746392729295109802479 0.497898795001100402668470223944
0.971068070070201572185908389656 0.801065434440352941436458422686 0.846947967076507435280063873506
0.488827443815818774019987813517 0.898300560859689012360718152195 0.889381131360278853748013716540
0.935323319858367474566307464556 0.607083781751752260547050354944 0.949515221764880013033405248279
0.737234762486513317547576207289 0.489544744618100713395847378706 0.343860969222343548779008415295
0.099026427618286075316156313875 0.901617015882260508519152608642 0.227276051179394755763496505097
0.394064959465196096299877126512 0.161495297456201503116801632132 0.725808021129369373980466662033
0.746892610462222661382725164003 0.658753353736657443207036521926 0.324874682303909312341971826754
0.738731876114655627851846020349 0.886214938226681514521487770253 0.117140597758727177390980500604
0.562694617541267816385186506523 0.378144673174998613429664828800 0.754446377228867870456952005043
0.242184865514499109151458355882 0.000582217802995458211939849846 0.165238355587810109570412464564
0.477691572607052417076545225427 0.650381459817402918233142372628 0.690559973958500772361901454133
0.565857502058846217884990892344 0.914933283860924095876043793396 0.650440340418844908931816917175
0.415317176190088399589939172074 0.583925125561400748530616056087 0.839411710122552778834403852670
0.765386589818762064219015428534 0.192091468764391343215791607690 0.722489884642186996899226869573
0.072148364387789057361466404927 0.847523239015446683275456507545 0.497050474543657416770514601012
0.332239265169704645064285841727 0.089906918233758834069213605744 0.392539072769298447163066612120
0.493822787770586579814136030109 0.111877200808267851517285862428 0.950003439573980368315631039877
0.419498340174911887867637005911 0.139686760289735839579705611868 0.980408921064184979421440857550
0.403006390519911550374132502839 0.049448637640973826246071354262 0.168454389553726630035512812356
0.210963200008485285419368437942 0.844361295997261174228754043725 0.335700289017988262596503545865
0.436087073625203658355786728862 0.051611763863559471932074274036 0.821494468188992410517812459148
0.444231200569205730843691526388 0.278252955774412391587446791164 0.178575928086091850754968390902
0.417734307650327763017372717513 0.584783653181583540359156359045 0.796238166154867754720214634290
0.961571161995436241021195655776 0.648712724228176496055198185786 0.516905738247513180105841001932
0.745421045921509484166733727761 0.694404259376058541342047192302 0.354860091047386916329742234666
0.295500954371024748823515437834 0.139538881407128251277427466448 0.220610457282359839759067199338
0.655635903898649452514746371889 0.747912880525950840571169919713 0.495977830053767998474967271250
0.787821335808247424914441126020 0.349168555220131182625920018836 0.417723722025341193120340221867
0.538322502907347399947468602477 0.706443344799602024330908989214 0.911778402372854679391878107708
0.313567422490728220374478496524 0.248202315279981267082121121348 0.130196650664998664348459556095
0.489068525589917424412078617024 0.682210302763207598886197047250 0.200504024347202602918116554065
0.686044992784794138707127331145 0.092706688185340030416980994232 0.735857251096402986689781755558
0.611905251727833943142798034387 0.987833186451731015687016679294 0.601052099077551860162316188507
0.487243573939710850062567715213 0.249169549880515567297223356036 0.990596099259422824268028762162
0.893762240216068981624175648903 0.262787745820798723794808893217 0.389292045781735152054636728280
0.491139527657614372024852400500 0.495026314250334942279607730597 0.300698840645679255079159020170
0.948856968784580256937033482245 0.334952566593247069715033603643 0.621957363690172182479898310703
0.077250348555974304720628254017 0.172317429247028475192138330385 0.667861410506689678889813421847
0.384000537412944431547856538600 0.890382604009424927227200896596 0.202336348375938918087157958325
0.316643764728903875926846467337 0.623225232999962686086803387298 0.334579944318334487896038353938
0.986008496847204929380836802011 0.134460533452708641544148804314 0.007574915958923170676564406989
0.407058828907547909370379102256 0.828015594265890553238307347783 0.216892566196901032116173269060