0.299065287985883665466957381796 0.779977412148394555480024337157 0.390090925612970040869953436413
0.501752918540246173328966960980 0.425014754260059191004472722852 0.882454874692560897742055203707
0.921087333691385845568788681703 0.268254117315842643964884928209 0.117115115479924508656850434818
0.931609228982097636873049850692 0.973721199975131179726872687752 0.891260755394003512108724862628
0.928040290269020129443333644303 0.679158565453964024882793637516 0.352847134428790287774546641231
0.647117412635331401560279118712 0.813287105070280791352388405357 0.717169681602174091672452505009
0.168689665057667970149424263582 0.752301669001750106247072835686 0.694360004531933139304555879789
0.404765524266105902739809607738 0.942020496910737858975437575282 0.884777027315764796888686305465
0.013428190608756350454822126039 0.298293217650566822030100411212 0.583819300452674383450357709080
0.890171438257847724706550707197 0.843793113415139406363607577077 0.075607135229554964239717662622
0.906298840549116357934167353960 0.891152480778313882403551815514 0.387533504750547597161869362026
0.840272135943684883585547140683 0.740535372475309650042163411854 0.896741640303271525525019569614
0.524050436751088644093954371783 0.166687976241089413909080008125 0.387131268156910957056737743187
0.362767773525745296225863967265 0.289887753019555660660699913933 0.229298779915454220557080589060
0.697089112859784587605815886491 0.580470251081345867127936344332 0.351377349662788607265184737116
0.791769849977965844978200493642 0.675377592669465842689646706276 0.462856207813696296504701876984
0.918145580160214080933656077832 0.056370589272742244180136594878 0.640575933078003090237473315938
0.409727304679801729303534330029 0.015564327964343250415568675749 0.364856497877328156409504344992
0.066985987594668491840188551123 0.123800577737474964967745449940 0.337945565568293360136920000514
0.411979137974516407272318474497 0.751650116607552432057559599343 0.100119319248341748229691461347
0.985776640190682895692475540272 0.284114932620903426485625686837 0.728636953059982550584550153872
0.628130865470370558512058778433 0.645604078374125589512289025151 0.402803799913645177444010414547
0.424829705797782120058059263101 0.525824835441820126469281149184 0.677002022267874647987184744125
0.906151032830168290388428431470 0.513679473667042141293848089845 0.346091962140975595296765732201
0.791472547962717154490519533283 0.081389694261618988901929583335 0.659139339567610171854994405294
0.852625997950770542210818803142 0.701055868664204884233015491191 0.838232704788581028942928696779
0.309815794728054316742316132149 0.641481283861384699029883904586 0.384586712192298008083923832601
0.773351274745710415281507721375 0.490415844086389662859204463530 0.932805306021656011061793378758
0.129332495445062395367230578813 0.864197156854473402809446724859 0.372420135742536406731062470499
0.670833858666003535198285590013 0.882575106596326874885960478423 0.476020599787430498395224276464
0.703317599922919756139094715763 0.001437285833145592398030210290 0.331946641001818254501642968535
0.999530753163601404231997094030 0.804923443829154483530885499931 0.170877881864008041024050044143
0.455334010579570402921234517635 0.978063674627417278806262856961 0.252831955621058868111106221477
0.800299558653921994100244319270 0.172938244271065050261526607756 0.036754996397087229265121521848
0.910808252618130920197359046142 0.769443470890299630049469215010 0.517939660646538957422535531805
0.770881988887592184411801099486 0.652531245281659511014993313438 0.297334586682838741822365591361
0.183920194429456757001517530625 0.525342285448892942767429303785 0.518746569927012401990396028850
0.433527659906853490845435317169 0.939332445975659457992890111200 0.254585455276475081110021392305
0.270121437800540986629016515508 0.576935300524562433288622287364 0.178579800296661289626953816878
0.236828775428713000916758346648 0.224231356023182892833744972449 0.195100202451726573160684097274
0.285307412627555212480956470245 0.757905182086197726221143966541 0.004392073110118866960394079513
0.149204990756925809369803914706 0.409077922285448924988315866358 0.734917563457360256684580690489
0.415700903462326298853923844945 0.090333466632670209039979170029 0.867520543469555538429460739280
0.509425051520271288119090513646 0.854487115590385259977779242035 0.557998309893504962353460996383
0.075867332565553932677282489294 0.395171901940176484302469361864 0.869566312524426510144337498787
0.169068582121123162087528157826 0.406801413149796731172358477124 0.757433865516118909333442843490
0.085798498685308630107293481615 0.037872806695225288975414912329 0.556051709476419353528342526261
0.174744195660113482704289822323 0.468854097110625145372608812977 0.819967151079624145815216706978
0.358063549099641220685441567184 0.043059693220305873817554953575 0.802905189252486217732496243116
0.378906830456698595632758497231 0.604304431879177705866368341958 0.474006407973054988413963428684
0.062374900708949056193919346924 0.138881958776519043308184109264 0.567244693760547202820987422456
0.100558766458225368189971504762 0.320846433518357621039740479318 0.316306897406280151940904943331
0.388787812234362761820705145510 0.445637758213739743062831166753 0.733008490419560843065482913516
0.477732333723798197055998571159 0.690799683428672706142492643266 0.511867591510772546037344454817
0.310426455268110468299624926658 0.348080865478408885138605910470 0.717384306576880015349217956100
0.321560887499760583718710904577 0.783390471615767580715328222141 0.157546964553577834022846104745
0.502173857693789860157096427429 0.617957254930478594445730777807 0.691487026465817500309185561491
0.811774859547603533371784578776 0.460130330438944967763603699495 0.994161304887789198936332013545
0.723016650881520339666508334631 0.637396709387548554559543845244 0.226431084907864371702501671280
0.349183761461628272559920560525 0.109053779347817944578302729042 0.434228711860614957629422860919
0.515326638605417497451810504572 0.133073961280936736706337342184 0.136075030948051567403211947749
0.074099168414588495457095973507 0.163858492165291802500348694593 0.357792672562018854165444281534
0.122433773870474299494404135658 0.511161091301015835242083085177 0.028842411362861617579733675143
0.228846414681787485578823293508 0.379230565370667960234385418516 0.536612519462455805907552530698
0.911275089492691092729614865675 0.644884889195608046463803475490 0.206844281706596189174263145105
0.741780157090263014829645271675 0.215001726567270012857591154898 0.461152683763789372761721097049
0.907455425255255243577323653881 0.820260696643817732720549429359 0.329386082220369413864347052368
0.020246063581188619706630049677 0.984138946130076908147543690575 0.369289961681750822375391862806
0.835025725876706204076072026510 0.372525397705339489373699279895 0.231023929427670554614948628114
0.744585066939108974892747028207 0.937054171612005215585838868719 0.451809491499258308877529088932
0.427287258518179946520376688568 0.950911483263850665359484537476 0.322787058759942846464241483773
0.972004028628204119755196188635 0.269343765974958015974038971763 0.789227014914933189260182189173
0.732379926865949992809134982963 0.842549155944711358756649133284 0.187871991553298867128063420751
0.817072850652354021327994360036 0.800704535699672370618884542637 0.061773538322355089902337965668
0.969793205666690361077542092971 0.501538318565981633412320661591 0.283137929388623532656055203915
0.170003053699049194724679523461 0.460688389339670378852531484881 0.402473864984506823905263672714
0.947798456295166902307869349897 0.837309526011356108909922113526 0.949243626021667452619112737011
0.173353858601993732202473097459 0.615769977857526074060956489120 0.376163206797578475448773360768
0.486396062079303415082165429340 0.189196604315804040030712940279 0.136051614769774287250214683809
0.675195429395569979291735762672 0.606447261371623747017167715967 0.087967663218370226174691595133
0.133710953925142345122267784063 0.111180375971070999341350216127 0.013481314631881983687189396903
0.296595887232699417790371398951 0.336540891364203231805873883786 0.352568202031105559779433633594
0.636103634173529330908536394418 0.670404552685839538739287490898 0.552802315594672966092559818208
0.800007508990781324165197929688 0.884359111949268528185541526909 0.142531401474057434208830841271
0.389334094359790494621620382532 0.042053246956363754538443799902 0.601579579400082331552823688980
0.519696869877196099274385687750 0.969642556803342214877261540096 0.048519204731752918480225389430
0.560001147696758572180897317594 0.904136226791276031988786598959 0.084026408260135201921947611936
0.523945393798277092578530300671 0.645867781318496092524128471268 0.857030552181186844329374707740
0.286015425449370974675389334152 0.399849381546534154985295117513 0.479376337218066606027377929422
0.033687394141756824006428416851 0.930434128710919350346841838473 0.737868102375518919444630228099
0.767480896751069008310253138916 0.970447600403301580129777903494 0.779417955847511390032877898193
0.345203962095154859301970873275 0.865993809142993620220352113392 0.085212647324961643402474464892
0.478314155729856083087980778146 0.427793623462263516987746925224 0.624872165672114232570777403453
0.096363350798091718107940550908 0.475957820897868144616182917161 0.585353392054729138038737801253
0.712880146356195898427188240021 0.606766713134580304433995934232 0.319702585428216168317305800883
0.360824167077544333270822107806 0.083844222810010457513918424866 0.816959277859984012160055044660
0.640586006357081960693733435619 0.217239870982632032880843553357 0.576519648928112915520216574805
0.115431100212268183957675660167 0.297538746838752310441833515142 0.761610472982828690113876746182
0.368868338259448647065141813073 0.608708474581051039997703355766 0.766036983160763296218931373005
0.832972183383872244455403688335 0.789634516279607789890349067718 0.513233271476045138648203192133
0.832836494650938896633363128785 0.172712623743711102264342116541 0.845553551928799662640301448846
0.018265326124583758371500152862 0.743185562171991720425978655840 0.362626362906979138323038114322
0.393036489334636751635798646021 0.660123039312944581702424784453 0.349336691896231010812101658303
0.677947906405228173376542599726 0.418583938020974932747719776671 0.207817736472246245016393118021
0.630568655280818735064940483426 0.206939730714077230189218425949 0.818796375589516345350205028808
0.962271632673074805985891089222 0.902928018896598683085130687687 0.231510565314441724149574497460
0.077786916423436880396735659815 0.557219995356334041325396810862 0.121652790475871047659595092227
0.633376183087552946382459140295 0.521493982798233002284860049258 0.045636547012358912034368785271
0.813688650694069925961571243533 0.051018464946706351681449120861 0.880557516933300421513308720023
0.238292291351904411689233143079 0.396515877554788065406654595790 0.137460633414477007008258624410
0.737916376380885252750374547759 0.767093124960548267132764976850 0.948931746047751989436846997705
0.796763296180396540790979997837 0.740999151160268820781595877634 0.347807660943948326881525190402
0.028685132881225292728055720204 0.109156484227647926354975993490 0.774352870949757687846215503669
0.301027252384056753786722993027 0.010970469733493533326385005466 0.435584449102314585910988853357
0.096838353601232857181813074021 0.078687112488930871512238240939 0.808827451799891239403450526879
0.553649515999393493359548301669 0.051042316863453146558171624747 0.057006741936757775179867024917
0.120796880859956948239819496393 0.392518570211272788128553656861 0.138856728675944895989857741370
0.507050237404305437216578411608 0.576025825935864488336335398344 0.465187975671482512041166046401
0.493631669957701191275845076234 0.423887962276554397522687622768 0.877642234707189716758080066938
0.293299860429605208089753887180 0.339218299664337863408292150780 0.717402331945165228077598840173
0.499985135749225040324716928808 0.696895359571063632841969592846 0.679702605010821025999234734627
0.738918720147937024833595387463 0.075729662156487534407922623814 0.383526348880864009771585187991
0.044565824172981868822596140944 0.345518224548058028311459111137 0.271495599150518518438701676132
0.556972901296051703390332932031 0.663113624689280700685856118071 0.786654990414096255690878933819
0.375097279464806088178363552288 0.804005858131611961248097486532 0.194561491032582856153254624587
0.237609141475366464346663519791 0.659487907449485044608650241571 0.431188141350201559198751510849
0.006606643177054227766831218105 0.117067524218021953852364447357 0.417825083261556262659297544815
0.074970953076942209447608433948 0.692368415556247729369943044730 0.460263157461465399755695671047
0.406702174895343049332296914145 0.925329747433180527238505419518 0.293988623001045223936955608224
0.655324180975098813384249751834 0.927925771275620814293461080524 0.529158095017285390326833294239
0.480132143626346707954155590414 0.242750358255150927577759034648 0.571952393602740860600874839292
0.942424252458604838622591159947 0.116920165992832406076651352578 0.154702385059756947205400479106
0.495168992314525657771895339465 0.121032255904090335629774699555 0.227453143284385733702279708268
0.205349189681771404636378974828 0.584492331674870357893780692393 0.977005695355179670791301305144
0.298744250394001764625784289819 0.658006596139798727307379522244 0.196086713191517408860775617541
0.921237048564832905483967806504 0.140118439385594345525376525075 0.410935750003808442087915864249
0.623144425733382245624625284108 0.778239449647757375316814432153 0.450219373910960840579065234124
0.631407982746845286570192001818 0.895402898596395102615019823133 0.842157483420232111370751226787
0.563916301903016559116110784089 0.509922935107055108616691541101 0.955558332920032782453745312523
0.268752488648887510880314266615 0.505117846646407797628341995733 0.052989638181406770178760723411
0.790143904729180723833792399091 0.890372358176247935546143708052 0.162232614081143033946119658140
0.035608127321847808655075340312 0.990155239992997371345495594142 0.956816794206349463536298571853
0.931202285660858164462183594878 0.866023639052435179053190950071 0.368409716977961210204739472829
0.939671893754859599567907935125 0.520821377224056414334540932032 0.668654768397993315431904193247
0.537991557987153035114147314744 0.922320339164741320736595753260 0.351976194073019887920139581183
0.829483836216198922031139773026 0.712661090648416206683180007531 0.742297707015475483061095474113
0.016035000251802166565395779685 0.248183299328573442332768195229 0.863026710872499602800189677509
0.707029175776222928995196070900 0.709242624955774170203426365333 0.219165115536639421023323848203
0.225745090698507538951034234742 0.992356177085858992548139667633 0.122154905037605593376426327268
0.386173778176715165599830470455 0.039620103250825156049330644237 0.857802464705700651315112281736
0.275666920103356638538372180847 0.210439937021220213608785343240 0.735414014778813518447009300871
0.495835133605609601481489789876 0.393152342516446817732855834038 0.756015780441556595192764689273
0.137751661741086772750009004085 0.787153143183206616129155008821 0.634950180574599731819773751340
0.382343277289015570641339536451 0.977970179048218701822747789265 0.391115063212102709311324133523
0.028354197674075074658839312747 0.956123756169274474636665672733 0.654602253363989694534552654659
0.520228873621123244497255200258 0.520390152041907416702315458679 0.423738502471073363864206839935
0.141885675483234774407748091107 0.610448704016296028740384826961 0.914943434771541497241287288489
0.035632505126796207295392093783 0.109649110838675747925385906001 0.106906016222085967215527091412
0.288350277864235893243716191137 0.911759271914302504846716601605 0.586333471607420220195194815460
0.406198496777471051988328554216 0.876551182084260971372202675411 0.421489973179836940886389129446
0.795385944301863156979948143999 0.804069341792297276327872168622 0.660280806569448208698247526627
0.015413275614364953594592755337 0.956539628533715102776113781147 0.795614915496562158381266272045
0.642670742773672198921985909692 0.165605805418563262199072028125 0.006194474705316297714896567328
0.432955141356201334001951863684 0.350202418269483672919051286954 0.869766465907216068664808972244
0.561588085035600204086847497820 0.293400514730297323762187033935 0.288264972648316519787670131336
0.050746545690953152873969855818 0.475930979868433967627794345390 0.655125048136856347191780969297
0.342275844175089438703452060508 0.582985195778105258490597861964 0.951950946827649802095550057857
0.407022108057022546923064965085 0.940322946527514025305549694167 0.693360219940620692291588511580
0.215514552137067133541492580662 0.208661123932795344870783083024 0.569019263803822838987400700717
0.643537691870929795534550521552 0.392541985543767180111274228693 0.666542021567704701112688780995
0.477834579918568369549802810070 0.565926446471042732255796181562 0.769513320697926883617867588327
0.299836520922348193085582579442 0.947295039288573725855258089723 0.060847247277178113933349123954
0.634842072429133819078117539902 0.527382438410389453586901709059 0.197356274643476353736204487177
0.379155020590500047017457063703 0.653643770909373200694858496718 0.829996618316532153158959772554
0.660698305121022122499141460139 0.742246361011896671477927611704 0.355711424165508049988204675174
0.176281879699082905110785191027 0.890073580352864657250222535367 0.861181895867206503858426458464
0.478513506612898320558002751568 0.364761951486596291971409300459 0.891559611790033401668154056097
0.971415693778442168593301175861 0.090111324378882737273777081555 0.253414859695473004830290619793
0.973434338397042853152640873304 0.040061355834942358189465494434 0.381717376694524879177095044724
0.996438251767714500140016298246 0.682382927159554619755965632066 0.600502767435178497201775371650
0.723163608808578883824225158605 0.150537648047505440151994093867 0.275725875449090662705486920458
0.855382971956268445268278810545 0.001152234817631879112975745727 0.944522939112127812855135289283
0.621396280203342143977351952344 0.168865343590235195136983747943 0.435282611378599970652913953018
0.026567974552998120663094283600 0.960078643101559547901047153573 0.800658775916105680536816180393
0.097427961743221658252878114581 0.030663725494354230477478395755 0.497028247662372746340508911089
0.096206597948204394810112205505 0.548668427048302431714432714216 0.693760837159844934163288598938
0.905044546655850656868835812929 0.498862467230874517820637947807 0.394713597795848913918348443985
0.384727266195977302132291697490 0.858518909164356469609913347085 0.649556125869803602235208472848
0.420139150369385483418938065370 0.005019305675340053791988470522 0.739826562943565857466410307097
0.743486360429270631833276183897 0.113790802920277683840666327342 0.804194366801220916762815704715
0.242734711023796734252755413763 0.211200923819570951511792600286 0.164836334484638663555600146537
0.994937075171974272258523797063 0.594498300626859044193395220645 0.746281187718179972456766790856
0.529656579195371568502537229506 0.114702484929480014175240398799 0.823089973178236955497766302869
0.415948099267037851856088082059 0.025741506286117998153484265345 0.048415685126634834534176121679
0.827584504715932034457637200831 0.404015408282933585759622019395 0.906293250489788371204724626296
0.793864789600018827542271537823 0.533914696066799754348153328465 0.625883058839422856678424977872
0.994176238318245641956139024842 0.651594450171039785146831491147 0.210619555639045274997300793984
0.842822754498635973163800372276 0.078328737010987345423806971212 0.134211268805123046243821249845
0.478990441214661832880494785059 0.118530546771112174631035429684 0.203286696695617580266102208952
0.450416669326981988774605270009 0.783096699480296587481120695884 0.148729203807845711260426924127
0.917549123087378348806453232100 0.586470938218256021556840096309 0.696005318589066779288998532138
0.499553461592714576067209009125 0.578589157718507385297357359377 0.386339332824683912015473197243
0.331997365883929140828456638701 0.805503384036388214717305800150 0.073832126897207958626800916591
0.133810326765333026388660186967 0.643510704140572542542031442281 0.998424250510889899068445174635
0.428566156670713460652422099884 0.804736253113414234938716163015 0.011200233353372340480702540333
0.826753338596087017364766325045 0.837702276407235602029288656922 0.497240970629200029762273516099
0.643621739565331862920061212208 0.266372221107344320234489032373 0.126685068778110726528396412505
0.151236783522952139557915529622 0.368108275956218755631255135086 0.226886394050969553148888735450
0.675946248056588760988461217494 0.492374097437937141563679688261 0.969946647597188627010211803281
0.666222725766108192502201745810 0.328684925393357918466108458233 0.630716414069262376607127862371
0.003090747768063210713929134243 0.059385244215288762736904004669 0.181178814862864662194041898147
0.400953216784281252227373215646 0.010919225636130744719332064108 0.140599856808555995213438905012
0.791329523478741858610874260194 0.908378579384401252383440805716 0.029590630227150666042845728043
0.337174901538910443132834870994 0.807676023499225070878537735553 0.448000792313430207247648695557
0.428370776641433081977083929814 0.981274761908095927154249693558 0.946908514809747470231116039940
0.806675925849888564300727011869 0.181853871182794279981465024321 0.373828074162820045422961356962
0.516509356458172974591036563652 0.616745991906655910419488009211 0.380393533207573131260659238251
0.825660112195278128588427080103 0.451368055972531712072282061854 0.204335445695658562970109528578
0.651384259482495897586318278627 0.630450942285162518885499594035 0.568737069284017016101984154375
0.046885178155296830526665985417 0.300244374530420576885347827556 0.668755943175445288773062202381
0.918569685032239346966775883629 0.741192924188442625599293478444 0.356714899145261499224801582386
0.983583011860833189565767042950 0.152547566129518391564445778386 0.030747295265843199024713428003
0.258704867022085505112727332744 0.569856083580057459769818706263 0.357552219081415489920772188270
0.507459113690783669703421310260 0.513239106444787651639671821613 0.176737859179479012139424298766
0.784953130648585517548099232954 0.280635413489649820917293254752 0.963285070831007672609302971978
0.215719255095909528963105117327 0.623143897070636332280457736488 0.555574733535980858079028621432
0.830964365393947690385800797230 0.150346387559243510612105865221 0.323701337232214725325718518434
0.782082172524537599933580622746 0.484463367545002410174959095457 0.696088049225858762625307463168
0.026758473050934181852733573237 0.351656149095860015574288581774 0.596037822256034410806080359180
0.613292879386798772678446312057 0.005000420195158829413106804651 0.913090633332826140389215652249
0.940943347900432880415166891908 0.614270534753610375489074613142 0.224326579949948562431316645416
0.169637106737885234863938421768 0.652912369683521065510944936250 0.035494564184525130567937623027
0.376344146569069171182064792447 0.330548927413775228689729601683 0.701959130149182986002642792300
0.893977243280528965918563244486 0.380927940145332655230703267080 0.935167376467421540553459635703
0.917199376484940431808468019881 0.722878339139748526953610507917 0.643210059212823592744712186686
0.957210398445127896849271564861 0.812674606806104482537023159239 0.026807244660931626306643593693
0.975049031292219092748041475716 0.639762334646321706443927723740 0.530485574105835966385313895444
0.623211227902506825770956311317 0.508904640585353451598393803579 0.970007552536878869808845138323
0.140069302166923259633790621592 0.241110291678627131073398004446 0.667271472903414708532920940343
0.859430354338742152897623327590 0.688833568613254509926946411724 0.488856648841261121063439532008
0.305431753972668307284266120405 0.584046789009292632854908333684 0.174965515085220707502955406198
0.420130925436648039461573489461 0.038927342463364295044314644656 0.682347733943066803163901568041
0.922734143697018116547781119152 0.366855791036309497599177120719 0.614617982450352484669053865218
0.093243045404418176125282968769 0.809688958455245688661250369478 0.676418353085750045927682094771
0.607534961931299632986736014573 0.488745761192630856495355828883 0.428744348341961734050187260436
0.907968353519738147205941913853 0.808184571743354118744662173413 0.256602417067726962240925558945
0.893055914269278106054628096899 0.021576710336482830127069476589 0.499687120690301356251694642197
0.215907071925137611367873091694 0.433193714748497049615849618931 0.381371596037548887814239151339
0.844421266989709762285087890632 0.888667345962170451834083451104 0.470393318911198010656704582289
0.352613890352563852381706510641 0.300633131293022826113769951917 0.706785041264845759201307373587
0.999967564059377478358214830223 0.509880790256947213912042116135 0.995018373001398503951975271775
0.575046081176720513816746915836 0.761358279189662257024906466540 0.518643162278081049088029885752
0.977626117074258949024567755259 0.486054884972071055138087558589 0.767838974442302979461771883507
0.656076685144231008806059435301 0.662097963515784870836000663985 0.960952647350057476138829315460
0.708900012310624938471903533355 0.524287823686290455071912219864 0.989415207542495234172008622409
0.517400886447499819276174548577 0.857148739836557926885518554627 0.154074316698766367039752367418
0.449316923409267376943176941495 0.251495796877612975972482445286 0.268197248536662158358012675308
0.377108373510747441059720586054 0.954172747819218902698423789843 0.345922094670919055836577626906
0.859393552549320260958154449327 0.173827242277194649044957941442 0.893701328015771401247491212416
0.320331899597625369136011386217 0.661474388624787801305160428456 0.830726205134059814128022480872
0.298703678275865247560005855121 0.881202951983528492974073742516 0.437906784233111023851847676269
0.182138305506309300385581195769 0.712378004087968697000121665042 0.864026817748221320769630438008
0.149347835177421978114509215629 0.556942641402644933457111164898 0.454175462605900859269780767136
0.672486210570742537484534295800 0.837561123542028829191963268386 0.950314314818700323073130675766
0.726486435364725124941287504043 0.593597837706266062696158769540 0.100528295813820348070244392602
0.403253463074775442276376224982 0.335892103768406002917146224718 0.032384577929794017281395213104
0.629371657359450775715004056110 0.348725422851556166037312323169 0.978627485124162754814847176021
0.403908283925551947479704040234 0.869886845671788644374089471967 0.758315817728317909107715877326
0.730116153615601337634188894299 0.761544070327105360185271365481 0.285950279803058982075469884876
0.345621195603066255763735625806 0.556436369729410573725658650801 0.318583252685026963035852531902
0.300471066077010962036553110011 0.095961298249566964746470887349 0.079647841927609971945933864390
0.123958563199877580540686494714 0.883945655137900021536268013733 0.923088827871379913325711186189
0.472622884015815036828911388511 0.416908424210175931889921230322 0.718289988422748826302211000439
0.271290828900172475979246655697 0.560495309094585114628728206299 0.754030648740751763270395713334
0.921619152476369718485216253612 0.790501242605491816206608746143 0.981843178433811858418778228952
0.771530632413206962638696495560 0.359465103090842008626282222394 0.764528603605674317300611164683
0.631948854954397454264380940003 0.646720653186347527174859806109 0.835993976174439268334026564844
0.404646272179553678771668501213 0.940430862061829797582390710886 0.804110527654376183726014915010
0.584763931189486663164700530615 0.038111214028456803781796935482 0.376554046185019419823447606177
0.739656041617403836596622568322 0.533426151608733301046072483587 0.179544050578222647018833413313
0.074782109702113325200301119366 0.479542855374433807380540883969 0.251151937202167663265583996690
0.671275080644825550280074821785 0.220541773948781494318893692252 0.505002136253639877239152156108
0.920657124765672074673261704447 0.551493152241729567286654400959 0.892089454961065841942513543472
0.354365207255729952606770893908 0.511591476342111772801501956565 0.746875735096397375123444817291
0.528507516854313741383464275714 0.231671949908178326227314869357 0.816443539268996154589785874123
0.086269414834895349897259109184 0.275609314534361049542354749065 0.939845251715759166799557533523
0.858169433778284584946050017606 0.616806063271358784305675726500 0.221199158095261833034683718324
0.042438994859328456332736578815 0.328049636941516675747720910294 0.543656197271429331152603481314
0.732322411560419550546896516607 0.154420745020074717812619269353 0.757716686751224499651868882211
0.897074447719767631426179832488 0.227699203853616527482017772854 0.215404689267106153049979866410
0.019271690354913530163205592771 0.648618542436347422786013794394 0.336664911621472884295513949837
0.853394783395943656856275083555 0.514450839527164083264665350725 0.322523858861646250950627745624
0.755926370884009823924998272560 0.341835990882044082894708481035 0.293354204940796448042306110437
0.882916304996223644252495432738 0.148705690126256895311485095590 0.859350424460871842313736124197
0.904387069443127189494191497943 0.234883815211479884954570707123 0.680000117345094801102334258758
0.229846429212621022886153809850 0.727084470756803269431145508861 0.592104871875206550946302286320
0.525814352018108999153866989218 0.029565697342691214105636632326 0.549343471274810091209417350910
0.848197501125512287600827221468 0.193895275636627895110564168135 0.468540885081771218967361392060
0.979255107598371421495642152877 0.549813952481217005363589578337 0.009272984154285072305734516362
0.311412723396952639820511876678 0.332937315486151019783278570685 0.256618629669188857977957241019
0.581557147147809927467676516244 0.068866732041633946237446650684 0.786973816019973515523133755778
0.426211609039394867526340249242 0.618305422378601310384738098946 0.017488253377178533676250538065
0.186922653310207576016210850867 0.663081860044266502285381648107 0.818628357195902656151531573414
0.495139334597959446249149095820 0.870232575237728456230001938820 0.746007831116707431640122649696
0.874495233640196101276842455263 0.497917447506057153638892032177 0.882566353931710234625995781244
0.433698449803142371816733202650 0.229695468896119026069868596096 0.179841549152597424132693504362
0.799269947260712210201916150254 0.102888580064356319199170286538 0.098449915092600870369921040037
0.304399287284056629943052030285 0.790776307774855524712620535865 0.510752108234062807134989725455
0.963613705077601578885548860853 0.643662689518392783227795916901 0.942236303932301844099583831849
0.831657302925926655845501045405 0.928141630628348202058930382918 0.347393657738786332256353261982
0.197173837708141064251066154611 0.218495983807314581026659539020 0.936925295745910657885247019294
0.180737678342747426496472940016 0.818937265545422232726480160636 0.436774551188984838656637066379
0.031904019401409453027262941305 0.791630082994388639683336350572 0.169573194919347275400056673789
0.035106085849111991203930216443 0.736796417581620621817251048924 0.182960747784424976325468037430
0.792378147864855053583710287057 0.647983491234774167111254428164 0.390265645063423038951810895014
0.282135170651100275485134716291 0.995179810337132209063781829173 0.175874031378020434512876590816
0.463870996147368541695499288835 0.111787834587344481196424794689 0.643060623083496429863714638486
0.953638356677106280301359220175 0.815738718636730086863906308281 0.636960947120844167557152104564
0.078376828529298919745471607712 0.195289090671405984878106210090 0.590068280648535226085016347497
0.149757806523761471950706436473 0.104022094201173975758223377852 0.031762468623671380463235891511
0.432626715305686471157997630144 0.075403070749295406094425686661 0.914196952496417969413755599817
0.042128747670782347445328497315 0.828060106771488779742185215582 0.876802580067140291397720375244
0.155799928379148883150762117111 0.902084473031119937758148807916 0.055724762864879019697017525914
0.619319170277422226256192061555 0.681669827940031503032969339984 0.245676980968328600996031241266
0.478321102410451948205860617236 0.038909603831847425214895963563 0.058565160046372785607182720469
0.205706295375046394058315968323 0.301398285332286242077515225901 0.651883388591475210205317125656
0.141494518475285546710296102901 0.251108855047573131802352008890 0.127422071976756368094640947675
0.059102329468171559134770376431 0.873719948206342467145191221789 0.262999474052286241754217144262
0.586968372309817243426266486495 0.236830445608026213255570269212 0.445033770924214089337311861527
0.043130815053784007928605603865 0.521988101367275914022059168929 0.607301223555363201001000561519
0.124392800517000301496750580554 0.752942717508324865782753931853 0.831212077154372286358352539537
0.862247044962101916176777649525 0.284950831121446090943294393583 0.662265183291192105485833963030
0.348695598454304422908478500176 0.828406700547679730739503156656 0.047391940336248793153028913139
0.298745495877558830954967561411 0.170048326158793922102674400776 0.104865970709552017159360559617
0.230955752664883523506134110903 0.135860576747384748097502438213 0.126718095685367376779240089490
0.545399811605582818252457855124 0.293102759976246241002684200794 0.683213752290534714894931767049
0.031360857193088127747859772398 0.359576301521122965176857633196 0.098891632969332995961586618705
0.085787856403646348124603093765 0.859502433918853503413970429392 0.064657030866888232090161636734
0.192011323371617359523355617057 0.653439871177484254971545851731 0.578150564079687234730897671398
0.097238824107622648384996466575 0.324283688605840170193772564744 0.273843670622451795804153107383
0.826534700633568597538669564528 0.501911312519292218681243866740 0.524289970108285818817250856227
0.844224796851653191964715006179 0.808736807999397178114975304197 0.269730182999185164050004459568
0.404007444101187496166005530540 0.523722766810426176853354718332 0.797841485200127653598656252143
0.532958721871364948796667704300 0.428542330649627656313782608777 0.341351715415100787076596589031
0.344163909429303804810018618809 0.826498844468220861259055709525 0.353790098742456260438871140650
0.885911454769540140929962035443 0.173511452578980790439899806188 0.663994595765900696981987039180
0.087752280762204856734420843623 0.629261043415953347235358705802 0.321538267479392458891851447333
0.961484412052696968409293276636 0.916517838974139853469580430101 0.724191218210376130848260345374
0.735554919288475161920359823853 0.849061290993273098948179722356 0.356187820277414080027966747366
0.451966980573746068827745148155 0.933902576521317473456917923613 0.782580935480760464528771080950
0.409872612844571326817799672426 0.464430734351891638667098050064 0.430495781773441665851720472347
0.649845142017363097686200035241 0.303764538272664696982872101216 0.996398575187609103487318407133
0.561314171836749364885577051609 0.054548465880086209611743441883 0.773783426585620603965764985332
0.165781919301425079149581165439 0.770719245327438073900339077227 0.947453411342866536060114412976
0.684956464832998546121700655931 0.835154351938399042154514972935 0.292727430939512089924647852968
0.411617467791432323220846001277 0.247824903013036113019751383035 0.055053844494842595069794555229
0.269659285720835639743597766937 0.025929302097463306081559508698 0.553373778713912023441423571057
0.809194189988130641033592382882 0.238335877166495152534864132576 0.285192226192836573162026070349
0.920956981081853975901196918130 0.911547452209133468592483495740 0.331545656127775978383454003051
0.570719814121243063098631864705 0.904323000717832337080892557424 0.992160019647062907388601615821
0.047281131862514633179550571640 0.503926252871237045916075203422 0.264206034633643838116512370107
0.888516313809214919317014391709 0.921967390122213736880496526283 0.349797306511623384839282380199
0.929195895881008704364489858563 0.611199022388331902888580771105 0.412466501715935240923727178597
0.480489517849082004019578562293 0.663939018760088539572450372361 0.971887187414577247146496574715
0.766958272146624153720040339977 0.567118901024777466446380458365 0.945784973543158380415718511358
0.046571528083199607850328760605 0.734414651413182961725567565736 0.681397890572219777638451887469
0.922822310327374717431325734651 0.473938528524707691769179973562 0.940412174654343124835520484339
0.138796147815489739896221976778 0.606058496759422471455991399125 0.610454737459691587631027687166
0.860509399000200181362174589594 0.169237503162025321179484649292 0.187801627458683506599612655918
0.461739256464525515966101920640 0.182684358345282321645086653916 0.365453821656267496820191809093
0.680757105903727288698235042830 0.786755103336662875435081332398 0.853239558538049780445078340563
0.530828044535310961116181260877 0.118171702213377485812806355625 0.845183691661451352850065177336
0.043315094703274784060376134676 0.842891191145449414356960460282 0.796757984652450512719212838419
0.004733192800751807524650693892 0.948262067804580444096984592761 0.354499663317580759880343066470
0.923676490600800703667516700079 0.768529437658351244344601127523 0.846408892768715004351065545052
0.887849294201737970766430407821 0.216353922544837151686891729696 0.713559611143852801085074588627
0.018621562278134030921084018928 0.520465251973489362313785022707 0.678141314408212791953189935157
0.804882651487291878034113778995 0.020943724482334547670747681991 0.535184999693856688907089846907
0.055496738236835839452876228961 0.149198610977053475190601261602 0.392017150008050929699265907402
0.409166696242608707301258164080 0.691127785480211032087538569613 0.990166349261518918822844170791
0.822250381096772842148823201569 0.913821094778420106585770099628 0.444086593104722093805492022511
0.270223186231549838964838272659 0.490670157722101540898052007833 0.926230179347740878448291823588
0.556949099339007935860479392431 0.620382117541058430987277461099 0.616566000838558392338484281936
0.399368983304267455292091426600 0.999793497596184077558234548633 0.779558717629142639005124237883
0.709639409071938676021318315179 0.653777905805271508654641365865 0.058715561709723314287590056892
0.387363127908679383271106644315 0.892863990409788144120284414385 0.798380719128709337439886439824
0.484882645926181021778234025987 0.619226928320282921092143624264 0.403519791802807059610813666950
0.932120750313048640478541528864 0.619785731392278993467925829464 0.348537222496067666810404261923
0.586455839184132687869066558051 0.378345736587380243598488505086 0.975922530781191732707213759568
0.997717568611321770077893233974 0.118832618985400650934991517715 0.810222893367070873260615826439
0.500232079389566375304809753288 0.890511707816631692402609132841 0.529865065791722100740912537731
0.429691657640456137201567798911 0.924426577581353270396391508257 0.227627647664618598666308457723
0.392894779576903552253952511819 0.784115992272074291413730406930 0.302555675340306862164396761727
0.235237467926471488510742346989 0.019685210631850188350844277352 0.596080473294055224187104613520
0.893399857742972702823180952691 0.046858045336764485300218296970 0.717682162863399364383099054976
0.780636457135119643524490129494 0.623277986794968041905917743861 0.464305602382067861277903375594
0.118156281953865238687484406910 0.551608500246350108575654758170 0.692798801645677531091394030227
0.467220975430890361757008122368 0.574755415428857774351456555451 0.506466460674601104408054652595
0.915029085245814166604816364270 0.434485430439188247131454545524 0.599974870370151958098858813173
0.589677692347896131863649316074 0.864560654086708679777473207650 0.884209376264056268190927312389
0.351948354964878251660564956182 0.981479649301291057206242385291 0.856425109113226223911397028132
0.462000806413216003054600378164 0.174546902344140553164919538176 0.595190199837104860769443348545
0.959954164479161375922444676689 0.977319798816719820244713901047 0.786819190857491967960868350929
0.596397091386108524346809645067 0.789981468481215864940736537392 0.390950237317096493949719615557
0.659476267111607450388532924990 0.973085752567725559281086589181 0.472371594561831309455612881720
0.775906759664365841544508839434 0.760661948625898753917340400221 0.079313290158383120687091150103
0.948210760908935856861035063048 0.980738239965684210908136719809 0.901063058967380148267523054528
0.984655091580360686265294134500 0.230883972735990566915731392328 0.751054418695344838674543552770
0.025419205140285550809098324976 0.988351821980766209740920658078 0.594141835978750032509765333089
0.634182570450632088210340953083 0.047294626350397356295829354167 0.148944918933128639393359549103
0.892534106954455785931656919274 0.324845836930142906062712881976 0.261766556342308998051038315680
0.846179176019704493150186408457 0.794697711040377119395827776316 0.395198965114111344654190816073
0.134782946414287563285938631452 0.733753570492650664114364644774 0.186126511341650924258317445492
0.011780259535409754248491687179 0.640039579008336634302622769610 0.632286639317675036586763326341
0.515722862384414892922279705090 0.631127537656357762152481427620 0.080183987266093117995957584299
0.974462972466807131333155211905 0.483543450962311827101558492359 0.947269273698198022159999709402
0.493776642099355733694920900234 0.512280974492412055631973544223 0.523231937102390465277323983173
0.155205275665896286207967591508 0.819788359726692061890673812741 0.098304506605567623656050102454
0.210958929234582148737331408483 0.924697378176543960393019006005 0.038199205632988432468355455285
0.482788032154337576340452642398 0.849265846780165922780270193471 0.013250829741540603654015306745
0.871204013919713915470310894307 0.020490838667316987192767996362 0.592988803122562191383337903972
0.222054020124297452065675884114 0.523275647939290933230438440660 0.471931813303863856301489931866
0.170520875366203888967575608149 0.259611403435298038200329528991 0.917976587520241582573987670912
0.498126315809207242946143878726 0.743980125137225778431115941203 0.807293833606057664731281420245
0.595933518633031344968742359924 0.598757850989390161267067469453 0.771838413407122225784462443698
0.154099114756496624600856648613 0.147816154600208360392343820422 0.443235566275438919170426288474
0.376280754104038828167233532440 0.090199592432475467207453334595 0.001234820615189068711975428627
0.711736599848673878732085995580 0.477766740117157917566714786517 0.479964635332089439856417811825
0.932375953897701892358895747748 0.469737970992938180803122349971 0.970176013956977278951399057405
0.702391918680527305163252549391 0.398710546634664986243024031864 0.746427627150183958804063877324
0.225772377631811210774159803805 0.855556572679298188432994720642 0.612801321117801389704027315020
0.389575071682208617929177307815 0.779486533843015805267384621402 0.936784858904388451072975385614
0.986803454973108951087112927780 0.576722246998807919204921290657 0.284343842403170676824686324835
0.776030700079831103899152822123 0.881837977996061228580515489739 0.099029526744663962101178356079
0.887958757773568585491830162937 0.853644942449742094581210949400 0.170475195521452044244981038901
0.295502726297265705390771017846 0.553340386105406256689320798614 0.685777488524971556849152420909
0.317550665599410253392420599994 0.142039023224346111495819400261 0.689366687953919865528007449029
0.060772886137233736447704757211 0.792311743024213477326611609897 0.163703469468780143936115223369
0.934222528645275107628265232051 0.439584330892654917555262272799 0.778822563044503923812555967743
0.304873785280472320291522692060 0.662723172557192152787308714323 0.734608857710675300367597628792
0.594763451953019273155121027230 0.493515482956451811968889842319 0.283226276383829966842853309572
0.697471258010982531061472400324 0.764006125707732075547085059952 0.654259664507388372101104323519
0.748863499296555823470100676786 0.994173291655909174835414887639 0.020153797286001820521228466987
0.827140649510308523240098566021 0.063942097920246840359048690061 0.132818444668170970723863888452
0.296806200983932899628570112327 0.633649129932293941891430222313 0.298247198090355936095363631466
0.584787032300591369526898688491 0.507953253258130565939154621447 0.475845619602151048699312241297
0.955487680442455689089342740772 0.951569960356567823289708485390 0.724794405938080199547357551637
0.044451311739442903037122789556 0.078289027920183509867690929696 0.719704960775205404566179367976
0.698765419190133463267500246729 0.550139148792026078105266151397 0.032890087148364811897582882239
0.007857438474189890054155682719 0.690443070869179109649849124253 0.836833061644257969469151703379
0.382491582814362518494277765058 0.038615780743079884673729651468 0.107682577964054670971449922945
0.117467508368661877060645792881 0.347390266519539137046734822434 0.094888847179472657344945218938
0.828832679812056660750840819674 0.395052426684798729805692119044 0.062122389971924298068817194007
0.177715295049100968638455810833 0.901467440080205739683094634529 0.757633111723515773050507959852
0.829358540992765957966526002565 0.615461584571595943238264680986 0.122279567415045142819707280069
0.255356360116388181324964534724 0.126662624028532927455970025221 0.963222821106934024015799877816
0.338027330286100435863261282066 0.453982207056324527094659515569 0.292914768447619378033408565898
0.937614588730215303691295503086 0.635256447668072543599748769338 0.373315981679559261152689941810
0.955471096861719382253852472786 0.067482785474398718217337034275 0.625710629404677809439760949317
0.682078002653752513140261726221 0.498862661304245336157947576794 0.082674659561027971643731859785
0.355227410594235737395507612746 0.155127249486482210460991382206 0.388024835582479243889508779830
0.549663941872516992326325180329 0.192224591171064773664767244554 0.368719549898259002507217019229
0.432828314412214310014093143764 0.882183573921766495118390594143 0.776274488179073407501107340067
0.646398411810763851015337877470 0.634275522854390372273769571621 0.922882715501658346113345032791
0.094511313029769644655786464682 0.492506847333213038098165270640 0.422602603478456573249388839031
0.699257333971463168609261629172 0.555945695424095998049551781151 0.312509090154860891264121391941
0.534997557634045217689333640010 0.118331604030426071338943927458 0.582338349200464899801943374769
0.132989232734429946303222891402 0.359708990071071876837294212237 0.091591244808223643003586289524
0.863206753769124368602660979377 0.748509854228635251871537548141 0.811373953325547070392076420831
0.672657284988412484949549252633 0.613232752215504550719060716801 0.161537877181146843907910692906
0.142607962431172324846428978162 0.950667178494143838562990822538 0.120030859492307725999715728449
0.206678166117075623464671707552 0.486118231057340532963451096293 0.515763824906362855493568986276
0.898931747670280945072818212793 0.149187996354233659568322423183 0.086094763897739776115081156149
0.248080607164090666261202500209 0.278883351493593167891305029116 0.098887408732557163792975529759
0.203165094068286755657481990056 0.371722041994514418306039260642 0.619975989858285503331103427627
0.204787401357682669056359259230 0.798272879410430902247242102021 0.842600717262267262519515043095
0.523867414317403468082545714424 0.639241922548875129983514398191 0.615232119419330314435967466125
0.163913357531536824085449666200 0.907893400368212200035600289993 0.229487354954544447993569633582
0.810121219268759573672866736160 0.584361032417927916959854428569 0.480182809531983778583708044607
0.520142423919203178428460887517 0.274869020765586447030415229165 0.795505814879622352719934497145
0.914082321590291568824682144623 0.470693980925192989595018389082 0.198685329917672653943228056050
0.355156759635953445108924597662 0.854782034313758543042638393672 0.604199398168184242940981221182
0.130724936620414067256490397995 0.506460426746896064109648705198 0.249352400063188400780589404349
0.550896301027846591047421043186 0.181017405887448856738330960070 0.162526724973917430228098623957
0.252880257020634602316278005674 0.725712702894347305715427864925 0.885991565673537317948671443446
0.647926206112687919080883602874 0.330766162419868281485690886257 0.171230940503497935933907569961
0.439936397572214588080896646716 0.760219660029338051288050337462 0.523059441215100395794479481992
0.242937562982993487947780408831 0.219052766363536738358774869084 0.210645536172333863733641123872
0.386622359251349578812551044393 0.888548438297474540981113477756 0.814833375576033080989191148547
0.715680056698573818785291678068 0.993063543715569374548124415014 0.343718287306738534692129860559
0.095407183668076808724656245886 0.547309250482935105708293122007 0.868757813491302655073411642661
0.970529220065201148059941260726 0.037501942496186171926986219205 0.238378184257571401616360162734
0.209948836372141345307795745612 0.766420763617404965373225422809 0.831225009584590335265374960727
0.260921182615941993354624628410 0.835102329348651140072945509019 0.458117913912696461675722048312
0.022124066966406431833380707985 0.903100667733426121230877470225 0.125915724591873640081374219335
0.532813019768041740142905382527 0.100754336433112434701087067879 0.277293861467071189874644687734
0.767362050580256971343828809040 0.112257014966786625165262591963 0.864986546206820139381932222022
0.861318067315795299343506030709 0.488649852823716646099683202920 0.012107513039376462463114769719
0.568583746983724269696836017829 0.842936505598890994939154097665 0.436822102217225449738435827385
0.161100953053432832673408370283 0.778456657655029693465564832877 0.927539402203719443029683588975
0.244338162604734121519101108788 0.497769275808013611506197548806 0.593956748608334028638466861594
0.170344847719031189381411195427 0.285492218473413550405837213475 0.287148600074748516775002826762
0.731336477815687335812810943025 0.594385843163893978768896886322 0.389198442124971899502838823537
0.914047950002016218462586039095 0.920699720165419677186946501024 0.125689085195581057297076199575
0.830247522127965265070770328748 0.050148123096180600988258646566 0.489029504718862861878392322978
0.630625277891506019756207024329 0.162879843925602424414833535593 0.793016869396536816516629642138
0.129375858935645404734771091171 0.084670187148398329268772499745 0.781940592046648119683993627405
0.024344131311923217914072736789 0.663359994405367081604651957605 0.935300441972588769701246746990
0.766170774305173551965708611533 0.095709031809448896765957215393 0.623360493487145950197714228125
0.215773540346056558192344709823 0.682561311166739903555367163790 0.186938729423830440889986448383
0.424463959189584350006896329432 0.979131420906467764275760146120 0.458536646194308172841402893027
0.325782922169452149319113232195 0.085611377149909601014243776262 0.778245238288286178551800276182