0.006414842777807262640805088197 0.284527190993309740319400816156 0.394000814556361934150774950635
0.658714229208622040031748243680 0.763929378968316136352162476443 0.323445422618441701183700929552
0.834591678231533072593097644858 0.136887861147044926446770489093 0.823079095748567422610726165044
0.328824253277594890400689064099 0.424319756027788771296187374879 0.251234216018106460892197554708
0.629632102930514218500682514857 0.647341340563340303884526954522 0.091876711879699466693284209466
0.334905310103316195224712284565 0.739934036013342979433183517983 0.766403403067792379806291191287
0.696793119155334917571389202394 0.172921254496565784881336599694 0.240042907283764585215754081214
0.895717534585973950106423515890 0.539161796140561411308927303999 0.692871633318914147598461012948
0.126223612539576624085932350969 0.709257643986547268350279935499 0.899862775014454404518949531464
0.379383799150029396758747374599 0.448801390587160817869945712294 0.936694843753543932929633548363
0.831373568996283619495423740792 0.142459509667746612510877695866 0.181183021380372462491935825588
0.075055414692563335512725423459 0.552422508642668198987372456664 0.642874853281951830887130652334
0.681339326274561919461208553211 0.711908925271232288600839300306 0.476140741848301066479166142650
0.879536843179154149831377312164 0.850805371481329265616016731759 0.486131176149386399650385011892
0.253646792161445180836092944676 0.755583941419827027705598907067 0.437324233209881756173101729650
0.335739893736390637246261046868 0.266504473308434350080019105351 0.206541113604444072980045890533
0.023132819681688981568658956058 0.468601460339846416813003255824 0.017561397366712083736284600411
0.728073735723008961282516391028 0.350759591033084043651394633828 0.526727596679579445035117094015
0.437788460417488945644009229899 0.623320807290499475063396577661 0.609146819676112254482942995376
0.461421220992793600551839314929 0.835612923712156477118452274754 0.245777851185375268437606856190
0.302755746210194555810173166259 0.237331856067448808754832271050 0.880800975104724087966800871521
0.432629823780795500947603914008 0.293152183930609269157361752433 0.404967061967345194359507859943
0.589323370800532459107945561863 0.926853015154179702476779727479 0.256067277177349108071252523918
0.267951457243165160786522377538 0.855450224188894609320289018345 0.553559817311238902909986675324
0.682787689011679453067641944236 0.033818241013122116170404140917 0.197341500959912176894215071597
0.568692896043808390885471537410 0.593427820172481130172133631120 0.163996978139057832641126654827
0.527423963829366292036944553284 0.842893128976803020428522544896 0.830355546861852782803885085293
0.954299618142726320763468125388 0.327879460861477096214811013776 0.470001512769263700215198785101
0.792749322976831844414865953738 0.851390819909325465669037940295 0.236674950081340510029163450607
0.248025417621829458917452970456 0.692005175843525817805550770377 0.038319892585201619898401398140
0.805306986997687026522605868691 0.111342818958506226061622207985 0.243121600995057636482979376217
0.238246923496978089092363650456 0.940951590954983660293640474898 0.891887366281870567081387883610
0.194467970804039117508354163962 0.049154190497292063759062224636 0.683132072742282372716601608332
0.929376584458101768145560680203 0.246853905790626748183882056652 0.473920701579234912455364265271
0.597137255041921385573123514660 0.992145546822289153196015365980 0.046170603643637608296849027407
0.140846995865223718288592770790 0.353817566064576561770157137203 0.873523151951344731295862830124
0.942373606676938558480217702115 0.029103421457051667688767803849 0.678342580080669123843515035002
0.821229149672187012270041280465 0.371500100890532513601490694626 0.758754337356544104674818226931
0.504500913773489730777271076269 0.819124219739894289611506539414 0.610183446436808161405760593051
0.960615750324261034771235774665 0.016388685643277658617529196498 0.689753482909598850784906108978
0.895775515930760115527139773758 0.047383405874911785715194398281 0.138264210995755603309028336722
0.386526205265803558834258228897 0.830083703923989401699891200632 0.621306099127207026170186192896
0.741774561953098028650378385785 0.601619069297005355319383834367 0.537187479732278630028386829888
0.984874675838903624345822392399 0.633201977476802373663675153790 0.056036639313011529816732971161
0.772461100257042812246320682952 0.249983507160784909673657033831 0.637852369290899391551809782795
0.652299966499638820512020939390 0.170750041050407339250692804008 0.970817305505232031854508958194
0.908779250760261889383289222536 0.853071972801398748621483116984 0.961250674891431198697281040816
0.521664282538016590029593445352 0.642609363840641859707447747676 0.796289558241416527914869508293
0.793590590406783382955827198953 0.515126964667609066601587079048 0.198356162890062827219195516192
0.645298274292487012277215042256 0.985253450651537732090687833414 0.087215781516315432112095295915
0.255193804028887220221210774779 0.327938004668022687142309286251 0.612103583711646111996822524967
0.783588365767021898648297974320 0.655522774241403504231723013065 0.426341608404343321476552351907
0.382095821449260747760201163372 0.085521153568443447113251365041 0.640633162139156374195180334645
0.765416997485327281777492530236 0.266331691751200510470448908933 0.472267086506666519658164956192
0.137717559803929670058711755983 0.893315703337440587932780500969 0.708861846622849449810709492478
0.305897121809765605660368453800 0.172406764008725846118829222440 0.005583398834454102137974942801
0.332629131188779948740588438011 0.903680468051904930929473988589 0.815495542228461621664309964530
0.945054458602696159321240974816 0.599063637323564841526572961705 0.607829451034911524047774399432
0.508206949519403350085017053602 0.031938035153614449490162572405 0.806590958924071690685916860537
0.104933393314094731016276022285 0.729314932824448578646902122613 0.575726032836561192013730489231
0.252537320517771450151476906889 0.151209683641194482763848924581 0.121322440587874137870112879773
0.820899554343016095062516233727 0.580996437521864772756042202024 0.879747308782541291839689574648
0.184878786908252769388925856583 0.299588021243519299752498877351 0.833643485576605296779849916464
0.494351801145577096392274035389 0.200505952539471610915080690164 0.026778756166600946180814849125
0.622882539670912001523624807911 0.281013831329085424030865432632 0.680821304503087036910591633905
0.236547041306345848423943966119 0.257489206825459736814627733060 0.888770280215416989949224939709
0.051775757051463351652256523271 0.744179789953966049648625844825 0.264808190152128604717879580605
0.294044409427632473616957037125 0.035202171933522407898339225829 0.809193145834249909922627261231
0.945813663999787664008072497838 0.625294930206061386055482747542 0.848778019878514489307654389915
0.206337714796606145293136771935 0.841517081539938207594452717735 0.652438419983216285498118083852
0.528717719473406594351578473766 0.738046079896153767100562209824 0.752322709312289932648623026182
0.605574219082393814876355111892 0.255512579265999404191481964544 0.519708491137984985916063667661
0.728897355521943864762344007262 0.607251984039884748196892429114 0.922755062348270601626041343592
0.163439772581927623608017732067 0.822808088785129328183461124153 0.756022458133564257937919473622
0.400417483943185405742422779418 0.136937985824801251148313263933 0.726897649063567480510923761130
0.181298376345203109703452164977 0.430376154180149977733161120762 0.748256171781851623538318227632
0.915596666629242194190277057177 0.298297106409101478610029331393 0.625708046610083955934524377608
0.495378455216748193091948517951 0.474785474550512799496858851769 0.363109716846476035751131139442
0.859407974611375466440493879760 0.319282191435539669402286149491 0.913973988413284237641734148928
0.322929569689439851196208541297 0.951881719413423359338429086946 0.658748569744045064923817204522
0.606382610919921572993772507822 0.532692129647047852132618668617 0.396455847310188187599526629598
0.045902728080112340211261068919 0.033824596882042537632102553927 0.894599968488605117250640379215
0.894021727554726022194914388905 0.607642405672712726401874593711 0.766796175819624826017662181493
0.905250760211972745460409827187 0.032382119225439447745898256865 0.256211877843243387430882754837
0.628697459539739506681099548706 0.903295797778134345796663310374 0.683308171872525269127030391801
0.545124548256476507376708630505 0.589995668276514112421774955311 0.072488174488319232945874687296
0.186602850681713327820438736229 0.342863019059605489173462761011 0.606976455385585952498894728818
0.230723427915098020474854482745 0.084850407148025000771223954588 0.560279965066922098024543711969
0.493212025133291759306253998879 0.080763680862651817200334137205 0.056156943012668979265847561513
0.284252627346446464674978082989 0.708685085539968690401411817179 0.500819010374109154143285136513
0.023684243289494355213995242634 0.632197022720357296231915631505 0.296234045714313219867351284960
0.304196245245858781933871669871 0.291776311713597507592104140448 0.877056497477675729088335299081
0.479065623094857533002046703506 0.777598711925305316520334908699 0.117606756741649942470801344074
0.944814451399259610646172662363 0.887174842186995070061242693778 0.511993925560741183974353493314
0.592332969630533229446213218365 0.561499606360150260765082239366 0.979315447447598284834587603074
0.558097498849110157727783959935 0.470669392679612042407492239670 0.396853533154110281785922375117
0.235360669164391232787350470233 0.027346457385513604732100105905 0.101231066958472064865237674364
0.214201605423515888263936087156 0.497148969247751769870826909351 0.112602720455903206836190461418
0.342497428798707233900525232853 0.338975142791523501435493621194 0.747913587339947519500474921795
0.373254737794226792465903718786 0.905442783707995343823415870879 0.729688478107250558074106406180
0.558184861995078648021088835705 0.724798659382796552586156474002 0.187855675161483089835643234570
0.279621862741165759490432932640 0.640106947103333002804286036523 0.189881150089462771879510011509
0.185523893883166135932245633882 0.398615727078564213000306800961 0.554314953703922649118378248164
0.197726959010196681587491685464 0.454048463439297841169106604994 0.535542087987166228453187050178
0.936854289058976262770820674249 0.138535333070809610506985478128 0.352799907808927981502711786205
0.031137968992658121044917180825 0.991890860709150551949136888884 0.801109293651099233822446239061
0.040421959994257631577093744683 0.954361220826283234707018182826 0.310125558576423880625778263894
0.528031783942137805597741580617 0.042449795995696471561432470785 0.876412922147758802611320688632
0.704024401466214089764132768300 0.161027652111723043919262767669 0.193498373120898683142531982837
0.228250786726562124129613605631 0.100529700078818261492656199973 0.771772243102391759076781262775
0.021294974176036636401870475419 0.008302297753741175418669287670 0.123641422712068805803292168597
0.593146729879690054352760220283 0.998614441798662369991693531008 0.850141884528380026457370573123
0.505554817177376410110561030659 0.386589872016935571600937239635 0.218111502486067851288246976895
0.293327727482853614217418993414 0.855889326672181797547828477012 0.072474482717571561855452275063
0.158512228278917393127182320049 0.054233305132374879148976440663 0.853747960964787341356484716583
0.210511902866847056484458445300 0.996667132793799212034028187410 0.257856017028469161184083270004
0.663684416332558386884470961308 0.640512722573012516412717524183 0.571318066189673058009338577949
0.943077245516545215786343474902 0.786371958422718536658975050573 0.292401948058756058902420126385
0.480569894818772726085861743290 0.496300545910974672074225354440 0.816754089433108277408911293312
0.569200311164298815760165283980 0.454306710441865243226266703716 0.340428875605718699822104633620
0.412198613019907533474208490957 0.807531064490340883037177395153 0.189989364649918170647367997932
0.618142429143822970820313223938 0.521365358046181559908453632617 0.554068280758965859972466120586
0.563691845378577141232974326031 0.537992766923886560712330544210 0.356086859571029158123771626493
0.260164132939485665347195192344 0.459048478475985144665521453707 0.368802994489781014854850329461
0.859139438521117169749348554162 0.849138398059752927065588254821 0.884171693146651482404559296604
0.392913073868782655901001025381 0.343962612797153910746142263147 0.195276910630610448172705027805
0.621851124339863931794251512508 0.265897660460641537270924237353 0.921647260741852028599454132416
0.969700215116920475695151663356 0.077289932664600278048400125468 0.245033482746723129163299586312
0.728867730939825368075393215419 0.352760806963667409425885688301 0.712869566592991531081369494960
0.568699830987394505864395360591 0.819264094255509151815377297421 0.010337064427526943455974134150
0.960030618629212778727285195309 0.339729919377739650343291888159 0.577022942444429748384087964406
0.136009978168920450962869767826 0.853513493933461242667517624226 0.769803244792909274578545117197
0.273679254932695614180248635217 0.944447359182042562111570379462 0.176221953374679927162825294455
0.896528918404674099714517475110 0.118182104328122421789494422891 0.693114477458593289415765347037
0.782087343579077598530857141023 0.531889769067000302180639757419 0.591757691564978821967721017716
0.009247816694061020490677355293 0.321804840452191226308386049947 0.665639435095927730470361364999
0.982750266528662969395233733434 0.192953108616935182266803868050 0.252917273435748908505573394865
0.475679622473278989638073869324 0.064506745701882929819562126696 0.125723460092377552140647181504
0.472411813368055160412603504745 0.172978619290044844901436634095 0.048992619100464484667520323852
0.383951138421961040874151587769 0.994149047991855919216688319019 0.491695267768611571590781546040
0.274621819724922629901713909209 0.883317211801441483113203810731 0.163224305912291568154404635849
0.240216225940621346282386019408 0.705482189043420845292624488969 0.280862457906591764124853100170
0.979807747526871549049427768357 0.156989858707330203207716424474 0.464352258907295769197098845105
0.181945669912748182108721685179 0.765472921141643647667835681903 0.404958686725737617911313093419
0.412512682189716969344019474863 0.264665031279555106397798597224 0.307670566427788336466424124322
0.723452649056503610622933759704 0.103187282208061787395146859576 0.458835474496855499214053090811
0.058161316600251429488950821456 0.896394109750342181429200390747 0.491432567990583322918371667071
0.384784548944000487342471627253 0.655156192909437648013774410944 0.351466989356461028340548998300
0.605352894064184370656978879176 0.767774134886216732266257988618 0.380924436150809093427621890412
0.616869603524520452252893035197 0.172583687647668611917510723286 0.259530045603940137269822866964
0.784964723842045203824423293285 0.231475498602826429061366690412 0.800034336018974315569850079000
0.860032370647020787647430547117 0.273592699707769405999739995404 0.247187292509671055967937044343
0.600697102529022568258428952982 0.064873247168214641917883483952 0.957069043096222326184049255938
0.164374073144857250375877080426 0.623709403629482724544742955314 0.675645270329272040076092042674
0.598774601489648568530715367701 0.471364254920747525202912391267 0.305933886514520420119452144319
0.251256593491211002016112949027 0.719805675729291152210627431273 0.935327839292047670598793220547
0.914759090169601108067521851583 0.641401326188209360855308370525 0.717082567345080272207217065990
0.989795851528531552703884175529 0.369677965903185825831054811832 0.454128605243923007379219737186
0.587771388002099386490982629902 0.440091702758758711093344183747 0.714331647722152343345814628371
0.432310126850046830798932949897 0.836298669326212745687954279649 0.619616107214765912322385082008
0.651678242864579467406762464899 0.226491378971111215437581408556 0.163274744024892164764571666890
0.516504489198365041709023940823 0.474820768902548406038744392945 0.682729321679898583236914509331
0.892516422921154764615092470279 0.184031398373628632043375592114 0.866905241063405835723794052233
0.847867707524369952654049113218 0.522377618296655633033078823105 0.135408198214718828058012554177
0.517169730301093899875694361109 0.603435842971932368537011263289 0.793961153896934005538900378747
0.555951022062730516769782840898 0.919927476856415734434539641602 0.457608823100432369801979849815
0.121807069501833783065695162115 0.359275153266013041256322210078 0.953408629871759295898968793894
0.856197524320452345626967901699 0.994265413790181579792752973151 0.537201138569105729666212772833
0.389526870733181737055638586745 0.273140079786609430919327059759 0.907782048804811804127467077247
0.993969346501294297389658459332 0.568240737429952322461165748914 0.329312258013721059311545365696
0.634026389149203474331434443483 0.239028816627826353666523540483 0.496228235441708787846389188138
0.211628650389313574576109442163 0.444543962989469146824263650122 0.880273656101124553090273504132
0.498270428916692412837922165450 0.862511901122412680116453317480 0.461288528200058508019651256849
0.709029772933235353123658421838 0.408343106225685954076291883475 0.892665958023197473626905967321
0.990153525808460897885203008930 0.039209453050450737485967408683 0.567576205338505303534203738622
0.168046962123227101904958783352 0.215555890744525312306511266852 0.648113238287611003094352223768
0.871703486051976589946608146843 0.351357585555766481604398112416 0.208727249729630773106626940289
0.497859177887787565829236860846 0.221914703676969202063147958322 0.860357887807439167408782011306
0.159134731811930327225675151070 0.710768607632826324722843835641 0.985599059976938697255946334491
0.004259033774865686442907026159 0.233496331110644097578439775493 0.065561512843882073210827082580
0.108553124137921983812724373873 0.692243720692444612767737498570 0.583450885921431609798607262074
0.477116581706815382967390123476 0.147557671634394086300515362475 0.565401558506526353043895499879
0.249554756735549356842410505312 0.615695691563606081378109450574 0.324599767570274714956406966630
0.301101008847996020911839435381 0.715659659989880093674374808463 0.139934366819627707289617035507
0.985403890668127534797431845315 0.693106849465815407476508439856 0.090642659124173943785628990171
0.982828007064329298039532701635 0.357677962056648550428875973271 0.181558556133383353219607217565
0.777578820717992916467421295690 0.912692387488560803033567343941 0.902498346433541113976302748259
0.008246566925633473872676830252 0.387270453251084320890973082495 0.307826304412221758772131884097
0.061290368533307029288696274881 0.582910029205610747877524639904 0.649352985025689333449409520931
0.089399698370275711634027093667 0.213997205301729231776102636475 0.699336675194658209992367135322
0.484836244064156470867559627644 0.481217326410977894048419536069 0.329125545699539154657038979075
0.318198341055282602602187141467 0.899574740223126775620793769321 0.714244121253271326941256514943
0.849992330637956616663604620480 0.360246289731425248996345791187 0.632852135255091343196153756557
0.549095129576844541563507576480 0.380535606115173944931716500806 0.763585982482390911095078952622
0.631765119190851706412569348395 0.456942414199177088557762477825 0.984917316534766546095374543963
0.846375738911914041808186034777 0.715163204836986113755903147991 0.392653361969153134090948084936
0.170089254950302701728318497438 0.637234996004003287698326521409 0.346482519769414203259138666242
0.065152919932793079562628987803 0.829159580858901598115918164433 0.635874046894420823028762710778
0.541804965045749096337974746244 0.478650353165711686026180825300 0.780504363832012575848984701982
0.079445361153356072641019495407 0.029866141961787338639250714181 0.682561887902701854661610283235
0.609434449150943173373753937087 0.177229063173775368404509155734 0.382938949124126057042987751329
0.874885395603806869305795227748 0.300142883015236822400857522414 0.371373229931154606771770506083
0.567315863738934657291358709577 0.309324030012857007764038641154 0.232408495445729861899431196906
0.700569649626002048284237741714 0.837975716977301816516533578135 0.923553253414684070652879166263
0.259003695340373204198911226082 0.015991402026137432896843684957 0.010017893972629697323384142819
0.554429496072761026236656544939 0.128594986548354102131442459776 0.382058226685037343358748498606
0.456205956285174111635366084826 0.466479973810807647230393981525 0.023868327757335090347651629750
0.881338147498252371789223172625 0.574599495946399369154283979223 0.330397286045626928817620499263
0.822456695332438908298186513908 0.222234427796195998049572061327 0.903622981879737991463225353935
0.360414388897904565645638671544 0.361782621579285794187379982806 0.453612434459809962326416108142
0.228594757412541409965388196002 0.693233829161503312536095056669 0.450121204901393632371464288210
0.176280590503856893122741522204 0.277029222386461834921565255741 0.133688130399046110223057348470
0.433491225272710655412460007150 0.561453903849479353544261213001 0.608402201697395274458999436070
0.124051248376722908370601597912 0.149619967279685010576134245053 0.213708124245851823494337714785
0.147026960371308784927134809216 0.462572389568020265403948539830 0.847495363973554583423822536403
0.395845240776982496521675501626 0.020238179302283302269195097800 0.481479541451483198655664080941
0.093883623111685631527754752386 0.604106592099152161134877144489 0.223794112616659265474324376689
0.036659721581520168417026361647 0.010369170246233779140752963560 0.037248661309981869873620853059
0.409543034167445138128376683351 0.575905024678907564019493520707 0.490693009695255266553118734315
0.040516599559616404193557273378 0.313640881699600374259432862975 0.841654312298715685495707121688
0.701816696314781039058709927579 0.110049915440742168476980375258 0.731587411467678288346780562340
0.675896373101052512847650320578 0.790055269724103407532621032974 0.568762838818156315442428197402
0.145805153881303384857107608465 0.413676844912892477568986684062 0.656090244930150854489517272888
0.691436084171060320378046654647 0.412186577308383106935334871120 0.496792071840253720831103334403
0.515722585972706427902204852334 0.197787494183288549845524472171 0.723118517831615391175740183292
0.549237926460172330504932475569 0.131562003798976994035016947737 0.021262184278385454716153989826
0.794478792704784465861991562862 0.080630460458587924058435282512 0.336355217500637176360869029790
0.159438676646473315207124716887 0.985013752469597877623706444978 0.063414398881263654039357525368
0.369559303868839862426640173165 0.800250656713356796259966507021 0.400114160409995632505812845127
0.730306044221730918215403290891 0.508360302307857852025442474055 0.135769842378714832939223494073
0.548410793184036859352481800026 0.155212656825262159247671355004 0.312826157417094545417082408892
0.376952434117891855104899249930 0.256933928282036941960906556405 0.372547684148295835473665598901
0.400450878439210445616067759354 0.539725982257443897782338534888 0.493974376961994325227563816928
0.002456890499234388802083496318 0.663179020666822721403457085298 0.710338077305195990854939720462
0.918304320529940191027554953910 0.969964017742995222144893335536 0.016781793038255881871509227659
0.164438969428388780040493193015 0.725848587822919078853909049140 0.952355480358458418604010082668
0.946130559796518799940800149294 0.234578292109087863240855711919 0.557205086449302219400323108314
0.573001763042026974144767589971 0.446203391633221697973359874151 0.710507714723647758790050208983
0.289153143291136476419860797116 0.714321771397496256008655604778 0.177988240006122370151941584580
0.324283509608148759309364320975 0.528640972508708366359343965369 0.243797685318560107378905263389
0.437320666334729463113114853936 0.959358169346444131642462783952 0.089281600558404415495270870715
0.582684147113440969855432210453 0.256587270542789347466885404328 0.076731448062639348252790262260
0.868196795556461587813639541959 0.544002289664532847153237224392 0.183768963501917913494106896099
0.882982621343522605829752332365 0.290619078514838934668598118702 0.833776123768819764704707833242
0.323455986679540297891203237089 0.937626955299649011633436043375 0.591823857505274767118341930810
0.223583952378711490190477944593 0.481162920271503358350575062106 0.237445994344269699813059804131
0.767643142872684678293033499685 0.980028885968736548729828590245 0.228037923140883596863160944364
0.626717017175015615800354408787 0.764847171713478978302438249461 0.637035401411671010506582134738
0.781518628538778036956098192222 0.768007533228852706689179356006 0.185066152216869322203222669177
0.616134672643349049607892640349 0.698082720845565738741748065847 0.434068886261377726673699906898
0.994502939088611746694106094534 0.905952527284429730415999298000 0.701055066666782560494230751530
0.415963042250646092404019123488 0.442193548423100690554760312865 0.181376207389891238059912695433
0.815608472333611135387956817169 0.730262374088672029489703960410 0.074580026165478193671352430413
0.299658921982735426711383272027 0.070774617117502435401865845033 0.282399850832378051596887881718
0.019136227435225683309407843197 0.447526875898692510891236016198 0.183591617958273473826239568534
0.492014523628446289266332029130 0.169510708288442047422741243804 0.047615294134229298281314914783
0.597359223773566934109231818924 0.656026721631347080302171525415 0.256109206675216140714319026821
0.385392025941771848874495539771 0.120662674625178341695511120220 0.827880231299396627898725717960
0.614133598254781698491734804938 0.435426285138481206149749880757 0.716188267853205584505013276443
0.829032090244163055054994962893 0.026966342504148002172655590813 0.004818018528378323715816180135
0.373527285579327444930343685825 0.410857635214009411878806283078 0.859326045628850771522876664595
0.156958779199902326670532668651 0.067898017277717379027873283354 0.318850991398200326714961325407
0.619124139352863205076007767286 0.394938959455605509865876336253 0.344447502183294741219675401914
0.019016464039418329223067604788 0.130349966046699845983826638233 0.933769481900307888112091241745
0.582635529476770985802705533294 0.288586720750572850015035911939 0.776970676533138241654682751339
0.427757158539340970031766593020 0.542544727967750540374946580810 0.804916144406811937302749918551
0.724218999039792659765872177618 0.555736205784969916292777799923 0.433851618075378003984707232774
0.916677331669412508454137801971 0.905803340636525327186126644856 0.149644899839723052749379978815
0.128281303721808683711957559847 0.387381442549081659756660359118 0.642614870334394189024549842445
0.549280325658336490429579942198 0.436961613668993409982220458965 0.397421299739251964016374425098
0.683260974485214525657548184355 0.698511116412411577864563901010 0.721682331431148352370053441894
0.386445320060202088388019630471 0.338630460489648293022322288149 0.484818505447428231045605115115
0.384230143132909552034829129446 0.232485329147461718243394538974 0.869899850257690396741316247170
0.182375720596785559658584345097 0.116019054349212790857413543451 0.027149034737216168933665888534
0.906236700496767455999603527865 0.103776641901590556512069644694 0.930466642678811148241031582594
0.945404971638570945020226084167 0.109859334570251679852948464170 0.443778461690737912340772640684
0.397331300957458611885843719764 0.452619016381765257838621730469 0.733359667333900193783406492467
0.087235939592785624219198106223 0.689719794994796974660900539144 0.079913418576270947990123730039
0.353280430126051830570269068000 0.011937914932184992540451303905 0.533703611391849089264269905457
0.707335678209173179026892869287 0.042013091621839349301141565933 0.874346163967419991197863105761
0.331763033509813232927587260852 0.066379211067048765505725684988 0.831122647100152715014756836117
0.484303450165258799703990203047 0.118104988040585686089279697003 0.776249428600081486136874754844
0.500742978784005750286246489892 0.689078909932835119008332466855 0.755891770835354527606670199387
0.734929064777169628422621289994 0.510328855792089487211282360103 0.203232712339666653883499715332
0.850993795399773520320143720769 0.372923196777191583808458723982 0.873050417723955143750605735212
0.619352679447770179602510623053 0.546462848901271290407971499649 0.741168562396559154978136165067
0.593474703763539796980307676404 0.038993299216980243490970205609 0.226638523652540846631850423094
0.054288083805157545999452666376 0.222472550063419488189300425346 0.640909540341132603762672586380
0.291093736581390221044543226486 0.684325866062750996724071396410 0.253615734559223001082440070097
0.879487505820085266858051141248 0.505063043361349661629500818732 0.501435516569496031048287996514
0.496320979060463676956542635607 0.307663461882720081064097644215 0.009455221076095018531631863967
0.727742328302822715284283306585 0.656468345206651182973300485696 0.065410692735342070382621855986
0.855745231306757651842426500963 0.983063118156927467219520133139 0.241541721209695612393676150745
0.681777633447280425609658826661 0.979795125311610091523022379135 0.546762114715448772752860324888
0.486248622231487620631584014122 0.446472958380087131764983696419 0.309471625239531999284827546312
0.103672158356433028020959584777 0.906976376601720433536371755199 0.762298437157395747002486077909
0.275798897237668679837817778568 0.015215479311676357557944510015 0.621317621257354350458378656282
0.732192205088610872755940296829 0.500114403410020008048381585399 0.145364570129417160196629236183
0.491548845968045632008225748210 0.951102360764180719910667168004 0.777010413534002203198995877395
0.534808398374937586859705294009 0.566825312582788416684210691689 0.343693358460508597452653891590
0.120042890588782518237835519014 0.506781914510301158218205246364 0.697868179428085286067162680889
0.068362068608942314886804889181 0.666005399967865332084132291289 0.603384660815820904731702697037
0.911455433902191004257926980641 0.758645635770264086506642361083 0.699892997226467988838639275260
0.761746809413230998035814988457 0.198193612789649292279149330377 0.077805273536929907643837956893
0.433279580146167090421750671302 0.321186442950597008057934852241 0.530621070031103873487143797485
0.277970650769881226271416243185 0.679230133783144810253949854226 0.956794872987432009308360467906
0.480469853874172479371419908746 0.573839072586609831143082526413 0.676710923402284410300070635670
0.380635533399971264823469350551 0.252729469281897475536319951713 0.789023774498921766315000064149
0.752162329540817514535862142926 0.748601961844226416914453645296 0.359666520902687401255134376403
0.168395911534168390330721809088 0.142066946251205215560791535912 0.625215810374691651726157368111
0.423942255106829228799077598993 0.470125881905857391692644231880 0.614474518997960849302404164408
0.596534528838671062074217254719 0.985281973442869191565943397548 0.437657556541728751899466069089
0.331813454133192156568017770126 0.164142498229467159937556822993 0.177874904926196771665016663513
0.130540564226274648162236601396 0.612642726162351796749402672084 0.719426648357253561503540093748
0.716322963220272854490365149648 0.745125492849961530456309696824 0.393785306462450418759477709842
0.908980155350058238550560135391 0.933563557363644444736084122103 0.652484824914995244387046692806
0.440793612422426419267852490098 0.319241652002039235913513085052 0.937377353956369402119093688229
0.646692402150566160804864506964 0.428897885748038207157142452424 0.783845459140280364602752678092
0.856056839381247070312073648210 0.205375079458981774687160478154 0.421703075755938909257895601472
0.958926644679106233011202953180 0.142373887204507954605892536436 0.143514142981200482647450151038
0.238759607524109572593542515457 0.204568810396156670609490677732 0.688235664222234690531007977522
0.530796865065206304035020881844 0.491763337946774585074922270282 0.611096854038591464600378458110
0.408456496832194266929308291990 0.269373692682050164534735582315 0.548316736106228456423361838320
0.206353998050071252400494942097 0.564875147032467330436230779963 0.929549715905249113872422931184
0.621043294920321184262224532661 0.738457657621991248948683018078 0.473815524021609967804949324817
0.699705342811722923188494116698 0.304912149986824524256281016597 0.605891783407672579361866835899
0.933662388827245716519751390349 0.552705995376103030151612464772 0.165298195309078514803915326123
0.582753952939719943996556029412 0.429503399801244650398806003232 0.048700452100157077536356401040
0.412504524668504666324284879974 0.676351101671391474708780587053 0.601154071402320923988021893061
0.561736514993042102358002663000 0.326868100543712548074665261214 0.573758004504671722823082071224
0.626164978702254332786577079231 0.387424687892180585200931622875 0.810481279560574525642851540975
0.272506376023875625160857735948 0.349953958411229364472619158871 0.843135659905458463338047670212
0.749823717378981689420477486397 0.470919618680607972793969208932 0.236156566852975083900489077538
0.995548631465315489094682256454 0.774833106856853950243285669943 0.242690117892212058944691896584
0.095650939791484242026479161512 0.149959154593230219033143824719 0.191114238198396849414030592810
0.142590224882752661399917760998 0.026310468518716926574848508628 0.819067686783679965453890534290
0.870884880834915445393106145260 0.631718877900565466542977094205 0.175080614928991950604674038418
0.295071027074667894666981488140 0.502282858349347559717042426594 0.037376751703053981456363623239
0.686845451985662421209216153863 0.026995058165820062206273793572 0.207708372335385512465031950769
0.305888113900603325320484439929 0.449314632735588743454942251255 0.832288758494891948770376167215
0.137066756052598970369290649455 0.176670155646505259137056877119 0.388091853290975808114353018556
0.149639495435042489290739581130 0.585232118058476976322637640716 0.151130398835315889261310457087
0.029757471595511217070557381756 0.919206740517062465796745804096 0.970567420038671687652083369484
0.838679997334314371720379800480 0.743179822470643181540721684378 0.598804637102579480760851459931
0.970481683694063351709620111622 0.082537041707986625544297564695 0.157691859969604913704739668542
0.203810689593289054043767197358 0.271639486415453465278439777105 0.933524208803515046342550093747
0.773961668567862904471350896355 0.875503543505338804506901256876 0.725992887481170555321732130087
0.276743777852540718890444341649 0.321076211054584324365888908165 0.795663109494022796458158844630
0.469547642327284426835435280365 0.256738519793159930479950090811 0.335324885939980363311385331514
0.270277118114198434410090493576 0.041149199756870232375841992543 0.276501362168909480280745229550
0.397525909115628050812575143790 0.259409993348647210122678449546 0.355169567744083119993637696341
0.000540573621927237022360015118 0.096541521666314672731382632358 0.506899320994671108204178171717
0.147698942983112988759257720244 0.617253151386002951734231580515 0.163965236698430120610234414453
0.171634386658012220254111775684 0.407126677624082640349136793000 0.746503871428988389059851054394
0.711057734424124317164054097157 0.712318043071287305495186658346 0.718864053510347578166352998364
0.289741356388872983388819905562 0.546170428377411986660752948787 0.031845164494371369759771910522
0.312666724206283515936981883124 0.473179636798615119047869905314 0.129564937271973009918248848728
0.585636779259816227796907717719 0.568900668392686943961134563605 0.835685212660238095585405356625
0.284778714589941675591808553892 0.911049709309938875461309200575 0.675548684198643711739946796437
0.007442877301863170822882738446 0.693851530482853263542758029040 0.164432016924245683356508312188
0.783609137840090629144349515531 0.525894489212385252270859416542 0.502751583872461491602606322854
0.893241637799966210132555492445 0.870550417184072934089362825158 0.718338114867682540911974771743
0.964101485396060487231283393342 0.305743718856335499960741989171 0.543749007185356700866557145996
0.578933174661399523568152830186 0.028435191995896866362124077146 0.747548959431037037699965723554
0.447629387270912712115408020435 0.335212724010704700011151318774 0.040007733672528588330415952437
0.552103448953965884715089119724 0.020541854531981273622487646733 0.944812275600087531366569895153
0.699191654702123734855176695000 0.191503808024889141516558249675 0.022098723080336266747273909330
0.834399702358403733058220781346 0.479104978142132781589666741998 0.426848304332275022296978196076
0.182566876056438639235223301024 0.986179227031207631198893669419 0.648299213537569321380033003433
0.169123767587537064121873681158 0.715764886829319018118773139662 0.042412597319771313940543883310
0.675834017279058159642668918682 0.212789799733630458618107850166 0.685920111933125749054441437146
0.329591782266235562099039766323 0.285601451382318929114716014941 0.131709517965155394529396860815
0.696245730948154829215688217446 0.648032195093219823523510322295 0.559660384379226223596421570106
0.734705086062101098851467841272 0.749179230109172072689529485825 0.610809860906889225277972354877
0.141519827105272667284250036328 0.511504415951132085045229648852 0.482342941392655301019950442899
0.443531160477143548919793595367 0.744373012318309224489130278997 0.502133258063306535961283453226
0.439119255447265821671942456923 0.274729544344774426388477778142 0.694270974022375754402088518908
0.565320943793022646998007469997 0.142044724702100035122389145199 0.858420573598195711216118484932
0.305469738945919160274811387491 0.530372079400152037642379281578 0.695693237697282402649363945249
0.829513071965467011776019291464 0.059589071202536341074926963957 0.903756645434695783681414138548
0.847288289380023946577598540099 0.974030880155128218487414056186 0.151907908784408414107538000204
0.730896749612807461119397583203 0.228582244244950679161573395325 0.896326401374669600553774025062
0.333748061182724557189886052256 0.434666824607279178121208710360 0.603878293472925135932981536355
0.726496422554836362864636086007 0.679189941382102878595428875986 0.790312867831902455100039222586
0.635811730076994878479964535434 0.958775525191063240589981487547 0.722603904404645529059775658483
0.362811240084732861356785038912 0.692243600677598646437581787474 0.218809484195509789476314893382
0.660731754260970226998478159922 0.253907926353819728660289294646 0.913791697669484304896080634795
0.943881938798967319488737479716 0.928792418264467919131535345286 0.547313683825392944152129961131
0.244733511045043555483191373664 0.070040269537453761936710232459 0.296066246198108975228811720086
0.990827510479216069888595555052 0.883553659151407692121982080539 0.853587646834948175825781724856
0.778324007213235161076967458404 0.751100481493465959834261473790 0.625915449048846565431326035856
0.795114477141043570980394458494 0.179301642063721537624097463389 0.345058474641529203478377044118
0.716737491730015016397088394822 0.603532372815672597161931221953 0.665930524297337803703805796411
0.463690375585193289942659608151 0.468946406160323302004758578693 0.334198023417093909566540823095
0.245162721646810692079343796163 0.390888450859919172564773497849 0.972617007396613221850909559769
0.389360818908189161902708780367 0.149907096514453509564107305110 0.605789968384627510756541976005
0.825030760526553569189504265553 0.296528503103840264216170678607 0.441233630005660045647427113381
0.961945428497998101156493089340 0.613206983326907697389597041779 0.979601879721342557722464505863
0.556560048630757814907277670200 0.625700231500690279684960933673 0.031667064109573561318053921312
0.926736002835095181026380118687 0.489066142954080374997404014512 0.462538125174069399995906079873
0.554412662704609098940860045881 0.953293647878934668556882711089 0.641343936991601398960232669767
0.519938672359841576311335618014 0.446010157390442500890701011497 0.084279989774809160906444993027
0.081790493758311645945338132526 0.955874280088507558002395638736 0.272115220169793853273374940956
0.968209419597729998866415248182 0.328933252021188909238740134114 0.669618935943337963453352269085
0.819068914564654097640399667452 0.095516277353290108014334088338 0.225944971230831595370444814657
0.128729891016431056622179521885 0.085998153218915484311686931866 0.610523996195754384568512811119
0.996484399536699821180538976026 0.207988849843653621708815944675 0.768690660058448550381188450653
0.610894343548704044131020134063 0.884047560997307063297002691750 0.358691986660287144638673692287
0.565669700861088026514518169337 0.181245662177770919294148503218 0.233508613191406544144581546218
0.903765907257889188861375949418 0.575056836995166466611222266791 0.625151243895234808135916388362
0.941385111529056577123534924660 0.714185107520260371200466430293 0.031132734805001740455426084975
0.696763856393366070592588112820 0.058515665760543835843218246145 0.867458133602369181070476971956
0.220144722412672997146864596422 0.924473009712648699356593603593 0.056630649723195909455882141183
0.647807209730976616453683063971 0.822912706252117213118269995321 0.136778507129229659306300719527
0.432215115109574816363483303546 0.079874227869864366738256554622 0.537212794087358188402221832066
0.841959284968416389034384870908 0.377278003098811390118420912250 0.045118039449322914795701842804
0.039267093225866550017042582332 0.647384970706893565457585285311 0.143098000442378123911309266219
0.910283523696296661839283656047 0.759023285915465058240529046250 0.666277064858394151520506589581
0.316178888249527870705227736684 0.835913147626452422312871937242 0.296186447267660290174171816952
0.374847542011967423068831547399 0.188401134998977629453005609891 0.853863766095091577368218009972
0.021686396109001751832508955876 0.752645955754006484680900570179 0.731000965395132407401910748726
0.167342542240547541391326551600 0.483074849410238290798365922969 0.242738172322204698194315056029
0.101780702944343483968726796695 0.263474535852675151657180349510 0.358947618587652889299069412601
0.379588874639952738347130311361 0.966708172496533782866193967537 0.004601474959833647533400765269
0.882649138007394615712803762918 0.076473208359857390612627309874 0.208533854743271485943360043656
0.126745525294606022530525430428 0.927732957657455798960953257847 0.723716753249363705982763670467
0.363207873736741744790656615288 0.755948614241743261741247747456 0.481671212802638105224562001582
0.273207373362654735583932110722 0.264744817483999088831608506660 0.894321031609555789755129047713
0.909447872148282835675270006769 0.956597228015378613523061720438 0.270632104349354074656377961226
0.481597569394776931004096175661 0.999363130720288774449799084941 0.770435535568107692331272565471
0.245920527288159380881903724511 0.492644909659822294548823967325 0.014011702046094382422971897786
0.638659427346475445019798216615 0.554823198323156765446476142545 0.260026084156765515252368928162
0.302898466078463149881553601308 0.380794474239931554665056149654 0.140894023325308773663311238511
0.968778721403018944121563037444 0.336083478175267617673549102476 0.287873162031708318892513182367
0.434545785174048608075011606818 0.266296134056796582134749935704 0.400208605222329860801397792011
0.107916429915942625461181146013 0.828663474112266313780797941237 0.623353747777996870715574187078
0.285359547278046376326480766564 0.710290936304894686855719330226 0.843200513344142025391840749333
0.676481995626466310939348620201 0.411436198857714036798756558452 0.929103011375140847628335582683
0.078100558901615774235886849997 0.207691975483657025659144833426 0.164673903262206962693081092532
0.904712336468753028515278474551 0.514443141969648012974783432390 0.721834289359355227265690029833
0.091121908577558475232697866533 0.699574193988873562950879612769 0.934429389894584964365860022156
0.233719367393254814948564964931 0.293041410711673122543198843480 0.719812246043584566344963252728
0.065444287478309501106692560464 0.667684055392716930441432605110 0.889391351277640484563476963887
0.949460890505039774861449359140 0.167533425775433440041087131104 0.722977877156837491834231523849
0.280373673816115424522055180379 0.676960519528451275412210891274 0.337855400562765299326874128658
0.555069427773386178019826162203 0.160489165016471619863415188341 0.320468804453510408197086453675
0.873945157647319229041669396683 0.298508825554622605976167663700 0.384433652756303452703260148301
0.648216988538810672434544119453 0.502106589907323104526196030089 0.937916614141270672622946322747
0.928213141502194238842134419512 0.600096047267038213926932543662 0.662742187318486479154455047530
0.654987882281787393044276523735 0.201390761506496034496850249355 0.790016565800893886543816497901
0.444076723130151623477127674631 0.742270079369408594529389056948 0.477484335604264754335598077660
0.484723499899327229294803758293 0.394282546662894209582217274397 0.553370894322938040692601102082
0.264409243209739755162968731277 0.990021903267648353304718114391 0.577111151789925301686593177836
0.503641020996631539634527714645 0.183503927812945133234782379907 0.759193349452215095866144913765
0.096620633702706228379654585266 0.363403476542318941137374940593 0.820528770155147084038898239715
0.965864484750862841440539036175 0.000209731740186338927458748744 0.213231491822554769107871620979
0.216425588107999766653731663351 0.673202384697402984521453617494 0.573811205596983430209036057711
0.026483724367760681368028315008 0.704465490987025571242925173941 0.485432479533663860577758619496
0.805458786649017460714829669660 0.430882721463645558572196310879 0.754390235000277701486950368233
0.616803838332631238640777429466 0.405127702921503828141256653854 0.070383360564600468824317659072
0.127667845912609495061224142398 0.245832768256861545061172158793 0.392544370421317987779807920691
0.473799361982513324048167458930 0.775944076382480783891077421269 0.450198471391069067066190308230
0.565164315663132285868077651226 0.185534232852619002290827016343 0.357465719132077337948297982999
0.547149385201209366531691473748 0.824810420510114819167170405101 0.631636670129109372426517654139
0.480665641637865381220731788819 0.103169739985170521947367655638 0.423467802301064405837391770676
0.049874298118051589044722315700 0.519858476109017315789523759980 0.801686590880009073277044909385
0.961528297838745485350879592702 0.832736415845470859619258736717 0.723992296066217944999614475343
0.023782452191760902906218400093 0.224520156105985516610704327000 0.468024657288077618696324112225
0.544722536137052859063108649463 0.817571706124903231910241219871 0.740286293506560845620264077080
0.752350037980077723762802290962 0.536234705854815600345819473517 0.391720314837510563537868515071
0.832513066038306594591182976575 0.038943440880328755290041821620 0.674578155553774119252849230635
0.914105197704415807144584186332 0.822381967886356706797518066068 0.112852738437021673014185121230
0.602667383979030569921690236947 0.148460342689599595636479353364 0.254705625336275424320093186923
0.712717857236039588972109654232 0.067173677659272903556199758774 0.779113481932877819922644944128
0.847400865520921698194979186580 0.650442630032457329994905417062 0.398218303996211747379993069163
0.125615779080850663704461218683 0.708402919570624270101878149507 0.909436191306097459235623730597
0.781910330606144333085506679312 0.760548384708913077931633412338 0.395762593504833450578817218802
0.774955511803989932103475040648 0.497504875713118088938623254222 0.863477363223365288925657163588
0.620502766904945021823867267137 0.932058388342365300140331000998 0.472789794702055025203879903037
0.229603363178482830218326346071 0.878177547916320647922372077912 0.406484296384865669657454983165
0.204171558476833542382639769338 0.465766128209042567527891102494 0.921265960830338544253314201307
0.780871086832895030345202893345 0.874512776642949085459708278639 0.102370335299406530343607854704
0.322722162960855517966702196049 0.261693702343897743386843343568 0.769214471898419343875166261228
0.862579307555681187790671484986 0.792508619318199682152787136174 0.336134064679650555221184395048
0.998148538142567309073525909543 0.240155205375642548899866600402 0.975147733330751636146340549383
0.589572559108463365028646407627 0.702458143638668935736911185999 0.167874358123771924758046874798
0.881549680376374270927734242233 0.068473100985059060346728836836 0.412414000754166221515617344982
0.994815473679533004164774836989 0.440011213088856838399427415290 0.900642408276237336423937995049
0.454059950952233115763890419732 0.020654744526304395855630698094 0.337039124572909654359301416758
0.115442387602365921586018475740 0.528622952517734978109778336087 0.451681029598651497119859365315
0.072772919599651030848873580307 0.385608354493405255604970566528 0.870903501718700944856970827351
0.817843693112582764496348208070 0.140438993778837962228211030587 0.130362514510888257848739150170
0.266793167137005946276217613318 0.186727029599373758262960233083 0.849408111113418984548089477882
0.405125132448513863291471527356 0.300989331140057704769674304527 0.711210576719020448740111440537
0.301162059302606441051060914188 0.020679716889144379714728314281 0.043278467742866948270994850087
0.548008557288424140790921875920 0.593124186230130727710613405780 0.740341466690753639332470015749
0.016632889425860445287233394522 0.208819686424808123873191200267 0.379222817745624074914544653138
0.784227709717645942532941332732 0.800306732713408570774093007813 0.552682641211646376298881361488
0.155448325666156540354383422779 0.240566877280265675579413939233 0.627539771532864278277624194071
0.436025745758425233408358153333 0.859325102312167733314049232970 0.933549951107772968516706933125
0.822206030363259612851376522233 0.097987890876268170437280862069 0.989327496388840335366932912974
0.239410808187880958889627743168 0.386100085189533119530281466196 0.181660014135871232086150857598
0.300030291137228604488596950215 0.189456488426459772844728323895 0.205417492535554615449470565734
0.749363786294951213139055740035 0.734153329801672594034457621719 0.131399037515481441975533754754
0.630076544958285817900290784827 0.718907492832807378224018441277 0.582059861845507119768872027959
0.319209457431370058574096851211 0.412663679578883190112899511681 0.731600417374595647097261976031
0.979407398504451738398059342136 0.694364631054259352945788428506 0.571708043459928673458098808876
0.548067157410420475467697794107 0.671615342847629691374917249151 0.761567120504243536706527543485
0.340763284877200793663350109054 0.325980668257276544004230786775 0.957845053605640310817855984905
0.290007711271621645724944033897 0.135887900985080284905344369952 0.663585441927032218656926693909
0.618445585577213693003954002340 0.830416979709588704650942858966 0.729563218622824065179638043094
0.564622732336598643844853032579 0.266451698987302714837718353462 0.078448198558244057030207993015