   0.287593
   0.493021
   0.148452
   0.201527
   0.403955
    0.26905
 0.00072731
   0.439137
   0.999269
   0.885742
   0.241056
   0.376175
   0.839264
   0.994464
   0.257396
   0.553374
   0.692217
   0.620356
   0.139038
   0.569563
   0.674201
    0.56814
   0.150472
   0.719025
   0.398147
   0.851615
   0.598888
    0.26924
   0.544456
    0.82835
   0.257747
   0.913138
   0.394459
   0.174654
   0.423309
   0.641255
   0.787148
   0.818594
   0.890685
   0.349319
  0.0623196
  0.0915228
   0.145371
   0.373472
   0.516761
   0.497594
   0.715719
   0.992607
  0.0923043
    0.73539
   0.694588
   0.854446
    0.89295
   0.532208
    0.59836
   0.932573
   0.109125
   0.474284
    0.68968
   0.535329
   0.218974
   0.577632
   0.144757
   0.621268
   0.355568
    0.46231
   0.938855
   0.667308
   0.740108
   0.621338
   0.898033
    0.25318
   0.141841
   0.519679
   0.614144
   0.949369
   0.650668
  0.0614252
  0.0754703
   0.704673
   0.323045
   0.511796
  0.0672028
   0.707019
   0.191274
   0.428589
   0.549846
   0.302969
   0.814718
   0.822102
   0.214257
    0.50885
   0.857069
  0.0700045
   0.614513
   0.417236
   0.589102
   0.811125
   0.227907
   0.617565
   0.932118
   0.139368
  0.0438673
    0.49208
  0.0423771
   0.135668
    0.28998
   0.763773
   0.303015
   0.841318
   0.247554
   0.978877
   0.138011
   0.108312
  0.0697114
   0.604447
   0.843855
   0.959805
   0.629642
  0.0526967
    0.97963
    0.54344
   0.927805
   0.515877
   0.463729
    0.12965
   0.035598
   0.244422
    0.47698
   0.838747
   0.103296
   0.817611
   0.230763
   0.461492
   0.252534
    0.12783
   0.427816
   0.368451
  0.0647796
   0.152073
  0.0978384
   0.410013
    0.57869
    0.68192
   0.860967
   0.969634
   0.656308
   0.266428
   0.241197
   0.774499
   0.820761
   0.539933
    0.44038
   0.889025
   0.673028
  0.0993041
   0.309808
  0.0467264
   0.917065
   0.306968
  0.0365581
   0.325987
   0.498346
   0.262229
   0.458187
   0.876497
   0.121936
   0.834812
  0.0226897
   0.455008
   0.710741
   0.494432
   0.685287
   0.602185
   0.783085
   0.905678
  0.0038698
   0.394721
   0.368138
    0.33043
   0.883998
   0.169227
   0.471746
   0.682589
    0.57206
   0.894187
   0.390365
   0.196095
   0.193713
  0.0726846
   0.896282
   0.548886
   0.584577
   0.237763
 0.00305217
  0.0670777
  0.0551894
    0.52527
   0.607711
   0.709991
   0.659548
   0.234309
   0.430964
   0.817073
   0.813145
   0.500415
   0.737614
  0.0327422
   0.480694
   0.817628
   0.336235
   0.578371
   0.547321
   0.895305
   0.143152
  0.0775869
   0.742965
   0.218723
    0.84392
   0.403607
    0.62906
    0.47966
   0.910062
   0.353992
   0.841784
   0.641498
   0.574117
   0.355404
   0.883209
   0.517628
   0.408427
    0.64637
   0.605048
   0.862661
   0.734809
   0.325145
   0.990425
   0.897549
    0.64849
   0.774301
   0.242592
   0.729635
   0.564725
   0.675279
   0.102238
   0.556942
   0.658636
   0.540257
   0.577504
   0.437009
   0.415543
   0.684153
   0.728969
   0.280351
     0.3126
    0.63758
   0.983502
   0.637393
   0.328301
   0.355379
   0.431455
   0.361255
   0.334658
   0.360696
 0.00818729
   0.563398
   0.413967
   0.376606
 0.00818636
   0.946786
    0.11173
   0.961941
   0.226444
   0.382308
   0.664499
   0.422441
    0.18844
   0.522047
   0.799345
   0.342179
   0.755931
   0.864649
   0.391375
   0.408127
   0.467343
   0.600213
   0.881063
   0.795698
   0.930785
    0.52951
   0.533503
   0.159118
   0.150114
   0.651645
    0.51589
   0.894071
   0.600652
   0.645571
   0.365161
   0.343463
   0.764984
   0.220207
   0.256103
   0.180804
   0.295692
   0.455769
   0.325242
   0.882489
   0.457912
   0.212365
   0.966603
   0.667426
   0.795383
   0.639857
   0.844504
   0.759926
   0.444126
   0.695976
   0.408127
  0.0625235
   0.930695
   0.757178
    0.18202
   0.672927
   0.891821
   0.720405
   0.538611
   0.771498
    0.83366
  0.0442284
   0.387537
   0.785938
   0.627298
   0.592535
   0.488692
   0.605284
   0.845228
   0.946166
    0.92414
    0.91983
   0.840939
   0.729326
   0.138287
    0.98022
   0.665383
  0.0780848
   0.491623
   0.315989
   0.472663
   0.466638
   0.673289
   0.497539
   0.900028
   0.580037
   0.298289
   0.686658
   0.833706
   0.196723
   0.541468
   0.108406
   0.610934
   0.956938
   0.758339
   0.285187
   0.320267
  0.0166175
   0.549038
   0.112327
   0.100393
   0.141579
   0.754016
   0.347922
   0.300063
   0.322378
   0.891767
   0.119141
   0.294988
   0.647975
   0.211533
0.000806251
   0.107408
   0.274777
   0.793984
   0.942976
  0.0259749
  0.0106591
    0.41175
   0.314244
   0.800395
   0.912254
   0.386632
   0.852849
   0.423218
   0.205022
   0.332665
   0.099474
   0.861799
   0.128691
   0.616815
   0.676334
   0.571629
   0.479752
   0.430092
    0.33025
   0.893474
    0.83412
   0.257812
  0.0992179
   0.296278
   0.643369
  0.0266679
   0.902272
     0.1779
   0.943578
   0.704933
   0.374498
   0.719895
   0.473825
   0.990412
  0.0929476
   0.469128
   0.859329
   0.458274
    0.21787
    0.95031
    0.85624
   0.342256
   0.672638
   0.706918
   0.250027
   0.421789
    0.10805
   0.177876
   0.365116
   0.250453
   0.472797
   0.112522
   0.472429
   0.911264
   0.731006
   0.785689
   0.430934
   0.664056
   0.128447
   0.906321
   0.997399
   0.984786
   0.575325
  0.0615544
    0.99157
    0.24179
  0.0024307
   0.417946
    0.92892
   0.729463
   0.892078
   0.104402
   0.329897
      0.027
   0.352401
  0.0551542
   0.375662
   0.101085
    0.56681
   0.528398
   0.572117
   0.864011
   0.172862
   0.277204
   0.824123
   0.339604
   0.727662
   0.489385
   0.755031
   0.718208
   0.462869
  0.0322538
   0.547313
   0.690592
    0.04538
    0.32044
   0.303403
   0.706315
   0.681694
   0.521106
   0.243023
   0.244293
   0.673296
   0.769557
   0.902788
   0.861411
   0.759813
    0.10738
  0.0891091
   0.113805
   0.587924
   0.596259
   0.989791
   0.718132
    0.97747
   0.650664
   0.743824
   0.438436
   0.146017
   0.166279
  0.0539269
   0.205425
   0.376211
     0.1061
    0.39247
   0.130022
   0.303461