0.436741393798282750982053812550 0.664470824813146565546162491955 0.502046621518960956009891560825
0.328487069895162075994221595465 0.749372837915465828118044555595 0.781919332642908027075634436187
0.324713430470856212473051982670 0.940661254011843195321773691830 0.732119556061937681867846094974
0.254357429228233788975899187790 0.611317733379738936783098779415 0.292611724444605925121720702009
0.496401462457216557933037393013 0.647220821967582238265492833307 0.209959049281287890575953269945
0.862688895606994132769784755510 0.915068550938101687997061617352 0.839030844315870272254187511862
0.079268823748274888640885649238 0.622414786264979036367606113345 0.796619567663687577763198532921
0.230449086421182780526351052686 0.964731297067183857230077137501 0.100661036282334415137285077435
0.949797820981991502975461116876 0.658765082980810490198564366437 0.601363987315110315456934131362
0.342203220029966392878861825011 0.665846563908125466113574475457 0.111468428611756473212146545393
0.299717839887181702884788592200 0.624694584202503788716853705409 0.634904706972312715684836348373
0.390672697723335626829310740504 0.302258977977514997625974046969 0.784655986719082099156707954535
0.560520560711218585048243312485 0.771472257195847999078353041114 0.412378457463536463034614598655
0.433080106973836254091736464034 0.902782587756588039695770930848 0.881295235322084979934231796506
0.936366438639772868945954087394 0.625789421392677458477749041776 0.593681577749776812069626430457
0.924089608055623790150434615498 0.544330756603784382541277864220 0.935651897999393522553646107554
0.763665943958893200793625055667 0.237864336550482058374456073579 0.691936891664461817263998000271
0.931986408944776467677684195223 0.181903600898396133889178827303 0.731920266581017497919958714192
0.977273963702166126310544314038 0.263208878904236220908074983527 0.193028967034454018714129119871
0.603778131863827338676742328971 0.201791047777513027350337893040 0.574333990088982448973808914161
0.839051079987888082101221698395 0.643161347730251686805047484086 0.416152193529879865785403580958
0.036268807933978547408671033736 0.171813452409263739406597437664 0.800556588254809353699670282367
0.219564000824935767752776882844 0.340992773836057472269800427966 0.397427015229255109485251296064
0.647324999462609795841672166716 0.717351343255027806833368231310 0.679679016700534432970925990958
0.443259725045274832755382021787 0.060715028205080241729962864383 0.953781261022921822423370485922
0.401990896761891036703673307784 0.569157014226160051784120241791 0.758055476597159105800471934344
0.850993150370135120752479451767 0.085794728048886229054836860541 0.293616290143505043186422653889
0.326363035348409546987369367343 0.460517150737383751391007535858 0.900500638311414691727918580000
0.121577187361654376340780459032 0.159095698471537150275878502725 0.856694032104520442061357243801
0.348716723488509683370750735776 0.697373211485644017848528619652 0.538858897111568535542858171539
0.845845825468002576741355369450 0.706571373527002610792635550752 0.889864075363235307314369038068
0.612243359247796159472443378036 0.314122251473261226983879623731 0.089260132315223519872127155850
0.294905998986843553844039433898 0.525172833965431351543884375133 0.839840243644341288842269932502
0.090467551768628973185570885107 0.661531731806431433362547522847 0.647662090441391002926252440375
0.380944704827372693234366352044 0.242345992048514841110673501134 0.577407577999098697851820816140
0.113673228414110732975572659598 0.722090591173406903813258850278 0.837707547753217651731461046438
0.957703212596668684852829755982 0.278824866217941558232951138052 0.837916292182031452462354081945
0.975985608984045405200902223442 0.265038255335289463232584239449 0.253707117970688067476459082172
0.272467586341700429564127716731 0.988123044276130513274836175697 0.437639762012479005548470922804
0.770268970838155819791381873074 0.107500132764336647772651645028 0.274323095539799222120080912646
0.915358030838859026978582278389 0.869364643258774050238457675732 0.235138404110791870982311024818
0.742592841814344817308324309124 0.774025265293831865598406238860 0.664872136184544770820536996325
0.166451416544170976985483889621 0.208434891155124452088998054933 0.022693400021946193850785888912
0.932918090182485393313527310966 0.869245907473406909105051454389 0.925379400739485435956055425777
0.846632086226323243849378741288 0.182815278990057950014858079157 0.784260548208067787001596116170
0.404436325925384587698374616593 0.219676189271770544442219375014 0.964268362462761152720247537218
0.978786890647321272673764269712 0.056624654479651710670129460823 0.539277564249787788597245707933
0.896876820026098364735389623092 0.981291697913711957745874769898 0.863035409333459457847936846520
0.078397013015736122243382055785 0.877756977341303867845567765471 0.855202511156095024347223443328
0.036565294562901494435092075719 0.405328186174020055343447666019 0.486492161716585214126240543919
0.965035648329450324034439745446 0.732048455719173651878861619480 0.426177694479250690484661845403
0.941230303725926309432736616145 0.524557026978499374436637481267 0.986239110557703968495957269624
0.629766106924422808255314976122 0.921338276368132147453593461250 0.153975043418424661911814155246
0.423866950447115975464384973748 0.413997291865602190519268788194 0.747491120369828565550562871067
0.672358878555176509017599073559 0.730192247933359017686427705485 0.587778581082039286442864067794
0.280665597618647788547008303794 0.988248356159067808945906108420 0.471297510832777100109325374433
0.372798482240507489393621654017 0.008196651633858803229215617137 0.575965293891872676113052875735
0.957716503519659645426997940376 0.525613543217379741712136365095 0.564613059325615895822636502999
0.425584003618395878554281352990 0.118150111225874709930394601543 0.696392071407551438433358725888
0.793299410510914237981694441260 0.883124104713738478089624095446 0.678541790198734728889462530788
0.677122919670087530796820374235 0.516953749681052232567424198351 0.492524180141562628598705941840
0.628379026630207837555985861400 0.738468058826396545057946241286 0.643802329501411696455193123256
0.093429008581930317323127610507 0.256937107722036761625616918536 0.662738514831960445761183109425
0.217506311378777683618324090276 0.421316493839820727096423524927 0.853532068716483904857739162253
0.420221900179228224914140810142 0.585257933280765807459999905404 0.747533685021812055460088686232
0.990231658912140155770487126574 0.131969477989420463925895887769 0.833711417513445574023478457093
0.248941649328714792455130577764 0.225338104894954482926294758727 0.680314081816476790010028707911
0.867867650026611037183954522334 0.613938815761616352162377552304 0.580861736097490699570755623427
0.581850799131752527415528675192 0.314074164210560613508249616643 0.852257426098119164059596641891
0.079325169749221602355504501247 0.514633587838941308767459759110 0.859408711304473160730310610234
0.936002887786543835701991156384 0.576862540147177416116619497188 0.653592488141906069465392192797
0.632884913546265082118225109298 0.923263552000510023809454196453 0.034777641838456017919778417991
0.385912577635435238843086835914 0.687717974594869607685154733190 0.753931473622882486473884000588
0.827223026519389170729823490547 0.572544048049129061794815243047 0.683798354838839106406567225349
0.851264355420586982248210006219 0.694714265641584116650619762368 0.705800896569176772210596482182
0.240987263130315515491375322199 0.335128609768416074743413446413 0.470037017337071094669198600968
0.093499319544220554911717613322 0.653707727244299152680184761266 0.871973917263398234922533447389
0.833625653839831226576961853425 0.375710492114960659115752150683 0.055072499017820804312339788567
0.414187400435637842477376580064 0.353891693616977753844565768304 0.785531464151141167739922366309
0.463867212816014895526706141027 0.022921536891060668994501980933 0.210923997010515035244182513452
0.682400584453977665511104078178 0.081284539972925756723398649228 0.935837730470390871673203037062
0.655230577952747639258745948609 0.920587759053190790581311375718 0.858587488562691847349128693168
0.460957214088634659177046160039 0.998260293337977278049777396518 0.501462724561385853050410332798
0.576216117856412801678800406080 0.479312763944810482641400994908 0.499347663075994929737788652346
0.765696573597979601721874587383 0.815473205517550869814158431836 0.387554047393144696087574629928
0.537672083669394007543473890109 0.332701690807768346580530760548 0.801048779375217567810807395290
0.130621908451516499649613933798 0.483161920860491089779742424071 0.127450592730151662790305522321
0.786310320139184781851326988544 0.304810932403069168028508784118 0.837086118150240920954274770338
0.700781249301651754102238101041 0.916156542007132701499472204887 0.266443590055111423353650934587
0.565838054402283296973052983958 0.890433914236264056896175134170 0.272852285454009524379159756791
0.495128884601333640880227449088 0.723378931922481926974910493300 0.271997815953768096175480195598
0.584673708431806327112667531765 0.738378668507091329153979586408 0.416733510213464219962276047227
0.602370122214965553197885128611 0.890818204581755868076697879587 0.105395289743650283353915142470
0.027388121273255596616058582526 0.281194575077002295593331382406 0.562060883676431144451157706499
0.066727803591265608118554553130 0.357213109758242164382124883559 0.723729427783692869091680677229
0.702238064134716122310919672600 0.206726975374447369260266782476 0.563903988440294101636141022027
0.800392202094277416257739332650 0.207675944759022707009066266437 0.446662937394243841904284408884
0.583561825626014885060044434795 0.372425831594053236006658380575 0.773730870456786568034601714317
0.887842602978691441961700547836 0.224255799935347749363145908319 0.358313757503501140178059358732
0.994883088742995802533641835907 0.219912429239914858358773130931 0.251740079426925833505634955145
0.332761884185188927531839908625 0.685724978684414732121865654335 0.178886317027017155423251892898
0.643077021505918833277348767297 0.154359409902121297308852376773 0.824702279336088417416306128871
0.323854126351992455123962599828 0.941137268972432328162369685742 0.717975324673531645203183870763
0.784321276877428252838342359610 0.008604494070855128046160231747 0.103745395176530558201122289574
0.784363755526538808382497336424 0.636920180336974728341203899618 0.869813650733572640838531242480
0.208760052439909638000159475268 0.255802127770532183870244580248 0.358369122436771270212574336256
0.943431218106270508272359620605 0.316849781312493750107250889414 0.219919816833890363616532681590
0.897136385671988945134103232704 0.027728098241939710955072939669 0.124102488997198931452992098912
0.271249781980616888610313708341 0.140113925445941062131183230122 0.632343739494390377764432287222
0.723138843495758965040920429601 0.911660748712394108927981051238 0.809494679216318124836959668755
0.502653935654561734303058528894 0.535254973588296212305692733935 0.917423884944673417862759379204
0.643898475123976132827863239072 0.291307957490389790589091489892 0.825433796940687636300992835459
0.023764142337840271634874511619 0.848047075532086136462339709396 0.638907713108672559165768234379
0.291265114392350754624061437426 0.941303795608467885891457171965 0.314319497508027456689205791918
0.545833754066706533514263810503 0.210236164509372214226345931820 0.835757240626113118153739378613
0.584392176325046697193954514660 0.130512855993201504212208874378 0.691469053969456903807611070079
0.666379889969384353598513826000 0.257352460944150651656059380912 0.341743077402092809702338627176
0.764538550678162898144307746406 0.974956929910311353992824479064 0.091839799509737002347620205001
0.173367170557335137370813527014 0.794343745313917937167502714146 0.778657450026960962219391149119
0.145399645768863133854509328557 0.964491559951917154513978402974 0.765886853808083745143164833280
0.304208948421821556706845512963 0.131903325031064971861738399639 0.491984290350958697324301738263
0.788922621414843927567517312127 0.638548167150731593721957324306 0.020692537719345160257544691262
0.183955705165472160889095221137 0.066074764159394006046710501323 0.029686047705911822180979697805
0.410437358072053670721146545475 0.581449522880183145012722434330 0.227365854965967811862626035690
0.141184079393290667914229175040 0.752486751109056273278952176042 0.673785892761651572513414976129
0.401345854703417215247895910579 0.359455858528451910327561336089 0.758368232440306377917238478403
0.211928141312333867540829146492 0.418916713571371557289779730127 0.367538747762955586573241362203
0.268097632583535472328151172405 0.322013146172039743664328170780 0.301367063717278393930598667794
0.248624844585212279035602023214 0.583647754119049566590149424883 0.872073193354344078365159020905
0.905505567739248506953231299121 0.077563436591915821405329722893 0.028284144569937462454500831655
0.115709222086380847382969250248 0.283790455014277909207009997772 0.083930731653070148046147380683
0.439572817490156309006010815210 0.780741091088050009894061531668 0.694254671927481914472934931837
0.612621564420972153364175483148 0.972215430782786937946582384029 0.398139030728126674940625662202
0.659506132668579159172850268078 0.759283096365169885011425776611 0.024046156397056692166636082675
0.326712362578748860553190525025 0.845861160233977060762811106542 0.133772777171124124251377907058
0.900236965114351805894443714351 0.765350219073784199252941107261 0.543367020503153774768634320935
0.101649319974255039622512697406 0.801587242777461184140008754184 0.885874770830297197932168273837
0.701106115293229303908617566776 0.233406954060598859079789235693 0.107189510521813302634797082646
0.747286642201538287011430838902 0.789791224971950200917092388408 0.010679341012017517370535912846
0.142686762620964108227994415756 0.993196202684246021163971818169 0.100269811034533140592373001709
0.909017324413943561545181637484 0.547837119624552060237476780458 0.783623292649125668951626266789
0.782235397063299031650274173444 0.579776182641066784029248992738 0.491481432155103981074262264883
0.123642717338576554886309111225 0.367221584857659932854545559167 0.644633118973827912157048558583
0.411956487402422188992545670772 0.335748615128916405581094295485 0.139821830633164251311839620939
0.396319210654365650103869711529 0.472766484762591698842726373186 0.989987032880622508379531154787
0.861892735417916222573353479675 0.245226594066974862284880032348 0.821241508019274868424020041857
0.082754630501152934285435947004 0.895667841475739967549429820792 0.571291159575962659289416478714
0.241143876775317483884819580453 0.465182220193501749783138166094 0.422468073173050739921308149860
0.674048461427077971741539386130 0.481268081733165320468259551490 0.874124139984720383012017919100
0.795409427063089813358942592458 0.280111762624637217200529448746 0.375730641799697118177192578514
0.065815839828385111487385472628 0.898090371777456319968280240573 0.931413217903526491348031868256
0.460571318762463433049703098732 0.296928649216897710960694212190 0.457350441584227496161219050919
0.325278738434163050552427876028 0.885532336665347141746451598010 0.252313746490068546712848274183
0.138744748536750783785009843996 0.989523021529184476641205492342 0.609136739787508707522079021146
0.272971646103286225137907194949 0.428638374881430028739970339302 0.434876842885201120303406696621
0.562860831459688570888033609663 0.728354753379065522622681783105 0.388307935422645689182985506704
0.300555774989052892909313641212 0.284503191063415816763892962626 0.841070668405309973536532197613
0.143444729610108706596705019365 0.424631295586684942566790823548 0.544614730080723030702927189850
0.472096125631850993542570904538 0.443789595036692297025382458742 0.629898072092101468655300777755
0.048751959075576480062697015683 0.934347151233137385162308419240 0.785054740037768650218197308277
0.642124769969917519318869381095 0.179173560994264041701384826411 0.397269735252180400397747916941
0.070187007615518701153511926805 0.648428829827183417222613570630 0.944180070956701533724242381140
0.048442511358701201285015258691 0.721969467647225249251619061397 0.024150865389414605255424817187
0.896229936155371276207404207526 0.651985795912472521074221276649 0.732920401554599254545507847070
0.669564718560780258727049840672 0.808283299641084584941097546107 0.334869155483467795253460508320
0.730286713856731384275633445213 0.126943628016803089497699374988 0.223867478196116020949801850293
0.717457425331726961204026338237 0.516772673260725623478606394201 0.026084423625896399623336208151
0.624344555679436363782031094161 0.527757852802839155792469227890 0.340068515190358855448948816047
0.230853244774071653111491286836 0.595155137400480982456940637348 0.012238478117036691653063407159
0.898620568340989245292860232439 0.036840875004344783572030053165 0.778106336426072298095846235810
0.165678582084121783779551151383 0.450773915481343989686280337992 0.042533904212593079408044616230
0.607806699711070042013716374640 0.472528614316626127678233615370 0.590708591541403871261195490661
0.394476921967709504013299692815 0.420269418195039379249067224009 0.684240005359382230665232782485
0.632144769371262515988973973435 0.487173864657922839338510812013 0.548352573023498712778689423430
0.758378115493433813121271214186 0.541396869383998002867031118512 0.493726021107251888953015850348
0.463028983234337110364009504337 0.121149651794631663115353603644 0.179531618785312957475852613243
0.108473229268604060004932421180 0.560629945476406321702711466060 0.672082324028087541023523954209
0.175709426186681977322123771046 0.744398385882601765217714273604 0.284538146480301123997236345531
0.728787243489124603179618588911 0.855787638401464656467965141928 0.760334117591640601396818510693
0.162074660563780920119469897145 0.803161957725143316189075903822 0.359474052991187731365130275663
0.912597400985983520094180221349 0.022690155354557588196495743205 0.453258610756747004622013719199
0.261773029456669747982999751912 0.382132701559405540958636038340 0.593184809216544373100532538956
0.324710953739223040503958372938 0.553802750801173915284891791089 0.018943774848233195517988036727
0.196909725386482298281620728631 0.851402807025880448144050660630 0.125194408194230444308914229623
0.177673046747332669115237990809 0.044616629565942172996884096392 0.000548139114635577077289108061
0.281717542177306212725085288184 0.720768939978629674669718951918 0.135656618980487336800777598000
0.643827560925713915374046791840 0.581547867375502902653749970341 0.231262249116189338993265778299
0.719673555440740631006235616951 0.616939825107361894396262869122 0.719139456889653860827138487366
0.199691389632802501763464420037 0.194725061372044594421026886266 0.136482839282945273007285891254
0.491766253112114082313155449810 0.415745225162011289299357486016 0.595302213844833172373682828038
0.576225322703224018816570151102 0.136937380584156831453412905830 0.774269079263443904537211892602
0.844141893358775541322813751322 0.358775256343876913778245807407 0.402396619749805062316028170244
0.622567616676119262031363632559 0.065251154667671271147888489850 0.094305174263397087419669162500
0.760220141294752127514300354960 0.450820385126166456313256958310 0.918251724576832795143843668484
0.091648900575550987235295963274 0.145384723061137061117520374864 0.767052179105026765704167246440
0.144603286868069613735343637018 0.065520092147037189977964999343 0.853652858429521876892920317914
0.174172085242972840557484914825 0.457412749668802021130176171937 0.121212106343297001953551728093
0.703363246037370548613409937388 0.428379753322077228006037330488 0.319494594930846476099617348154
0.030046410589713887923091206744 0.198164585701666201567050507037 0.084426114917652936298075871946
0.121318275209746639919927702067 0.013278123390078337001662944772 0.044578097288126318498147071523
0.685339740931791174816112288681 0.214528487815491858414773673758 0.275572927072175732909897760692
0.031535329950535734289118749984 0.315789941902218651570422025543 0.534009365262760882231418690935
0.538423400789838413338372902217 0.178816212865504420292950271687 0.460467587450886506328373570796
0.265915475699165460010675587910 0.649284924000709362523764411890 0.457773504522297092211857716393
0.291506181406725517479827658462 0.973246030314419918738622072851 0.397292354685296555949491903448
0.857615839759667375474805339763 0.215300863468466580075144634066 0.205181775074207206621679233649
0.992951526252249805359895162837 0.187205653604722688232442351364 0.248964403580968385298888279067
0.164407292675733812670202382833 0.955679172830624201750993051974 0.215261638188563114715279311895
0.507845490791197673452472827194 0.654388637811126216980994740879 0.243170066555252584183932640371
0.487357807436269163670061743687 0.172134218025165569576628854520 0.880924086200267075774661407195
0.495425521320788042611837909135 0.914297300812666802194428328221 0.630669501344923055796698463382
0.949603906653706641982637393085 0.672989954130100320739416019933 0.950422255319148590047007019166
0.976686060722456894644949443318 0.773354797435104379665915530495 0.949123574370005163025609817851
0.260562569419635292611303611920 0.381696489978646580354393336165 0.892649778852294129016797796794
0.308803879449341733831602141436 0.814883149275495433094818054087 0.707045465495706348946214347961
0.831696476176890686637932503800 0.091927423229934482340475199180 0.011199705559800234716538724911
0.250384747089870740577310925801 0.538299937517382476315219719254 0.494324489145472389939328650144
0.722288552249556903284144482313 0.152432444424088181511578454774 0.313457296602948465302773684016
0.245554123219206110739776249829 0.835409133177582030604924057116 0.144095415630182632771294493068
0.007807786168341320637287239492 0.286720894536546200281890151018 0.995182001296259999278959185176
0.890891130284411913997644205665 0.009240962496310244772557140891 0.919871568127415328852691800421
0.579748155317558966359570149507 0.171187984847285312728359940593 0.254239580608505377767869504169
0.257648880631286381071021196476 0.831955872964882048314905205189 0.498384381169552748147566489934
0.652010613767664670703538831731 0.097981076975151487618020951231 0.922327962292992742376895876077
0.379069656742112126579513642355 0.946900945428766349643012745219 0.436570279689811768797369495587
0.798650129486363491437828088237 0.856554131936114515610825037584 0.238632686425480300407286904374
0.825458567438318691067422605556 0.331881996758819020065800486918 0.024250752512033929564339018725
0.896569322562190795800063369825 0.476231418340463286131836184722 0.803896349999229431482206109649
0.129717323207091006498359320176 0.433775069564673099176133064248 0.401505315735989132264194267918
0.209784666653430484917208787010 0.477725632201008332256009225603 0.181264699089333680692703865134
0.603909243642185344924655510113 0.441643200517831957530034969750 0.771596116198900561222728811117
0.682389046970476642606229233934 0.232822028594620589192487614127 0.536580019490877746513035617681
0.797089375101005526147446289542 0.080445100662146440395616764363 0.221466165893860700286666087777
0.822991782786518966119615470234 0.128071706841512256147552761831 0.938230793013247743594718031090
0.700093414796427726543015523930 0.320471855581771936094526154193 0.453171469830752071672463898722
0.846623913676642247949644115579 0.760740459130594404157932331145 0.582146003205495587984330541076
0.975482950922572977781044301082 0.842905862909875014388205727300 0.719470407318566373966461924283
0.434434964396634759609128195734 0.346826158212488522281091718469 0.042573595259698282511351408175
0.762869414435049852940551318170 0.800019321272330330430122558028 0.172937874693316895324812776380
0.307004901382196992987161365818 0.640639603507653254688136712502 0.606113620942484110365455762803
0.105604117110244588584322400493 0.130865426510564319961815726856 0.714613987819170626281106706301
0.248721288433878973123114519694 0.210339498070129526929861185636 0.789531914041958771122153848410
0.989086141950227593078182053432 0.322890926112690990201770091517 0.725470039144558209720514696528
0.323348394653286852484797009311 0.666972789918524822105894145352 0.633508774042441880069986837043
0.992629504293728426311815837835 0.944109750570911288036768382881 0.880210271320762571711782129569
0.378534824515309398229589987750 0.271852953826646759338814263174 0.048187850937597004330470440436
0.645361134286136728377414328861 0.460486208268800212284332928903 0.867952319004330230534094425821
0.632011789969971649050251016888 0.467632399433851320136312779141 0.563463491174403086070299195853
0.181651353170656115754155734976 0.025106267195297054389824253917 0.398431690347733236112759414027
0.123595404808919409611611683886 0.664887261764070758296440999402 0.672353769329318562419928184681
0.215824567501582492701217574904 0.244146579411832626016476410769 0.027336238386861156507423586959
0.330394761351456567322060209335 0.240986705481246843429943282899 0.029135187627793233955397766977
0.729420703509469969816336742952 0.295427734687646437183872194510 0.041227315227038492662092750152
0.326175975103255855191974887930 0.396771334367691685951484714678 0.276602559402605252536488933401
0.689597295435348422998345085944 0.569976036451517398262467395398 0.384912554029356035467657193294
0.971548861942134522884373382112 0.426829906419554983010300475144 0.084591173915734396704380060328
0.445279933024328056223595240226 0.950677905877296836045786676550 0.029687612948161187093054635966
0.284660568550024362100003827436 0.194312556684706705389942271722 0.186335934714526252342636780668
0.425705004371243034277938477317 0.018061595391462362258927498715 0.872487801991394085199260644004
0.905670449541964184270170790114 0.394322759687064483546947712966 0.440745146521728692334818333620
0.493565280379070436822530609788 0.429253782633401193002953277755 0.616873512306537308269582808862
0.902438159156306318742224448215 0.006809073458418980415163268560 0.920766629089828536613993037463
0.229636098865610760455524541612 0.995089645329912619864387579582 0.449967503521531475563222102210
0.027350829116470243285164087865 0.392687861126128801014800728808 0.028403773030690693257582779552
0.090545343104143249934878667773 0.547449899869881684288941414707 0.054971036582423853100731747645
0.440231137772762626259037688214 0.594542898850130008270298276329 0.734073053350066895283987378207
0.686795104646190535113703390380 0.628092655967662394367323486222 0.524134698370490981211844427889
0.536103741423907931284986716491 0.814820189350066947930883998197 0.754050141271303764334277275339
0.855582731779002458871730141254 0.682058653592508501439795054466 0.188451094421491660568790393881
0.274780820647159085279298551541 0.189133630597736052125767969301 0.422158393353832706029749033405
0.097612503696652877516193314023 0.767870617445797543076935198769 0.242576356291413636201426129446
0.604005284122809404934173471702 0.907150638591448177372456029843 0.723902892534948771974256942485
0.121483975101347285718844659641 0.630059523662897968954155203392 0.127087101626107590313097261969
0.201584347252552337215192324038 0.601018364849716602016371780337 0.423020536584788942047197224383
0.947000127728117258030238190258 0.028852579109396585266278378867 0.508414528037925528280993603403
0.554161264705704259547758283588 0.638835951046202499270521002472 0.278948517612890634076450169232
0.447864003797844578702580520257 0.007726071663514501308700488380 0.388696783785270394417921124841
0.227595851286624545339876135586 0.829397399614659636135627351905 0.888803486373630713401894354320
0.304506482234664976882498876876 0.336161254059286151996133185094 0.746751232723368296717580960831
0.273927943087523051435283605315 0.761384760809927119140638751560 0.960157363239270367216704471502
0.033730670178934420155858475709 0.931406309817824462626845161139 0.860507158522080595197678576369
0.052064616437576038965318048213 0.838866783837895924058614127716 0.385932108330004963736570289257
0.807638171813562566470068304625 0.183431512948740715884810015268 0.942037900615828149852859496605
0.193701234771590874439439744492 0.025507047336979268847834134704 0.174956555698154186950787902788
0.605752139430764779959304178192 0.424563034435391395415848592165 0.834827966604234084080360389635
0.273763457345065519543680920833 0.011739138969043296650829333316 0.174292291486684430834586123638
0.637184744149759008102762436465 0.313783216794270236604802448710 0.367145006269419649225227431089
0.846016410053522904810563431965 0.029045541046987102817844572655 0.876442468998791746059850993333
0.351813948577924529015348298344 0.290053212504348956191080333156 0.608728870335186966755713910970
0.552438797431381023450569500710 0.827424389083364242303275659651 0.885922996322521139056505035114
0.595962581157692405930959012039 0.575745828825256267258225761907 0.480564365435821982952546704837
0.119844751896577866867588113564 0.772043928284101843573239420948 0.898187518508191673483054273674
0.358706955148748729556018588482 0.704828940959264627075242515275 0.168408697830620457391859190466
0.935815172385502269669643737871 0.472482507710917987164833675706 0.130422244315839347406082993075
0.329563224286502365334428077404 0.835194161117533862004336242535 0.125576162443422206793641748845
0.871824691090400172299723635660 0.986902553545122795952693195431 0.685621854500579774871482641174
0.713021593718836110831205132854 0.455159629675327637166049044026 0.583218078811257978344428920536
0.201723942392253108302213604475 0.933195200022073234613628756051 0.756061894958089508733678485441
0.748436483353039805344053547742 0.046758439903674474391603865797 0.191356457552806114019716687835
0.412727148335289284464266756913 0.752598818251289713998630759306 0.711484529325264958288244088180
0.408185113831089851910149945979 0.826668059288200751666408905294 0.931729970710815535994697711430
0.549422485800298510127959161764 0.268147551489265889568258671716 0.538586026595377020953492319677
0.496841499332547398282144968107 0.919024180132430590361991562531 0.935976634227410841937455643347
0.034442066099757001618186791347 0.255711060847027160658484490341 0.899995273757491998090074503125
0.778969795733819303507061704295 0.681662132786447050314393436565 0.696916711464387939045650455228
0.182282568398637934148354133868 0.342815249469168470408675375438 0.555643560927487678569036688714
0.796971848819480799264169945673 0.063740209251390553268912242402 0.811042713972932816091088170651
0.655624216696054862296705323388 0.196608486713999386363838084435 0.249513363189112824525039968648
0.572644445482677788561431952985 0.845906680941352351332795933558 0.156721162453932388869404235265
0.910590068867779489636404832709 0.362526690711278409828821622796 0.423587380280854630676401484379
0.796540685135461945520773952012 0.049721588031333974200265402033 0.172266925568544643221358114715
0.802856749010111725439742258459 0.473398565813020866244187345728 0.107202630617704450233240720536
0.468446408838880834490936422299 0.856837212742624365624521942664 0.308699651312393574809078700127
0.914038974442265228503856633324 0.621451718597501812091365991364 0.972020438776133421932001965615
0.959447409570930775934982648323 0.748829070892420789462562424887 0.838560110650384382680044836889
0.051083042533595364453891107814 0.299994862578313925549622354083 0.712542564145716927903606574546
0.260854359023898696445797895649 0.208422407212526084041570584304 0.939389203837807662544889808487
0.633205467901732488300581280782 0.271854961201397182790628903604 0.436398663950957499402250050480
0.039247903682097448618826263100 0.504592435984885900879248765705 0.762929065128677863505402001465
0.200684869541513155599687934227 0.157843107920339897898287517819 0.301723852131828784717271219051
0.643215308463270241112752501067 0.354611241332052351538095535943 0.846741278123045337800078868895
0.406842038453268106668048176289 0.887242505542648607352873568743 0.460355768189976866100465713316
0.500969038672658295574535713968 0.902591928301058277206436741835 0.591572569274762538604761630268
0.123575216982805990983962374230 0.180181342794201115875551977297 0.999625416482089357295137688197
0.282069258315338022846674448374 0.652382593566251056671490005101 0.606321153140879420817555001122
0.569773783858652183020865322760 0.013068865523655900581778688263 0.691511296777831740989483932935
0.892628177704163472405696211354 0.919144404750331767139925887022 0.033992711287935843678109648636
0.758193305491233093817982080509 0.991503767938877733634228661685 0.052378448820122269768972955717
0.274580619179838503196577903509 0.161603442813599285088344004180 0.543364324977025692220422570244
0.420100867495659668904295358516 0.985317842053137549207519896299 0.546961919439980959189995246561
0.973858922802295801091077009914 0.235314066083517736682750864929 0.892517907478203920135229054722
0.287588534215346691702563930448 0.905998164146516016259624848317 0.955806386079275260847509798623
0.835099738990257467463607099489 0.686895350494118206441385154903 0.971603382515053515255942784279
0.700727020894921115434783587261 0.295083762185966769209244375816 0.068560754204805132716593618625
0.510147962083005945821412296937 0.429602896531014910586065980169 0.058795932847859951053681726307
0.761150874671622124090220040671 0.928571716782552680768958452973 0.416076862539074887603618435605
0.310561064325327484958449986152 0.744957098431795139426014884521 0.594146073391943252417490839434
0.057527380727212792943525698774 0.975915734493013609096578875324 0.151834359454496276020663003692
0.290906619793965537379420993602 0.352451373620015551146877896826 0.244015621557615774994687285471
0.035541963807074937464758335182 0.467650210490723861056494570221 0.610433891294516195458186302858
0.393122551404039510813959168445 0.779668892195779061893290418084 0.939347587824332697081786136550
0.153987111401114429298786490108 0.362907959819898484621347733992 0.857684462669839442483521452232
0.528647041874374945535919323447 0.614195353704408586459351226949 0.562221248204750501109572269343
0.575351041211479063974820746807 0.598219979068058571591848249227 0.051982930607738397910111416422
0.823212282392925764895608153893 0.063838802272243908020321612184 0.454195318164272276995063748473
0.658034399821855187084906901873 0.586171324702369100911880650528 0.036246723455720129825063935414
0.677383519777105536086025949771 0.739025254373173012822917371523 0.897946670030449700661279166525
0.212289140493232247886012942217 0.353059423350945533748301841115 0.894394126582672921443872837699
0.764571590531282763159026671929 0.761049505377763946256663984968 0.387906095412012430490023007223
0.279737887170595889152480140183 0.054564084735772414025412047067 0.607729883726240927011019721249
0.699592803156155240706937092909 0.577793504864498874695755148423 0.838531132465974216039228394948
0.947553412867326527724287643650 0.189428429793926739188592023311 0.330656761729073322975125392986
0.816519520415046606842679466354 0.621687655484008838691067921900 0.473171831484606453255281621750
0.048014412984945374629486281037 0.865978830214598538361769897165 0.642688663732843501463776192395
0.026732307091973630391867899903 0.692121395374088232976816925657 0.058044650899549410372202373765
0.369860483632400982578758430463 0.874486405712911474275017553737 0.237432694258846332946433221878
0.657069739003071973115766013507 0.441698620292574950507713538173 0.448191126034184039728103243760
0.163450861067193392583973832188 0.446517451349946359329123879434 0.422124919506509710398489687577
0.035328137124529118695548390860 0.694270043217030785598353759269 0.481529123426577110311797014219
0.009519235867879899046228864279 0.921488014284113310381485462131 0.745220758514854475507149800251
0.851833062943708640979423307726 0.259064765233972260638495299645 0.727200028348455318472076669423
0.598258987057382563001795006130 0.722686627688075566844361219410 0.266130613346971356403258823775
0.496144018932101027452574726340 0.427623727777927675752778213791 0.884873151410717539988581847865
0.881044906378281145187258971418 0.046705684493326848905070391993 0.279704568488137128579040791010
0.801823225321838473078628339863 0.459332699042986680737499227689 0.197835560570962659676652606322
0.154811790773127760934002594695 0.876976597706389027209183950617 0.603905767377294511177865388163
0.300949932223091964900163475249 0.391531111613675431026848627880 0.444606642511003125051161077863
0.672061492910773772280208504526 0.695761804688850293842961036717 0.703297249093920329165996463416
0.059069680602562429916346786740 0.975357347243343331122389372467 0.261455276979349449106848624069
0.347264528444413300700688296274 0.512669493340291326788360493083 0.141961845779376150122885746896
0.645840834782905659494645078667 0.888523815456088938979917202232 0.810138921763586261626244322542
0.186139248039899951603359795627 0.323929503366097937266943063150 0.214996337020309763454761764478
0.680890731558107420440251189575 0.459156675119686441544075705679 0.634588567913909162854224632611
0.500099906937638505333154625987 0.082550089329414669259143977342 0.667179791403244015768336794281
0.499084171080872274206541305830 0.356462238496705774437600666715 0.687767587056380302890090661094
0.132494808988948081784897681246 0.722846626875228936981443439436 0.688119386411962019600707662903
0.877923100061972383478803294565 0.265166733042191626879002797068 0.899654068334105549986645655736
0.255222876759082284436885856849 0.580524170485876345182418845070 0.003105637695948681564067639371
0.404949873141668303944129547745 0.612609850421023338640225119889 0.793649467448168999261781664245
0.546470047572911732380873672810 0.255513427261044201443951351393 0.990180543130868229262375734834
0.774335044075268985608317962033 0.041619143712382559996409980840 0.505400067965626753618835209636
0.071550733153804280117782354864 0.004277153157515877629490930190 0.177871637326530079858954991323
0.006191837089024503429368628815 0.761991010285166248117150189501 0.424505377961476304538024351132
0.469747307698935467890066774999 0.211658896388279643696606058256 0.967067647625785342668791599863
0.569669128008735148327446040639 0.723992136475606451462283530418 0.362236166540837956073772829768
0.095247457795798781687857115230 0.576663551139140140300298753573 0.849682709065435082251838139200
0.774813709960428864675918703142 0.222493448115593656089217233784 0.413977250767500970507484225891
0.792433516504184476403338521777 0.538716751810747185302830075670 0.654960271717678454983513347543
0.902649075052260774221224437497 0.531863362815836793195956033742 0.541637898226906333576380347949
0.359924707273300226173518012729 0.494127400269787520059594498889 0.673556463028822993699407106760
0.767715828361030916404672552744 0.407405432942243239669011245496 0.499189444857762842921999890677
0.616347303923364564504083773500 0.300505170718810832308776070931 0.237114165532476800501981983871
0.894252661850840069313051117206 0.087051201965202898436224643319 0.615842325214504549002469957486
0.675466607063486490503123604867 0.396875999345621344183143719420 0.867998498930958484187669910170
0.911412456112257296503287307132 0.159328115186663094027252896012 0.520007999737004844575949391583
0.968618033099742703484480443876 0.391947521546805288661374788717 0.001434602072357209949851619690
0.775393140100917199752927899681 0.897256957527153842235634328972 0.909200011439825872550102303649
0.622739989030637319800121076696 0.404097566233823757286813815881 0.407701986807750327290733594054
0.358638418188975738321033759348 0.391862056887166798624377861415 0.108495734288547807100400177660
0.627306711324398524887158146157 0.205836323651853309035786310233 0.300644173719511298425999257233
0.976878557440403638700843202969 0.856091507033482357336140466941 0.161008484361419873520659962196
0.655607056525025599924560992804 0.590322017109555341463078548259 0.085328785417306804439441236809
0.952092458172171252073212599498 0.715837831655230405480949684716 0.745128724068554015858012462559
0.260068753005796737820531916441 0.062174218073079060009611396254 0.702271772292278662064290983835
0.332361594928495485135044873459 0.078439479830415576033786351218 0.600152799649126933445586473681
0.088636134153036019722726734926 0.043452214812134161425749567798 0.994853645915536710653270802140
0.104121800640433179174770828013 0.021035648250436366629712026111 0.333816589457562040710314477110
0.374929957245213274497075417457 0.962211980155184276597424286592 0.917466941160038240710150603263
0.417920529474324009555630254908 0.281572707355069840051697838135 0.417669763867723031758316665218
0.697886009429905307399621960940 0.704583953395259476870648995828 0.847832653335718888776284529740
0.024419170570185163432475050627 0.672930420982971067012101684668 0.971868207789342464231197027402
0.825949065270232041235942688218 0.169975286088482474555760859403 0.297965101692688416612497803726
0.494723510834344570863407852812 0.234533163428276097972613456477 0.681260962431090577595682589163
0.852991071457636751418363019184 0.739003549995561725971526811918 0.803358149116746078632900207595
0.105403475426401396775055729904 0.572249521039754349693851054326 0.782770787806167933631229516322
0.115421964740321722486804389973 0.998804886408558800781065656338 0.882265611377449632257707889949
0.074617210123315763636853148455 0.190724565786502070485752824425 0.711679484815914364936872971157
0.893884333149202459090076899884 0.311150344435820791488822578685 0.251953352915403161471630255619
0.636876760581200906941035100317 0.864041168295970551938012249593 0.726376286414967320403945905127
0.672315731896531820765972042864 0.242436798530883901303667471439 0.665182225589809328347712380491
0.767636454941058143930376900244 0.811017074979624830177726835245 0.788815987404226093282488818659
0.920601162368021586068778105982 0.046298410272675297183475606744 0.297413655694319711830786445717
0.662244533278748548354997183196 0.030424132394468179907409677298 0.810361687295376498241239460185
0.464836357134411515268368475517 0.021159486890171431278107050389 0.226116870437880257416196627673
0.830509211565396920917692114017 0.543607904289817756016134353558 0.294622952474929589161689591492
0.260847917531925321821262286903 0.443880580963631254931556213705 0.272439919195733792900426806227
0.060534560749781536614921861883 0.569628211694526154218465308077 0.603867305461797010401880925201
0.277764305919099285802076337859 0.290938379437144567507544934415 0.212906693909488048399580861769
0.096783216582828873741917163898 0.664397399532703158975266433117 0.703248242142433754864327966061
0.361254074646345291199622806744 0.849064190166364807232923794800 0.107137358051285463966806332792
0.807745619391016189680954084906 0.546913224380627838172586052679 0.607569611334776826794268345111
0.733792291214774294871858728584 0.094165489255239792631968498426 0.539262855194382328960500672110
0.372905161971928578168444801122 0.385605928630674055224147878107 0.720632210722865984564577956917
0.955892864306349898662062969379 0.174039881123379647220872357138 0.831829417461469988737121639133
0.788379511674455857317411755503 0.916973736547337936464430185879 0.939784253498091692868854352128
0.041387731087777782090775247070 0.048885755569344283011368190728 0.333113069534248351644123431470
0.541469011868938920883920218330 0.048489560811023700581667839060 0.537545663085357672272834861360
0.080190313115356515183407282166 0.803738874326676566717253535899 0.167874724284519521999570201842
0.076310913991451165272472678680 0.724044698527337993176899999526 0.677645319436200321838725812995
0.422573693971752206710590371586 0.170681580139098648674078617660 0.040808244120238153229696109747
0.788156144361994215330469160108 0.854171650346845057200084738724 0.986982673537129207019802379364
0.377733579400927610425497960023 0.853306919872110269942311333580 0.003398507847233825027166709276
0.904841614277311800940140074090 0.477658620636596753517011393342 0.772266939932661600209939933848
0.088265753429499549387315937565 0.925885403877682811035754184559 0.810560185664550680861850651127
0.630250862209715712047852775868 0.353080732250977080699527732577 0.532255228178442285624782925879
0.774851186588470741689604892599 0.665575998924460621175569485786 0.205827791562170930861341844320
0.346948496396034589128731795427 0.325699471108801763552520469602 0.952718442308652879724206741230
0.154373999137620260269088134919 0.644079030162271304327248344634 0.489155079610080700813767862201
0.554133100333153438832312076556 0.301599201416857698454521141684 0.297987043329204170927226869026
0.669767051041734506888758460263 0.974766595149491599237023820024 0.664695365984219077581940382515
0.643244247186772977187274591415 0.999756114051731148428814321960 0.391532847855862675690019614194
0.761951292822844461483100531041 0.187814674390487212907174807697 0.988281140618164744005014199502
0.709726933966535966646915767342 0.219259734894861002540977779063 0.130785731691114265329289878537
0.848811809695673713527241943666 0.319240992177212468128288946900 0.570930634219819377328519749426
0.914849168665661016675016981026 0.720944159690337427193185249052 0.630181022792376310803774686065
0.071674774352823850120941528985 0.534400907847560668884057122341 0.251560286307343450307172361136
0.184677960352069014948739322790 0.681212954080024801761794606136 0.186810425696873311229850855852
0.279508573631567003303644014522 0.782784889866382505019259951951 0.089150148297414327780430198800
0.302740789042916624840273698283 0.614252828749406454278414457804 0.302460220102437116196369970567
0.386625352230448249279959327396 0.613127325357031960351150701172 0.878664739283802065372697143175
0.631301780116550470545178086468 0.199904275608646209150265349308 0.408041365190676352803222926013
0.812548859179058169388554233592 0.063972853766678952625035492474 0.457272408667328267295459909292
0.308486594605332065111014117065 0.896812646560191106814841077721 0.672621056705010489373819382308
0.062154496382735617554526896811 0.875053861914989461467939690920 0.884374618107433563274355492467
0.131897170546783043532101942219 0.808424501221348790203080625361 0.573638628766394265134920260607
0.813284982485671048557662743406 0.098306385335858378904383414465 0.503261392938376461714256038249
0.685625887843215431338705911912 0.686368436559765870974558765738 0.729428616940119067812986486388
0.304223992166491485900081670479 0.478326500001261034622501711056 0.331588180831065615361552545437
0.039656180148010047870066330233 0.210556514282502799106921997918 0.731421126249357622661761979543
0.060923425378272597074946759221 0.757658629940652916801013816439 0.381844532640356226771416459087
0.463958798058830834687427113749 0.325702517045085349067790048139 0.653237052716372779137543602701
0.159672125304729572992101793716 0.788166955125403245752124803403 0.629054413703894810261374459515
0.095690778749445329354195166616 0.741509619582568668683109081030 0.155463941021958179655726439705
0.758428354196496123940107736416 0.104768137561068397367591842340 0.914143519270638305052045780030
0.330852605377728037350237855208 0.169725206909571213476084494687 0.158878280534094473708250916388
0.118611862333019416060331252538 0.859341225879989512037582244375 0.957169918813345677044424064661
0.878966518780612493522141903668 0.053344385040520497787142062407 0.925991638652392090591547457734
0.067901729852332004533366216492 0.287495974410300281220997931086 0.471613376716448762238087510923
0.535465790325040713604209940968 0.054208256074247368472285302232 0.976164213310480977092709053977
0.574424941945172462531843393663 0.645523782420332259412987241376 0.926220150737359748660537661635
0.345985857139117058967059392671 0.339363328604571190538763403310 0.586202968364405219148238757043
0.177093756346123704092931916421 0.533770292193789130941183884715 0.546350173802656713384351405693
0.331685419302394479679207961453 0.624148521761225150150664831017 0.660827202627547904967286740430
0.972730517935622818193053262803 0.656770208317956849519703155238 0.768191916965546561790745272447
0.816337468876946137363859179459 0.794151516790811196067068067350 0.794153053950472531674620313424
0.432665277618373145251950973034 0.209435959504369134664969465121 0.125945090373794643667793025088
0.560431243395512868055163835379 0.189746072530005471801217709071 0.421803351679594762391189988193
0.192988375210480372912158486542 0.379709679483908546515635862306 0.484118191490025884249348564481
0.075070330352295683296048878219 0.413125315368732537457674425241 0.389168969152561272650814316876
0.916174371028986800347126973065 0.786546113815793312973312367831 0.436005009861957781858166072197
0.783473833648840489729536784580 0.863338283575856069163023676083 0.966024452655847354343165989121
0.583501467198663914537348773592 0.295640303682248695160694751394 0.462642507197581986932988229455
0.053077283169722364042364404213 0.868253864251933626938750876434 0.680072147551338046511659740645
0.114556625967788552888926290052 0.783782901785061159039003086946 0.422298979173536648268338922207
0.800590165191228275709534045745 0.364297730564089372595759641627 0.675417782047452064375647751149
0.538924972575267835495083090791 0.033711315480980150183221155658 0.775632615275698378276558742073
0.814077036901501349674958873948 0.098321590422672966447237286047 0.100648401693004763135519397110
0.793786809940192128465241694357 0.198384595200730012853895800617 0.418991511618801881766671613150
0.291746489510906259479128266321 0.450297669651925580591722564350 0.894097534970527685338481660438
0.600782348284976897012654717400 0.423028248280851615348296945740 0.084077849413284180823957569828
0.171482950540305212339120544129 0.007383227117064403328960953132 0.274110577192948567937236248326
0.955773124352356950872433571931 0.331452812640206539995801904297 0.409164632407377826250893804172
0.678884478851668360377402677841 0.834838780509085220948861660872 0.907087990804437915848268403352
0.058532219513442659830637637697 0.311382692791478787874837053096 0.079374819871548693561713605504
0.584743574960029710574360706232 0.335234958014723027908132735320 0.882255735082813741243512595247
0.369332122374270377385130359471 0.834944040846523849452864851628 0.046049293137200707215495043556
0.526782501664176172617715110391 0.297252502171909183115161567912 0.118055454105915391682657400452
0.529725808171549461533800240431 0.253275471235788751656059503148 0.570730746589230064635955841368
0.713231273390734110684263669100 0.913789886418400199019629326358 0.091126014594405405078170190336
0.694068602375644827517930934846 0.642383114689874745728559446434 0.545783193517386577831018712459
0.982886318295957295276821241714 0.883852142726955447571413060359 0.994376094496599027827699046611
0.105493938451610508311162561768 0.301765020625305913082314646090 0.858885577157330493136555560341