0.969856535016485610256609106727 0.892080159124664540115645650076 0.859540363258129547219255073287
0.880744646086550897479128252598 0.158408079677175711585945805382 0.328457082839095082515967760628
0.927178293360908956088906052173 0.775436207344620709314142459334 0.055722514734577316408703495654
0.463929751908230547652323139118 0.473857750429627799793053100075 0.548564458262895904283595882589
0.484430215228225768964165354191 0.860788527875544939860219528782 0.413112412511074833521007576564
0.238387076524384067255368790939 0.390695332247434634620475435440 0.546827539243966764814786074567
0.439369197848814507789683148076 0.149701943224822275890772971252 0.020167748526569360262294949848
0.575409484045309116417854511383 0.200747992034695843521774349938 0.913832495454172888393884477409
0.256462851871915309409644123662 0.091550204202126297947650357401 0.923170392197414479973360812437
0.794763135607832293949570612313 0.026944808878297608900620474515 0.257769047351335878204281470971
0.778353983156507056584416659462 0.857393490392329371552193606476 0.868922301861068002715171587624
0.018247762135036607600291347353 0.089935466239347866546083309913 0.147336298217838418400660316365
0.564322545154669286127102623141 0.632425279297275100276465309435 0.786579479242789703086202734994
0.003759993908805803718153892845 0.960263541793714869854170501640 0.940787816193343728876641307579
0.635904098941196149752386190812 0.734293440945026021360320100939 0.347355204761216451725402976081
0.230899411688093664229981527569 0.041835863713113818906919050278 0.293977834093797019132665582219
0.953200185023376889148494228721 0.885983846279601139350745597767 0.126137124710709841446387713404
0.929519741935133425592141520610 0.875931165195905747644644634420 0.698799397292916513180216497858
0.415414375191748841409378201206 0.092121088317847293902573824198 0.983545008119937724799797251762
0.515385712829199760243170658214 0.642227994683112535234670303907 0.641438748956126181255399387737
0.154176106834441661863621675366 0.123474969387546582022530117229 0.578493354007560300900081529107
0.637384968859249667616495571565 0.969488874030236869039356406574 0.881645898883919865163250051410
0.947551024066559555159017236292 0.885518129986682889231985882361 0.409732185562647732712804327093
0.128923962341894682293030882647 0.579015327863992679269244945317 0.286101605709627782037074439359
0.571832269616271426926346066466 0.904753165016697669109646540164 0.532642541694839488641832758731
0.734533100233939806322780441405 0.727287671123489687374785717111 0.609878425540536173166117350775
0.304213431429174674391902044590 0.996340490197768158253666115343 0.255586752550571394415612758166
0.905163218245395584382606557483 0.341810440772402246434324979418 0.153287581776144321565880090930
0.247764941790799386733823439499 0.119176418455290658582335083793 0.238505346907813636780915089730
0.429652934621087778666037593212 0.258774783452847989551059981750 0.713033530540309046230618150730
0.254399357546915116934371781099 0.491210697066754020667644908826 0.674220566944416344057344758767
0.944675019940572791021793364052 0.441515757812946385563179774181 0.497578118583747341929779395286
0.290086619176865401215081874398 0.849670114626087102926987881801 0.364144229053113333005597951342
0.841808823960717211853932440135 0.005781637995235710744679202833 0.962350541818239535452050859021
0.956007851224757509989160553232 0.603962723082272723296171079710 0.538905934584131274256435517600
0.393800243822802487070333654628 0.990886262179062504706905656349 0.316261094557334809795889896122
0.251606055781176951580135892073 0.780999058679469726484967395663 0.913605238363703886506073104101
0.440913874378167258694105612449 0.113482939051876022262810295160 0.347040951494418326017665776817
0.038703899666729338346904398804 0.619165807920639243988603084290 0.720628763041803455102751740924
0.710302487347486688484821115708 0.134695943351338165427932835883 0.549463465208683610185858015029
0.499327292250432319686836990513 0.410502361662943349163157336079 0.858162646246118265835889360460
0.054944297330037743243291714634 0.666199403077361695935110219580 0.871678071933847942176498690969
0.434567279205478385062377810755 0.333654900710823765219714687191 0.165293317817746782116827830578
0.428821054029540238428097609358 0.437077869637766847077386955789 0.443253192306069354611253174880
0.720456562926456767215199761267 0.049833760221344364227391565692 0.507548057082478298873695621296
0.461412849662341084666650203872 0.443188856000356512510052198195 0.885627345159417989073347143858
0.982126127215028010830621951754 0.377375648566263710570467537764 0.597759543867648734938313737075
0.910617904287737811586112002260 0.618991979879031650746412651642 0.357667628875688814460431785847
0.876804286322043657797564719658 0.517890428097886212910339054361 0.664677147220869790622543860081
0.782300632466163214928656088887 0.429318578392532457232988463147 0.963655188063046508339937190613
0.897062156197814597469175623701 0.791536674426487674161023733177 0.417509354722009118354719703348
0.452975687170927565627920330371 0.591568427998369172904347124131 0.842366364233487541213207805413
0.661192871924905278824269316829 0.886889444415181804615144756099 0.090065195875188464036398272583
0.447738139829198411590027717466 0.789867629483201438844730546407 0.801042276574406186817611796869
0.304817545038010950797513487487 0.433228869647299785761163093412 0.940769550530797249443537566549
0.201094595427663141995466844492 0.461319144394815527920883369006 0.099170324548872104686303430299
0.315476517156153268839346992536 0.913909349266846193771129946981 0.125268544097369954881671105795
0.123812505319187207697417818508 0.300318138319939587077556097938 0.756732304722024684551229256613
0.386328204899244853631756768664 0.951525585543017249356978481956 0.848310806711107479038957990269
0.875124459768651052904431253410 0.906732365450670041440162094659 0.498023101357990216619953116606
0.327180145691692847442766378663 0.049657850050484682313811646281 0.060245230105663745423516530764
0.411739299750852605352946511630 0.999741164660003733821724836162 0.876807407182163878189840033883
0.094835399086179952843345120073 0.378574494074214784600229677380 0.982227505451829907556771104282
0.925302893208240218037019531039 0.417514765013883126787419541870 0.373255343055730937074088160443
0.999716032208597060737531592167 0.133491143621641855654402775144 0.676800448335007631683879480988
0.417138492162787755113129151141 0.921521464548602065036675412557 0.188235901826753121435231719261
0.977286902661490874955063645757 0.398618636297816575364549862570 0.630035372202811916331199881824
0.258249583992594178294410767194 0.088890551398509973224371094602 0.377421769397294326608971459791
0.561215289356659208230837521114 0.176069659756997259902888686156 0.256119513593913383786571102974
0.643579742794364362268311197113 0.655072173308593685980838472460 0.293776595628891079581279655031
0.831520460961915786057829791389 0.457456823160583281318025683504 0.652787435679647587427609778388
0.656414622549667758910629800084 0.637710303184989557578887797717 0.611219749884504559567233172857
0.488136843100052841837310779738 0.946692229280385544321063662210 0.172959082473011810376917196663
0.302718915460401971628812134441 0.740319167874746719704148745222 0.019486326945420733014469050204
0.114175484261830925691860727511 0.113824718727160448250579349860 0.386264516463293960946145944035
0.871593106241222770336207759101 0.731047446212133467113858387165 0.838543884654654569921206075378
0.112997719010405062167734513423 0.478198125480309987889171452480 0.042644307817333262922154801799
0.753784590723218683727679945150 0.731030030304866684787157282699 0.473578687806250397951401964747
0.758602914071216938296515763795 0.111891179649521596561889680288 0.328483418375922764376184659341
0.052799679868459466203223229286 0.251898333226012793861769978321 0.239625378955965806504480042349
0.386940159630984992222835217035 0.585915489014311563487069633993 0.537927676724057945989443396684
0.320704824454219605822657968019 0.495655605721421699261242110879 0.858240175851700759501738957624
0.763273083557858722514311011764 0.340878948572682083373308614682 0.254047381551790796283540885270
0.117751210394650737689481445614 0.569543138956753458579385096527 0.698098827860522685995192659902
0.946228107485334590798231602093 0.210208811070639989271313652353 0.561905821776879310647245802102
0.915661465417701547764295355591 0.908423401638735028562621209858 0.718740960059264799575373672269
0.641723526091422469264102801390 0.389395533276879757256239145136 0.584968544068250384526663765428
0.552565897991984522619191011472 0.077691697361351688688735350752 0.184065559575434356531786761479
0.102776762184577874492674709472 0.600680725146810035042221898038 0.096763545212238205595056683705
0.548219241620993669172889894980 0.367342410815864439666000862417 0.507582308344739829841785194731
0.024527238908935541233935495598 0.734227840064609282855201399798 0.418121429371901165428226931908
0.006031927782864866111056656450 0.057303702817032654837081651067 0.003645685725581835571335043156
0.082174751857555114464837231480 0.537212549147715212605191936746 0.601829996606392469971069658641
0.443838225157717203295248964423 0.026153850218655995407690539878 0.191609828076311577982338008042
0.028569772228649429474112153571 0.709028566442588492613197104220 0.179720060673852072286038605853
0.481897157486032789996954761591 0.239417399032881894616053841673 0.821182305112471810915053538338
0.541547004362194384086137688428 0.532869272564589047114225195401 0.892984554862524371188214900030
0.711168764214003101820082974882 0.574898307493579951987783260847 0.080828191990197834071452120952
0.416969129147108652500008929565 0.678093133485116239533851967280 0.385968110977447209641866265883
0.247510625693433850003088991798 0.199434257460236769032846382288 0.008070809294494800043007209922
0.171596887704532741203422574472 0.790177084934309603703184166079 0.347996994432286488319050477003
0.156311726909001386109920872514 0.513564930548786158226448606001 0.841068592452699603789767479611
0.666333015260262340184738150128 0.325059866492254267988926130784 0.173453802675474749728223855527
0.920680112528896144041823390580 0.693412979108444682552203630621 0.340838530884938706311260148141
0.103754313911015416671546063299 0.761909830625546513616086485854 0.923967439310047655709468017449
0.770084930455654848024948933016 0.660601503374503740140255558799 0.178888111895355639280325021900
0.189736067850142103852206787451 0.817819387983042545009482182650 0.580562341218652355756546512566
0.346161305443537514747731620446 0.771357728348756266356645028281 0.399950638121174983918848511166
0.879908148828504765859293001995 0.191792499175418490464650744798 0.469143459773994353501080922797
0.362234344286127385448281756908 0.323318047387976870155057440570 0.099204457889719807606176971149
0.912883986035945449444284349738 0.182327946416177943955716500568 0.897429666974142059565622275841
0.911892035170411285882607899111 0.665405340416686863491690928640 0.978111597683150923998596226738
0.623984406780656697399933818815 0.764893878791599535205136817240 0.999681664171016670650260493858
0.084345394621017991121370016572 0.826930118823713367071093216509 0.387149406492602987661655333795
0.850677168012159978793818027043 0.904061445696133891836154816701 0.179729222513675596095694686483
0.240586061376247162257868694724 0.830544643189375708658417352126 0.069489004014304689427206085384
0.289301481321867282048287961516 0.970847008292648139260450079746 0.383994057795006615840804897744
0.702554561093408858063469324406 0.306617181616720413384058474549 0.587343117763005184706059935706
0.178758773469021997604144758043 0.339831187819446212117213690362 0.368588468611450448264577062218
0.550874690920276188776938397496 0.539049782012597678004794943263 0.063536298208190955527641108347
0.653122481860639259032552672579 0.912486249658410408791553436458 0.543126427761377095215777899284
0.523449564252269183839416655246 0.536459072825608118684215241956 0.832357054983729471864251081570
0.044323940238786427303629977814 0.089081565189263231530070186182 0.445299989864711032172550631003
0.295220580229446749598309907014 0.388019270327345178195344033156 0.172169545864083506359065722791
0.253898229506949735245768806635 0.540904696825211472877015239646 0.277329359369495154208351550551
0.118144613749427404569836141945 0.062709178969554232874195065506 0.523094177710727525898448675434
0.352152218850187381793404028940 0.720552503069575189798001702002 0.784952320684171422904285009281
0.357356432225772124855467382076 0.568835842586071227522381832387 0.581449465664856113278347038431
0.576828783030981173673978901206 0.470358490211284063775565300602 0.356668761652206456336244855265
0.339605685362824927242542116801 0.171119762783252443716364155080 0.646829859585875910354957341042
0.296245755881898054084899740701 0.634090009300222079424713683693 0.522636228685390391568432733038
0.448998584733274641589417797150 0.794883806461056718895008543768 0.297308832616961948858147479768
0.644953637980864025180949283822 0.255881352181081489494118841321 0.273284215981523581628920283038
0.032256878913467665337400092085 0.207910913807121455754156613693 0.464392437553043102571592726235
0.238619826554066633006456754629 0.873027417594194776739868757431 0.186127758994232894718123816347
0.573358085607857614895976894331 0.335304660852151936722975733574 0.602886994377317075866073992074
0.928764485053463983987853680446 0.833520482593817502170452371502 0.196151023929396206568753768806
0.638809492182826788031491105357 0.426080664881887671846527609887 0.911274959265297002097838685586
0.288349165877683000225317755394 0.955284575171800320880777235288 0.592653506409335673055238657980
0.772843425651046245228315001441 0.057525668451284997506611773588 0.117717684382734985581997477766
0.666029055379279588677832180110 0.569247641763014788907071306312 0.336803137368144656083046584172
0.268518710111153025010821693286 0.317659893095471435042753682865 0.825639326685688179630062677461
0.074142298718853152927898975122 0.852857778157321000378487951821 0.583123624027653719714692215348
0.366260730089293939926164966892 0.195324194580095672479913559982 0.287490077256938370009464733812
0.699109396943630501120026110584 0.388056225120237074932560972229 0.669900304859466499962650232192
0.238256134119457702036370960741 0.238300841717406730602135667141 0.658451199408641718591184144316
0.646449058036607904220716136479 0.931087293666465254382558214274 0.403920129231822633286697055155
0.325396391829951392438147195207 0.758233903620273097523352134885 0.776384343886655781119543462410
0.819324794842568260300197380275 0.785664061127032464781905218842 0.871650252171992545591194812005
0.214866429994961444238654735273 0.073632774440462900322756922833 0.647768359962066941903913175338
0.169230687264680157433360818686 0.092188192323908180192404415720 0.829021646189600280862919134961
0.137477780953375150474471411144 0.998378010091895307098752709862 0.567790590070708200975957424816
0.649307358050230210011477538501 0.504941429689824361481953474140 0.678257167267274807542776215996
0.079110841923398886321727729865 0.613510414587584929080321671790 0.439558703522419325082637442392
0.467479844392714560807888801719 0.625473184338051879649356123991 0.455229805672313525555239266396
0.971659841856078898558735090774 0.132191060704864110642020591513 0.072638698306313573271886241400
0.264519917817076843924439799594 0.143538897707097934386410997831 0.013891543073336202682166451439
0.989034723887287081645069974911 0.503474982270026072406210460031 0.057070809960619292566796900701
0.321791310416915665726378392719 0.389559182190155672831366473474 0.260996473063428158223331365662
0.222723260510019310798313085797 0.532267169758494196329934311507 0.367258784798215220934736180425
0.130347748014782244263543020679 0.460661230651936814961544541802 0.350157792561585357038467236634
0.055009687378531679780024887805 0.603402325741432710159983798803 0.651369298313273392686539864371
0.932992556297047248570208921592 0.364108150927594131918141329152 0.025358160700985819119290809454
0.476071783460812636423753474446 0.245662481080034134084399966014 0.167767211192035525790799965762
0.770696774589229804952594804490 0.326958714731387489749181440857 0.834033578602920377953466868348
0.725593963336772729277868165809 0.413755447231235140570504427160 0.976164316239316653955881974980
0.483578683320126434530550341151 0.407646666402979862553479506460 0.984427082526843300058772001648
0.843481020356679378480180275801 0.306132371169154482437591013877 0.175955292225103088199489320687
0.665185184312386712512932263053 0.712634955730968577825024112826 0.088168241597375518470158795026
0.707690147435447558521559585643 0.613238934793530643396763935016 0.284684128317437223909536214705
0.914494039099170707984853834205 0.356472540415530281254774536137 0.565885382369234135602198421111
0.846604040374995592266316180030 0.985236881090606808619725143217 0.356503894477183114197771374165
0.500845801608953089534281843953 0.080833689692937762960589509476 0.714939419201650272484016568342
0.612927149809838867078326529736 0.448911618595009886956148648096 0.825993067426246341256046434864
0.201648338811486083077539888109 0.397343977869664521929138345513 0.999589460957475250957315893174
0.911437123757516176603132862510 0.934435785118158501738605536957 0.096367114086916935700166675360
0.257050587611850733793517065351 0.041391645953483942321771138495 0.917085700219223864948503432970
0.907637123657599631521009087010 0.791704419390703240111406557844 0.608829813909299355501048012229
0.217241657327212012162931387138 0.729779545762781589601786436106 0.821366759148419278702135670756
0.226499689692545802532919196892 0.362891120341239992175275119735 0.854291300149002563735223247932
0.816526240619892429428716695838 0.440976052747875157944434931778 0.413110217594430506604652464375
0.240359170834169716401973460052 0.610898210884317949265209790610 0.979997043189052452483167598984
0.980529862039658195449476352223 0.963739957915553890899218458799 0.629009472686714476985514465923
0.336059914367190848416555581935 0.078920161673110958422405758483 0.009434634181650324025181220122
0.174328347168399316879927596347 0.494185857859456678653486960684 0.918723796889847177382648624189
0.084361421817517739940583965108 0.867425604599287081164504797925 0.161903953346624995823788140115
0.018926164900660770451512604495 0.441548228374325890666085570047 0.919867062800704182734534697374
0.243748263685733879135852930631 0.145883245093838875838798685436 0.728936724841941496855213244999
0.754120750853269017355273717840 0.307021342928214646672557819329 0.116924472050823333169056184033
0.665078438222099665999564876984 0.384354384341245636225181669943 0.896484650648762482205711421557
0.563144179898824259744571918418 0.927932279548030258808921644231 0.370816850960184019037058078538
0.397838319288813913043867387387 0.849258088489678875099286869954 0.484762636308492700365491145931
0.789157988622224082497780273115 0.387374413410021434245322780043 0.980765445618770659308438553126
0.145120205592704387687064127022 0.109332428358836927784203396641 0.474849949848800301221984909716
0.010078611108725654688100803469 0.589793449861285346003114682389 0.354052728706736152819445351270
0.963073783414907125255410846876 0.540712611211884630613155877654 0.412105666520433622235231041486
0.545540236429885916358273334481 0.917560386953067741444556304486 0.355662608640418598238142067203
0.340377973284365364925463381951 0.775250240467721063453154783929 0.369210938913294095531369976015
0.910792521691428658137112961413 0.140010750624339125325334975969 0.699496219064320468028483901435
0.586020956173851637061034125509 0.659762674196011644767168036196 0.788483865205985567925495161035
0.085439580295074160631862980608 0.619825401480046278557267669385 0.246932550485312846122454288889
0.904286777026800714374132894591 0.489489789067330205440953250218 0.967389991494006395988947133446
0.995817094743600583761633515678 0.230840862284504927393058437701 0.670129214763766745122097745480
0.717106280050124889058338339964 0.771464741306958190492082394485 0.383231726854640464274837086123
0.285674092598694251421420631232 0.229354314056934460719361368319 0.208752735938433631179833582792
0.011816696861768609394527373979 0.956374118251981708560549577669 0.081701700739232066550421507145
0.718531430398593462527401243278 0.299719497945852397791099974711 0.365266326398147544995964608461
0.086861109910780193166246476721 0.288715528780153829480070726277 0.452485847899107895830894676692
0.892105557324469611302220073412 0.541447271183343459277637066407 0.552246775428914760119880611455
0.166542761303336672717989586090 0.411351905921709726232649018129 0.601863953657400974073254928953
0.146041259740173956505060459676 0.812345135940829465859280844597 0.540009577787965988626694979757
0.325673139056146698777638448519 0.365405102209181931183223923654 0.917136400103747417844601841352
0.236884297969161938812732159931 0.208390252566210354423503758881 0.686205493303504554525318326341
0.735057697813134569564397224894 0.393833545517587535478298832459 0.287045637631875127926406321421
0.172279929491911204531007228979 0.957336366547685835293179934524 0.995772745040378270964254170394
0.745330142307079279717640929448 0.142050224581128148315656289924 0.864828100668660892935690753802
0.985631976510035312522006734071 0.406709481852396748102762558119 0.451071527641135172626007943109
0.311311521562113835415175344679 0.084345419229726908971755960920 0.383166755845267825719702159404
0.793896464735557194636328404158 0.181950929024658508703637949111 0.957936846589619639402712891751
0.940358058134193042221227187838 0.798796528047594378563189820852 0.206137100294019298685199714782
0.061303230557393853517034187917 0.849592928823427406825885555008 0.432481814508967388199778270064
0.416792602434233605546154421972 0.027283249330509132951627648822 0.112348136373402018861611395550
0.155624298285809592456985228637 0.574000231095313506735067221598 0.496303169927404974615114952030
0.628351698626873234054812655813 0.628784759394960479639280492847 0.021425291947704986489364742397
0.425755257703011535941328702393 0.024280245404388455660038559358 0.310385195015047687938647413830
0.702068903261885757238758287713 0.259155039729103642276442087677 0.412655995608088077553077255288
0.402545821085794619520470405405 0.404260383105887910470954693665 0.567882317093285737819030600804
0.826708621304506174887194447365 0.881567818782415191236623286386 0.838987843000514210700657713460
0.318340037595382763235818401881 0.610502221346473805674293089396 0.526076301401843804406155413744
0.434042699044686453024866068517 0.615437652353449826669873345963 0.735908387378425454805608296738
0.578273297976779954154835650115 0.920148748399345128845538965834 0.645762285641465316743392577337
0.664648805014333654561653474957 0.686027878414038339016656209424 0.181394908738654631052966692550
0.209782780168291799194335567336 0.962410044108601758772181256063 0.208747615712786910302511955706
0.259333813446320615714313362332 0.771678031363517868967960566806 0.253924141645273271361560318837
0.404783461085602869200528175497 0.234945054044055773312393853303 0.919310550618782751364221894619
0.644351761138567513675923237315 0.209115116208947404707885198150 0.830515341487275571275006313954
0.730874926848010475488592874171 0.587054528558852539710244400339 0.134378705285306071504081160128
0.325414358980007256683109062578 0.776724082846069530106092315691 0.605832568131806525890681314195
0.605000947866350280435199238127 0.125009768734769127762618268207 0.279485032469450278558298350617
0.587042633495607368843138829106 0.586378939257754971947633748641 0.937342239949790045905331226095
0.866506064853917234991342866124 0.333751340936636109457680277046 0.325224195567603291401326259802
0.814176144313833338728159105813 0.031445303406973795778966973558 0.894301105402480422945643567800
0.414187056410704745879058918945 0.202778147365639677124349304904 0.627669377578845888443481726426
0.186053042656505324137228285508 0.228684574628760545200734100035 0.037918738605293399179796409726
0.610212636959977960948720010492 0.502242713166996312956769088487 0.823431788354204163837835039885
0.139289597026760803011313782918 0.361993525814344629942809206113 0.507686575333530898390677066345
0.162160371995067859041128599529 0.208477463729976525419473887268 0.271142307956900197041250066832
0.392481857334618489119293371914 0.112573836021557419084793139064 0.874913886717290090189180773450
0.166391803870429455525226103418 0.027287007585568328477121369247 0.210832607249636899693356895114
0.055806273714497908744469611975 0.665770870448248675010916031169 0.406529008274587821958334643568
0.888438672100060555791856131691 0.932388698315507080671693529439 0.086662312522667275804799658090
0.189269805189144046941862598032 0.652598725357113496059469071042 0.435713118093520423990128165315
0.787477705346394163399281751481 0.429308037324710789484072392952 0.061779874284021644992304089783
0.848425253671552637158015386376 0.937818199034157307103498624201 0.889562342749424361798560312309
0.673020569090811759949133374903 0.814350873287363219432677396981 0.132637146205845213309260088863
0.491062164897160258192343462724 0.555124401614992657449931812152 0.160895759483596356709256269824
0.907948136282953566222886365722 0.709602130641504680319542330835 0.401207506500377342195662322410
0.158285108329929452564144298776 0.417135898043889841169118426478 0.713835973021494374357587275881
0.898204725633872214096697916830 0.145483476162057534519789214755 0.524309090762957508147223961714
0.902629083535061660370502067963 0.695870166428989578299990625965 0.454468494839626535597432166469
0.865968243338026133493201541569 0.615453553013017518047433895845 0.401022760771167607884990502498
0.504762575514542177756993623916 0.817696514364926851925474693417 0.662457549445180426950230412331
0.966781551198713229311465511273 0.770092816895069809390861337306 0.763068253886376113293010803318
0.448586856920127674541731721547 0.005751807861681126031461186443 0.237078088671401759901513628392
0.428595142869206080504795863817 0.822351924914009657641145167872 0.522444081542397853468173707370
0.511140740132174586918267777946 0.355618406182335644594161294663 0.539979195831025715612838666857
0.129487195799359910974857257315 0.013050516546641695303510033455 0.794294592104401564469640106836
0.680202158543265822387979824271 0.424526720920655353808115251013 0.106985270766001769326969395024
0.535294126372936274194103134505 0.694124240919204660293928554893 0.052916651870369785237713244896
0.844285343319120862304316688096 0.286482922230938186203275108710 0.568766207347966901153313301620
0.915060171217483619976462705381 0.563758321451542587787741922511 0.209578848914877796660860553857
0.259469382348273880367628407839 0.196924558392674614593076398705 0.834392348164731179060993326857
0.304122661485301981620921196736 0.601225430989224318700792082382 0.216839607562202524304595385729
0.853511532435063169366173951857 0.198072179632795331016836826166 0.054099671904309469538940646771
0.179129781727280140701807908954 0.340632860110992252700157223444 0.562820896081540511524110570463
0.454884002033590917335459380411 0.796090524846786440349433178199 0.276645016172871960336010488390
0.364274571861342544298878465270 0.681383054407110555494853088021 0.913073145676889796895636663976
0.812106858783558704928395854949 0.891047737741500034402974961267 0.902650762410497131682518556772
0.368818716232785337449939788712 0.469656428601821995805210008257 0.176797118196952485202899651995
0.532799887367270019744580622501 0.400246728424758002606864693007 0.731246990350423065052609672421
0.033977894800109730011339337352 0.910140363007039820963939291687 0.806700734362873594918141861854
0.586688903497478708715107131866 0.863958798576051401063580215123 0.255698446690022007654619073946
0.505358910967992236429324748315 0.537017314504952936182746725535 0.753190255545547748816659350268
0.839628249166237572431725766364 0.743154868280222036247550931876 0.659146636362177518186911129305
0.742630354831653183289574826631 0.328047726459039346025292616105 0.351016336738858014676623042760
0.998995500712485107186466848361 0.130748383273736890064498084030 0.397710023516873123483605922956
0.765968287837979766585760899034 0.086150266182475523923933735659 0.963110888120756070129857562279
0.628009875280760798688106660848 0.917958231367455357307960639446 0.607672287505757968695263571135
0.187758375788255604810217391787 0.702233968312289236202161646361 0.163729158089288118205217870127
0.007424233733037219166994713504 0.057819610334318184696744680195 0.128834666905896372268713889753
0.901179851896734440686032030499 0.249695599691724084978616815533 0.985382506931778534564614346891
0.460351872660121064217975117572 0.974447423373815291292032725323 0.483247484627497558840047986450
0.948253926374811428878786045971 0.762806150784049119550900286413 0.800950865567395919875082199724
0.189409715652268162422444675030 0.883499934814778509206689705024 0.664544786211860860625222358067
0.106771021713790117968478909916 0.665240091134775335390827422088 0.409438702547261890174468135228
0.458374570897053024154388367606 0.958107391054123680440568477934 0.655006030061173971645871461078
0.371551865964155014765424311918 0.808912326567908568364373422810 0.176594211883372265159408698310
0.536248686674716035227561405918 0.310217639473212347667185895261 0.289682206495346206143182143933
0.197597425010656940758124733293 0.362008338941994245452349332481 0.274044253521331659939619385113
0.584808114597324291139557317365 0.473528090485614616689247213799 0.049109965439080881244304777056
0.588522116641693293637160877552 0.025246866390541505137390387858 0.676221419629038922316510706878
0.099208505078839770430221278730 0.966363205229602506562969210790 0.455016764977302312633611336423
0.142784825344680954550824480975 0.860796814042694036217540087819 0.885663592567274005062927244580
0.840157613136072511927920913877 0.954080906152341312598252898169 0.766866922006282369927987474512
0.328500037396359911845422629995 0.122572100790501348210881360501 0.701373735336920822724948720861
0.713218356832304167802760730410 0.108224374955347021898255377437 0.072360765148964181769919434828
0.664969683530233113266660893714 0.314710640732023927412797092984 0.172690451823612811654840015763
0.585083999378134156366115803394 0.322065041773435367655764594019 0.003310366263249935655371691823
0.971954895173152588760956405167 0.202550484546429987453564081079 0.075286879731855202435575336040
0.512446183656701359510066140501 0.446665135302627913649331503620 0.519632686884379246805565344403
0.207673329771533382581694127111 0.660903392456216765005194702098 0.063527643912704587214612672597
0.285439979842905255935647801380 0.448138449813363870521953913340 0.167570942282475321416512770156
0.169906483781638834029692475269 0.186039055160569039015783232571 0.687112508451537151721311147412
0.670536286246412815970074916549 0.803993367193634567158255777031 0.612671524132067824019998170115
0.253753291217165999338334358981 0.996689863275362020189618306176 0.353235829529106204471844421278
0.713963850449773174133838438138 0.289378737864082968833656650531 0.281631115548262089820497067194
0.520060815310211754791680505150 0.290576784192551562657769181897 0.125822025183724317543010329246
0.436786928900439130885047234187 0.362339037895321125493097724757 0.211143285776280636989454819741
0.973575654707406701326988240908 0.850585203200387218736011618603 0.691498645419726609695487695717
0.790458659443900035768137968262 0.917245425917813439475878567464 0.917419940240692621813423102139
0.809953489322908337655348987028 0.839097153781586113652224412363 0.759529289126954387789680822607
0.032794850874881646685121694418 0.869030259720958264679779858852 0.641038925020489869233131230430
0.617463301740132308736974664498 0.447322239891991879634502993213 0.238801961674844853700250268957
0.839892162064328928750001068693 0.849688846403228059678269801225 0.120410024302612231328346581449
0.239765005505018197196065443677 0.883819769281033340568853873265 0.317059685538568836182804488999
0.913928212380891391575232773903 0.678368025722794421028538636165 0.253624330614362902824865386719
0.636554487567413618265277364117 0.676147272717684488796408004418 0.664710660436649503068906597036
0.506278223232597635039553551906 0.309884325468999355379651206022 0.171335058402706297275841507144
0.392290641361186520619241946406 0.314123681829331091730495018055 0.370040456974233766818116464492
0.022478538770691749298924477785 0.236482391740867992080410431299 0.298128724096905994844775023012
0.797265020886302355762609295198 0.890562792168304473428008805058 0.547322727252188445667968608177
0.814470702940779833767237505526 0.199391736833427035691101991688 0.077461785117473577755298208558
0.149974277265893324306844647253 0.437663155378425761110605662907 0.595820171497752570921591086517
0.926093875894262175130222658481 0.408218357554051669566774762643 0.279609721030176616718421200858
0.721558955687489733676898140402 0.693044816237169514216986954125 0.640775851668310747477619315760
0.049724233368180804915059667337 0.457606478048326548169200123084 0.456186801377529815848532734890
0.529215253276562824780171467864 0.859183838680814271349106547859 0.303647107106848113122765653316
0.465134224548666708187738549896 0.069536142200198367002705879258 0.056651167693802892411092386737
0.505372880680326042046601742186 0.315038801800086532001188288632 0.167375448033836388139761197635
0.727207627947809465140949214401 0.377775413170419571695646254739 0.383991359132043741375639456237
0.488931887222487093769274224542 0.662277035425877236285430171847 0.558633099985235026530006052781
0.327186010740274701991125994027 0.586344384893292436267131506611 0.242193868507390525079969734179
0.072098753078144547923322704719 0.038967492601513421812686743806 0.129602849364879563198726941664
0.457630953021647857159592831522 0.518708163808094369073842244688 0.777188013252289477961198826961
0.250225452916822632687399163842 0.943837405644055826847704793181 0.303875310426874323255219678686
0.992981155267087634008760232973 0.219651092387734697686241247538 0.027253255102482901173210905199
0.048483256267715810206020421447 0.825152453535780927573739518266 0.546111701827687978649805700115
0.312316382269357373235862951333 0.683268725855850411754488504812 0.167285761427797829981045651948
0.567768348279227064168139804679 0.239168749142603304091991844871 0.252656495388872304186378414670
0.499048270446532382660365101401 0.580936845562634474049445998389 0.052041533197138112321056269138
0.805515462395520187577346860053 0.649355938612259930842185440270 0.037506066345094304925744665979
0.159367376117126036128013311099 0.050129605776720799481527279795 0.168006743924485474339647339548
0.235785465159530388534747658014 0.817922261369906866690371316508 0.918041243608013868282569092116
0.651128804038522357444662702619 0.100930533643367820184622019042 0.850963277244579097136067957763
0.991306567160843421504523576004 0.334727061972852735216577002575 0.423348827619826562074223375021
0.632841567789451442394010882708 0.410381520661568077734671078360 0.034060435182428794309572595012
0.160926630348459415165152108784 0.327556591343393710413778308066 0.626601888485574076703699120117
0.945953961086083539022695276799 0.924959715741866750349231551809 0.426535523166942598383144513718
0.605507007510370454106407578365 0.539556426314214410133729415975 0.016810499985150832019664690620
0.843038610880954775161910674797 0.944953038448452242725750238606 0.961954554052635191219167154486
0.062773716066505641508754820279 0.059937469524665491771298064805 0.735718224426951450389822184661
0.360958108185228665476529386069 0.901778547119709505963669471384 0.577087495294871133388880934945
0.600021633910509888387707633228 0.063612824689589259063993154086 0.620463633703941197516940064816
0.105011802605230158969007447922 0.685318911397665653240096617083 0.313928478484319428698512410847
0.340698764483828242521923357344 0.253200243306984873470355523750 0.436616851423814178456694889974
0.628661204348122559792955144076 0.547769018593661782823289740918 0.438177094351130280713846332219
0.235846915910297827423391936463 0.354111995361988673991504583682 0.479597837082745059866795145354
0.511108114875173047408907223144 0.921232555911249084701353240234 0.277136979463260546552305640944
0.037799586127385834122272001423 0.432689774079264899420138590358 0.556379045581174791479384111881
0.735281843391952349975326796994 0.348044873162255130605302611002 0.092199545194697196670574612654
0.536755933525525308347425834654 0.577369148356609795946781105158 0.287856384818587829332869887367
0.369336517519246509966279745640 0.545858740600006275833777635853 0.926068631552140031359954264190
0.499824574923804665349535980567 0.013342289808185116284366955597 0.115404325551485234524484724261
0.965379735188621301844591471308 0.506536010168517791818487694400 0.766871084828200544336596067296
0.871791477003128312261992505228 0.373078149946942272396910311727 0.359821213935129335936835559551
0.053346683367777487927430257741 0.674178576530601536553888308845 0.982202348394984880997071741149
0.646634089528707711735933116870 0.580429695710387050233691752510 0.033385930080015710497143288649
0.070869634914102044853656536816 0.627083051543612546296913023980 0.714247542917001321249870215979
0.426438936021023451417022442911 0.713632042681511147286244067800 0.601221855283437189854112148168
0.878271013376189291221862731618 0.865530143839598475885566131183 0.846837671228410804324937544152
0.348182799149694688356504457261 0.327974378785330811236775616635 0.198072722398572070856559435015
0.210455085031974575837665497602 0.715904057106098945517658194149 0.976815489980703999250977176416
0.526137072644341174942894667765 0.376717757397108499173299378526 0.175704550821049687581165699157
0.397786259407710784952172389239 0.500546809946529003276793901023 0.858084482856828478780641944468
0.482019594142371443634687011581 0.344066673984007032061072095530 0.112408152715005552058080695588
0.758440112623058437790746211249 0.795651501310357223140101723402 0.117367632454871778646676716562
0.372932782426655784480118427382 0.855193608510377734077678724134 0.405881990914474022336122516208
0.671819818349152608760732618975 0.171039639935941817361353400884 0.522998599762599658546946557180
0.792169836266026217153068955668 0.109084382614190109062057842948 0.769859889990665458014973410172
0.955312682419958703050610893115 0.380465122106694531023407535031 0.295600523532096981504935229168
0.836910629283738938255510220188 0.500902856124275874805107378052 0.023488074162092021507364236754
0.595625366185377758121433089400 0.586450104705657837556032063731 0.671968668770020927105690589087
0.658441778070803729328019926470 0.866483524041778307989147833723 0.236523648179735396235301436718
0.983556160160771408840219010017 0.845479806187005467066342134785 0.303676204569375052244595281081
0.341139984681030683510982726148 0.707657559764444887839829334553 0.290029067343848701021613578632
0.155041102708175365654241772972 0.818488754656967021361424485804 0.151182045499336420446567785802
0.128645683416453160408110534263 0.174666113968442254789081857780 0.490103896383454251672873169809
0.965945788702231133981968014268 0.255765885796501057924956512579 0.346885538310656049709734816133
0.837277910876614961388497704320 0.451069442086196148444798836863 0.416787951289701863455405828063
0.560680282288213316377323280904 0.079744644732563665923130713509 0.632606051612325526178892687312
0.383739020317113876945569472809 0.988276072139528838356170581392 0.500264948826889654931449058495
0.875907679641000913584036879911 0.409749579196737045982956715306 0.438812678705441827631261730858
0.014561153478462218052724708173 0.652885887360682870550476764038 0.308447355030748215920510801880
0.757378514918578438219753934391 0.529436731970985952067110247299 0.750242144147659772990266446868
0.401840054962245285530286764697 0.022777449929994759980633745045 0.927019992481123766836503818922
0.734336737104635872697144804988 0.378395569172229606635937670944 0.780270483404294612483909077127
0.840393064002739276219244857202 0.696127640921559209807867318887 0.053554673481536967105665070221
0.075114202083623099470699457925 0.231937634035416118116756933887 0.652597712705237587016426914488
0.344262967099904448886604768632 0.856381321407484685792610434873 0.536398213811517976523646211717
0.454332162567288644350327331267 0.134586726448762128427460993407 0.836830912908666513239097639598
0.397860132487345918850252246557 0.955366712424619790589019885374 0.355450943985803791136390827887
0.408171756165802090965399884226 0.266625720681579747584066808486 0.658693576209674280796946277405
0.671588247703969298818549304997 0.431668598250141866135010104699 0.540444305643589584242647561041
0.920501313137890631033144472894 0.921747699924431285189996287954 0.188980354231752023519419481090
0.870487080501453180936266562640 0.535489115383131486503032192559 0.605148645974120213963942660484
0.638384509560297686014962437184 0.688912414606388412430248990859 0.689290485593154866883480735851
0.427897215279004428101217172298 0.930371167281906830126558816119 0.549842652678453003289860134828
0.386270880372497349419802503689 0.473374766601106999885928416916 0.984335649362297782083430774946
0.479579223835030987732608309670 0.750417924512526646196874935413 0.779646540109045660393860543991
0.181693386765336306609697203385 0.007254463329365415207028444655 0.541707871587988387673817669565
0.295206493730963581700876829927 0.480468757480756292199686185995 0.326597208153097506855289111627
0.464856206886112899301366496729 0.239005544851501550152050867837 0.568443625492792037334766064305
0.087295643890914084717103094135 0.977010614767979568284772540210 0.200111513846273875172343537088
0.330587039115612379980291279935 0.788006185994453822729610692477 0.291243131098118279709296984947
0.494233509563407336084850385305 0.179405606042239373909552568875 0.849873620246920591370098918560
0.062218849223463934539068986851 0.412936822584067886321435025820 0.142936775284677325403848158203
0.947007423606689102690836534748 0.894606945879903303620039878297 0.033840406905169720386261644762
0.350997646561963472233713901005 0.445397882776263631665614184385 0.231975963336818413740303412851
0.567204607538164262692248485109 0.466867109436357285989771526147 0.400902484781187506968080924707
0.178506193912438548832000151378 0.838681635122320301434228895232 0.404603069081819755048456954682
0.586450991729304371702369280683 0.571531064172390079747287927603 0.695103154657193522680813657644
0.749251993904740065666203463479 0.953975048995731933487718379183 0.028228596517600852700002889151
0.520598895251433990694067688310 0.891178294620246780333161495946 0.799791679870003435759429066820
0.941305660846432190602683931502 0.653233898513661315199385626329 0.803167388630980583208440748422
0.190429787008983164575681712449 0.019707482323188436207361817765 0.029159686878272170901249538133
0.091387960192287703842239920959 0.818422688266108422361355678731 0.140370118287088119224392812612
0.828732400266945612443691970839 0.424618640799194035917452083595 0.264291535270648136890514479092
0.689005183868060311347392143944 0.147953776088691119072748847429 0.174697418536276627420988916128
0.613932457263631436994444356969 0.320425581747373122709632298211 0.548053106216596419564268671820
0.833384081371159601836495767202 0.986950676070334154132979165297 0.065071625495755680557152800247
0.179629129203993570529362955313 0.232197130516358790641717746439 0.074245853082339094419772607125
0.997488505204923159297436541237 0.291848407575598933760829822859 0.153350909000187357600353266207
0.286387909333068069184236037472 0.236603470281151390119944721846 0.050827631096876192684508311004
0.740144083585985712581134521315 0.134293572287150858590720758912 0.694258062677505782822606761329
0.024716718439984752125893052721 0.868617754972455302642231345089 0.587774591286843728354938320990
0.181174308969066527597036042607 0.795133098025632034655529878364 0.611274003691798073489849230100
0.371988858545126199750541218236 0.896908090242762523480735126213 0.073629146683460044986446746407
0.349884259611765002784267153402 0.718332259409991569221176632709 0.427589387480724669732268239386
0.662897546837290518872976008424 0.778200685422062110596641559823 0.262244887605140086783706010465
0.280580766526477787259352680849 0.049140388426672544641693463063 0.431095592571315799901299214980
0.210784753581182870973975695961 0.058334361129756692743164592230 0.700826201163860629250734746165
0.770528159343547236481697382260 0.534316927869362578995549029059 0.520400855684905905285120297776
0.902924586847153931579157415399 0.252263477863801655054487582674 0.295561829374283879801055263670
0.386061874236780622204889823479 0.883646196108353043641159274557 0.627591126426020107231806832715
0.966662192649113793940784944425 0.994519290779714237871189652651 0.220454503012597446964804248637
0.646142272010741258725374791538 0.319758367175635049850512814373 0.448117837069615387868282141426
0.436037781330291140946542327583 0.442904217686777790241592356324 0.270725538715184288474091545140
0.416611532335428191853310408987 0.823946103138473273652664374822 0.701058278267153611729156637011
0.234629439430308978087325044726 0.887600707320035708924876871606 0.720232365492218695735004985181
0.059937681998961177265439204120 0.003993140917424322332285324677 0.448752332885633931081059699864
0.073721849945342143861637396185 0.447186482121403772183043656696 0.614272206167572720758585091971
0.948189867328209312624665017211 0.810994554139345735777055779181 0.774115508180199252130648801540
0.293783965172521255304616261128 0.212292597396850329927175948797 0.012590574353426801923472311273
0.337683835287341804765048891568 0.022501083952791725573128189808 0.282682936205997381584609229321
0.916188985316255477542313201411 0.342534656083247346369802244226 0.098451645984754296292429387449
0.536781303470997839255574035633 0.332637536003970113451799761606 0.226509563751454368052407062351
0.678904775213755584672981058247 0.655270424122882944040213715198 0.046843115861462676641213676021
0.032554258926191015355300351075 0.973965455404803392980284115765 0.828528486949305142950095159904
0.956258587095237366781930177240 0.823536637578436536699655334814 0.961951615413165317391985809081
0.088294509710850982431296074537 0.287207586610400411597510128558 0.253925499172438173811627848409
0.380284120926512647642425690719 0.883797129285623483951894741040 0.338031251865923199062535786652
0.676242103663236449051510135178 0.473356551733015606941989972256 0.673864010040228333942025074066
0.430014887616073648857195621531 0.596598871418030030078227810009 0.178845403975772504479024860302
0.776522564918603941386265887559 0.230144991062273623905198860484 0.578089871735625315807283186587
0.846212699549075408889109439770 0.833631584151918070269005056616 0.157015547669842742140033919895
0.310831687190178895807690651054 0.408998666435535118690580702605 0.000502886614858709867989516873
0.947619101114616668724011105951 0.257734159786986827267440958167 0.957815653148848422659966672654
0.021641698034244018222782557359 0.936773369081567719440784003382 0.737834715849468691928336738783
0.113639090218396729414784829260 0.104895868397687067052892473384 0.449495704980566290753785096967
0.041980496231594416345345166519 0.970118284449888901299630106223 0.306742304950208377611886589875
0.449615233613380627097910746670 0.086951858168405060656169780486 0.955825732759941315563878561079
0.226210924757312081823101834743 0.619516853254468813361199863721 0.874611513100130855136171703634
0.676561948273534774500603816705 0.144551049865010078354643496823 0.709436379299200003956116233894
0.389204812538413380540447406020 0.402596770520538216331374314905 0.411108306382708066362141607897
0.570771523163552285673461028637 0.388188930564084433427751719137 0.506705007196882495357215248077
0.075445719184796491973976628742 0.212000008574650983250720059914 0.195287849949551395312141721661
0.339395971420632491799551644363 0.577255442288886144730497562705 0.937223516577172510721993603511
0.106767696362239344898270587692 0.145092495981387459291767072500 0.326564885426503748178106434352
0.942143506187813839503064627934 0.117973846870302614964209908521 0.802854303507986810650720599369
0.043298075516177994548350227433 0.498985404442433888583252610260 0.524020716910762018869718303904
0.001089722881674145583963397854 0.142620820313333146467371648214 0.908219737751582156803920042876
0.318499010769650758856386119078 0.182678921065888233421503628051 0.749434040720295291393426850846
0.051527798528354616658386788686 0.324060450255276522035785546905 0.225779919365770992412123518989
0.501689132011456928594839155267 0.111343145335799920125907647162 0.778300770927108365171420700790
0.303606820943973121362802203294 0.596848668887276168071309712104 0.593300407571846322163366949098
0.572170815850297165283677713887 0.715435913733103667766499711433 0.721406580471090630446440172818
0.511355974446785488396471919259 0.544035627908318164536183303426 0.472448736350223941204973243657
0.462886442298534372952190096839 0.191641284205796208484073872569 0.682654247704138517072181002732
0.144205592262615894805222183095 0.510530567879091456973128515529 0.166340803008779625216106978769
0.881753334134544375366715485143 0.440791072883375545377049320450 0.331196425882314127164818273741
0.252690529204585845324260162670 0.513773496034876542282177069865 0.727026282240572974124859229050
0.706032951009884834903118644434 0.730904374485823682405793988437 0.685954417337310662361460344982
0.160491917322305555071437765946 0.127370748271315586963581267810 0.877030481673298112355041666888
0.039153459523646738649205190086 0.559183705652491980231388879474 0.391568062843667519246082520112
0.930783375051998596028113297507 0.175429036348613814899621843324 0.801571982822772866050797802018
0.118142089219313864423277493643 0.470426610137692380320117990777 0.860477419246150621034985306324
0.365928308003276747673027102792 0.111167246804670619142463294793 0.432317785552676359106527570475
0.842779710934379866493770805391 0.924576117749917103516565930477 0.205947076924331617941987815357
0.915907142753276892754854543455 0.796919277086751476346648814797 0.075105406005114880296780199842
0.020448001427759831399866286006 0.765137916207627055698026197206 0.958403521142084380279868582875
0.363638327414023188044467360669 0.887989231173056059454040678247 0.252087780702031860613487879164
0.584283633519280365398174126312 0.837140397619256626526862419269 0.784728947244606844790837385517