  0.0388296
   0.622972
   0.319216
   0.193077
   0.588435
   0.994141
   0.126918
   0.996803
   0.121525
   0.478256
   0.156677
   0.764134
   0.206091
   0.502472
   0.353301
   0.433629
   0.420261
   0.533785
   0.445605
   0.979247
   0.428844
   0.846154
   0.204051
   0.254354
   0.894694
   0.515204
   0.395025
   0.975209
   0.839327
   0.174678
   0.602602
   0.987356
   0.754063
   0.465598
    0.78133
   0.040844
   0.865072
   0.609536
   0.676328
   0.616994
  0.0538797
   0.387372
   0.338475
   0.607692
   0.668642
   0.410978
   0.120471
   0.681767
   0.250751
   0.839417
 0.00351876
  0.0918772
  0.0953789
   0.302455
   0.556068
   0.653229
    0.16519
   0.787377
    0.32816
   0.805241
    0.21553
   0.368572
   0.925184
   0.219222
   0.230299
   0.537112
   0.654018
   0.873004
   0.408912
  0.0339556
   0.149651
  0.0573974
   0.918776
   0.922464
   0.335092
   0.949171
   0.404024
  0.0922926
   0.936414
    0.25968
   0.999797
   0.381292
   0.643591
   0.328763
   0.153305
   0.036781
   0.743819
   0.589328
   0.321947
   0.901536
   0.451846
   0.665352
  0.0203763
   0.800225
   0.765327
   0.545977
   0.257233
   0.177669
   0.706596
   0.615136
   0.197388
  0.0650591
   0.409084
   0.592875
   0.735669
   0.367898
   0.397577
   0.194641
   0.555759
  0.0591678
   0.680024
   0.959061
   0.885332
   0.545038
  0.0907114
   0.350961
   0.186023
   0.696534
   0.131184
   0.978836
   0.914383
   0.167889
   0.319388
   0.028359
   0.720477
   0.768331
   0.160469
    0.51054
   0.830182
   0.371967
   0.218523
   0.917281
   0.106761
     0.5389
   0.735472
   0.229239
    0.75289
   0.661513
   0.726333
   0.809603
   0.505996
   0.606606
   0.568049
   0.699132
   0.357778
  0.0430764
   0.197755
  0.0426266
    0.33315
   0.860483
   0.688003
   0.706882
   0.421393
   0.335018
   0.982453
    0.19354
   0.792716
   0.612522
   0.485848
   0.251068
  0.0369134
   0.839187
   0.955021
    0.44582
   0.753361
   0.775574
   0.608844
0.000901368
   0.150827
   0.634738
    0.79316
   0.228214
   0.200612
    0.15953
   0.851828
   0.849331
   0.982483
   0.891851
   0.804399
   0.766641
   0.385844
   0.851572
   0.280262
   0.802327
   0.577632
   0.530363
   0.667508
   0.753837
   0.151634
   0.863864
   0.468876
   0.375634
   0.807907
   0.163628
   0.372718
   0.540897
   0.966277
   0.315208
   0.620054
   0.117153
   0.842655
   0.778164
   0.146232
   0.707274
   0.500726
    0.69507
   0.807432
   0.506632
  0.0648806
   0.599956
    0.83373
  0.0924283
   0.701004
   0.318918
   0.199831
   0.509465
   0.344634
   0.302256
   0.592881
   0.411897
   0.434902
   0.261285
    0.91962
   0.140619
    0.40407
   0.933408
   0.791497
    0.74454
   0.618042
    0.44605
   0.799717
   0.775516
   0.067725
   0.937256
  0.0606222
   0.218821
   0.696804
   0.356018
   0.642758
   0.757954
   0.368978
   0.857372
   0.602953
   0.779495
   0.227673
   0.846262
   0.495909
   0.484665
   0.617861
  0.0562437
   0.300235
   0.727118
   0.431884
   0.447155
   0.576824
   0.404041
    0.39397
   0.693225
   0.314573
   0.530055
   0.242403
    0.81849
   0.388539
   0.863921
   0.817092
   0.468282
   0.373663
   0.223641
   0.992491
    0.98149
   0.997714
  0.0689707
   0.469748
   0.166675
   0.651165
   0.765385
   0.958639
   0.465541
   0.843702
   0.586974
   0.240773
  0.0849763
   0.558057
   0.810112
   0.941882
  0.0439709
   0.374658
   0.453367
    0.36979
   0.215121
   0.344878
   0.384499
   0.700563
   0.402645
  0.0822575
   0.746816
   0.868346
  0.0842209
   0.814368
   0.528273
    0.44376
   0.976308
   0.761748
   0.527454
   0.631154
   0.676052
   0.478561
   0.855282
   0.168538
   0.756977
   0.481699
   0.323775
   0.100641
   0.827946
   0.126732
   0.717863
   0.785295
  0.0851316
   0.461893
    0.40104
   0.742087
   0.707295
  0.0739164
   0.434073
   0.518071
   0.802733
   0.957304
   0.121731
   0.350196
   0.286575
   0.408554
   0.628174
   0.316336
   0.801794
   0.648267
   0.575085
   0.777528
  0.0229743
   0.345768
     0.7436
   0.297621
  0.0528682
   0.629844
   0.639305
   0.753239
   0.833032
  0.0731469
   0.905857
   0.989741
    0.68503
   0.784239
   0.205219
   0.597496
   0.365168
   0.859209
   0.664932
   0.754545
   0.349647
  0.0321645
   0.212144
   0.913944
   0.264187
  0.0784008
   0.396116
   0.114224
   0.502631
   0.036924
   0.681665
   0.601978
   0.957246
   0.808038
   0.222338
   0.344234
   0.105778
   0.758058
   0.595864
   0.523649
   0.197893
   0.466933
   0.919459
   0.506819
   0.221167
   0.553346
    0.97553
   0.105737
   0.370425
   0.135857
   0.204572
   0.579512
   0.709983
  0.0264555
   0.758679
   0.117839
   0.417263
   0.455196
    0.97113
   0.522612
   0.677735
   0.201057
  0.0565203
   0.748961
   0.924791
    0.83012
   0.310038
   0.349079
   0.301957
   0.398112
   0.973557
   0.346891
   0.943705
   0.657855
  0.0581756
    0.42869
   0.553529
   0.403573
   0.320317
   0.886508
   0.455998
   0.758271
   0.686016
   0.555686
   0.209616
   0.620271
  0.0340346
   0.785509
    0.11133
   0.743374
   0.935667
   0.540954
   0.419432
   0.322294
    0.51574
   0.870758
   0.228107
   0.205409
   0.743591
   0.203671
   0.633454
   0.553367
   0.539265
   0.650056
  0.0996336
  0.0519706
   0.558618
   0.578968
  0.0995957
   0.778801
   0.291838
   0.403046
   0.619566
   0.246997
   0.857582
   0.961538
   0.282219
   0.990512
   0.852405
   0.303859
   0.404294
   0.706176
  0.0262834
   0.308922
   0.519025
   0.870043
   0.240594
  0.0278524
   0.821019
   0.380057
   0.455274
   0.901834
   0.348737
   0.206592
   0.606855
   0.919008
   0.225712
    0.19345
   0.105885
   0.738082
   0.238073
   0.159546
   0.795796
   0.207445
   0.101625
  0.0614291
    0.91125
   0.371658
   0.712554
   0.758274
   0.536212
   0.116886
  0.0528677
   0.264768
   0.747641
    0.99266
    0.78813
   0.633732
   0.481845
   0.437924
   0.929455
   0.688995
   0.404589
   0.892205
   0.249458
   0.275284
   0.433137
   0.954236
   0.448013
    0.61254
   0.427201
   0.673645
   0.669634
  0.0745215
   0.315777