0.141147005610606307568488659854 0.668446471667786701331692711392 0.949690181218419304798317170935
0.312547306254693402216560116358 0.700236857043767813024714996573 0.447404099501038099440108908311
0.472036355985728128814571391558 0.799939497094544149646822006616 0.731586751035598448211771938077
0.679024982636519558454324396735 0.491395735281215606526927786035 0.884850216634170738672082734411
0.461167451241743575618414752171 0.015637789796055467234081604033 0.652658393314171414445468144550
0.714228568034978694711867319711 0.001672944058592291385542671911 0.195787116041593933779552116903
0.966152070684070385375719069998 0.536919486256360545262111827469 0.748819366585451784423810295266
0.033526362547000781999528840061 0.713584459333299059302646583092 0.777327550514750997834312329360
0.428618678962477128724373187652 0.520687465789342662780825321533 0.276781504895363794638285526162
0.832677636359518302811011380982 0.100179586430687250775406482717 0.283090419728898812223860659287
0.746595268933016531498481072049 0.498442297173468884530223022011 0.544378046638830381809270875237
0.165657477761628452173070513709 0.940331548230430303014770743175 0.020460211936401701687815446462
0.953559703270447145406762956554 0.410652266545813438014533858222 0.042119276655947515686229110088
0.432178647975772711742337151009 0.332354691152448422641896286223 0.730159414744306678457519410586
0.479218530226947159178507718025 0.673884934780336952719892451569 0.417605889580075217981658397548
0.763620125964504015136924408580 0.274594558856957549064503609770 0.408464644937436227589699910823
0.407893975109600848139024265038 0.518266938490010153905984680023 0.604762125555576068869356731739
0.988817495755267006352084990795 0.651087146666980753906273093889 0.703006651337268029244853551063
0.596142291299938453796869453072 0.108984590279168250259722583451 0.590499747291179266639460365695
0.413086808156039764217126730728 0.210488775014122525552906495250 0.448681820952674337288357264697
0.188854155701036058312425325312 0.503499419770899514503526006592 0.918717935441421551523433208786
0.384823667288498205696356535555 0.865321693253019774694223542610 0.412926409571232500006487953215
0.126175298065804575298187728549 0.496994927301657840601478710596 0.996040430169500168311458310200
0.720008243758445409810065029887 0.166154488063864236302435983816 0.366210337430937671321373727551
0.082642225713265626829695520428 0.130576121753096269229033055126 0.497595581358958427564687099220
0.955456971933124399321002329089 0.831745863648848504645627599530 0.137601717323076105925494516669
0.437600721256871272313304643831 0.256407010189366235675123562032 0.376477704455297546015657417229
0.082414595068801832500327009257 0.541415453271904989485108217195 0.269066133510327432087905208391
0.709927172912945381177962644870 0.749488576945498863324246485718 0.343792730585041395041656642206
0.953414374276894682758154431212 0.896560324898190152964616572717 0.258755892052589586693756018576
0.519999707591879634094311768422 0.337087101715148385050468959889 0.888204421816731981564885245461
0.054671685311633314019452711818 0.865897097059266540597377570521 0.243417327172634201382095398003
0.075058336597965014114208770479 0.915839322983296733049485283118 0.324705639033417980954254744574
0.257224229398407999713782601248 0.981655407204889307593020930653 0.029340246902411454971160154059
0.366080060863395506665085576969 0.479942560755570346575638041031 0.991834840690812180596935832000
0.913530963046711441677416587481 0.756179137983196025807330897806 0.256735110632283491938210318040
0.267226758320234292209960358377 0.480269436935137239430559930042 0.864511945437162587779766909080
0.383631820328406203390869677605 0.515234427804948658113914916612 0.766292342072608767544750207890
0.868049316755192146288777621521 0.762569446176692200545232935838 0.470242188552699447168237156802
0.452971129096961411253374762964 0.735835087348494898407125219819 0.736473762110535723479642911116
0.865051729301382410497467390087 0.334516949675587982326874225691 0.687812684234882065759109082137
0.731046640473204556442965440510 0.560762874027232127716047216381 0.319703331961674996897215805802
0.161534031220047002985751305459 0.351655534831947336193991304754 0.319798528752124555651903392572
0.592520094544629838395621845848 0.771088268726521031126708294323 0.567473887011828659332479674049
0.821281852619027419315500537778 0.977938923888958755448186366266 0.877844188798173830079463186848
0.381166535874630840741161819096 0.640432393833654023396206866892 0.977311538023505788075340205978
0.686811622185923620342862250254 0.167951838745025838761648628861 0.530457317804959416207566391677
0.325144537251730814109151879165 0.720769565294452463355412419332 0.391394726028604533762944583941
0.597324744822085751394524777425 0.590115815719793213034449763654 0.692182054688512460316474061983
0.381878915100001992133371686577 0.334879197708137565925312628679 0.667402034794698506559029738128
0.098146258526327495586016880225 0.098220665963282549615342986726 0.753659679294318651798789687746
0.198207857532886833062946152495 0.340410752353804468839371111244 0.337962416875872140309411406633
0.467544519022744187175533170375 0.072894442687884364318051666487 0.322878572479814773821260587283
0.516104942166380808998837892432 0.937185501622454841808007586224 0.724905447170383077093447354855
0.671794011043542194094868591492 0.792416311426006325646653749573 0.739174928457624891287025548081
0.490707973743056136139983891553 0.302079435709325438974559574490 0.431462489432904938713164710862
0.522719236169198575581162913295 0.574203037339402588834502694226 0.939759144972656668137744873093
0.256222091870656809575734769169 0.102021103481744590535384986651 0.926912619848634267150089272036
0.475408762651469640747592393382 0.530958755430523732243841550371 0.925663450709976021180125371757
0.218614118193526579814189858553 0.046674647327033899624204593692 0.669236069628535878983655038610
0.871284581135552516073516926554 0.605641050089600230244002432300 0.440409879243934543335825537724
0.347014402014571010646193371940 0.278540164181495186745962655550 0.769230412855720357967470590665
0.802285570227452171643278688862 0.686044684112403602149754533457 0.134404383097218638187797523642
0.872508960664075128299543848698 0.226174471699489204601363212532 0.929889315261796300937646719831
0.708521365466570518520939003793 0.647270056836084295426303469867 0.466490235544108455822964742765
0.988958922820731278768846550520 0.970417512337627075069690363307 0.670134819582233420831585135602
0.772538496050973799711414358171 0.138372192806134053366662328699 0.216020106326834854248986061975
0.089833199991804876805012725072 0.774924807198851373080117355130 0.801616019496201537286594884790
0.417074242879690582075369320592 0.244101895866883272789849002038 0.172031441938870988117571414477
0.935136534153779952482921089540 0.990183791743873942259313025716 0.741164163149545029973808141222
0.554349487641549898420123554388 0.434587865205592782658072792401 0.131749766211787161518387279102
0.099769780557453655034372275168 0.939703272921049381771751995984 0.653972028097125623880003786326
0.723673783585562002684810067876 0.679772678487457593377030207193 0.946317043881042874176046098000
0.837120327795148111427181447652 0.603517040018641259813136912271 0.643666825889092630852417187270
0.851625115392989795459754986950 0.517431591949386815443290288385 0.427155392634852304478698670209
0.317359883334211556604742554555 0.645710780473446654958991075546 0.631400123493619180869984575111
0.132171293263295713815708154470 0.031357018577326062347410129405 0.241972410520975289571765642904
0.201803635866280417499041277551 0.714868040455615805228717363207 0.412976416555114300699358409474
0.148220441624130838675910126767 0.530702162412924227652410991141 0.503115610979567140503831979004
0.556915652218743728596450637269 0.937776267021736109619212129473 0.045781396533273607807323912766
0.383748876637403979472651371907 0.750097815523186994823845452629 0.573604522002312822159808547440
0.976161176934685848038952826755 0.313373261101249134252810790713 0.285544803783287781673294603024
0.010823839361876672754414485667 0.174239577578032156512932715486 0.348625222223951203304181944986
0.087615671386971932799170303952 0.206370021416950238934973071991 0.697415837442375674548600272828
0.265285243173150553364081360996 0.558497399666250338157169608166 0.400482617204827862078531097723
0.133044914952576143196694147264 0.025400639582791144366336055782 0.977180045436085387144942160376
0.034399889881367572141979138678 0.944858981479640092082661340100 0.930560526711740165772823729640
0.727857621993400538684682032908 0.536293134429934537088513479830 0.492806864486753037901678453636
0.593931300893065672319437453552 0.729615180309938327063434826414 0.740559469215006593856287508970
0.868451565972046868324696333730 0.000788920229242922634027568307 0.432914382172951750504807932884
0.485571530083871383265403665064 0.947864803281792012157325189037 0.268695161873362842186452326132
0.694029654247140359579759660846 0.218114387761517508623754224573 0.503695629687553325659621350496
0.415772763767456143835232751371 0.708780654603707427341419133882 0.927855442993241741334031758015
0.610088188946863008155219176842 0.000044159921553748725676219467 0.093261870319132300632958276765
0.918856043728261906444743090105 0.771572714242805934858893124328 0.645084214903402397567333537154
0.965752925687706320623249212076 0.028402872719937473366957902954 0.140613803792966368666483845118
0.567394381386001178668720967835 0.279186598659890428120178285099 0.995124312699676161209083602444
0.122414286411584263825069740506 0.347450120034966392079667230064 0.042052118243745377490494519179
0.028656125766511914010337136460 0.491608907812304374296275000233 0.104396528928019080573186272431
0.210047335231002607613959298760 0.133956313507698515641308745217 0.334637296648597482029430238981
0.118508012877369811599592708262 0.203484223974019912128952114472 0.917249420077906107984233585739
0.369573518684639612530418162351 0.077778859349633203135176984233 0.789368698436073157331804850401
0.756860158456268306004233181739 0.968357132304174084147518897225 0.759876289011910510673430962925
0.871897130005060638779923465336 0.013159529594980167235829249250 0.890359040014936709006576620595
0.575124780601630303245030972903 0.475302120794157123562229116942 0.991052912242454953073433898680
0.950951424454332783220422697923 0.084679982199867775971569017202 0.240674003193050101145900043775
0.292047298971635782560696270593 0.295585272008822286249341004805 0.861933592604323672858868121693
0.942799887210859166586374158214 0.482488907189295268551632034359 0.958032933191938274042342982284
0.646698424481531364271802431176 0.401385107591481438138458770482 0.194832483041822629443728942533
0.881829809527650998468573106948 0.525034825281324724066678300005 0.677983984434829323184601435059
0.218559691544758682990590159534 0.176343728707780755815548445753 0.486822496665299864204712321225
0.679761818564625031058312742971 0.002852386816253226625716976628 0.671695908652107709357892417756
0.114332908851651801618309889363 0.037252920376865929219523110305 0.851796868145691332685487395793
0.929578493760992996541858701676 0.541170872352332188448542638071 0.764719235614870540551635258453
0.356930189778865925021023031150 0.422270766842426648057795546265 0.644120572615370812208368533902
0.254960157226145123221527910573 0.653076991267925954787187947659 0.883167365615352029095674879500
0.331090108090125179174378899916 0.455741908121067851311636331957 0.338723125036852978908541444980
0.764367847199065142405061124009 0.502676043643651038195230285055 0.386957379660931133358303668501
0.223696635285258765835081362638 0.244978086461005856167005845236 0.666998561689678970410000147240
0.072335736030044159305951723127 0.249468001607762751570263048961 0.609825803115670583842700125388
0.435162099778099609181936102686 0.674296670731444947044508353429 0.210188573125939498487113610281
0.077667060530406339946551952380 0.544495892879814369358371095586 0.201623713295082801488788959432
0.172575379639157505673452419614 0.661194586140684714692383749934 0.993576518105250494627966872940
0.252869270112216049106734772067 0.570362409468076814178516542597 0.985007337327623688771893739613
0.829115881964470391451982322906 0.448280011144901069375379165649 0.628027494096110472376892630564
0.008237023272235594745227516000 0.338791907187811380808284411614 0.134601426263315199216563655682
0.135173221044945252033997462604 0.544798587091300023921291995066 0.260749246295328418465686581840
0.722331157100109644275676146208 0.947203761337738980863321103243 0.879575104877566960048795863258
0.787816533059414902950834402873 0.366157723783706090525669196722 0.755057105229045788519215420820
0.783323001320659462187734334293 0.535384193946519149065466081083 0.401935569766365130561780460994
0.440834299502635251766236024196 0.507622959308026033831140466646 0.600232116954632299865579625475
0.743825302578910774187193055695 0.470302020443315593745126079739 0.132527050317567063331125609693
0.447579818133879758779158919424 0.115541922875823294125652296316 0.969236568086844885172581598454
0.289725009178138870336027821395 0.212475516871433900423227214560 0.670444210400394147164604419231
0.576376694669978983931457605649 0.373712627719730516862028935066 0.365922833682800985322103315411
0.672713630609178436792205957317 0.251393985782558171404588165387 0.029051933182413794409804097540
0.546250153075122812929009796790 0.542718074027535024583812628407 0.506736657372115817388191771897
0.911294651654342313662482411019 0.307891006830215807621442536401 0.662595586910567080352052471426
0.313135999972643019884088744220 0.088953760049332614157080456607 0.313333887991708359699316588376
0.522830788615436969912764197943 0.561199679447586308178586023132 0.071535531174319696989805095200
0.630210009019256167661637846322 0.067088119134580154190317102803 0.921913992553349381786631511204
0.138695999132684349985922267479 0.132949079548683124496477603316 0.983500748488873921537845035346
0.386844986705947024852036975062 0.257794733840381096179328324070 0.970511428067956982701502965938
0.456529905236791322398204329147 0.354847010402467355483224764612 0.304718816053357099971066190847
0.125380790495251887017857939099 0.020236386651489288168725977357 0.836423830515939714658202319697
0.851955580679206070371378700656 0.350553974175631222198745717833 0.419021540117397672808863262617
0.565870649219145649411188969680 0.651854151634291167916046561004 0.835248472715237499919282981864
0.896149193442069780246583832195 0.570773243673223795724425144726 0.401313602189044993373556735605
0.843236434614564878131659497740 0.449756024346344651654305835109 0.605964191190506595852127702528
0.532198984534442254279440476239 0.708736676130315879085230790224 0.091490809760080893386913203358
0.802909298905479351660119391454 0.003338984000235226470842953006 0.769089224872226306928268968477
0.197307460915271293266926022625 0.352828474046446127765364053630 0.556961526409835205875253905106
0.496630841184285187761560109720 0.892717020747209821784906580433 0.422943463107140704693165389472
0.597670683828632975931327564467 0.326420470142188945406047650977 0.957500392761553742460023386229
0.392290000403490990432686658096 0.822516334603242915690657355299 0.885485905724515243164773892204
0.133708270210252277987450497676 0.863425545767517510498123556317 0.170269104136824916961856501985
0.669348975468961104873244494229 0.371824030135826377740926318438 0.822698676200686374038184567326
0.292684290596546325957660883432 0.432023552007774924721417164619 0.592921498762788212744112570363
0.745386230904439006650363808149 0.550751356491272159310312872549 0.928317855933132096701854152343
0.634248666120512449850821212749 0.299651163819408261623777889326 0.422267645913547096103712874537
0.970674090726146188146117310680 0.248789341451193246612660914252 0.341786929233840686137568809499
0.118326857152936601447201780957 0.274415090892908997144417071468 0.897479003022658705646108501242
0.824502523518294672122408428550 0.631515156480983663733752564440 0.550016506789851367109633883956
0.541682153971252078328291190701 0.922615400637788907189928977459 0.493855813564339607424358291610
0.015688694086259464405275210197 0.739073096507592341986025985534 0.437958509423385988768018250994
0.053253618024630952620945834042 0.171033698461411060032233422135 0.778116941232389836002880656451
0.481622177443133459018298481169 0.442304713305797458922086207167 0.011100604921623019247234331885
0.010522588583735406619901198155 0.928680567768219056290490698302 0.154966695556003702938241417542
0.780970836624508835122071559454 0.201690671351339390060530831761 0.680005550470325847989272460836
0.611962178309880311388724294375 0.351046432507502503828078488368 0.520015656049308883090986910247
0.796261688384332533274800880463 0.536651470838137356622610241175 0.090928395546522003400902178782
0.370655189015591968182405935295 0.852804679752015237781392897887 0.247409727945357038603191313086
0.902874788106056036518509699818 0.363212714853853646523873521801 0.090367708276558864066707599250
0.850167769166979225836655587045 0.352512056732584899698679237190 0.741291378368734599213496494485
0.242068353116466516983251722195 0.957078840458361446152935059217 0.843156250264016859929938618734
0.879175717087771979585397730261 0.834683491112079178897431575024 0.771838028974980772112246540928
0.758160137424957580876139218162 0.142063090364281968680515433334 0.900700472080684044762222129066
0.703223516178522300990039184398 0.696968301427945080561698887323 0.636840769087781088941824236827
0.155583589035092284547090457636 0.854808769226150788611562347796 0.198055107763725535274801359265
0.975583548925846644195303269953 0.475184021171491999258051919242 0.827063515579942176714212109800
0.451294969647443589000346264584 0.110703647990280998336665163606 0.166547598214272646321987281226
0.724070217626494261331515644997 0.825976999609108419875269646582 0.936822605997864710225542239641
0.488017901273961440811177681098 0.174224399986604827628156044739 0.531987564075321106571436757804
0.049454419015728563746581158966 0.577766573838982999689051212044 0.051476538576628802501566894989
0.358587835147758993148414674579 0.248437531093254143632620412063 0.548181604012301315620447894617
0.255106025732022401175669301665 0.602843387805355956921005144977 0.107502570448131301583671870503
0.432618569850998613279813298504 0.574483757561010111025723290368 0.272053192765123297292007009673
0.615560516646959987596687824407 0.093501757746031477491754912990 0.179055874286389277161291033735
0.894773529410097245850863600936 0.188769103433579416018162078217 0.778347560585810782640692195855
0.946780400563344226583240015316 0.161065545264722997931272630012 0.330588836975253597127988314242
0.533341673502304436382814856188 0.351950545516937496337561697146 0.267612933311554224147243985499
0.494767686030797404495018554371 0.378872088339507695486929605977 0.961275163214971084535420686734
0.130151313631741011311859779198 0.735924642901132464167801572330 0.623998208035046797448330835323
0.777865228515881468318582392385 0.685796704907287724140019236074 0.843157386701918420968127065862
0.146846549912296425732805005282 0.472993792381052435835897540528 0.998059501939802640180232629064
0.386194648825132491598566275570 0.275184310822350786107648445977 0.075195690824800529017402084264
0.741878415010416958352834626567 0.562401673989610273451944522094 0.579412161806766468075124976167
0.046452034426013449897041596159 0.896222281200614090401757039217 0.510609496484217939560323884507
0.850523749246972382564990766696 0.114688430036223198982270332635 0.543788920592828350919489821536
0.775743891150740161322119092802 0.737777944673314256540663791384 0.220995970042796835430820578949
0.015403060169590502767600348477 0.781526229019999907343674294680 0.780169814026439034648774395464
0.977706917259315577695133470115 0.835534933861254325293543843145 0.947177921389997123924331390299
0.863443641309709408737660396582 0.297131918682523699093422919759 0.110993480772377722809451938701
0.966356513306391273765427740727 0.524018307400458294154077520943 0.214205220949878372138641680067
0.792619724831388761110417817690 0.752395725841489171337173047505 0.276029902555583572798525437975
0.649529847214742273031617969536 0.512765496694426392565446803928 0.647410019455149532419113711512
0.464514935236379267191608732901 0.321460773995677129288850437661 0.905545954406840603034822834161
0.481813288749924462095464150480 0.065959631443535560180180254974 0.720483179391144812342417935724
0.264667059141384275466890585449 0.060128754654691876635475011881 0.339174016669085587327714392814
0.290794352167552783150483719510 0.687556688693419237878856620227 0.667106352873479635512410368392
0.828176612733857231418710398430 0.521644031069210978301953218761 0.098041657764927098162033303197
0.553166967056681668779560823168 0.807578452953074399367494606850 0.035063186171754065489913898546
0.126086003417215208877166787715 0.082217137470451048808506300247 0.116041348520543485811629125237
0.515869477467433612538627585309 0.371442407390698725588862316727 0.053769834820041946532587218144
0.302043453571349651554101001238 0.153853257039392066207739162564 0.428996674231690633405378321186
0.786704914784184583531612133811 0.827598710333876219635840243427 0.915591057163681831809753930429
0.650162764367212209215551865782 0.122605539844593242060355464673 0.056077532390726429756266924187
0.125400028797280155279381119726 0.985778561012591758583312184783 0.299644119643388051610344291475
0.088336611880332122082037926702 0.206191511726439180574033116500 0.882033758753491214932296315965
0.317291032951803442241356378872 0.561954834655934876153082768724 0.174944684507581105226137196951
0.120661313820773691274368388804 0.984775318025699952784179913579 0.411744053425368128351635732542
0.578754881200453041856235358864 0.935003858747721294797372593166 0.583615202818008049767684042308
0.560505938119685742648812265543 0.090183462237774514314025964268 0.878054833896234177004203047545
0.786016080831961949648700738180 0.952999382902735558964479878341 0.236176396935252330688825850302
0.172096102268214173891536233896 0.315848959500936221633793365982 0.733432899272653537892097119766
0.245653415081549780785152847784 0.623340979427191244077732790174 0.110312849800835027780365749095
0.144289143931436492085396139373 0.218117679839992195667264240910 0.496364532732656182911767928090
0.974705646176340811948080045113 0.292120075471961782032082055593 0.936290555390219880749214098614
0.001844388149058116084175185101 0.123523789028395766798062993530 0.072464372398803225672203609520
0.690511046441524833916503212095 0.917590298971509121805922859494 0.745489094300129995218640033272
0.311542754472593719228257214127 0.972294151478337642657834294369 0.060529567288291688531565171161
0.015410837795404655481412703466 0.931730999126995196313316682790 0.940104152970394069122050950682
0.996786913057934431670048525120 0.446911110157172775103617823333 0.765681778930917378289677799330
0.683425367516523718514065421914 0.375218962671079236947946355940 0.064682723954244014663572670543
0.256625108149895919673610933387 0.033412510727982611125064238422 0.618130877821821411721714412124
0.444087543727834876960969268112 0.784654068836932894193125775928 0.189108195832962011628808340902
0.831205843758600515513990103500 0.150149114347470136188178457815 0.866959155040707640793584687344
0.535153565390736218887468567118 0.022240877538101531257774823302 0.666371583717809135016807431384
0.704143824602963874781380582135 0.103202292243037285768281208220 0.512863144781196544919055213541
0.016526924585835999631511228358 0.115279134608700983832818565133 0.284295786773255898527423823907
0.514201970500335447944451061630 0.726046513682638061659702088946 0.277094228571234280078527945079
0.525959465918760304958823326160 0.869041190344338798645651422703 0.216723678871493380393431493758
0.691316587164143236954316762422 0.256825730227670578909027199188 0.996219817331802093285375576670
0.043661455832161924495160576498 0.979999003270751400940241637727 0.106602237471795174839073183648
0.218359899229147585986154922466 0.170505590076552776546137124569 0.835424468689984323077624139842
0.518358348296588222758884967334 0.241601674142483319185359391668 0.114468650242251016035943678162
0.779210594104824183503410495177 0.311358107317359245058696615160 0.391489672972333946354694944603
0.419767018420487081353797975680 0.998828340429727568050566333113 0.698361419137171535176378256438
0.120818308771050833549942638001 0.482401556289586641579347769948 0.508927321723859571456216599472
0.663545268173408975265203935123 0.067120656461513703017196519340 0.261796935125360452634168950681
0.678862551381828382979222169524 0.176198346214044260227282734377 0.598084248835545007061398337100
0.199487490822443602755953406813 0.136716134367853098252609811425 0.515041187753896179124524223880
0.184871555776215723554400938156 0.348793716207785986505029995897 0.880255642454815245834254255897
0.559891347919161064261572846590 0.778914289809574444944928472978 0.128390461154197776938445940687
0.267905720371899691567563195349 0.284338346805193875610484610661 0.869277383804515801912771166826
0.899108644087344144324447370309 0.539887232066196154356418901443 0.241217440715043585086618804780
0.168588425061544755489961744388 0.579106838042484861617253955046 0.524692556929228448581170596299
0.066254747184184364927617139074 0.147396080621931574450300672652 0.614725736528413224668554448726
0.116906297044668316953419662241 0.961258848334179627492801500921 0.744140590897092835120929521509
0.196645000911751799410609464758 0.104849911192234412915524899290 0.943611596428807541947492154577
0.670316519987713577144461396529 0.697144882286331424303682524624 0.822486045272527332983258929744
0.098340447887973692076002407703 0.024841289928576905376989003571 0.073509694134202580029224805003
0.061506588835960343542019757024 0.635789244693174326883422509127 0.929692232407291929696668830729
0.538042780950548360507923462137 0.980200786374317067917161239166 0.857887537629528074134555026831
0.146971649620729727381274187792 0.262395769175138460216345492881 0.861237021531439772559224365978
0.136100324257541593908626964549 0.731491994392452826723172165657 0.356994731483653959802637700705
0.289862119455890965280531190729 0.427652851134354750062271932620 0.181836222959007420829635748305
0.601634354157175255117806500493 0.168187091115450881861903553727 0.259875764734532554989243635646
0.841368046727284824015669073560 0.776300835745154294009751083649 0.829263784972731232691955938208
0.432815909808527798929844720988 0.305438810159520790499243503291 0.868861112358006115741204666847
0.250504350729432556654785457795 0.220467674686275566520166080409 0.764943993587559711855305977224
0.517095108623474075670856109355 0.712852952866436351264667337091 0.305318923585329138337129961656
0.503625401836815034251060296810 0.193919202605769197544915982689 0.399189436125855057202471698474
0.298967183099943190072167453764 0.002536693875231174882117768377 0.002131514678016402722371402945
0.355683256463326491481069524525 0.620154388683342161492362265562 0.651535566341651661836920084170
0.308742502637872229254156764000 0.910735342578751994047081552708 0.165201838473544165841744302270
0.376141770791611429469725180752 0.408094506062072870378187872120 0.219288383270515307987835740278
0.932802439890362045105121069355 0.344526221078219507809592414560 0.045112455678398166725173723535
0.068845915277541427923502226349 0.807746224769335441351358895190 0.831107203855825704685855725984
0.323918832205836504378737572551 0.566907961538159699266259394790 0.832671706441320047531462478219
0.694922899512824931989030119439 0.772718030509971898212029373099 0.149526345565737239784454004621
0.756668018920866325416341169330 0.060168394305894976059612133668 0.256079546030508586884621990976
0.387763911502207458958935148985 0.962656064758152130167445648112 0.699829413439927217055469554907
0.144198789431611518185860632002 0.551097050310152214436243411910 0.623398134604247089463058273395
0.768572597557440007065565623634 0.133579709590231215932121244805 0.625311119177342056296708960872
0.440714923112666134841219900409 0.296542661542983698730324704229 0.547110823526889999968148003973
0.255411293220233481804370967438 0.797077678933355349144562751462 0.216759409903753724746522379974
0.729399965358588087127600374515 0.076126326644343045302321115742 0.778161439117844300206172647449
0.762817463815839702512278108770 0.057961822001961850470141968117 0.055292713881101837603004867105
0.680612142479320003651821480162 0.490678275388020057601323742347 0.376007541039285131390101923898
0.278670619720130630092569390399 0.749513184860603587367222644389 0.757752862521049674882078761584
0.028175560955515654981695661263 0.996895773222558956305761057592 0.200981108718512296862357402460
0.934389070831033508035545764869 0.191585031463287813746632082257 0.426730840850337467262676227620
0.765049930849949211264515724906 0.584177317725733780129360184219 0.625617285975038184275831554260
0.657687098924839341762549338455 0.895902050410798400648104689026 0.206066106922954961344629509767
0.313674246337455109312486456474 0.948343123036133661685198603664 0.961127998873027578063954479148
0.730054981261598290309677850018 0.935145442753192224216718386742 0.771438419736172109608673963521
0.697822479586849953037130944722 0.264606693030973838531849651190 0.160956696873848170703524829150
0.728467115287285582603260536416 0.571625153145479014682450724649 0.873175689134552124315291621315
0.050428701502512641996478492956 0.270169587128526900166036739392 0.534662703161869368173597649729
0.887329223334459848970823259151 0.005656004723724778956994718726 0.444795711246366465285717595179
0.404466647043614069279016121072 0.856824486757156833505177928600 0.133148173870878933078287786884
0.662027691527436457086253085436 0.098264402672590941967278865832 0.385984483364556985041105008349
0.818126896363579270143873145571 0.706525655544623765180745067482 0.889118942451430416262780909165
0.819640446929242982854191268416 0.421215294497724490607737379833 0.732466816362389638861429830285
0.730272636979060307815814212518 0.556645773346429173500382603379 0.190347847685404608641945856107
0.776740433534515606339709847816 0.889123184789469278577200839209 0.851989780747948510786216047563
0.782535487871862001085787596821 0.854713167381433214231378769909 0.002759664843974175916369029338
0.474524340354415763432172070679 0.799864953449777815741583708586 0.755532209955534606038440870179
0.862801550891109325647221339750 0.531182151430650617562889692636 0.714451738541273195792769001855
0.357926096430936091508101526415 0.976976044192361281481851165154 0.802503946074948015798611322680
0.073134127839614246346933157383 0.674034843227408142496415166534 0.992747520195610078097558925947
0.124577014154842749538154578204 0.147064922575489198663944989676 0.292738717131790671110991297610
0.707954222712696146224686799542 0.716033269823830642586415251571 0.449556490423312749005191335527
0.412289501675642711120417516213 0.013110640449894550227383227536 0.594453105174948537303691864508
0.749212805577510354559933603014 0.101539295506210366926147514732 0.204675492458864904943283136163
0.200966450775088567581860843347 0.401724194199169604146959500213 0.972619858646105006627635702898
0.747622604278546987188747152686 0.612412531832788653574084491993 0.166567279889059977060483674904
0.834960282322340763272450203658 0.585719376192342600084828063700 0.332044177810618790225305474451
0.848145417152808445138134629815 0.200384798537023484099606207565 0.153212545830956975434489208965
0.880084672057619310514553490066 0.759994531263562533851541047625 0.088368886729230974874660375917
0.956630556973185219860056349717 0.861536288443443876161609296105 0.632485037656205895117977888731
0.910445099720481820781969872769 0.171574785977571808714969847642 0.345258869910319121654396212762
0.852646890633586784780106881954 0.322912470101128390442823956619 0.777071092648307093497805908555
0.455566579766090828940150458948 0.025133969278090299848127386895 0.039194342035029798576584170178
0.084985192822040353521906297374 0.568584340351206418695539923647 0.971913354297742504428470056155
0.694215878069104674885636541148 0.910927983913064953647165111761 0.032797837093760509596940266874
0.014526432300633876013029599505 0.943966938078585116045360337012 0.653277365098712148316906223044
0.229583747785266995000696965690 0.117653912733007570690091370125 0.884657708091649119808153045597
0.070501391630709217550609935188 0.563210347582524084586452772783 0.180867299809764847662307829523
0.343724232776243088238743439433 0.389398703562770565067552297478 0.706053040505262519133111709380
0.361535368344177709953868316006 0.279319002153979645264314513042 0.570921833293630109906757752469
0.958092592071404514086907511228 0.385914157341552765956294024363 0.380954443348913984745962579836
0.848652304613308317016162618529 0.112241763614632658607739301715 0.781932002551271265744503580208
0.384316518242721949505380507617 0.461133431617805344959748481415 0.595204349045830194420148018253
0.121496546366466132149675161145 0.375968758971964189807835055035 0.384870271898321569814527265407
0.871960825159112995486054842331 0.676622219512802769436632388533 0.384465430477648362206366527971
0.804371289970245761935530026676 0.491226069467839310256351836870 0.564121204326137770657112469053
0.735829528245127817420723204123 0.704214399429518023154628281191 0.740766825183960753165024470945
0.580285684577721005972250623017 0.282274508220794750901205816263 0.771607519746680625694068567100
0.728157474039590302261615306634 0.709854904574830580799016388482 0.039927522330900612479442912672
0.319416387360129172545697429086 0.822059634433368824346644032630 0.288881484027174284534567050287
0.537280170689361402658335009619 0.695146644796066137672596596531 0.286243949940108655116688396447
0.480020821548918563692609495774 0.381625466358597120741791286491 0.692092774894715989653093402012
0.588394696301229092050277813541 0.682175071959040257851825117541 0.876717856427362884907950046909
0.651321760073473310370673061698 0.083603642279147863392019246476 0.063573907771957302581533610919
0.568407679719934888495913583029 0.419907401376308164753226037647 0.310839520861573848087289206887
0.085792283058854584831820488944 0.192009979327253665903896262535 0.773060120630131741847890225472
0.398071733441273889475553460215 0.921283166658737551202307258791 0.231395909062104471187737431137
0.722050769986956941792755060305 0.509125868481398180520614005218 0.711772747005764760963586468279
0.427706606569421776686823477576 0.798064896304417015215904029901 0.534888625500836378812152815954
0.654883711812523028328314467217 0.264199854039530779292732631802 0.757977577957820058962568054994
0.599160132634165121245928276039 0.415212642299839562731733622059 0.216265063076046509804584161429
0.295169246717217892417295388441 0.941351204821356368768192623975 0.083321480543448317446220130478
0.240969074218592455016718645311 0.431444774150046672644975842559 0.827725486414242150878806114633
0.216307419717844617856883360218 0.571050022779826305097117256082 0.158714540705872514392282823792
0.975049177498476415948402973299 0.364766572719135928615230568539 0.416349515208807030575144381146
0.453168500224306325385725813248 0.430010381144679931786356519297 0.244325331577390419957040990084
0.623568602786911063695640677906 0.516720835591954363863465005124 0.553237184577959006936964669876
0.071262421486978519413746369082 0.459689435087484166153615205985 0.381859526545173744160877049580
0.206668655381561539030599305988 0.681196210850557259952609001630 0.023505022251157019208545051470
0.689725931949436876777781435521 0.589536255137600773146289157012 0.164422305028736170928738147268
0.673377266497466209216327115428 0.694578999148895648296786475839 0.615192554881514030995504072052
0.008181160923163439610550362602 0.546259020806121209368200197787 0.914892135467407885407453704829
0.049606526946138124189999984992 0.136592630055111380338317417227 0.599120232098788951802248448075
0.427467056156168645486559398705 0.059144854594863148500305527477 0.755804968636496599110330407711
0.280458235387051224574150865010 0.030108517158425624621331806452 0.852254858298267303773343428475
0.266709202671906731030304626984 0.671615788207186592551067860768 0.630865896383213553555435737508
0.018979074547237326925364087060 0.401392482211377688017250875419 0.437317142590452623274188681535
0.841863711279980053703297926404 0.812426120293642362035768655915 0.460566219270687693398969031477
0.001852599949421881303512904537 0.544249763222110716220925041853 0.923613789955223696281905176875
0.410647450481412212841547670905 0.453646640590022187655705465659 0.314576708184852782412832539194
0.591356911573329147024935537047 0.633968331280797214866140620870 0.381089286426861517664832490482
0.064958562128221347675705032998 0.245248555972544662884260446845 0.842895765016743903075280286430
0.784561197160495105151767347706 0.475663745301438622981038406579 0.036255263943310765684113761154
0.396028705542833592279095000777 0.995898992641863434194249293796 0.621850123582958325130221055588
0.141560329277120811042323111906 0.374213311100709766776617470896 0.540660119142267969749582334771
0.903511912239430947657581327803 0.860342224015105960788218908419 0.791555257000225220842537510180
0.007489633507007550407286178284 0.708664572343823295774711823469 0.695486687313312090807926324487
0.966907115116692250644803152682 0.418662837880512062049831456534 0.945963779809105842488747839525
0.076663286374135997114365181915 0.961173438317476036552022833348 0.339383892967643985283388019525
0.495951836389496025780943000427 0.517307850228837851069840780838 0.241365369110997457502421070785
0.106193687492620536527709873553 0.196041333650842947156078821536 0.339852459718094135343591233323
0.168118061479701985660994978389 0.022813176124600802879838212789 0.565626631052852379966111584508
0.356112338797065164364141764963 0.778921890008070549882290833921 0.130303023124678618582805711412
0.559668321255387235524381139840 0.338416447652411078728107440838 0.987759399223950618207368279400
0.632479262199749370232382261747 0.618595260538833291441562778346 0.981738736142992451938482645346
0.009624736485631696369935639268 0.011947202975180174974734192972 0.261355830672688804749981272835
0.412583627157634802440355770159 0.045497502682415875974175634155 0.616979646310191087721364056051
0.164872567388399948740129730140 0.635338552179225191096634262067 0.654858248406594678492353978072
0.180099839689150109656168297079 0.899739610005598100528345639759 0.350526779119799347661512456398
0.661400626617546394392377351323 0.467219979883906233464330171046 0.379835492750780046034009274081
0.541875810511676991865215313737 0.049837717017117012796578734424 0.530592990480558968080515569454
0.870139727235528237514472493785 0.924986828119126247571557541960 0.872231219643496258342452165380
0.944132471355542790547588083427 0.863143544038552423813825953403 0.083604583521401043544329922952
0.376140677743339979510750481495 0.514095429597970610124946233555 0.694940433329613305168948045321
0.141963710177197721673536534581 0.625033218257058376110535391490 0.411367558091877416615034235292
0.426497577121021875790063404565 0.897527337801592661747918100446 0.411309292364345768788780333125
0.417996187507959193752071769268 0.051118320612559137172681289485 0.044986525406460926845841896693
0.379919615221095019474972787066 0.143503362508297371835652711525 0.231952190203035729654246210885
0.948631775182457004369496189611 0.315494218689873651140231913814 0.075473934739746853517239344455
0.675753820248109815516102116817 0.866297893135348662241312922561 0.130098183439677911321652459264
0.652232420586828953723568247369 0.249633856644131374435957582136 0.380890643285347940683038814313
0.859871662782544010639185216860 0.977007727396384084705971417861 0.504183658501511478000622901163
0.692892524641912421756728690525 0.912806331607542542627697912394 0.706522986660580221141003676166
0.517613819868825375536403043952 0.763934427911150515377869396616 0.187492950258110413486178913445
0.576275862752638312613839843834 0.070957811199190132245284701185 0.623467652707338282347393487726
0.641327872573009938328425505460 0.291364855867812855283460748979 0.095024522465059269027420896236
0.679197079183598506624264246057 0.836555601866262654731087877735 0.697115928636681592145407648786
0.630157042476757300875078726676 0.037025021841800745403538996925 0.478497859749935638973283857922
0.255556779972437142500751861007 0.804391122296277849557100125821 0.358023713768936047152635637758
0.093899781581748220649075165056 0.423728448403937973942845474085 0.137870797080144102952914408888
0.953622992884733511331774025166 0.896279030077845262347580046480 0.684454197473408743057632364071
0.441811708010270920432560615154 0.490275677134008103230655706284 0.896055079332292447880092822743
0.327460221532535789012996474412 0.314357600361245936859688754339 0.156753600109771074055942108316
0.751831031666087445941570877039 0.733149554577878892480669037468 0.542472684864488630118728451635
0.351347360501726269088607068625 0.278263420775873626666907512117 0.297839234899202165429699107335
0.341722321906396231394609230847 0.012031882091468255532862308144 0.773442551675384115661415762588
0.983437435096605638840117080690 0.634824770279204808609563315258 0.411690139376530095383088792005
0.166504603808841189493961110202 0.158395998546470073709002690521 0.340564580609452827175687161798
0.627175459993436268391064913885 0.117390898670949428428400551638 0.378159910446526303928749257466
0.835732878609950491366475944233 0.183330520485923048612519892231 0.099433275622413191952020383724
0.338242524322607762687908916632 0.533727583507709879562241894746 0.305958497060762668606770375845
0.497970878207809553028795335194 0.513953551450043399917433362134 0.469826004635500171779938227701
0.108454251164593257206192333797 0.345849446505910929072769022241 0.970212035447137410848483796144
0.064204083007374748715001544497 0.328475155739079149874726226699 0.419834783725897831008211369408
0.387879758838649613128524151762 0.299628007726316702985513984459 0.195168004533097960706555795696
0.852517429644872537508604182221 0.621723267215388286643928950070 0.445437402998658860120428926166
0.620269130967375459384527403017 0.406405107035869517240200821107 0.500767708311197767834244132246
0.568338915582659476299909329100 0.453850587457982845851489628330 0.520734074235265520513848969131
0.412613580017147763001617022383 0.766818384911826633754117210628 0.109317015823354263259759022731
0.241833546757500628121562158412 0.097186532449362691976624262225 0.941388508555894398810437451175
0.513449824535704313355211070302 0.205193592821808545867412476582 0.199594137543575078641566733495
0.643492191579536410017681191675 0.338854112487963321509454317493 0.834358102193562212178790105099
0.044736142132949803518204845432 0.624212225545599297404919525434 0.516695923900655773586265695485
0.163192448873223816541155883897 0.589345561774042958624875154783 0.637309676426749738276100742951
0.588313550258123374447905007401 0.815454322121550667645806242945 0.903259507648362713894130138215
0.336501600971591929845061486049 0.846587711891505945160929513804 0.549081281699010603780664041551
0.407603087527724561311970319366 0.781634385476239867962533480750 0.222070271790236722919686940259
0.457240920917166615566884502186 0.417644252870740029237595081213 0.807645967863445779499897980713
0.856733181974361435173648260388 0.935802189162212028072929115297 0.695903824859099406907603224681
0.569857749617866948810274152493 0.476341057402700884804147563045 0.887398833962282029830248575308
0.566545794313586092982859554468 0.125068142217759303846946750127 0.408503432224673612704890501846
0.639095661566075223802840810094 0.663925864522178832416443583497 0.228144396449874525822920645624
0.012897867860413235810423948635 0.433504081652970107985112235838 0.204954842628171096663436401286
0.273411494542636246407596445351 0.394033276672417664965308858882 0.222424024249008589482201614373
0.194594373710305801328246388948 0.712898765492071539995322382310 0.835876579666339658558626979357
0.014285651025207925929327856807 0.616303745695638727220000419038 0.321091253531220421901792860808
0.011602729928136608361644022125 0.117961193116418533444189620241 0.602581806238602579739449538465
0.397458919176389979810437580454 0.994821123117453631756745835446 0.556317224211062555383477956639
0.134248452941079676747904159129 0.275034620771937465821821433565 0.938862039389901648078762264049
0.281783075654379489005663117496 0.026877825870605293739901142658 0.998232471613192173798267958773
0.371533631797366759030865068780 0.731686222584369549970517709880 0.306298297594881863137317168366
0.700087867479513348278885587206 0.754656114643140973896606737981 0.374351944339146980311738843739
0.794386826068189777494410463987 0.536838079493988429291562169965 0.245007824538652191348475639643
0.541782930122432171415880475251 0.064347185280154706177313528315 0.771866584116219223155042072904
0.088369488838780554940122158314 0.042645332897810042660502460876 0.316717404197941088117573826821
0.388185928472650765286289242795 0.527573269013873580313145339460 0.825254490682602037665560601454
0.622568654456247871920027137094 0.780115822295467054026119058108 0.930951587518250356367843778571
0.658655772674421768897445872426 0.987940767930902019600125640864 0.873736223245947019044876924454
0.930206212956146361037212955125 0.680218103264679796460256966384 0.538159802954451760292897688487
0.621429138730904218057560228772 0.845589350078536861055056306213 0.664710301039983630921881285758
0.751911208404847819508631801000 0.907035777501245199516688444419 0.524616153347224889458288998867
0.180691601541507596007107849800 0.136679321558822314264247665960 0.347682519767901709872859328243
0.940450411942734820769373982330 0.967818716156723435339870320604 0.285591207202097852047018022859
0.980816066511256634541382481984 0.561952644833455638995189929119 0.426257259408965694102988663872
0.843173792727883286701739962155 0.023452976913862076668859657502 0.570517278701065055912522439030
0.387513856796882938393622453077 0.847141057956399712303152682580 0.063971677043930696981988148764
0.435219118774582081066171213024 0.862246206704734730053019120533 0.098427556394670295825122252609
0.187563511365812202180691770081 0.256459443309565882085365728926 0.349060748362578721071258769371
0.254252442162340941411713401976 0.200793608044047250382746483410 0.693622077109162904484662703908
0.971613332883709435172647772561 0.660512067296300409147136178944 0.103281184089709404672063897124
0.649222358227638185468322262750 0.529094303820725531117830087169 0.934880123253124195592533851595
0.294614049468620575744637335447 0.993011332923764755697959571989 0.116305795577010387398253499214
0.183194427482409438745492025191 0.493837053831047367857820518111 0.217932222336567338327739662418
0.263110007061510497994305524116 0.456468047779773289374105615934 0.031955337088334451189908236302
0.008742948641626759054279460770 0.245632531083077088052135650287 0.818950825357748657395973168605
0.585270749904201803559544714517 0.949163742143272926021779767325 0.753466460986050745596287470107
0.703614327377597659207708602480 0.288501657325134719389581050564 0.374226122616189482705806312879
0.838147223095010107662972131948 0.285824009205957740853421000793 0.067191534438502176218577233158
0.116832211154882778525454511964 0.976872569832201609330013525323 0.525452934305340124687688785343
0.114676094497385264170397078942 0.427529260152497703195706435508 0.992239771491919775314727303339
0.350071924552456725798776915326 0.941987984046137261096021120466 0.051768394510983292700068147951
0.334596182227843375045495122322 0.930545158481464684818718069437 0.827480975451749145577196031809
0.544799992273909405859910748404 0.078204276038497971823559851146 0.260077866375376720586842793637
0.560438470688803036523495393340 0.136053941473157857799947123567 0.947019088703398237427677486266
0.596147382072507059369570470153 0.955556748646090192700341958698 0.658377349455561589053331772448
0.867716082334065497150277224137 0.374731399021676236937850035247 0.110246895504144043487215753885
0.621420721291883970671676706843 0.983097128963683064561962510197 0.704702646715708258540189490304
0.216199039318161256861827723696 0.411623325550713126119717344409 0.208756541600776751588242063917
0.196164342361677207504655484627 0.482554392725509651018711565484 0.730446671748389508849186313455
0.096937951297748209400495511545 0.158488029649465789194806575324 0.372558227341817760347453258873
0.508861015445125963729822160531 0.378782882596796710572562005837 0.087496976423984934578825800600
0.741543314331939207306731987046 0.634246976709089804735697271099 0.101037786087825057212974400045
0.612943121018783121378703526716 0.405454229817972799931879990254 0.570464442456889209154269337887
0.978342710975101503834139293758 0.009367428640207137863216146911 0.959848171807033634372885444463
0.895945361814641572095752053428 0.898799289199283091278402935131 0.968843341291570347983963529259
0.514506442925118712139465060318 0.663238205453971829683723626658 0.341828916208017308253630517356
0.258136876135145576505180997628 0.844172433685905776457047977601 0.340533966596350823330396906385
0.114146150828174461344666212881 0.825724959939802438668721151771 0.081578057737887649247809918052
0.419368316886283287736603142548 0.724075924497702194670978315116 0.675634675349874425087648432964
0.209263933933389906227873211719 0.821916882340719912036774985609 0.595010191678035260665069472452
0.684531798504100397195770710823 0.229998254701825693979699849478 0.304201631498266178432743345184
0.502114062777859415653836094862 0.127479976839266484489598951768 0.813283794890706013269721097458
0.718941395261385562953648786788 0.030306373694079763447817299493 0.393681478820505359461634498075
0.646199006302351830477448402235 0.211704722619984714304663953044 0.531345281156745841144584119320
0.148826659021055213161233155006 0.082344042921461149675543822468 0.860406802235943679590945976088
0.468716289071577474345531300060 0.308718280854820170677754731514 0.979334795522531997846726881107
0.205653009406032261097152513685 0.599617742553713028996753564570 0.571569761042870494449630314193
0.583168910364626369435825381515 0.683097234661741437022897116549 0.597725988016031828387042423856
0.432528674802562851375853369973 0.154977444372413786233266819181 0.253740047205451235701190171312
0.005652248894806478386743098241 0.734178871681873124188655310718 0.966057621256341758630981075839