0.112227961067038625730951650894 0.779144195939684536256208957639 0.864127099256609576549692519620
0.280609675840540584434990023510 0.422369834591251269717560035133 0.918153337592498841601695858117
0.549216520534583807489070750307 0.532120545753821505563507798797 0.971027737402180513015537144383
0.258298270242656335948794321666 0.343854824965986571871923160870 0.791342462290781756273361224885
0.121467208281969191174809452605 0.981967667988894454822457191767 0.878399607054451081467050244100
0.239357827490759289545962928969 0.418330784385790854784659131838 0.190455655420231795282859366125
0.355627147092463402611173250989 0.200657259328846843127180932242 0.140390282009829808762546576872
0.428998592119260335753239132828 0.697053437384392737818927798799 0.762228344387245959623555791040
0.122379732453992459695335526249 0.943674997353946887201914250909 0.533101843377500883569553025154
0.004207954893062735603204149726 0.584415947303564720094470885670 0.771603367429338993233045584930
0.234418705753325129492736778047 0.726069028573752550670405980782 0.826457654716591716415052815137
0.854272702697017494166686901735 0.823688739880943487925435420038 0.335907898731370890832437225981
0.089877775698687295546918107902 0.471346686627969635452473085024 0.362339969364810554619538152110
0.146313711276476687839220858223 0.972397775280048892732054355292 0.281852608619035993609003298843
0.888397771681976644586598013120 0.243395224494303535900385782043 0.732461032843727766206143314776
0.642747341950760886497562296427 0.371060852680719477358906033260 0.732893731388231328693905197724
0.358240357283008958866332704929 0.663844342821357180639552098000 0.662023789278258334434212883934
0.059362250152090609289778910806 0.083765341109992494383895689225 0.977536396009840435894489019120
0.724818919750887302733133310539 0.502780983112617430030866216839 0.913893643968656466114452996408
0.714236135471846833588926983793 0.374750994591186492588263945436 0.959893318238013493193250269542
0.243228738221811013886508590076 0.078398746794934137671617691012 0.658540140946983765246613984345
0.780335409712732741560614613263 0.143564368306398681962576802107 0.624462843103979370340539389872
0.701651205208518313760635010112 0.436556189619940582247181737330 0.554130288388238079200220909115
0.294012371188376142594478324099 0.174300452318834092624300069474 0.174328389125868399300856026457
0.511102234955910339486706561729 0.633583255378672882685009426496 0.975260014343518721879888744297
0.992613119053222470178354797099 0.805241638851508012564295313496 0.204290294753522949644519712820
0.168934660930360025510310606478 0.480959091729351362332067765237 0.568605717679036892775457090465
0.898897177524516144409005846683 0.536691374807462873164354277833 0.760861958073607125285775509838
0.159198857122544168429811861643 0.716489717295164973975829525443 0.051420773850071897770330764388
0.951570887991543878925426724891 0.653561071941272109242504484428 0.861246729824369672279260612413
0.163825274115215691050906343662 0.477383944644811986091070821203 0.956322846378420798885144904489
0.513273290717346508671425908688 0.809710308741619755323881690856 0.369802992021153908996922154984
0.696577040828067373112730820139 0.235216158688051180103428805523 0.677361651907656292515014229139
0.514192821044210379710648339824 0.487751311035395207493792213427 0.641518008406010364907956500247
0.806991397405020904898265143856 0.957428360458894900375526049174 0.510402197054802941877937882964
0.499207484069288054406854371337 0.382808535919143100301198501256 0.024998375572873734323797734191
0.577007432532624209287064331875 0.702567703420201583597304306750 0.413635918579513373050104974027
0.082577537051067018136762953873 0.850171154391145877937674413261 0.940675626820149490825428983953
0.423634619418671309887258757954 0.375371080716491500872677988809 0.688027810143321705282914990676
0.647655726211656568302998948639 0.716985367039741139372210909642 0.846855997606956845125125710183
0.469377424164400813832997982900 0.294606766439631406750976339026 0.530029534419448999926771648461
0.485801338283976091858562540438 0.958858243718202385430515732878 0.058332601379233267602231194360
0.615287053520330196043630621716 0.197837680372645985382717981338 0.409855165663983000978731752184
0.775272174030371297170916022878 0.945233308817691408876271452755 0.221102804533872265846383697863
0.773746025757518052223815629986 0.992835551204049537865614638577 0.749702330745670719736040155112
0.467808929888431090926559363652 0.375673157117138833971381473020 0.622666737677712078813385687681
0.674055418575925435753504189051 0.462973314708970240527463602120 0.029819489403483567108166241155
0.305706273113349580317077425207 0.065292469117297774472419291669 0.145499119615713462527750721165
0.548858316749865293715515690565 0.072829122871319110221755011025 0.555334577573440624220779682219
0.051026817151951321671621286669 0.965209804498578516351869893697 0.582732573736409631415256171749
0.573243410529821195709132553020 0.493037291940191579886487716067 0.705120609131483999654221861420
0.473323424307162177182561890731 0.514842513236511201135670035001 0.548871899976633992324082100822
0.751471819034757793076551024569 0.967407926391096628648824662378 0.150772638503366335216426818988
0.575053852834823575612688273395 0.038755221720262918172483779244 0.398762053003587191302159453699
0.101957585199957331822950834521 0.620893579197845713046888249664 0.996086258273000013652165307576
0.019127530087340232495263236956 0.887158500759160029147665227356 0.444564672738421207132120116512
0.752944831074334075537990429439 0.502587866305946429079654080851 0.323657031054550348159182249219
0.124324183294505771768534430066 0.021941036754308116535350237086 0.475787730649819995409899320293
0.036769053142748781004556235530 0.896976739427647884461691774050 0.718509708095107280101387914328
0.737444512404876517663865342911 0.047083168464699121091854294718 0.661008253008083856983034820587
0.161036103497469884615611590561 0.339137167471747269509307898261 0.944940315602373681613812550495
0.363491914679526573195289529394 0.369078288750476268820222003342 0.896139001410116597945432204142
0.236849686281824706179932604755 0.167820721460576388617269572023 0.621969057195848051833309000358
0.859165911477239419014040322509 0.509934516680064064964028602844 0.507880280186823296340037359187
0.080851502669544786372490818849 0.146868871251912974651432364226 0.926563765468682465353822408360
0.335524524909550703188898523877 0.505238450581924847249126742099 0.281119046822143670016913574727
0.348529547551963303497757351579 0.208864787320918204871489365360 0.484711991329776326065115199526
0.361186410612834518651936832612 0.287699801791463094513545684094 0.181771668247529855078070681884
0.496876912566930284409494333886 0.075364657253018343952000179797 0.503052904021208724394398359436
0.229808591737724082770810696275 0.931709782994386892518434706290 0.027755101743283980275656119829
0.069443750622328576094233199001 0.332085033190520573231907519585 0.293832053263952008848036712152
0.019465153693706351706316226569 0.482184048552168231793757513515 0.650331073698353412382289207017
0.511291393032418217678980454366 0.874069101906696621639980548935 0.821437025535249221164235677861
0.344204356550564638528300065445 0.289212115254703583389073173748 0.159154758592919887139061074777
0.680053170727280442697804119234 0.171023788992304248690601298222 0.650821744974574900588493164832
0.601911193944184574888822680805 0.876538111188217672342659625428 0.356127376143556884091623260247
0.285368709292266542476568247366 0.695633709000205269212813163904 0.987578020649843679734658508096
0.005037471021945322258162036633 0.488554273694123797344701642942 0.727804037611139875707522151060
0.335287841197834890483164826946 0.312557296678511953302859183168 0.372178536350943611754615858445
0.036841996379976461872818305210 0.995582682209120606309227241582 0.887921373435997751677462019870
0.070654625755544778198391497881 0.400798849807566581748830003562 0.733070591204258992235054392950
0.623149952857886546553345397115 0.786067196052298022834747825982 0.595235060643863889140448009130
0.947672669151911284401990087645 0.829719581653918125674351813359 0.644545739151574204051087235712
0.890283377725831659432742526405 0.656158013537886053434533550899 0.815407005262855366645169397088
0.380496938729531275491524411336 0.680934718344628930886131001898 0.417446820230076287572273940896
0.040214954177030068360743086942 0.849097355556211463856186583143 0.393207683467682367339790516780
0.943497572741296419707168752211 0.240634300685031415900638762650 0.168673794961947259851697822342
0.811141921483398142811438447097 0.206366117116958874833088088963 0.871516555018805538779247399361
0.123460677981125144242469104938 0.015594469388813363142087808910 0.688154411656411557629553499282
0.518272036198227370462632279668 0.231777936852133797929198522070 0.608760096094482117123902753519
0.303029772275627384825469334828 0.686459196855765396705351122364 0.587234822429381186914554291434
0.680263958341342123148365317320 0.031280126725932527742557454076 0.615109730259816522845994768431
0.642657624160229423715406937845 0.668569829024781348003614311892 0.608105999273694020068603549589
0.365788887006657348344162983267 0.341656468775247468272482365137 0.616458935389017415040768810286
0.782042790013717348251987004915 0.550529226442579511235919653700 0.225703644305655759527695636280
0.831955359395053495319416470011 0.256337192630910926105514135998 0.060282575196223833757791510379
0.717640561081161920675697274419 0.083620174543753048035377162250 0.579051633061206327823811079725
0.256263201891383629593690329784 0.996829987100045444847751241468 0.505542128967055859334323031362
0.635270132506127849225663339894 0.862941161723831062779765943560 0.759744723127603327483825523814
0.929436382235731772816222928668 0.961324282096208460046682375832 0.949914537949160586727259669715
0.271613635354660543086424695503 0.515738069322505432445780115813 0.644385649026900875213641484152
0.271568483180383957176218245877 0.205982576415513346512753400930 0.457202271413137129041359685289
0.560047667765974810372142655979 0.525551259941062109959375447943 0.219764050375747949095384115026
0.700922688675458704921084063244 0.966389737876932275462138477451 0.403399665071777602243230376189
0.570528558607714009198730309436 0.674012261156710978937667277933 0.729450876713134799267379548837
0.060085591032926218002518936601 0.098167564416287350637091435601 0.999181567933466685538235196873
0.039015775516265650824099253668 0.594729549567919568708873612195 0.466739494336756211012584572018
0.728235850262323736181713229598 0.126589097458750909908076209831 0.533154789884447422032565100380
0.847995401477523169653238710453 0.909810456934923350580390888354 0.151856905740386960435017726923
0.929596595225640087711838077666 0.539324164868909772252436596318 0.816643116300296956211468568654
0.492954148998500651934762117889 0.022201115359129094950496607908 0.377609732633894967790411101305
0.959981031724946309857671167265 0.057890486938731201826957573076 0.755755892567267606452219297353
0.797813470780177169672242598608 0.543253114921543600601694379293 0.164198675643782959765459850132
0.054897850483775011143361410859 0.736988398400547861655240922119 0.566129020310896513556997433625
0.955618791146979229544911049743 0.312557615051086867818952441667 0.897447152225288702354077940981
0.992920289398661393143186160160 0.084439899099674781135504986196 0.021736069942188435133445523206
0.836797699977140596594438193279 0.310988417500360436740436398395 0.965385570355382083285178396181
0.416333794386152200583950389046 0.352743175603959235875350941569 0.682029297753388830116705321416
0.393549673052576265419588708028 0.238698984831278382401364979160 0.617704115558724731194217838492
0.182928273041131767007172470585 0.366808589496770198756792069616 0.912127548381016395317999467807
0.858275779455065612744135705725 0.120759576421884451402632976169 0.970104686775959623723508684634
0.159696770694917972166493314035 0.279301537576994940437202785688 0.712893717556856376660334717599
0.047748638093537999760318513154 0.858783365458981484685807572532 0.184892088815447830363325465441
0.137920160756792226086631103499 0.451859007431951120725699411196 0.765283623710389493410843897436
0.998102076893834344595290986035 0.951623087564478664646117067605 0.403384925223078671940868389356
0.397894572976920768425657115586 0.064311895874066174472183377020 0.012548548637681775086427649057
0.969261684204874240933236251294 0.357937570838543106521711933965 0.109224706084107073267297494112
0.588756391282116098295773554128 0.679076625251073817679525745916 0.062055899912379475225066016719
0.702779693473967403960500632820 0.567056293055558158222595466214 0.959125450705695214992374530993
0.754236977626359994530957919778 0.953838603832376730196074277046 0.703830057710417067440289429214
0.348701872512583499474914106031 0.219526183520079576361183626432 0.614793658196261638693158602109
0.645171955730297619346913506888 0.085439297314565162966282230173 0.633640073022602279273485237354
0.708046560688509685199676368939 0.844492735462463839368751905567 0.207259645521832930326056043668
0.601549826093966788498335063196 0.026476633582626803858905972788 0.468009236634280068045654843445
0.600117276732729632016116738669 0.145596269875278128136386612823 0.997303689808992421816924434097
0.513325551441842553579419927701 0.726672013233990221614533311367 0.751519687405759806431149172568
0.018485379664136332433788112439 0.726178062986933992029037199245 0.213436163076093171619973531961
0.265468953228389259457742355153 0.489737606210631559733315043559 0.411111461781868026132968907405
0.404635920273446081374402183428 0.134624707651553709997216401462 0.668207333934642933037650891492
0.731200025663982344781288702507 0.768482970456179637075422306225 0.559413475239443513942205754574
0.595133658779164687047114057350 0.515897732375226403256363028049 0.167613845931401744815403276334
0.721108421678342992322541249450 0.624803064610907177289789160568 0.549092325068101350105109759170
0.088051171941371145224231042903 0.943962017209426740294020419242 0.635059141102347513019310554228
0.831063963517794213053946350556 0.290766881106130081757754624050 0.871129217041302639223943060642
0.075978957970383440012618336823 0.243903662044392732788367084140 0.483920070802658142117280704042
0.355864248104493019475569326460 0.185516111088906587855973384649 0.929247022589381077573023048899
0.605825135488601063116220757365 0.094925011953498700245646091389 0.909638507111900973534091008332
0.312346469444020391481586784721 0.950990958730190683034777521243 0.037553037489451004948826096097
0.521639525697151884564561896696 0.474357219132899132763014904413 0.553345076048535222668078858987
0.939071105019892327092634332075 0.642912273855468785477285109664 0.412001898153653955958475307852
0.912037501313192056073830826790 0.129934685594899429483817243636 0.056073146308745276666929413523
0.302236923851854188960430747102 0.464471700020432698430283835478 0.325713026857632093058469990865
0.948990347020955526957664005749 0.682489319097719593365525270201 0.475205112052160427715818968863
0.447988519181857780537825419742 0.820622101775319134908670548612 0.175293431269802291172510422257
0.618882777552018814581913375150 0.657084753852291036935184820322 0.844411489894419609036901874788
0.608069141447089567265038567712 0.066144871395426158011687789440 0.063333422184655652209528398089
0.836895826289941968667562832707 0.354202329304562024692160093764 0.592221948675217269020265575818
0.778728151270301593989131561102 0.552516821852278794402479888959 0.313942972617452742412069710554
0.693096334630602384230257939635 0.108995661951069688910820332239 0.783200981476475210918408720318
0.520573991543618719290975604963 0.073927956273511855056490560401 0.987567652745960700144678412471
0.418484795117277652565235257498 0.581893861508700371842905951780 0.217565864511209572373928722300
0.002151272988000990996071415395 0.916118194533561358561257748079 0.797319538157909457609662240429
0.002268751862767062060788347821 0.771059687649714664559041921166 0.616901348512122749134789501113
0.644141806761177271312135417247 0.671952811295519203405035568721 0.363247105832415873027940733664
0.513486783492822063124094711384 0.499979403606229111378667084864 0.487457277507722885889762665101
0.364055253553454971626734959500 0.765384467051141492710542024724 0.712200561937450959959505780716
0.638873860379248537100238536368 0.448259528687717567763115766866 0.567211285007782728406766636908
0.053833713115771876511761462325 0.362868481721735247624849307613 0.340757007756874341630748403986
0.081854692526671171681762473327 0.454223160345019361106011501761 0.393787686938413983295248499417
0.030336342464571511984283702645 0.657359561692300808921629595716 0.994689495183306626735486588586
0.143531324768040147166203723827 0.330224082170127108959434281132 0.119759693100427125345142087554
0.458256706429600257912682081951 0.135572932931306122661396784679 0.871936661057954420783744353685
0.419542617690921992856800670779 0.641593561100121445583965851256 0.219976446226640420800180208971
0.283495880645932563091093925323 0.293725035191145289470426860134 0.348506530978743678250708626365
0.748137275316629990484784684668 0.225401444021298469344571913098 0.589104415232308942229622061859
0.483641363920240541229844666304 0.692777746252546622329759884451 0.263223623139841045315279188799
0.919858338260687191656472805334 0.422303816708284041059329183554 0.084448491907514300347514790701
0.542084140809036107988561070670 0.888082376463956491008389093622 0.529717504683644091478811333218
0.744168714897747274328310140845 0.951676860272455682476788751956 0.246567513513168024008592738028
0.406558381344799990575467063536 0.342896730818429751330711496848 0.122614306243571571930495167635
0.400977169458625881670599255813 0.583508843332849025387076835614 0.180448013149613673000715152739
0.396275712546205527431197879196 0.438819321143810503471627271210 0.070671721178927171536088280845
0.982954207852873240724989045702 0.695758996862331224875219959358 0.893947183572075920743316146400
0.063111914313534994702692415558 0.626945565140942240311972000200 0.976004593526397346003875554743
0.631655401949059669419739293517 0.386249483021960660078519822491 0.498842250481402516015805304050
0.775916970408263462211095884413 0.973561696917722319000176867121 0.927934950163783911492032530077
0.933161301310833968258862114453 0.577937958328380130268442371744 0.184881712110335133525396145160
0.433416672829422033874635644679 0.822322195586581039528084602352 0.198858982094323177847172701149
0.710509456119371773930026847665 0.514102429682620654105562607583 0.587880751189874373174859556457
0.510265064773384735552497204480 0.750188949966936968749564584868 0.257529894710335993668337550844
0.694343491465252315997247478663 0.840744104174308670707205237704 0.835093306250155098524601271492
0.677324531949957453491606429452 0.849303443895085274917278184148 0.818438708151166149917798975366
0.630064563778893194090358065296 0.704450182168805949523004983348 0.968472862394296751809008583223
0.681226215781787880487740949320 0.972114691529763152999521480524 0.359986073105582671249891291154
0.814216304020578651723383245553 0.372437209804377888922033434937 0.523967942612613479802519123041
0.840088666808330608581911747024 0.596201709815991742758001237235 0.966211065230110022206133635336
0.391448265972244358046339129942 0.900545647934708037851692097320 0.114793088020546468763782854694
0.425425429273422972542562092713 0.148142781498133035977815552542 0.428296593514854218032184007825
0.174073076267922566273682605242 0.781592025795672107335576583864 0.459213776615457591745439458464
0.261599217864275868095091936993 0.070866497159487659707188811353 0.347886173350802963000205636490
0.782231214115654660545828846807 0.779115143261807419072795255488 0.714561441268469654808370705723
0.059161818256638548652048825716 0.501546471985300112983452436310 0.966023033796180374821460645762
0.706504513525885946556570615940 0.766866031974875461685314803617 0.389735563413331820292739848810
0.869249577142845786248415151931 0.271360035577770608572478749920 0.453965404204029865375957797369
0.305292137590873924324341714964 0.237429391539408701783386845818 0.063762512969667783924165860299
0.976841683879296152070992320660 0.567776819222920892116235336289 0.452955623019219488778475124491
0.309509032079119283942247875530 0.846202967685761198168847840861 0.894515299922533424492598896904
0.270340510611234818849624161885 0.569840113950440319001700117951 0.032239534815066257789073489448
0.382827177801447537941470500300 0.984674945408066659702228662354 0.845297501272367135527474601986
0.372316060210917287864873514991 0.345715557562449204986876338808 0.861764590992497803156879854214
0.258893823538248524229743452452 0.908872462783291257260032125487 0.651911083556654391557572125748
0.258116848769508078209611312559 0.383034438428909662643917499736 0.431000221564351693182004510163
0.475438482255882755023179697673 0.638082509960758437195238457207 0.062217170688662976063554310713
0.919505376868219204133936273138 0.639131210402946403625890070543 0.251328282986885420680067682042
0.582103053691980565353958354535 0.716046871947385921153284016327 0.097588243220340167849435886183
0.231868121030888940659053787385 0.753591668542508696937431977858 0.906931561511417405618828979641
0.681579620085003612395269101398 0.652332067936373549699169416272 0.940305492455493330261617757060
0.742186830916316542250399379554 0.488707297342625079927813658287 0.483470722507185535210538773754
0.065414889588137001275036652714 0.093348258385036561590730741500 0.569088311144269831665098990925
0.893053061367729106301283081848 0.120652617813871945728898538164 0.204588133988857806544459094766
0.330564927944670072790245285432 0.848208657571131063868108412862 0.877832581813330237174852754833
0.917065771029139775727401229233 0.758827203566139085744168824021 0.175407542704211771855682400201
0.756043897658694175056837138982 0.112291482224584696081315371430 0.569245979639108057313023891766
0.357014212943593367555195072782 0.382911342282989508589707838837 0.378079106534324582700179462336
0.801439801688975217430765951576 0.244154075834328354588365073141 0.127619437602905894113547446977
0.529408472001595575839871798962 0.448610538629886757000519992289 0.625408178713050544317297863017
0.024170482315484704410879501779 0.067876402825095202842042851898 0.627673118051725542620999931387
0.446353980790263837885589737198 0.980580213863130101259457660490 0.451296809234520424070069566369
0.685486691725026631161199475173 0.372153698941978972047905926956 0.574461935764971398654665790673
0.771479680431654157857224163308 0.404744262645148955570562065986 0.460503856510280418223857168414
0.804821557066982218309192376182 0.810906384558926052186222932505 0.093695804908010660305706096551
0.919869954509392462327355133311 0.041903319629602427121017882428 0.525135915125945262893480958155
0.437859630496028329194047046258 0.457620029557808505327187731382 0.866268935546689156090849337488
0.900227981715766012449364552594 0.801301415997195953799803191941 0.799793033977627909614227519342
0.251058274361731392776420079826 0.725841534269964117065399022977 0.149616326280728850761647663603
0.748336548944166790597876115498 0.282062586735663256565231904460 0.071989130147860597164211071686
0.886289907829786227644319751562 0.729415295059572810210113402718 0.308219746743313594006252742474
0.382280658727931432760982488617 0.268730107319905986429375843727 0.589860427145226795531129937444
0.146167437028218105687926708924 0.108099134756515169453194857851 0.778641200524309851083160083363
0.342263275855500703759304315099 0.962618161430333518779889345751 0.258543891965011762845705334257
0.231950763616736138628127150696 0.142932395011645341220685168082 0.993038256053441648063540014846
0.508958885760172341505835902353 0.291206726911489632847462871723 0.149877130845399053615807360984
0.736210593584059491689686183236 0.471803035504689938228750634153 0.806287038835236002931594612164
0.470513732505232151748231217425 0.885862810608798678657649361412 0.263522167501628656882672885331
0.533608092944312439875886866503 0.143690375601007974681877499279 0.809485302997289157822535798914
0.591779369431243984500667920656 0.169563989139511206438726276247 0.865832137470881280094658905000
0.294898047636434734730670470526 0.082417942730257473527011313763 0.505636659068645410997078215587
0.288968226454321464036212319115 0.762164938547163051119071042194 0.453360360876016832420987157093
0.431549936525605026815810560947 0.972921185622131368120335537242 0.915899686458899298102664943144
0.971748462904473586654319205991 0.142456231535991295622523011843 0.247250865342658998624614241635
0.829086658552212973916084592929 0.717862990654285715308446924610 0.650075571008536079453676848061
0.921953601588468063532388896419 0.023926357509816312957307005149 0.901540153503730401496341073653
0.429778525750130091509504381975 0.341426631140981817758017768938 0.134833495707117889672588262329
0.776720507904435031321099813795 0.983142703684448115986072025407 0.564528131765256402374575372960
0.207074924277970612296329022683 0.218238573322567908086000443291 0.560511767852107434251252016111
0.150396104583461170944858054099 0.352346960330268743621928706489 0.219587253349717653749806345331
0.399494775351338038404946928495 0.537400010821031060004315804690 0.239146589336109743895164569949
0.118859164899571170814773779512 0.334955725252293778915202437929 0.387103864045630630119632087371
0.528060950200687884148464945611 0.622597375801255736860184697434 0.710628396464334066706669545965
0.772843951298240461333932671550 0.054956704193017152926259427659 0.985597633457152122460342980048
0.264319336420428652179026585145 0.261171855439767230944170250950 0.771794034310006815680083036568
0.802326344241680700086760680279 0.038501307297140505148114186795 0.373290740047236890841730883039
0.664545915840175749345064559748 0.206016417570372506462561545959 0.038090739879162803516177149277
0.388208999855862990635557707719 0.377181518722280062494434105247 0.644289857650461095239791120548
0.766283919698549143006971462455 0.576505104244802835111727290496 0.054114586748322590636917084339
0.147753863265782853231300464358 0.151707863865555347970826005621 0.223396007303545474087513866834
0.021262734976274910020377362230 0.092425701980376362421054636798 0.820647745543538920109938317182
0.659660405139267824736748480063 0.740451806062328632407343320665 0.423905420630048823671387481227
0.556106360337857430486963039584 0.951957330653359856675876926602 0.015704642391860798578129276848
0.828579750475240350837680125551 0.383265276371980212477552640848 0.558094723693519312313071623066
0.950980478038369159143883280194 0.349994229015172964025737201155 0.818443577384593612400465190149
0.628939276295697569096887491469 0.954990848874630593456913629780 0.334127406266557569480823985941
0.888954736608046025558849123627 0.147483087619776132015658731689 0.420789178753850690029025827243
0.681891957795989434032435383415 0.816927893225580570302213345713 0.858385191543900472055383943371
0.125178359418995771568106079030 0.414277751516067993531322599665 0.460209506522892997093521216811
0.639153320196474417080878538400 0.216049010882910313968707782806 0.060128942836118755288499215794
0.010425099186773565534958052581 0.510586127744048545729071975074 0.657265415780943884627163242840
0.889976611496533176470791204338 0.863182735578964077660657494562 0.165645261509505786756690781658
0.826961903147555021931225383014 0.012285004683963270111224375114 0.266481612878448181902513169916
0.011777898155366287730183572080 0.883588761979870684903914934694 0.451832398864335293975358354146
0.919879229777986529015265659837 0.910930119653876491092603373545 0.229229829997826733967158929772
0.815813624693694228184881467314 0.851702941894452947302340817259 0.649212772952511119051166588179
0.584200291425033602088490169990 0.323165733442922487039794532393 0.783251018590688574683156275569
0.122482222054312153702859689020 0.808966274886894209927845622587 0.656684420971851423587395402137
0.200217339616683864811363946501 0.187462481964488170138594114178 0.121618715205468436169056190010
0.502665864973482645616797981347 0.154663216231859496074818594025 0.441604852351765886364631796823
0.367863391850562049256723184953 0.606644251956407698500584046997 0.305933865329411081024346685808
0.993756645746341704672488504002 0.334680871764233611731498285735 0.842040011434780466537119991699
0.838621627669092983836662824615 0.563285551853809796085670313914 0.655124242411597945690004962671
0.091262665077201335361856138206 0.891301866326311587052089180361 0.805440633756639656759546141984
0.764104182582801882972489693202 0.162120566525437409532983679128 0.393403010759313831457006926939
0.833722170712082433219336508046 0.034223300181312241163844589664 0.997801215677452391084045757452
0.638767834891269759012288886879 0.531063121051354225521379248676 0.604137110177089375895320699783
0.864074243829857313592412992875 0.726283977312847106588833412388 0.507835109163230602469241148356
0.040351428138952261104321905805 0.795115835062077835893035171466 0.714382170884894307505419419613
0.540126556220280718001447439747 0.704565550056032718906351419719 0.664540528511937345079729766439
0.680105281054897425896399454359 0.267586053242975852040075324112 0.501438010948328183324917972641
0.699406619059759426804134818667 0.852524750823107635433473205921 0.224693151261688289777040949957
0.570647165430856473378185000911 0.862033957428677388712401352677 0.434220099615690968697379048535
0.505736505997944618684414308518 0.639717150392706712658252854453 0.524576670491248786554194794007
0.626623486311942090587479015085 0.802766425464047750359952715371 0.840246565301953740600993114640
0.598464556902727484732906759746 0.634118683736544008766600200033 0.512774635721949034738997852401
0.856919504918383090341649221955 0.424369076257244737249152422010 0.882343912472797420321057870751
0.231515463618222533392909667782 0.127318696012396592731619193728 0.005626775831377669491450976835
0.067653502577354571179135689363 0.013761484496982508141105228106 0.104318042510484196294662240234
0.811153473958125759146753352979 0.540061056586994880923668915784 0.363265106309036578391413740974
0.017782002872579822511100999805 0.384638782825073965998541325462 0.330302741229040186521359601102
0.270364145210172435174200700203 0.020535248865412945168396063877 0.525915287881083104437607289583
0.090300854372057315355704076865 0.411109397205352666837541164568 0.366390818246211003028633967915
0.823450021935384857130202362896 0.312519927082190340783540705161 0.746553267146376375862359964231
0.490379083725554942851942996640 0.365823262398775606030199014640 0.605887348457644359100982001110
0.903051202628901594771093641612 0.538474847009592583191306403023 0.646844754410203393035772023723
0.923945567942938028593857779924 0.683341888473543823678824082890 0.530116011352488758490153486491
0.214149207936202512492229743657 0.241685444751875116997652526152 0.566787498026159686226321809954
0.688314082428793660994870151626 0.125103338998632518386244782960 0.814364591324264086580342336674
0.072619265803149465887678104536 0.895519412623996369227086233877 0.294660675784307213298518490774
0.478685680354809572900620651126 0.789205756035084360355824628641 0.851915214294750255952237694146
0.147086710861762726132440093352 0.438650525283971359780110788051 0.445162976887211125909260545086
0.283576054558110912662272085072 0.431785798043079538377497783586 0.612797390623955551269830266392
0.048836288181579541600729754691 0.856211255821993866277352935867 0.524053742554540846754207450431
0.442278735430666924965947828241 0.113412414941573377880068562717 0.225686972005195329860072206429
0.754906128051146541046989568713 0.455240214973029189149400508541 0.679581209556921583825328525563
0.776837677931958903165821084258 0.507240512193911308180815922242 0.834729171547322068569485509215
0.344516793273916710482751568634 0.427742292272333124447669661095 0.680802428282210825294384903827
0.361728430646878706955504867437 0.193700702382382156097051506549 0.584245076248919970041129090532
0.252362409185879987827405557255 0.069222938697363026183673184732 0.479026611462336604496670133813
0.112872291339339667071151041000 0.741118637174356886809789557446 0.171811691196723459462702976452
0.798149690010877765899977021036 0.731179236507716989734717571991 0.811951712443252149320471744431
0.116158803275031655144466924412 0.322423884988052078526266086556 0.396741667813634901751385086754
0.323602624170543418102852228913 0.747700577501292484861039611133 0.033088884120569747593343379322
0.819269685887839882454386497557 0.727320227047870249137417886232 0.029021322442341821595812589862
0.581311362239158024856067186192 0.789356379625678394873489196470 0.795247535932372184852567897906
0.940778842147040994525752921618 0.760999309911319365973270123504 0.862974719117702182558105050703
0.580989162953064131045266549336 0.781420204364436488120304602489 0.280139185504237497870150264134
0.671371087015596001990047625441 0.311431244726863676319794649316 0.908503572615084076247171651630
0.318636568031396227862472869674 0.735648334198193087907213794097 0.334388992616639957322632881187
0.765302331678385905355810336914 0.572570530957505985369948575681 0.991010685465178453590340268420
0.030183918105665712844354331423 0.184515267815141714713433884754 0.946484694532196080274388805265
0.044701514655951062049421551592 0.681554568315411612999810131441 0.496826799076328151638648478183
0.971138079087923378196478552127 0.329674950820329937251074170490 0.782297286450834739035542497732
0.077182393387219924707487450632 0.576884710651152654570239519671 0.906331536984047780869389043801
0.583326112484620740161744834040 0.356459519951654646430228012832 0.193664561250543959536329907678
0.972094082409116766463341718918 0.019284290244835557148750382339 0.098096712274090058780728895726
0.832959392996436509548630056088 0.383593440957211095909684672733 0.860123888795617297375883936184
0.014688428636344076291808669055 0.089516777268276795376245047464 0.730414439972736473372094678780
0.850285773563332125668523531203 0.144247581302554023219286705171 0.614602631665578602593313917168
0.264785498990756706927385266681 0.433668027360294694450004726605 0.049190949889174280518222559522
0.354471782744784080776412338309 0.285452722504904665701275234824 0.558399498600049559726699044404
0.894826354499971277078884668299 0.490161135341726283964902677326 0.245785739473843745095393842348
0.556355990298301072982667392353 0.561871004163901677230796849472 0.863946494783971341568928892229
0.585456219360154905828608207230 0.878377024448060761407930385758 0.911638517774286505357395071769
0.426137498915934831433816043500 0.476977707795513961031019789516 0.479120023316352394715522677870
0.483928665400202739910184845940 0.781321864534930909940158016980 0.860337523734533982100458615605
0.664195619596189001931918483024 0.899199040905814261925854680157 0.994417912796876968251069683902
0.876057392689233327409681351128 0.709538667991260640910411439108 0.340144015527897858319761326129
0.456769428035147251332404039204 0.811872955085266467811777602037 0.159986011647247933220583604452
0.503424146698811081357405328163 0.627611328940621993055515304150 0.806815648754815928356265430921
0.928344121805428357241396497557 0.571722576567983975515119254851 0.367101006648694827561030251672
0.455422446215667520164060988463 0.427582103071922625669998296871 0.053479089054340844811008537363
0.917978607141160640736643472337 0.567622581069096798778161883092 0.018320181257971347027480035763
0.603523045121452050842947301135 0.285160658754544105164541178965 0.738517457143390898544055289676
0.788006083408459123695877224236 0.906092721997287964263989579194 0.866690108994375041362445699633
0.461310687898539573126299728756 0.305525704894924199361838645927 0.573180562041020968955251646548
0.217168870712545508672164373820 0.498004398759287203457546411300 0.049325062199375338534146351321
0.088720420547198100558183853082 0.307948011827672396556465628237 0.086537598936655621417735062550
0.103530056537029013785655706670 0.279228471333180516822380923259 0.058515366219967147876079849311
0.296345960887329784583243963425 0.196953206684904652545853309675 0.458062019821281196652051903584
0.530791599470831987339636270917 0.856102161860632038248297703831 0.703935521913368611457428869471
0.334376205180052010756952540760 0.991189206631892916199433329894 0.693167792670693283518801308674
0.937141971065246770500323236774 0.910066722231301028500638494734 0.576342096524644742494558613544
0.128614772150639739001221073522 0.359904715231642247097454401228 0.602286105358680101673485296487
0.576338662083415331771618639323 0.570433582769737546058763655310 0.894340512596889514185249936418
0.055117221952827498421267904405 0.001331977919760880335955932630 0.015008637010794254398882152657
0.233595469367362473800397992818 0.788622987195994995524017667776 0.106764223084329604174236294512
0.502397889616364001774684311385 0.836547829038136625534605173016 0.370606059173681223750662638849
0.802883674126546598159848144860 0.341629251534922739885757891898 0.315395269643997055997175493758
0.301989870258660197954725390446 0.774432179131787412629250866303 0.107724396241925299277930605513
0.569404638573161592240978734480 0.735716297012924180798165707529 0.731056797760938015251497290592
0.290557010160048645452945947909 0.097486594848738741814209163294 0.364738941328087096227505981005
0.706788194369505906600181788235 0.743265331436906873108227955527 0.195531889164087951948900467869
0.352481216901285032694346455173 0.162820171074956110413012311255 0.138768360284755337685780318679
0.004811621790482162666635623793 0.201779138672084079608737283706 0.133603268303108146941582390355
0.252912072421024036739112261785 0.914505804363042296145636100846 0.836494382467149022453156703705
0.293543663465093696007812695825 0.855717948971463915341928441194 0.611813167541636504509483529546
0.566231107684216916631214644440 0.777369004646056183105429226998 0.627063526056162001687255269644
0.601907634959708559563296148553 0.858650143327862158670882308797 0.502585751760180610148154300987
0.926717331542419420209455438453 0.097867620134463595427121163084 0.642741135741252134216949798429
0.479672681885892571163054753924 0.380587497182372058723842656036 0.727652532778285010550689548836
0.283960147404791307668148192533 0.779968128589438647324527664750 0.516271248145528049988683960692
0.337103388688086480495798014090 0.505331632346486592233247847616 0.716372098552348512967569149623
0.357440264572711108304048366335 0.629083914027253610079526424670 0.358615253196554351067248944673
0.319864485955696387087243692804 0.095745508497079495624504374973 0.543462920925718240283686100156
0.560853003598233978976850266918 0.721294190439202842490828970767 0.543810172828459226224140365957
0.394979739779113714348568464629 0.655081728859340906012675986858 0.221056131972705988131266963137
0.181137495009894455844090543906 0.398677807907554471178457333735 0.159634236744029212040629772673
0.938096002352536428858797989960 0.936736917548370295882875780080 0.097741818077709735623770370694
0.623139412806146819612251874787 0.417081307267098022606433005421 0.490459122873870445591393263385
0.714751394125022754266751690011 0.617399783968917037491053179110 0.058481252267508970765774733991
0.615411334722554048681786298403 0.719561127892836549513333466166 0.793885989729707364226385379880
0.661258391182523164175677266030 0.869856040562755228329194778780 0.619661818724055013518636769732
0.154589357314546566035673436090 0.284510681447767754814748286663 0.487175088434374015111671951672
0.768303133639573809787748359668 0.862391906991792578374145250564 0.810703054553372881585460163478
0.034761606383436255418573068710 0.769882991023568385990927254170 0.950215021382565194763003546541
0.655676309727680983741038289736 0.609437859208864951554573963222 0.050145609338550917177812493719
0.960104298703750691501568326203 0.575110738365622209400385145273 0.130560345635814784026607071610
0.843797804921337935013525566319 0.681034111903713879065946912306 0.638301613142915780230168820708
0.034643008258301195845252351546 0.851459330222978150182200351992 0.372449531496168939614932469340
0.056076538882840684663300123702 0.035776390743441292829896127614 0.180050948624907003470241306786
0.031209438993920080723798449185 0.823498186748076954621922141087 0.195995384972598718498204561911
0.182812607822123468492847564448 0.864789670754366524008105443500 0.979590191605925975082413970085
0.684421012055634325754738256364 0.026238205125280043839008925488 0.714526376948831365432113216229
0.904736990927338280421565741563 0.312209253632955485713296184258 0.023716716047714022502779229740
0.715181664354700541430531757214 0.842460184016394664219262722327 0.256076606790203276098338847078
0.985009935991421170520254690928 0.440082997232115413765995981521 0.478660935860401204333669511470
0.308258333862800437685791621334 0.339971779465076673343304491937 0.492868236464721609646488786893
0.674404865940354203424078605167 0.596687057545038590511410347972 0.303772902602431893459566936144
0.353413961598352477366802304459 0.726944991679796537198399164481 0.272070568049614491812349115207
0.087295304044411423105565006608 0.897929046416214737824645908404 0.232826078121861818059912252465
0.155179501240086864521927623173 0.713118886050183697911108993139 0.664277301601077896364699881815
0.388400008522203910032999374380 0.449417967912132954033666010218 0.669072662579380139646900715888
0.799140940523470399980965339637 0.496793662388267165397337521426 0.575143982617085214315011398867
0.405421832833229300874222644779 0.445852212145016302269340258135 0.544042224989229494802600584080
0.015981387765345873158695511052 0.677483855048978900192935270752 0.889589973415370827147796717327
0.607871694840566689777006104123 0.279967439970363884960136147129 0.348766625933682905547073005437
0.455956416251823370977547256189 0.355921254579371126869347108368 0.197172534045965408555645126398
0.813232476775138213298532718909 0.944209085960551197658219280129 0.781893172736100816599957852304
0.537116107348292404211065331765 0.767133789514558905864305415889 0.819139611203626327728954947816
0.027840424347725656328833565567 0.897588210047913115374740300467 0.420264094150628042534378892015
0.121879628004492132631320089331 0.573261121207553348000374171534 0.730414685310853517563600689755
0.966535541511056806029955623671 0.655791107378818072248805037816 0.000943250046728434134168939096
0.518094802891011396717146908486 0.344779969234830729885032951643 0.780636545193325037672593680327
0.638547200076305165872270208638 0.956392580777152945259445004922 0.657490253777072819474369680393
0.059303638445549443358739694077 0.140005252586667711112156098352 0.034297756654188812919237250298
0.707564358926081604650448753091 0.469195249488964682971214870122 0.033152127770886649638093501835
0.392165102213400951214339329454 0.630055849174657067734983684204 0.238617446461144133706966385944
0.511274498749568540034715624643 0.848236760333396344613277051394 0.513878109568487562164307291823
0.565742291393579455061058069987 0.348791332887783578353690927543 0.332433599464862283845434376417
0.237727732810934483387299565038 0.788006457164144746840861444070 0.704133823095488442511680204916
0.855135766672799224608070289833 0.393319856619206931203081012427 0.987988015656655949037201480678
0.654541921495073730774549858324 0.930462386082601899950361712399 0.793837629378124853829490348289
0.265195051487289612524023141304 0.076091667728478473708975116097 0.145615811394515098919910656150
0.994891039877698779569925591204 0.998095268368339616493756238924 0.542003674875744301253632784210
0.023691945968318865040069809424 0.383528254200911244975458203044 0.070856489994312765734463255285
0.179874204547246480112576705324 0.456414047643688092215086271608 0.125320565873752259866691360912
0.071462629848374578656056144155 0.842495242327470639231989935070 0.897435072864978145013026278320
0.176564314712368886084448149631 0.798616128745105458008879395493 0.029256500287660410636325636347
0.083196788822916853400890602188 0.248962650733294099669734578129 0.756110176515529475160803940526
0.669988398552769259808314927795 0.813171467268740455480724449444 0.928274800999608129536966316664
0.712058834565988507669942464418 0.657687242380727732360412574053 0.266057543645271288301756840156
0.445427808493396582001366823533 0.189613308382178241684457020710 0.047494415845945388288118493847
0.815137980863070765735756140202 0.915979854912429503066562119784 0.415551295911497309276683154167
0.245404277293881423194221724771 0.134233960548719777339243819370 0.055257120277643852201965302129
0.017653314869723390340139346222 0.792146531404781750751453728299 0.689595639660864456743638584157
0.178232849156562317416430119010 0.339579007692511480875907636801 0.203902966774448579645451218312
0.906299228421464597715839772718 0.374729249487481486102780081637 0.645958342386817485625272183825
0.813410307884072092399208031566 0.881025206441593877748630347924 0.805550719626778488624552210240
0.294875937773444729561589383593 0.179089097805493341342142343819 0.263068933054257159120936648833
0.494901945135029552869099234158 0.909798795122599535112328794639 0.363140994229523339509313473172
0.589997432674984501055348573573 0.100908489417247143604683401463 0.498270097340987649925381219873
0.951527372349136535412128523603 0.460276329638505066199627435708 0.774453028186166125834688500618
0.475854147162625362721399824295 0.883354530535679471903165449476 0.017542094109971016063775905991
0.777689549366231136495741793624 0.071201034471973595474381113490 0.892988764012844327133677779784
0.993025592593167694133171607973 0.902395647973667114349893836334 0.133453809763731390258811870808
0.841722441685041178338622103183 0.159590229315226594941634630231 0.748028799810389832813939392508
0.127001529919312822203281143629 0.228263908984309676908353026192 0.921143504769266208143108087825
0.165487394409132876349488583401 0.516128742384650118779632066435 0.118850702242613862069653407616
0.544205856807420063070424021134 0.910675424562733981659334858705 0.693339649747583108840842669451
0.987475517197027086169214271649 0.647268182829933036437353166548 0.504112829298486775364551704115
0.764367486402866225247976217361 0.338265857539416514576657846192 0.063600645373863520792845349661
0.479027227267701027901836141609 0.953094564405510213944694442034 0.679880064438162512452379360184
0.478735654281272682286640929306 0.240887069574027778973146496355 0.002193709990408345029966330486
0.932823660442678725956966445665 0.005542344061718901954138871702 0.777787121016680238483331777388
0.637448983091129850464540140820 0.661559576188312847833117302798 0.037303533964990961968588578657
0.203329988740916733913621783358 0.037439680003045122669291799866 0.403430693985588728622815324343
0.408955684251374795845634935176 0.175682378235521741149938179660 0.851764240673648309609689022182
0.577017230778792078460526226991 0.330537459064866978586394452577 0.372864005375439733214193438471
0.941838895485999305634550182731 0.375821491275003638499185854016 0.577378986292484963627202887437
0.825160455352863975164723342459 0.858549023595266747044263411226 0.638620131487756315102899407066
0.446672026992798232303272243371 0.695443004508701334565046181524 0.101002656050117475827754276452
0.371529587883348444421471867827 0.541698749631265297210802600603 0.172155778619715954524949097504
0.481228070379072503381934211575 0.869942286121525465425463607971 0.099039636314960516338956608706
0.734757000218890898857182492065 0.289768334369212399170834260076 0.310613627748495435554332289030
0.792344198348962303057874123624 0.913079409441301170780036500219 0.503275858370537565456004358566
0.228268333155747127349854963541 0.630194819492974955821296134673 0.226251607607984767112085933150
0.200542412779389778165750612970 0.640384115398410447284049951122 0.568871597951778551482959755958
0.495336548180472402425067457443 0.776924888547347758382954907574 0.779559401226019965669422617793
0.366819738453461718918902079167 0.557213566952975081214560759690 0.570419003477552810643658176559
0.243923109132669430065831761567 0.046508824958229263990538981943 0.256934997929075870093384992288
0.456358360701579979235020800843 0.160880293011756714260940270833 0.170113424799660573061288459940
0.647533597683570771863514892175 0.094931814137479919590845156563 0.597484246067215951647710880934
0.101795307591024453142125594240 0.753866549125765783578856371605 0.284997208517331068744482536204
0.079833233246555043716163879708 0.012409276924727217009114532686 0.455827144525118577167432931674
0.945176405182875045696277993557 0.502948792427223789758272687322 0.452798668322252517715043040880
0.857905561996649912437362672790 0.442740716504341880188633240323 0.662540120101222318460543192487
0.337091201766926307215044289478 0.137669817563106033908582048753 0.234517254049681350691614056814
0.262501764472085674650969622235 0.868648222646769330168581291218 0.696062770253109253104639719822
0.423697446871859673134252943782 0.127767003387140948289513175951 0.122349789992790725090543446640
0.161617983948326021659269713382 0.636673006894622695028829184594 0.437554107181605922427536370378
0.340652999412989654359762425884 0.594997833143927068455525386526 0.955849366550180379320522661146
0.604973513530985163022535289201 0.754118022559911893587525355542 0.089134455175429519457885874090
0.564417060145108950841574824153 0.765234375505365327363449523546 0.424565894265167498300428405855
0.798784791420832473995972122793 0.117982791121541516488058221057 0.274706770906981423419068732983
0.362058948429585913952877263000 0.197723567066602962105648089164 0.151952179660477249001360178227
0.526457258865289379201612973702 0.154466221589515062539987866330 0.755668417712119344642474061402
0.697353118379313685615272788709 0.508431091929096634629559048335 0.523064844723151400884830763971
0.677075401493429152033343143557 0.571787247033120671346750896191 0.696648140006997818041156733671
0.506076583721821182670908001455 0.962469343874121752158146136935 0.673773725672685563914399153873
0.059574759519696512954922695826 0.316824310239801676392090712397 0.489557214740652946183274707437
0.372163694693066593455199608798 0.278662916326558318669270875034 0.369806039558891519458683205812
0.909225051743934753467613063549 0.561833696660029691116733374656 0.567986386186452030244709021645
0.288555572017255568262328324636 0.914425486119570196663630667899 0.913799277764926975997639146954
0.222282862667471575734978728178 0.530953362011375329387874444365 0.989984905429959871625555933861