0.510900146003958166573966082069 0.987411968279651719448963831383 0.554179786642018279430033089739
0.659502550490840278030191257130 0.971178359452842032695230045647 0.116479666315177823876503282463
0.841763467931324838033901869494 0.949105045909606870324637384329 0.999631572644755439505104277487
0.350987923145769320498743581993 0.016835811077242364419692677302 0.534538185943872368177665066469
0.251836436929999962774928690123 0.975118461764776012223876477947 0.002037481924731305692882754599
0.408521375933949437708747609577 0.987931583037291671800517178781 0.915025506760413498419381994609
0.577495465057293877464417164447 0.544488030544630352558499453153 0.804959011298668425382629720843
0.367852606008183757868579277783 0.708595096420876702225655208167 0.967847824286035884888690361549
0.721930608748754809589343039988 0.869205986739416291975146577897 0.920823608681890060090324823250
0.862468468918612951590318971284 0.240676954222479838607640090231 0.047070493114965319958464817773
0.292125032171417664539347924801 0.668465551197839236152731245966 0.519472388747952207310731864709
0.546492351463442216363830539194 0.522657250209285551001414660277 0.939675881444468674708048183675
0.791736972709763842104280229250 0.654679139174146662583098077448 0.560719857192265802581232492230
0.530349111175948739749230753660 0.418480542315261716534990910077 0.049114848416623349547371901735
0.823156524549263690637701529340 0.766375758398132655990764305898 0.491070257695961798205530612904
0.687828748607365536571478514816 0.495800319932724109506239074108 0.968712350354197115898102765641
0.690691514064958433927188252710 0.026617948240247962798932235273 0.103981793864727459220098637616
0.135870790123522433567870848492 0.244089369168523112607616099012 0.164738005471975451632360432086
0.959656708400142943737876066734 0.006346759511443979609457421986 0.601988348221835778417698747944
0.901985285412130299853572523716 0.502647318752648564199603242741 0.490358553731085944349388228147
0.188028915984910310887912032740 0.596946874851503217485060304170 0.248906932485147142086745475353
0.421830802912697255813156971271 0.821380847599578300943790054589 0.880064765837630380573841648584
0.504358538837115566444424530346 0.107649619442250168988017833271 0.059353818196317215116764032246
0.039566623026462459378205238636 0.263941887622785309464035208293 0.307407084982123823824196051646
0.885683330740464458408212067297 0.696403188767906744516267281142 0.272432363142350530971214084275
0.966628329411609477084255104273 0.347218047498746684720316579842 0.365838817000438909499138162573
0.671557278549188341187914375041 0.456642802356110599770744329362 0.523270712364647949677021188108
0.995856507353271913629555456282 0.663820777193606548216564533504 0.736905483898731339387211392022
0.780375584484345741209665447968 0.629375699802922961012541236414 0.052042124028315338291061920017
0.785274139659890790809981808707 0.466855420143546140376855646537 0.491087371803192673791471634104
0.654166236657212518679216373130 0.145208717416424520907369810629 0.321478308045179628216203582269
0.020066612645949288146196565208 0.322387325429848936586552099470 0.884999698980478366472368634277
0.641574648077544162916296954791 0.908851086895018034361726222414 0.751901808107692248839271087490
0.580135548162099889957232790039 0.344565114371870095943961587182 0.724599244613334358966483250697
0.626444880462243780527842318406 0.167601797344073405460207482065 0.652602771921579893898979207734
0.845087763037021821865835136123 0.668443251799517801359229451919 0.293342614328296003023410776223
0.527376484784663812632743429276 0.711432672130315135738953813416 0.368148251547315397136372894238
0.294929904336905690520609368832 0.470716556842057654019839674220 0.830531733182877096588470067218
0.771678168339252401608518994180 0.594532887601470827476646263676 0.805818861689888588095698196412
0.183179480380413289841712298767 0.098793147352825502749418262738 0.174207306163518288455449578578
0.877177559746198709511588731402 0.180520294259994829033644236915 0.738553354372120995918749031262
0.310831115084229558931383508025 0.518367116727923682439893582341 0.189399475907859077272732406527
0.509181462210142932178769115126 0.010789088138625299237438603939 0.878855702374503167106922774110
0.899178478737481801097430889058 0.740291990187770809761502732727 0.888436683349193567771351354168
0.150743424282866411711978571475 0.022366127542450927462303056359 0.041101519157960966777132227890
0.982403959378113755818162644573 0.478740018889104834709513625057 0.750920172305479138863404386939
0.448031173598600673813052708283 0.141248048297738071354956446157 0.723290294712791603792823025287
0.568582797654724192426556328428 0.647253262876771207068316016375 0.833654197063841251313931479672
0.182082978874955919712519403220 0.335190431975030456168695991437 0.200405767520397015690747366534
0.173245015630564824782311461604 0.659017106158914844904472829512 0.114861597214329549943023778269
0.369990128974236998082858463022 0.652406060443304181006851649727 0.668461569756693352317711287469
0.424080703852001528186832501888 0.999573943912081763762955688435 0.521953327229435770640009195631
0.323661394756015241558344541772 0.769571224473600157267583199427 0.850457303823912713625077230972
0.477539069267218230230298559036 0.328027391608328278138628775196 0.608690851245048181183960878116
0.494929656973299270106281255721 0.701339893814619586009939666837 0.957341848757454094709373748628
0.113500007840462852071183874614 0.138826370649628993980684299459 0.825485356023981098338992978825
0.484651426014182207246960842895 0.488246437599417271169244258999 0.230612881399544084048969239120
0.242623728200650951025707513509 0.500336713301450131119452180428 0.284400739022532877964266617710
0.603099711395585713624711843295 0.335047446713968355425095069222 0.847271113116727425662588757405
0.715285689061028850943557699793 0.787133923274766389432954838412 0.886667262055088389871571052936
0.082992133939616255511317888249 0.601186836884335717989813474560 0.979547532244844032511821296794
0.201331316286395889392224489711 0.396662787897631874400872220576 0.726221088371004852568546539260
0.171443141247301811258552106665 0.447042472501606169554833059010 0.216348350290254121119914998417
0.631011129921246638474485735060 0.675991020440054657392181525211 0.785078630331913496220863635244
0.079508575346727602961571790274 0.852248306376668818273856231826 0.183801686824487497950997294538
0.934799798089071209972189535620 0.056034271856940980061079216057 0.405890882363210414585097396412
0.820199388898151471316566585301 0.430570480407896194474659523621 0.764819664751466454788442206336
0.204429151444765561107530515983 0.105306296633444512744759435918 0.472940045905807016080046878415
0.847727350955477354510492205009 0.038303945681437252812617799691 0.663503953544905766825934279041
0.767704750731655449769164079044 0.223417083711121178257741348716 0.635034158258913628003483609064
0.668085271604410668722096033889 0.045061110904341623861757426539 0.761659956968377294117544806795
0.387807901426373002884417928726 0.338061834931985494279160775477 0.542954802616447240737329593685
0.406555247171038747211468944442 0.550421604170615696993706933426 0.459284547832255474197893363453
0.249296423240750630867523796041 0.319562186435576045528961230957 0.302416762486425572120651850128
0.691139428429394575559285840427 0.726308591812084181071895727655 0.209751845089711674852139822178
0.724318216292157757152381236665 0.506695817118823166325114470965 0.594726512789878869469362143718
0.437226598353003759189761012749 0.127008742212729203169274683205 0.078221509796474075759675770314
0.503595088549031566493852096755 0.722225817641370837485226275021 0.043885050467094295634229439429
0.152723635685077185897284834937 0.916392129286285550548996070575 0.430651086729926191321027317827
0.707799413567260615742782192683 0.797819625027141765549743013253 0.094761156078076710929103398939
0.870418587027921630827620447235 0.889946329679812464519272907637 0.507514750431863448376645919780
0.360492122723576946530243958478 0.311266556109366154814210858603 0.697387162655484948992068439111
0.023208763326557871331523585923 0.310770276316471305566579985680 0.395700020284685316518391573481
0.717923180948592531969154606486 0.245881982633762291579060388358 0.704088331226579433597123625077
0.549763696074967223026419560483 0.966803640228839467063437496108 0.778832157094562327337428087048
0.325715430410956074958050976420 0.347708632030472475360483031182 0.862612144005470815599778688920
0.214575407203910911713151676850 0.801197144294644281181660971924 0.748942790053559903640234551858
0.933075098890705501020192969008 0.939856560688298481309743692691 0.765558308066280557291349850857
0.899803701267362976423669351789 0.206812694462933877037613683569 0.405140048280499487365347022205
0.860417137091368910972732919618 0.640282381283766244273181200697 0.756966112954275183177799135592
0.337917528883979634279910442274 0.788936499835492965893024575053 0.236179762112597724232898599439
0.766600410790248099068833198544 0.179200055345337422307849806202 0.521000576599754405826558922854
0.183497202786937874119388425243 0.351969101684623641990157238979 0.283612431539785825318489287383
0.333970420549070334814700800052 0.412454443544986559810894277689 0.020360453055684655382373549060
0.414897438062280021764394177808 0.573002981542084954824645137705 0.775466132088502901886784002272
0.502839701541340944324076644989 0.504672545781472137171874692285 0.672071407599970860324845034484
0.610397280080728132922729400889 0.951592074142205479603262574528 0.254828382559052712963421072345
0.959409968218235875703214787791 0.021169595077638179991819100678 0.575767445874703409636197193322
0.772188270193958747888984817109 0.308171112355559606577060094423 0.237290091279099418786202591036
0.502493557401973989229304606852 0.793105667574674932929212900490 0.458265153817164483385226958490
0.570970001502149493433080351679 0.307932528405826189121796687687 0.877595395466468031209217315336
0.241692506495650105691197495617 0.920317054038139126248552202014 0.337173379046818988413747320010
0.364520523697886400515955074297 0.375642334272772659975458964254 0.191619162616425114942231289206
0.605092532189882792437174430233 0.280440309397909925959169186171 0.433827553795818887660828977459
0.367805539919684176819458798491 0.281061855693748086082450754475 0.297075874991797106439150866208
0.191294414588814271072081396596 0.511985333737427272815523338068 0.483715721172508439362758281277
0.449467245500123013801641036480 0.569254185174418947390506673401 0.015999784782081853673485483114
0.428517765129877992169582512361 0.633946501833640430056959758076 0.055893043367014318134611272626
0.996436695420972351477928441454 0.028234632863722516210591706454 0.252127129244494041504509596052
0.934997460392017587516022558702 0.733261730080557949662534156232 0.536722792463736109169758492499
0.383254252019590346822752735534 0.814785877953344450652650721167 0.577622636700504732409910957358
0.927450352613032102944146117807 0.000908685576330924178745096498 0.525426658419630432383939933061
0.887881254169680778076667593268 0.566290229272793488313197940442 0.825870217740999223998699108051
0.710181991915984522911742260476 0.954224910392291847394119486125 0.815011326247257583688110571529
0.018288232199379951536943877954 0.169920872802963696113209834948 0.254989440120045540716375853663
0.488465975192837520424404829100 0.270102066545427121901923328551 0.599112659999428198709381376830
0.616894759757373511988021164143 0.495016166908208821162418189488 0.877707776640579528937280429091
0.390810694717660833674699460971 0.671635550210304410612138781289 0.911075879395377707936631850316
0.315728352990122029808617298841 0.720311228775975309623902376188 0.504459024154572333031865127850
0.018917951921744904919542307198 0.302201866747240421862130688169 0.625847798984887182527359072992
0.464472129067963868109814029594 0.066953476143862752922863990079 0.722139388522491487698573564558
0.431958058607484374213925093500 0.958285150689836329185311569745 0.881890307437330100981398572912
0.289004350701583756499957189590 0.819080985675608830298699558625 0.184713217007237057165625060406
0.581848716954754041630337724200 0.735160931062146083547759189969 0.732164964667602058412398946530
0.165395454415467157982533308314 0.129768558803006001101110200580 0.575977119631247314046618157590
0.206971033243224050712782968731 0.927455919362363045976849207364 0.472929233654265146480355497260
0.414839089218978496198531047412 0.440919477982215091138584739383 0.833567981930480428331975417677
0.239921908309360026878565008701 0.583235788161647894511929735017 0.329398780162735216325842202423
0.997314233423313600823689739627 0.403652237622110610093528748621 0.473039717311139473743253347493
0.355110506390560354272878385018 0.207695013706051978541466951356 0.479397674725287936681183964538
0.612065818746020173790611806908 0.700351811433905346859773999313 0.703817542705016507831317085220
0.179965995240199183591300879925 0.439886017165837861497834637703 0.911082107096932380940756956988
0.537282504622942247429762119282 0.203515895650389661009072028719 0.453283736332666664647916832109
0.166360884724782137622511868358 0.649148903359436646454128094774 0.751683670828135697128402625822
0.585417501580695720519997848896 0.647652608185955380726284147386 0.059195645135506007317172105786
0.594840341821963769497472185321 0.273017526045677305646108834480 0.413281689126364593089846266594
0.146586744353191578138506656614 0.311781912396099203377275443927 0.983602348488062272480192405055
0.523266673388372738351392854383 0.367943298935183848996643973805 0.118798586904988859314080684726
0.137577498209370874260315531501 0.707841557891306205618775493349 0.538642927879471766772212504293
0.101575425940047425754642063112 0.740562013238728611419503522484 0.027586750501620009579095693653
0.373238759370564276984794105374 0.345258282923373405193245844202 0.619477367243875698399335760769
0.945172148896994301914276093157 0.551963446325698825489780574571 0.035674804513676959538681643380
0.316709766131223757756885106573 0.328832889156900842753117331085 0.423099247954541846095111168324
0.216980355966120697086552127075 0.512608770536815971929911484040 0.490348362324177333704255943303
0.474584216451339635511885717278 0.897761982931422619635952742101 0.417140582756600541980418483945
0.507925203692789373199900637701 0.016415408905782788440141928277 0.662791664968864213669519358518
0.566709381732679262633212147193 0.953244674443561534893376574473 0.543126787791755383238978538429
0.221001695551991061972074703590 0.499149840345435025223963521057 0.392762884108797671878221535735
0.924974123834209183137033960520 0.835720794712814796234567893407 0.704462048501008131218270591489
0.997505452025708949648219459050 0.598639617593039519150011074089 0.216245620359496126816623018385
0.572721462987996865479090047302 0.569472776454649665112128786859 0.250662858431259016889214308321
0.970323071512102952596023897058 0.959697393718651370342342943331 0.917918006060614688479404321697
0.483028186127357372914303823563 0.538730057039833232224168568791 0.510012976003601514740637412615
0.526079572341155099479692580644 0.749888390300215146311302305548 0.970077033690571854940287721547
0.074632862445378839177934082727 0.501426137840327967865050595719 0.375597051130507730842822411432
0.601459738023244372406850288826 0.781771516239291086591833845887 0.207893273879216994304286458828
0.926479723790075926359577351832 0.972275360878329220071236704825 0.885697785617117983036905570771
0.961271455496936377826955322234 0.573865679093980007863251557865 0.040942737346780486151764932856
0.067913012300819960986864032293 0.959634478690980952109157442464 0.265280190264715109993431951807
0.925682793117592161991069588112 0.743726687882882542268703218724 0.471898164635767780605846155595
0.520610239699125898482634511311 0.001112809816884581873286386156 0.928672833912635220521281098627
0.515071925624930870846185371192 0.279555636608998403502823748568 0.051776420662642153036614445227
0.006675630550081756292568613276 0.362665096610527593057327067072 0.020898303922680931676847393419
0.099761477700328435314069963624 0.596708617683161746114706147637 0.901071244769241830319117525505
0.058710356756632178787391751484 0.867173312221145686784495865140 0.895076773561029437331626468222
0.808725490168399008261701510492 0.541626885154231740848729259596 0.071080588629911192755095328266
0.655142380456461004278878590412 0.355609340158114517471688031947 0.742959554758914952898862793518
0.133923824332300323014521836740 0.478532673504054817392727727565 0.272704241295568250436076596088
0.968308360297496117929938463931 0.274311702100553334027210894419 0.073937974122228161677483626590
0.851923843776753897394371506380 0.525150306837237068613433166320 0.445065825627061484315305506243
0.009226591262011937452647281077 0.952224441520379438763654889044 0.941548315204940644562725537980
0.335512236992554335746063998158 0.416112160724726010130325448699 0.481353475957798149220678851634
0.617626463687811488867396292335 0.562952508995333666952376461268 0.838468871881430599657392122026
0.953020929423970097893459296756 0.983016748700777376335224744253 0.798564589953839054636830496747
0.824126576180679526473227269889 0.385387839657974962115360995085 0.314833959187601597484729154530
0.875866544408555824929862865247 0.376575649763329356467522757157 0.857292062952003663944822164922
0.757563742550527052799225202762 0.836280029527998403082733602787 0.851346204906743619922337984463
0.556243506947641908055857129511 0.255194586441156834322185886776 0.111507079488871452266351980143
0.424063446519882536467349609666 0.016215322463171307626472739116 0.251670879993914076155903103427
0.992056391901385503651056296803 0.957757075261479906558292896079 0.692986012673283191531936608953
0.072619276449234090864415236410 0.935866241192270242876816155331 0.865937733469403725372615099332
0.349757460112539386720698075806 0.946453413535039089765632525086 0.987871996941888319554436748149
0.051921201096295152566106878567 0.757767433416494773368299320282 0.060118108984275164807797864341
0.274494410180441850144461568561 0.953576705741997709964152818429 0.297296636214338327874884271296
0.124206298152036959114852265884 0.406770050361607904410021774311 0.811701324587132511112486099591
0.972351853076637406836368882068 0.506518860087514677381648198207 0.889418245897123482812673955777
0.482482081105983728885888695004 0.068146593882094638749968851243 0.944890707424214881804402921261
0.375056292042945160769562562564 0.059655116197272074762825155858 0.164748083804585859768465638808
0.580623273003643136647156097752 0.569234765615872273514241896919 0.557092301376748255670179332810
0.112510435768484337581973875331 0.908683751348214108212175688095 0.311019052476464497036801049035
0.597817638086534763885993015720 0.088942661294682048844784105768 0.212635378755507059578278017398
0.398004363667549931893319126175 0.460737382986961097053324465378 0.608323843009196174591579620028
0.510651600564768104462132214394 0.560653685580868144100463723589 0.986357523434780669724375457008
0.095344599680635438998521635767 0.630736300292987772664332624117 0.801741350306028777161770904058
0.304993948346526322357163962806 0.790497284739690275756629489479 0.637636929295126830830042763409
0.200128676054500381775724804356 0.003802804859715334419301147051 0.098198741642406314755753271584
0.002137822088449484007888212744 0.143192078851359011482102800983 0.779372493628866624959528053296
0.352434189080594928444867264261 0.686757151212039840260104028857 0.691137439635700068230050874263
0.616798168772692445571692587691 0.718697055306615983916174172919 0.245976606572331002453779547068
0.081424381227060790844340942840 0.770870073921623877311049000127 0.160029590650863445810969665217
0.525911141291408590348055440700 0.972985495548798429155112899025 0.281596660929714859289418882327
0.902301636518079153148619298008 0.879595283757111379152604513365 0.321074555126186322873138578871
0.471043757454257805417086046873 0.098922625328122334997793529965 0.741584415851430867050453343836
0.738880167031756074358384012157 0.989103117667897158149514780234 0.463692407802641870517845745781
0.835315918499537901631413205905 0.367351920076653237767771997824 0.382629920932398004396191026899
0.112733113439497559249424796235 0.831818857492754748506058604107 0.448650820926993265658211385016
0.928463716006909911548916625179 0.529784709793935659760677481245 0.712370397230350227424366948981
0.050116434340547619252781430532 0.420849491403423370261549507632 0.045725509911941679408453609312
0.780050874059659116177556370531 0.544590011081322655783765185333 0.697242928237259529389291401458
0.606221190726484171484855778544 0.636372006341783591487626381422 0.553487211605752760235077403195
0.412374478843398228899985724638 0.864128215247155551104185633449 0.836906602176327174547054710274
0.771815143628941546793953421002 0.097301692568617009770903791832 0.528198867398487537094808885740
0.875007063021135067515388072934 0.062797674095123504067750275226 0.779884495616135264839385854430
0.638346091629263812095018693071 0.966684047018689485142317607824 0.742005032157184496455215594324
0.450032442712582081423278168586 0.680160491769536856843103578285 0.288818387507566942673520316021
0.346532205837692397487614925922 0.414847165396159511807638864411 0.429942218107638107760237744515
0.276020905503360058919071207129 0.758290219769528817117532071279 0.873405944136205425465391272155
0.406925242582862445317459787475 0.877894282044627383143620136252 0.007690128233911599359151622934
0.721163144777137721241899726010 0.077656056680989266061132525465 0.511717694782789278562518120452
0.312991352922869114916437638385 0.925994895051924116202712866652 0.920309589912870817940415690828
0.749540339227948049227734372835 0.932374009383979407417086804344 0.081905068752370718820898787271
0.613421081369248222259216163366 0.295620520936766717490229439136 0.465432251090869331111576912008
0.953347255228054080156141480984 0.787716420203938394450915438938 0.917310589743975279830578983820
0.970516457818191624618009427650 0.493962625892637785529615257474 0.864994527438065374802533824550
0.071780877033635129280675357677 0.008155553579068615388525387289 0.756148320410546470604629121226
0.098624352622071725926744534263 0.972775160621407897210133342014 0.361828466171010831864407464309
0.900111878981821211809233318490 0.913018483417923243372626984637 0.550325244207195529710929804423
0.321263872620522250578289913392 0.424629142562303940611201369393 0.318664969194106251215714564751
0.214172827138997906581963093231 0.700244672351587160719077473914 0.978786609753243275200418338500
0.137287888968551319290867240852 0.377248513707580890308435073166 0.144489354852264967332686751433
0.736357501268685266104796482978 0.228232931321076776276512987351 0.291013109502811173623371132635
0.032511404181235513399794712086 0.445771533293060240321636911176 0.461928637549227083525238413131
0.367144834354250382268958219356 0.622447296529282878552180591214 0.360147526291311470547640283257
0.710202601470798722260724389344 0.299025743707228119916408104473 0.092268469859955973277898522156
0.271338273440020483207035795203 0.142979225118680719486263797080 0.299639089086844612186411040966
0.858360875250006483128117906745 0.409799214531638256175938295200 0.794355636951497245945574832149
0.367572419821546092499886526639 0.185012091194256961257380567076 0.300319202000948581865458208995
0.053246581978593110484609951527 0.487119410502427796494373524183 0.633478141850166154291912334884
0.682592395255606221304844893893 0.184586497432127349949126937645 0.780034880753488479854240722489
0.393533146502497765961692266501 0.977084825199524553696051043516 0.552731403688658473605244125793
0.508765748280714080742370697408 0.929551982924035291588893414882 0.997613578002597867211420634703
0.593678096558874601740285470441 0.506361468215086985011907927401 0.592668526410210616539586681029
0.479637703806680693041641916352 0.505405696495004552737384528882 0.673664807288772093940565355297
0.249287119646880273027278462905 0.297859111197556425398857982145 0.790784601810680998212887971022
0.280251977088909365321001132543 0.001392382622567222118584173707 0.785844284360127653954464221897
0.954103510386121955733074173622 0.354196851499864517887061765578 0.374398714393326725868860194169
0.763756950999044281758187935338 0.044095684191570082288702536744 0.278130885466655153326342997389
0.863525536009661309755358615803 0.577198855935278531958942949132 0.347328081328911408842685659693
0.901670453787514314392126379971 0.698480807308740958561088518763 0.561584185034847749307118647266
0.834329624448801099312333917624 0.922824807496492538483323642140 0.601198307288224098599016542721
0.523250877840709227584170548653 0.836919857694192637076469054591 0.173422079954457630801556433653
0.267765545303994656478607794270 0.865228696906743532935024632025 0.279637813187733008657431810207
0.855121864211144222522875679715 0.614926284227071850985169021442 0.858865249575161970874148664734
0.661035058640266348639613624982 0.336308898198606875951099937083 0.687087992402495961741237806564
0.778683468208618334571724517446 0.436526372955559183175466841931 0.657636279836555814881648984738
0.293687089867357253858415333525 0.815461093015963256469547104643 0.718380639299189049928884287510
0.331432006390593836275826333804 0.928052378353129148180755692010 0.912780686484356507115478507330
0.587287744459281890740953713248 0.487598459985410959127705154970 0.836749293899804680307852322585
0.306055809642960863214966593659 0.587971431395196253433255151322 0.056521758149590539677120659690
0.683730805936131780242703825934 0.743283393406866887964667967026 0.358959653765940023273373071788
0.313851623249422284622767165274 0.304705447313924182584088384829 0.319732688930913444558257197059
0.727598756493284426483114657458 0.444543710802569103091030910946 0.629288760401760516316471694154
0.803577153122109533178729634528 0.982562021334760671287256172945 0.800849641504023601612516358728
0.289362811739175107561550248647 0.019795122389053516898105300470 0.935603184595972137138630841946
0.168894769518325327251062617506 0.476138538876771155727851692063 0.802611795291350182957046399679
0.532393705430880825879569329118 0.715974442790418108550909437326 0.590946243985514874097475512826
0.054807980904382221087889348610 0.424578626668994096871045940134 0.679575026800573578356079451623
0.661070998982996149706536925805 0.075340841027659075090916473982 0.288079419535511804806304780868
0.092240024558669239662656025303 0.146364086395928100214902656262 0.283467355645095009375467043355
0.567036727156774444935649626132 0.613101713696767247618879537185 0.633882232336736795019760393188
0.793699554656441930156063335744 0.965014446174706885805960610014 0.461851424432698942634800687301
0.325896177361296279784141916025 0.045862821585949488378819438594 0.558579825469118884662123036833
0.040130989103704120535276445025 0.319375076258952728114337560328 0.674462838047081736370103044464
0.630596512745314918824135475006 0.507590666195538942062626119878 0.225518997489798533884197695443
0.013805654152445678145566532180 0.170099888884458566584712002623 0.213927060237979665968666154185
0.169152653513973988408380932924 0.256592379441236972947848471449 0.151313007389905829214171717467
0.270287417147177910781152831987 0.875931003966092358581363441772 0.918499689780191808097242756048
0.528001146833750212294944503810 0.404372813948752074519887855786 0.865323124611308114317864692566
0.585519332274888282263702876662 0.668866249593968453801551277138 0.589578160387455030289061141957
0.347814096013257745276803234447 0.739497905720934656237375293131 0.324326512970754932130290626446
0.384614678079736260762899746624 0.186017683207541334455825676741 0.719610322623156162258339918480
0.028475080641610608228608825243 0.828849818500378643371107045823 0.059219218715138528807973017365
0.461419173345961608490028993401 0.798798988852717384290258451074 0.290156185194953009087726059079
0.643423999214490782705411220377 0.247146067030409005704782998691 0.071447662866969519068760519076
0.487270362963487968510634118502 0.591601188348619744239442752587 0.744614015707286469591963395942
0.384387598694620913342134826962 0.610768982590662590226315842301 0.981951400048113209884093066648
0.011679956470679028757153616880 0.456545642126464590315748637295 0.548469724921185730615036391100
0.824675529241619686970921065949 0.799263803351506263439318900055 0.282824123667077931276736535438
0.113614227208684984149478225390 0.359994642767730244070634171294 0.674909571461152046900622281100
0.962819147419986420821658157365 0.862724167178610001904814907903 0.263334111804524151345674454205
0.576957170147138875826442472317 0.738449890395537766885070141143 0.094501732089310744311383416516
0.538849929525384352402284093841 0.942407217370747285478671528836 0.512370978271509125434590714576
0.162873488509088892861598196760 0.480211177710940184670818098311 0.717978986987220402227194426814
0.874133394274566710713258999021 0.275041091339188192854692260880 0.437433046215436216463956498046
0.590629199077586597432798498630 0.255338072974732877007397746638 0.711423852232483278079655519832
0.479838176925918069581911140631 0.807618204719481536102421159740 0.780856871884707981479323279927
0.755930281907440160260591710539 0.727417337319310575161068754824 0.997781918517965382697809673118
0.610961540201292230278795614140 0.647367623719202422982732514356 0.890738133535247667005307903310
0.329076872110325990838930465543 0.579218288606733300305506872974 0.490396716112673436427371598256
0.283302377868913490832625257099 0.873835674631975423132246305613 0.052532177736347489271917510223
0.758384092315770863557133907307 0.038636044213533483893119324648 0.282993267614963295297769718672
0.887846229910445705613142308721 0.449045549497360030333226177390 0.552045033140325935860914796649
0.014187091992151243738384813753 0.953556755018527768541503064625 0.122731118175901640632297073807
0.882854166488372782417570761027 0.394647702735994865275159781959 0.870439949639676635584351060970
0.926682449850788736434026304778 0.725738261687885133355280231626 0.665164753878908276973902502505
0.590341840576789844696747877606 0.481338156406313222301918131052 0.920862622765929672574714004440
0.154289530275137948267527576718 0.689902796199946100053068676061 0.903316486820093356158167807735
0.927199259076702420045990038489 0.179628393689142629163768560829 0.982143751108538354266386249947
0.213749440385094496841489331018 0.919748333410338458904220715340 0.428520351521263442862164083635
0.639022548462873429819808279717 0.428467570033477740398808464306 0.845811790702833299349094886566
0.026061228985534728996853459648 0.270916515022139425816760649468 0.504224751618919997397938459471
0.647963469348694309779546074424 0.360523617990446743064580914506 0.088678437110807334375905952584
0.520498733596887586116963575478 0.911564577154858723950781040912 0.701900902246424540642522060807
0.135878942153914855639484926542 0.098759364096084545359133244347 0.647734167458460907695894093195
0.222999270422422041226795386137 0.702407794677344932132712074235 0.918260355680839079894894894096
0.622119253277563011295114847599 0.637410073188156678369864494016 0.018927526862080105291008536028
0.766713862467536810818558024039 0.368620381754781289984634895518 0.415626273459652195718661005230
0.412697049352518774423259628747 0.955511963262865582358074334479 0.003151062803733438357628449111
0.924525778488649696562617918971 0.911392869514296544153353352158 0.337315125835509432850045641317
0.909147591435483737321021635580 0.435145218327435134852976261755 0.035493384539650389697396093425
0.073917156748743412242319550387 0.585390967756640567820625165041 0.160311514574864616422544827401
0.141092157260813255703624236048 0.399034939156724000053344525440 0.509269778196884348453465918283
0.409695048197626476849109167233 0.742918113256840428881844218267 0.012203788991772119426615361704
0.000266061222277761951025137899 0.785361961255044649377055065997 0.695341463652434876863139834313
0.360316803827312348573741473956 0.754936694635911509365655547299 0.118676842308976335238490662505
0.253996544855808970009292124814 0.390312348902113248616529972423 0.717790665556317764028904093720
0.258756966696324752774671651423 0.394912081635883482899629370877 0.013574627887818031465871904118
0.645687364979386613228484748106 0.821483635927108712948552238231 0.256109851437974433974176236006
0.110755032526601571163382686791 0.418534759642582632199747649793 0.631555067236497347238355359877
0.554717593893852889408435657970 0.283353925110894966366004155134 0.871006135688678129191941934550
0.952668002006886949217800975021 0.367530762792639797975624560422 0.278681097920248366239803772260
0.936977717766363848994615182164 0.639987861829922510814583347383 0.303724703663067308045953041074
0.511630540448172910217294884205 0.265232920865491106354738803930 0.949718160322255311456274284865
0.512160921517244238643229437002 0.894566788693510583918566680950 0.358725741646878593105185473178
0.612734423234316483153349963686 0.838296654604465230065102332446 0.997365092608513581495799371623
0.905484013067796023044309094985 0.540678672509789959299553174787 0.409027759079634511962808574026
0.198677763941219970300622321702 0.805332258348282481463797921606 0.884642635411453714944229886896
0.892965210433414036117483192356 0.605475086924569971813525626203 0.211822042481663364021926554415
0.173844042689741490326227335572 0.744599430111073101734575629962 0.027872442080787443452472018635
0.103503650531447180527244711357 0.458553350498967671189376460461 0.776853603514378154848429858248
0.062026510620422643793592243355 0.432414344881179690815997673781 0.262233188086874846600693444998
0.726096732683723877777026700642 0.514182211230478802832521978416 0.991839905148885425667515391979
0.660975348194686951330822921591 0.490490264701758327259284442334 0.849562812960823143804134360835
0.566675947013613789948749399628 0.072341559069067973286593087323 0.116595742669025448368103070607
0.018224306465101463431421890959 0.530952957237637579446243307757 0.356239431436367437466827823300
0.669878588690267395833188857068 0.809804025716974851256679812650 0.298362172279089621351744199274
0.807143326867430399573777322075 0.304282375129596882601390461787 0.640987866244452808572873436788
0.965523678611187929909931426664 0.599694362756237220324351255840 0.522503635118169995621428824961
0.880704892612087841818890865397 0.492603891992850484449206760473 0.752867526371353235070671416906
0.244522190054939025927183138265 0.199648795188098693298428543130 0.413699320503134737592176861654
0.411118653794849520100029849345 0.771275414755289823176553909434 0.645462899284235169794499142881
0.819874274653915380284274760925 0.264473671309476465740573303265 0.110975193770002783510975064019
0.964562114632163236649375903653 0.064803096747190175319630611739 0.648800735919575433108263950999
0.076434087662091351744741984930 0.108992191072239674731747527403 0.897369962788436503764444296394
0.713839199594647144664349980303 0.074085419207480934788989657136 0.138372847051065561707616780041
0.077673370493479956810922715249 0.956156844253969517843927405920 0.713833017650888468352832205710
0.555302314913637018456427085766 0.374886997164005864036084858526 0.272974797510036448766612693362
0.129932543534809846752509088219 0.894794253013004636798655155872 0.341054571009960172389696708706
0.764086960611396581732890354033 0.298642196275328786203573372404 0.145999412201942457834036304121
0.271931917895057828626903528857 0.409386199075494006116571199527 0.101858072161991553006288313554
0.698066458939791356641535458039 0.818494496766921986186105186789 0.611955194467667551450063001539
0.424555080478816959654864149343 0.436212615817067606016621539311 0.228264354889461257291927154256
0.460411678521923217743960776716 0.344505505233225539640784518269 0.790377417936616977200969813566
0.990824969960931611900889492972 0.671706636962643433008679494378 0.557263334832891699122114914644
0.181710700857853790779472547001 0.848026532298328472592174875899 0.169358756862080378491342003144
0.476453891317990652076730384579 0.848825496018139613596531489748 0.512792282026386159188291458122
0.894070324308458341810990077647 0.106426907713848037384529732208 0.077773396635792899078687412384
0.309732022182715116542794930865 0.453807890858506091102952950678 0.775430310092612540273648846778
0.764325349549932142600994211534 0.440974136345132272651881066849 0.197026710596977239209337540160
0.998748932668065414475222496549 0.061268004267148803987375060842 0.629753691613160415663230651262
0.816142374059126263219354768808 0.902615950313152559658647078322 0.334321571709217946199999005330
0.400645405695805978396606406022 0.966322249714106629170373707893 0.356769861336663218764897465007
0.783371484941837170623557540239 0.613131245436162930495527234598 0.096306902470582073094718111861
0.909587046658472675453310785088 0.577430415910972216764207587403 0.404154320271312927914664214768
0.684754431873090929627778677968 0.367305071244270253671970749565 0.814965651194217488573201535473
0.657423859611360184018735708378 0.108587314428212997063916134266 0.064153952298288421940419823386
0.598357219032583875772957071604 0.853371633663404405290009435703 0.870786999480463785872075277439
0.119280601865569046982074041807 0.701507801939838637750312955177 0.422740483501664321419610814701
0.870631034526930358552476718614 0.785135370333948867660467385576 0.100129213579637693642965245999
0.760968602838023255863220128958 0.405950313408481089361146132433 0.302949006953062649483143786711
0.448428794167483713017929858324 0.056088928519119278515159265908 0.504455326040743501359031597531
0.551265597495129600069674324914 0.798304476746169666689922905789 0.947030878346154847413629340735
0.722916918095039773284327111469 0.293902997588253334093622015644 0.585708998793051605069592824293
0.617943148516677642767547240510 0.197448415294997237090512953728 0.965409699464144566150025639217
0.066976871025839615492181167156 0.445892492425272624068099958095 0.452779091000799049915315208636
0.122884919989581925525712335912 0.506675006809722883183155772713 0.493587874790827552118344101473
0.629630223286071211141745607165 0.520379619541881721644926983572 0.523533488273362990206294398376
0.117674121946063289789741190816 0.049695494614657748089214805987 0.829529947973454251375358126097
0.513817844106473020637793069909 0.798643955767879276663734344766 0.354038421130308256223884200153
0.451761029825390680869645620987 0.389975805612640946673508324238 0.106420351856172018534252288191
0.424183805475220221392618213940 0.865725541848323287830169192603 0.388291843436211925322254501225
0.343963772441754689346282702900 0.638556713552243526699214726250 0.286837799661376735560480710774
0.170059751550121485141886523706 0.273294161291444681616269463120 0.556263039662994618339553198894
0.985368972678396182196536301490 0.173459151147223405997621625829 0.888062871712108958810460990208
0.423042244517522925129071609263 0.127152405961418635271797938913 0.260437131594946469359541652011
0.965696437887007652633997167868 0.846149635911615294325827107969 0.682306702336073378489800234092
0.805264561671291456690369159332 0.025803050163156992374835496662 0.691801228280127911141050844890
0.540860769013577935560022069694 0.196443574549276855911728034698 0.593202972495025848687077996146
0.185598521255696258247525065599 0.002151217648770626170162678648 0.448249802948735842633709580696
0.839622167942252639605271724577 0.065657293788550688540262001425 0.469791193099891035700466090930
0.049201842039028373387843373621 0.141913149851088826736145165341 0.921299561539232758633488629130
0.001118698835695027720207872513 0.811676034994552209056450919888 0.654558960724940908093572033977
0.462984310214802241567610963102 0.877267773937881134571625807439 0.630723103941965290708537850151
0.785670859906110519155220117682 0.716412927802809740285283623962 0.516563153845712497158615406079
0.545824868925308903655491121754 0.875814520938879126354947857180 0.290784158633782430225522830369
0.712953136377237894905078974261 0.570133475007306378401494839636 0.904078565027504721385298580572
0.980970426331863376567810064444 0.408732046889519473609198030317 0.024446358490730513146615976439
0.572634535550448742213802688639 0.918941615538308997912508857553 0.128031259562120247608163481345
0.619740251802603503428201747738 0.977666734035300910576893329562 0.185159170476993650833463789240
0.958280026096632542298436874262 0.256829083524362677959373968406 0.191734415348545350621378702272
0.190211064192032319741798573887 0.871165568696949277338603678800 0.474210025376158639254242643801
0.159059258139374687379685724409 0.874739687640684548952663135424 0.382648921837273503498977333948
0.587628806156477834221618650190 0.472040167478700756209519795448 0.203932072920911394708909369911
0.845937392196298598712189686921 0.719694792059829779873325605877 0.446146636366078153113079451941
0.481106891345727483155769732548 0.812014473284076720993596154585 0.265279914150277129625266070434
0.585886739657516364410128062445 0.524116268838350940484360762639 0.392739641367614356060045111008
0.777911108053049304977832889563 0.257254025915349071595983332372 0.567778562271744946521323527122
0.582840090897590479279699593462 0.937331296662705426570028066635 0.069744520500377174543338298918
0.574120998407409155461778027529 0.644433290536484348898227381142 0.126786611052129377652519792719
0.042097734137378953200858688888 0.676893898614014610792821713403 0.180985923770189460757507049493
0.758317493602574388411596828519 0.252065833513907266993925304632 0.745153975686500991137961591448
0.888684907500709386773962705774 0.563129298815176704273710583948 0.630504576077943856837748626276
0.761102769698707715129160078504 0.722843320206419837070654921263 0.738045287279919914880110809463
0.385373196168324605448418651577 0.145176498050537866602027747831 0.274070751977938398269429853826
0.216395488991017376223524593115 0.450662364897911504879601807261 0.321656840924142928272999597539
0.782161130114579439265298788087 0.808693086204099853553373122850 0.283203210933246629643633696105
0.786099268374109705348473653430 0.567437556641160023573888793180 0.629867138670176851533710760123
0.995599918168972752852141638868 0.633942749797021254387630051497 0.051199442677291429060204563939
0.942312253109331088296585221542 0.342824770986357385549325726970 0.931822087541084420614367900271
0.122310738996227769126434736791 0.079804123573857174700485472840 0.686531749842052341215037358779
0.073808213661570795660615829092 0.251901996108440440202969057282 0.071812648161244219124910159735
0.784741505951383921946273858339 0.751579518937501855901928138337 0.733472702755197936141939862864
0.511718364492164790036099475401 0.195602794137906210725219580127 0.203503862147782321745381750588
0.455161562799465513329266741493 0.785636898912180359211276936549 0.406267698863224890892809071374
0.740584504331995296944057827204 0.114380176251580145674324739957 0.255615056032913401384831786345
0.114047224835928995290146303887 0.785177568813884563247995629354 0.605520361913157278976882480492
0.477564783932171221803031357922 0.731728676503478503434507729253 0.297133424052784866908893945947
0.779567275320350194789398301509 0.704950596378507987616046648327 0.659296702847943505432226629637
0.773686653349446640248743278789 0.257758285101306494624395782012 0.770497241671874721902213423164
0.898603665632703441090711748984 0.417519215760633222167541589442 0.780789354725736739482044868055
0.725860463999732252737828730460 0.523707528127189236855087983713 0.792268237479884618323922040872
0.244565425410526032790059502986 0.277864694027408154486380453818 0.074379988696388441016260628658
0.882309846148878751392885533278 0.928722382920238898051934484101 0.675917174491341699038571277924
0.602600715942977482875164696452 0.703748388167368954526637025992 0.632976522108219641360449259082
0.418872542724497975985542552735 0.402512525885497796096501588181 0.848371700877797452200468342198
0.340049935229467525932278704204 0.617570637847866144021224954486 0.630592926907697859384427374607
0.460270665072984308530124053505 0.198446581466395072235187058141 0.132033580900739133667798341776
0.186492780805766950047441810057 0.087850699137168711261303144511 0.812850032148351053784551822901
0.901874988450822034913301195047 0.497484221087599542965307364284 0.312509509833518273058672320985
0.370317621667680230146402209357 0.991274426148410991999071484315 0.238911524750408887918240452564
0.778726919540886797221901360899 0.440833376986816738440921881192 0.528485134871036432713253816473
0.491786614939765942544624977018 0.367248752555096480421070737066 0.238800790110271887733972562273
0.317117965708013538339571368851 0.455650081597740785888106529455 0.400860095006407790574343152912
0.245061408214508502645401222253 0.021412547598188450687084483093 0.673441395837726886064444897784
0.874517743779689937788646147965 0.103258684799263242282130192962 0.383370273177933262864769403677
0.144116641915250143224369594463 0.643345896331792177491593065497 0.235456585607320217912175053243
0.013767629462830098877046403061 0.348095333129509021397041124146 0.248487998826593337042822895455
0.140800692923294334946149319876 0.880791960470772017366414274875 0.428740447578467576139615857755
0.225839734729219171471825688968 0.287612265491959062657656431838 0.896897358042990089366242045799
0.467001448398414342744189298173 0.172291350030296941397978116584 0.196307002684043219176146521932
0.477720451050646977009250804258 0.783275242245435654453444840328 0.106033418042168384176626716453
0.065575765305618663458808725863 0.163344645444863767469456661274 0.995702210339305393560493939731
0.246564018520110950216661649392 0.737236534432409107431283246115 0.732005592212715328059857711196
0.747341462525647037828946395166 0.758690538400716540934354270576 0.835880810139341456910244687606
0.201980376856685184261408494422 0.352223245552707342476139729115 0.854186024988805470137265274388
0.400960371322431341489789247134 0.614926878239103746892624258180 0.954190416791480866542940475483
0.591391452864507449760367308045 0.990827186610177768066876069497 0.806651622674073642826897412306
0.882985744221922441710148632410 0.121005689380399544807787037826 0.976004027934619156070539247594
0.335145586243580095864302847986 0.026564174774780232451965034102 0.567642915698847505545643343794
0.081399116186052125621053221494 0.178197202517292846435381648007 0.591885950782878422771204895980
0.642616938867717979455562726798 0.148394664507934537223121651550 0.313367510869772158965673725106
0.660157657970707800743070947647 0.591454606939365690188026292162 0.998538795041776450212012150587
0.043185795205103572058646932419 0.551112430913911599539289909444 0.000874705406213964302419849872
0.318078025934732722124209658432 0.888697299425650011350796830811 0.223440351784848945104755557622
0.607319422134752429087711789180 0.449316301042829879808238047190 0.645033870979336954043503737921
0.449256354204867702772929760613 0.517699510724641376313570617640 0.664113124212331151774435511470
0.839922651739551828775631747703 0.970750512566227685695707805280 0.078773855288195832047293265532
0.273665019285452892905396993228 0.098582094822946636503147033181 0.382807004876438483620404440444
0.499988361228961286641947481257 0.742804048113601789182780521514 0.695612593242906696033855951100
0.725424026193756898983622249943 0.357298072766662921928570995078 0.948309458144936390233681322570
0.993957580873717883029883068957 0.792094802533040431846700357710 0.676714551966138722072230393678
0.817095930501464118300702921260 0.978846748283170864368685215595 0.316426259218425098840299369840
0.544244696740878053375922718260 0.638912895829059634955626734154 0.469005182431797174036347541914
0.584975483359104764247149432776 0.588574200220114529535919700720 0.708451471570268109800849742896
0.127121462039833404977784425682 0.124044261856719822967320965290 0.049930703701279569028947946663
0.646368029829231249827614647074 0.033005960944223422526278000078 0.637436971561101461958287472953
0.383511076617558177570543875845 0.552171368817996333078212956025 0.285823584213680925714129443804
0.854959814836979803409633404954 0.038193328347481375617533672084 0.113803294087713863236288602820
0.049776575350618551540904377362 0.152524205445363159050486956403 0.774011396504080018132754048565
0.929305800787679880947678157099 0.394307367001540953754812335319 0.256583911230268357783756982826
0.797685687592561420977688158018 0.595561904847678458274629065272 0.316480639258365892274582620303
0.151416925566433824279499731347 0.818310890940673996141185853048 0.291113276902627726716588085765
0.006859756755661483747232853858 0.974822850522823247665371582116 0.001408595670943067713551388742
0.390251888864336760054385422336 0.151760279028049643867959161980 0.261055675699557454549903923180
0.878235530144149012521381791885 0.573288176823070760868006345845 0.862727017259430573048462065344
0.872691650539646146533812043344 0.773955164023410691065407718270 0.521914552625523775475357979303
0.116824349673209051947431191820 0.188722440819158426839052822288 0.818589545372941040923819855379
0.116477085449516501447497773825 0.387901048046137841840419469008 0.472833711527108735417357365804
0.163270270588820209933800242652 0.273743836005293783575353927517 0.823513327450202781143673291808
0.175887051864098975517691769710 0.642103371067889061585276522237 0.226579755178219460765021153748
0.187033543307539767974745359425 0.413133795408652193525966822563 0.851591503283890105535647307988
0.910089241266144322040076986013 0.707840299649439730345079624385 0.485071948262730312517732045308
0.781378872523801448757296839176 0.483824285604061599119773973143 0.373004440273387360971213411176
0.670310071900555026758183885249 0.990209299913704987794460521400 0.225163117206363505573563088547
0.702465949452557358867466064112 0.627453777017357050560519837745 0.761921451172671626572707737068
0.693160133405347655966011188866 0.150349763752859078014267879553 0.830545717260363747236340259406
0.855201086008993138776190789940 0.719185922491375029252935746626 0.629907427197647917793688066013
0.935072709472057339574746492872 0.888607956762189177268851381086 0.623028550390436475225897083874
0.524765827540408902329716056556 0.277422939302286786222850878403 0.481768203309556886093645289293
0.791735066619868921300451347633 0.093181475807273830835875116918 0.930727829036397391604396034381
0.149974227301504919873664789520 0.135123111399949286104416046328 0.148978780847297820333352547095
0.207945454510382488066966288898 0.435258033388602638691367019419 0.203726360644103154928785670563