  0.0632894
   0.295237
   0.557985
    0.28896
   0.729104
   0.349238
   0.751279
    0.38847
   0.320782
   0.315672
   0.219173
   0.469454
   0.579915
   0.704579
   0.686386
   0.813374
   0.591281
   0.388186
    0.42496
   0.994176
   0.215308
    0.18838
    0.17225
  0.0854029
   0.848956
   0.758174
   0.756001
   0.942761
  0.0206235
   0.331988
 0.00296665
   0.572763
   0.486815
   0.331775
   0.734762
   0.134028
   0.459228
   0.834876
    0.68696
   0.670708
   0.798312
   0.532496
   0.562789
   0.576508
   0.634106
   0.785261
   0.681072
   0.938378
   0.734276
    0.83057
0.000191017
   0.890172
  0.0463375
   0.276472
   0.501511
  0.0855119
    0.28137
   0.658921
   0.607222
   0.596264
   0.800248
   0.884696
   0.331964
   0.826959
   0.674758
  0.0596999
   0.446813
   0.505787
   0.364011
   0.640477
   0.900316
   0.499697
   0.421842
   0.752363
   0.120275
   0.260398
   0.157247
   0.621576
    0.12615
   0.524485
   0.102538
   0.645498
   0.481776
   0.523506
   0.439479
   0.993478
    0.96006
     0.4637
   0.272662
   0.591317
   0.110043
   0.724928
   0.984381
   0.680378
   0.046801
   0.053363
     0.4542
   0.529168
0.000482141
   0.385724
   0.375222
  0.0163306
   0.585249
   0.463354
    0.50987
   0.889031
   0.983985
   0.732023
   0.205293
   0.482877
   0.834629
   0.544787
   0.027189
   0.131439
    0.15762
   0.824301
   0.461324
    0.40187
   0.549103
    0.10016
   0.771834
    0.52204
  0.0152964
   0.445253
    0.32592
   0.571599
    0.21192
    0.60461
 0.00240735
   0.677874
   0.383991
   0.550912
   0.989448
   0.919702
    0.74055
   0.825455
   0.729232
   0.484359
   0.710334
   0.758344
   0.972839
   0.696436
   0.122819
   0.625922
   0.996758
   0.195196
   0.660219
  0.0562745
   0.764128
   0.295005
   0.317253
   0.839845
   0.827947
   0.468127
    0.53482
    0.10794
   0.379494
   0.344741
  0.0985494
   0.656465
   0.471885
   0.918123
   0.837902
   0.822676
   0.420778
   0.542435
   0.835748
   0.428755
   0.858217
   0.818423
   0.149576
   0.219395
   0.576111
  0.0312218
   0.395814
   0.163198
    0.46517
   0.499112
   0.307703
   0.785621
   0.702816
    0.80936
   0.754673
   0.924212
   0.339757
    0.17992
   0.925063
   0.676537
   0.454547
   0.416448
   0.876129
   0.053522
   0.200416
  0.0623968
   0.695417
   0.203917
  0.0383923
   0.397572
    0.81868
   0.920808
    0.59219
   0.828994
    0.98132
   0.633151
    0.54515
   0.547168
   0.827968
   0.564424
   0.924436
   0.466397
   0.338115
  0.0557801
   0.781315
   0.935716
   0.815524
   0.549842
   0.496519
  0.0915577
   0.423666
   0.366996
   0.193829
   0.159136
   0.418678
   0.795049
   0.953572
   0.422428
   0.565508
   0.608905
   0.941857
   0.755592
   0.911076
     0.7728
   0.729829
   0.716687
   0.869856
   0.677427
   0.862726
   0.774408
   0.504822
   0.105161
   0.664764
  0.0930866
   0.717029
   0.847979
  0.0477998
   0.503813
   0.288239
   0.309531
   0.483578
   0.501492
   0.337704
  0.0618169
   0.920487
   0.196353
   0.567873
   0.569421
   0.507971
  0.0162079
   0.810988
   0.147706
   0.310208
   0.136687
   0.865137
   0.834807
   0.322017
   0.349021
   0.452446
  0.0729896
   0.049956
   0.994957
   0.497883
   0.141867
   0.958545
   0.550567
   0.533108
   0.487889
   0.448204
   0.344879
   0.631256
   0.416287
   0.189583
   0.775241
   0.264417
   0.886442
   0.092095
   0.988458
   0.212227
   0.983922
   0.772893
   0.389965
   0.755612
   0.930553
   0.440598
   0.398778
   0.925425
   0.224209
   0.689842
   0.581744
   0.380412
   0.658103
   0.153898
   0.586144
   0.248545
   0.285481
    0.62594
   0.582406
   0.381719
   0.128367
     0.7992
  0.0744903
   0.401117
   0.507842
   0.363847
   0.669032
  0.0681036
   0.317788
   0.420193
   0.723154
   0.897812
   0.322495
   0.182639
   0.488529
   0.213999
    0.73246
   0.232651
   0.909521
   0.450401
   0.949091
   0.119392
   0.120851
   0.642829
   0.943448
   0.256189
    0.43473
   0.820797
   0.591967
   0.406205
   0.946455
   0.996566
   0.198028
   0.318537
    0.48061
   0.602276
   0.822192
   0.341794
   0.946914
   0.935408
   0.266186
   0.738525
   0.711222
   0.659131
  0.0843068
   0.165209
   0.783845
   0.577309
   0.259321
   0.359374
   0.584321
    0.32413
   0.565372
   0.732337
   0.845695
    0.38158
   0.871903
   0.225434
   0.606259
   0.501113
   0.535562
  0.0757644
    0.41933
   0.970515
   0.664229
   0.941074
  0.0930041
  0.0049269
   0.842715
   0.639743
   0.213417
   0.788738
   0.452362
   0.479547
    0.92291
   0.560783
  0.0813902
   0.311908
   0.155992
   0.024732
   0.600325
  0.0689914
  0.0158586
   0.590288
   0.335222
    0.83927
   0.263863
   0.589905
   0.355137
  0.0910954
   0.147536
   0.527916
   0.987699
   0.264795
   0.676874
   0.590361
   0.976047
   0.686878
   0.865869
   0.436489
   0.813178
   0.111225
   0.840521
   0.382675
   0.415297
  0.0932866
  0.0740844
   0.952474
  0.0942757
   0.133851
   0.264455
   0.573404
   0.874218
   0.115185
   0.191219
   0.434281
   0.133524
    0.40429
   0.868067
   0.339617
   0.411554
   0.949839
    0.10403
   0.193742
   0.616235
   0.548303
   0.509366
   0.073922
    0.65371
   0.682954
   0.766878
   0.992268
   0.590798
   0.472792
    0.55834
   0.286668
   0.191627
   0.429848
   0.469031
   0.732986
  0.0997228
   0.112538
   0.765266
   0.742696
   0.478139
   0.298519
   0.343711
    0.31246
   0.965472
   0.261844
   0.981351
   0.956762
   0.126095
   0.410635
   0.299379
  0.0908563
  0.0132077
   0.872479
   0.586117
   0.729082
   0.846269
   0.846946
  0.0424256
   0.557973
  0.0186229
   0.403593
   0.230283
   0.359791
  0.0397448
   0.653301
   0.259867
   0.835448
   0.630486
   0.888254
   0.879433
   0.133114
   0.978741
   0.656766
   0.321413
   0.340449
   0.933344
   0.374475
   0.967869
   0.783382
   0.861929
   0.359924
   0.291973
   0.533201
   0.128569
   0.644077
   0.917662
   0.910944
   0.624319
   0.463894
   0.898583
  0.0796044
   0.572958
   0.792872
   0.200567
   0.546675
   0.154765
   0.169102
    0.13357
   0.755819
   0.641992