   0.982854
   0.950652
     0.3983
   0.474618
   0.502427
   0.416392
   0.246869
   0.166689
   0.986593
   0.120105
   0.564405
   0.681308
   0.658715
 0.00453396
   0.542166
   0.175061
   0.110819
   0.104285
   0.133586
   0.610223
   0.925911
   0.702912
   0.583056
  0.0609203
  0.0217392
   0.512162
   0.516158
   0.797014
   0.977117
   0.507241
   0.970061
   0.874713
   0.426728
   0.195419
   0.366447
   0.267137
   0.875311
   0.742299
  0.0385311
   0.519156
   0.314972
   0.284332
   0.546224
     0.6431
   0.259008
   0.800669
   0.663055
  0.0185698
   0.650687
   0.519272
   0.670256
   0.698946
   0.929169
   0.969642
   0.407555
   0.439649
   0.618987
   0.151043
   0.527952
   0.756086
   0.676252
   0.378765
   0.556722
   0.884565
   0.639543
   0.552842
   0.400997
  0.0190599
   0.812609
  0.0874569
   0.219064
   0.732405
   0.441325
   0.638898
   0.612144
   0.376313
    0.96661
  0.0250738
   0.308349
      0.293
   0.622376
   0.985532
   0.556148
   0.780931
   0.350467
   0.869749
   0.418471
   0.762056
   0.721352
   0.705843
   0.075744
   0.326809
   0.599849
   0.581213
   0.556572
   0.735877
   0.597518
   0.121429
   0.757245
   0.832238
  0.0464599
   0.849829
   0.106085
   0.742453
   0.457259
    0.36138
   0.870095
   0.759686
  0.0148865
   0.813084
    0.79747
   0.982538
   0.128693
   0.580913
    0.19958
  0.0482261
    0.53292
   0.632268
    0.83377
  0.0700137
  0.0288815
   0.954463
   0.708644
   0.126938
  0.0500592
   0.969682
   0.229338
  0.0744694
   0.369775
  0.0651487
   0.682878
    0.58028
   0.608764
   0.451248
   0.614211
   0.601099
 0.00429917
   0.764849
   0.642054
   0.075005
   0.405166
   0.646596
   0.394331
   0.473607
   0.249031
   0.139487
  0.0760299
   0.214309
   0.418284
  0.0741659
   0.628282
  0.0287568
   0.219145
   0.461057
   0.106256
   0.713294
   0.614574
    0.46292
  0.0611838
   0.324319
   0.217389
   0.721879
  0.0589964
   0.466556
   0.776092
   0.116235
   0.665313
   0.787769
   0.154121
   0.287573
   0.250423
   0.434478
   0.704532
  0.0513004
   0.497033
  0.0349542
   0.613453
   0.579007
   0.916075
0.000257496
   0.390059
   0.226679
   0.267493
   0.552304
   0.379386
   0.149261
   0.553685
    0.30446
    0.21585
   0.159556
 0.00464672
   0.806879
   0.301663
   0.815975
   0.821077
   0.691817
   0.836023
   0.442777
   0.571874
    0.58302
   0.534583
   0.484354
   0.807387
   0.816792
   0.400515
   0.109193
   0.920302
   0.811261
   0.318516
   0.957795
   0.426293
   0.115523
  0.0241904
   0.255772
   0.575552
   0.390077
   0.376206
   0.674362
  0.0269456
   0.870026
   0.159855
   0.272617
    0.24991
  0.0310418
   0.930258
   0.965274
  0.0308449
   0.685807
   0.240283
    0.21233
   0.427205
   0.171114
   0.523474
   0.699171
    0.82751
   0.448489
   0.410847
   0.966759
   0.157897
   0.282394
   0.743072
   0.303781
   0.038984
   0.014083
   0.396694
   0.779189
   0.623271
   0.614555
   0.710496
   0.469367
   0.456907
   0.287736
  0.0256112
   0.219009
   0.618197
   0.390469
   0.337311
   0.442238
    0.25724
    0.28716
   0.380434
   0.641486
    0.34392
     0.5633
   0.949198
   0.140397
   0.342482
   0.464329
    0.81007
   0.520516
   0.395245
   0.925055
   0.164352
    0.33405
   0.614545
     0.3119
   0.373928
   0.502881
   0.691286
    0.31766
   0.854959
   0.120275
   0.047764
   0.192038
   0.666912
   0.550281
   0.822515
   0.124097
   0.495535
   0.370924
   0.550995
   0.378388
   0.227686
   0.903733
   0.191064
   0.676377
   0.370127
   0.333757
   0.973089
   0.553567
   0.290696
   0.388762
   0.395185
   0.472897
   0.031182
   0.580836
   0.175979
   0.928042
    0.20303
    0.66214
   0.627739
   0.953592
   0.356511
   0.281262
   0.214243
    0.10735
   0.386645
   0.226459
   0.939375
   0.853629
   0.343782
   0.803822
    0.56837
   0.800454
   0.908586
    0.63868
   0.512222
    0.91314
   0.847498
   0.506677
   0.225887
   0.871997
   0.601022
   0.571616
    0.55425
   0.200572
   0.131264
   0.104886
   0.352828
   0.291062
   0.898915
    0.22997
    0.88167
   0.651494
   0.721484
   0.509998
    0.89598
   0.307874
   0.422604
   0.462351
   0.324563
   0.728438
   0.621638
   0.573579
   0.240841
   0.547736
   0.250374
   0.181954
   0.759997
   0.145409
   0.548792
   0.435352
   0.391162
   0.121622
   0.250045
   0.111243
    0.85734
   0.827438
   0.998994
  0.0272159
   0.506642
   0.201334
    0.24052
   0.347119
    0.19273
   0.626737
   0.755337
   0.385395
   0.945872
   0.595905
   0.355994
  0.0639464
   0.995969
   0.723233
   0.485609
    0.23237
   0.429581
   0.862209
   0.465398
   0.512129
   0.482459
  0.0121604
   0.188418
   0.650291
   0.906587
   0.771504
   0.300053
   0.478075
   0.406373
   0.689776
   0.444756
    0.96229
    0.91229
    0.80179
   0.210369
   0.337697
   0.106438
   0.503849
   0.303955
    0.51381
   0.429329
   0.881745
   0.432397
   0.525466
   0.801783
     0.7875
  0.0773138
  0.0421848
  0.0357505
   0.477764
   0.571574
   0.891677
   0.872838
   0.713679
   0.629211
   0.312357
   0.416114
   0.114368
   0.328705
     0.6173
    0.62933
   0.488804
   0.661919
   0.480236
   0.206222
   0.292804
   0.230208
   0.617143
   0.864983
  0.0503964
    0.26134
   0.612887
   0.181228
   0.998225
   0.528185
   0.573993
   0.854926
   0.981936
   0.307955
  0.0206189
    0.74093
   0.112865
  0.0230573
   0.112146
  0.0767388
   0.124698
   0.836683
   0.699529
   0.187893
   0.508643
   0.243296
   0.409527
   0.931359
   0.984369
   0.779903
   0.574086
  0.0254289
   0.224228
   0.229738
   0.130299
   0.184365
   0.604711
    0.65905
   0.169447
   0.584783
   0.480584
   0.636985
   0.299747
   0.785707
   0.753753
  0.0442814
   0.613455
   0.382572
   0.188996
   0.523235
   0.265687
   0.458039
   0.570944
   0.450261
    0.11923
   0.140053
    0.55884
   0.315909
   0.698988
   0.753662
    0.77771
   0.816425
   0.538269
   0.777437
   0.505402
   0.523002
   0.717801
   0.525486
   0.459257
   0.362489
   0.628191
  0.0805632
   0.919337
   0.708988
   0.920869
   0.210214
   0.220101