0.583448006102834292243126957567 0.185956947190670678161596802186 0.999362524795539145170630763783
0.165255144416950037194643096694 0.201729011154932800698593503493 0.369714315996414842339174793526
0.530546599783628173595028099559 0.113692688175937399944016682530 0.815203348477297860141691632529
0.563819598613671242755780854368 0.864277586248680769857995537260 0.949747264647710023210680569182
0.082615571818400655825513283935 0.876056167519782759134349764381 0.014033840942838443029065268421
0.365577932563644281344216186380 0.289965333441596722327765907637 0.692687703294995214519384485340
0.201460542493627421623722768329 0.816151638268171805319618225893 0.905270666964872432134672905549
0.770681516529255868468531402696 0.497558031469912475382394014715 0.106250382658167639973295438870
0.265173966375063505689553608424 0.683613008008313899249428535799 0.684201985877428289010221290179
0.008846933655237017961205563666 0.732685436316175648725391322692 0.519531314742910859096950797587
0.225661465168021296340098419735 0.371357731276530057000157417761 0.066234829528861717878870008380
0.439600634197324354913776669717 0.045476075402947927447657551441 0.261894130425289098207986395659
0.246670280626576167648397127641 0.552403071768270363790718368193 0.078423178868941431712040803779
0.187869290879274760484709978800 0.206644747414175457101897289425 0.767237163906073923236501973853
0.681873444756247613299162195215 0.480338484096037206386412001953 0.567126023784040279308759829865
0.591422464054593859549046286843 0.396564012075523481493699120806 0.645631986332297356878444588708
0.304473842263895323066591292005 0.314838521269490549864469969023 0.192311084400631317046483189040
0.830008159514102265900855473352 0.583642941519439589163058381631 0.889406242584304220776318108445
0.109401564009938505928533208311 0.373323512100132965360273736750 0.968533833733337401648895783016
0.766598803355626076986257349352 0.701042878710122795057777391200 0.166842986677696440198549242137
0.665818061319778111168061779459 0.982266932711521695923356800519 0.739196801566233492715907338734
0.932787490492720171367611354018 0.614000264841895268663164471423 0.989599363467635236507274807740
0.352643541786762089398398401671 0.620789105533464550802118407759 0.036891142885988197952489872011
0.665344215395012946216592851304 0.799703785725259135521674348857 0.085201992005388965759930104761
0.250922491067459656864098858076 0.540085370824613254070200498063 0.091488447260314337182321005268
0.437212887769807723882302263871 0.613985801044421082864556457677 0.527692875418300567734690036892
0.927235429594502280622182572977 0.893987454376688025703104911412 0.193248956948326825985521037084
0.142908016930677208973368321823 0.552457882846495864296647122581 0.624525271488189851269644599010
0.534283551509611810943433744095 0.707926163663477822591295238779 0.827522341054828941821369367728
0.021505787029341810386570296388 0.448330065451866231090197338419 0.464270939372633207014410948913
0.352349783947683599387976352619 0.592800453282776151769394368950 0.737477361729855769456462785666
0.880196836501304853631700235946 0.334335951829070217199261851909 0.972143956754338863240348936450
0.785618731451768890800247797099 0.696034982766118672734996247868 0.554327494623590186089363828609
0.719940819438613242394689306905 0.116136642542416621326157470589 0.146704342393053982280390962454
0.148990944275318005155392086939 0.699949715008893708763403928063 0.646354185856031263304923977129
0.953561643088540733957544458424 0.490582959676904389272270651042 0.779366435480008757306059407493
0.140028915987805959518967621033 0.715123211692316435252585107886 0.446009909269865102025196431997
0.360722735367036501195757866695 0.772025218553296483362301469544 0.868158868903984414793130123051
0.508020824683269339597072049946 0.493534015671904999163735906840 0.782115036543217273016485942891
0.605291100973244891198287066742 0.561365562595343190987928401045 0.997134538715992944051334645298
0.091149671499501309065277552024 0.198842490950323292468549604549 0.414570688869281343800331153769
0.116775769234952864705071016403 0.044781950312265818884224129712 0.895915932926207608692822892761
0.231468068663161027925840648964 0.922685531271781705483328283219 0.037401835340323773731564783047
0.280145193112023043534572236754 0.420091496673278812777211285286 0.861256958015233418869778361574
0.979218692113678695297645563778 0.931374792935173943113089806347 0.399960448694987969183063916014
0.897703233581118325363979981834 0.743670277293205823232462109222 0.854042668469728274676536979108
0.708126695267728065905022295748 0.090942206896995496436349286079 0.311014598201256365266708992855
0.172823545171700792626770821834 0.996752625379557957172043305333 0.176312905765776068705510108531
0.920510487199529086335141660996 0.235822820580991027745742159126 0.090899162565545347230387027801
0.612357038614538231380112587173 0.246862683235445974819443134956 0.459491306767892907307749858952
0.932042012081404145537368183716 0.302355467048789919471887880754 0.972411864990331456580406956536
0.385150683808108719973697335970 0.585297683818476438054473995809 0.252521690399582162996770075018
0.219983898250233596356856349902 0.400021350611688940293718217492 0.413246536675848065143627290120
0.923582572441152700477698092291 0.222226689428562299092500249817 0.466948529637560016030121476697
0.979567308043616441832966867180 0.244661934485623880962499798635 0.909323726591522627849384888903
0.975396740647281112124037826945 0.385092936868107724515998768026 0.282474320272554906257319798089
0.730101188349293289929336325723 0.576918148239160112792056699515 0.817626331606821927486422780058
0.062590955572701286646258430720 0.487485582177556548261888432073 0.375236793858066341032430172489
0.515156035054748723222347765193 0.974623201027410782255422715029 0.457854035050991630176591446544
0.218230127883593753559883794388 0.139117795970723875370997558549 0.397986986118935134567019657746
0.554821301177064140456209451287 0.181790488964840977360073783654 0.158214324148262432130554553991
0.940678228455340333826832000253 0.650403832028673308003376801162 0.152514640058523373314286265871
0.635513508638140410141376860591 0.436594279359841572158585087521 0.126776669689401114461365577118
0.022285490440932024884996848159 0.637824629845627052719037552091 0.014067494124590611307300644876
0.586536471890759218254037779726 0.838178088614059438109364592614 0.327748832768361278160819687437
0.637896501473335936313452776722 0.572557151617225294968287788241 0.619146675574829773923450708118
0.107918856383897262935922571918 0.633711998559992412487365882549 0.853598435616599236513823812924
0.643921385515009924347165252686 0.396922992126071756931954471090 0.258299224511625644045232023402
0.855292029540280300477480743942 0.449820753081562920555875682245 0.630317878196742309851519493245
0.874511031351234231265818733454 0.835813919687150455315349478679 0.267520570709267265000893322100
0.843957433184917058587953082576 0.387270566569535043330003462169 0.201707660518778768617014899362
0.409951870872889732078190379999 0.362830951353113030393591379983 0.947908293232982564330866744971
0.634971454251943381836616030763 0.426248783992349496433343390756 0.765786286460667849624281368985
0.818360968926607737923855965899 0.735095826294908235917146659789 0.790329795278714590805077715613
0.336163766030787256429905297564 0.756954955433803339089340943776 0.519668628329708400405905931005
0.617270994096566752935494163749 0.880764607041072078795859591969 0.457223116807679638846089366352
0.520802920157710964970269555929 0.523669568692676437400044478658 0.145811955608776852242991227703
0.424273255586843779095733038887 0.344028012155273384207652670540 0.301955173310497476514605958178
0.126053476006491232096643260684 0.098983418059721914673525705736 0.299674055549172536258108667276
0.344235602711529549499543660673 0.861270379886425424345007699858 0.936719144165353575343378378785
0.825280879978597365355778254251 0.002175816370090386927868783713 0.211069732167498526748483867378
0.808187379522179624063947168654 0.716360188699460251820255085129 0.003678276176482827104868780351
0.583588689802227846682291732298 0.280114811646358956712977859339 0.030294947281714344469511293683
0.087363789354915367657329295922 0.873300722375339251714120352332 0.861376161385147415429282340871
0.700058996116577197790183672063 0.969295662730274964335611345441 0.515342170387680712322231580587
0.623137358406109240915248013958 0.830661339560848695445963818830 0.903876138280460474023821824854
0.576787770354716592060308386100 0.141604961128640742813037603363 0.885548927394213556363784843088
0.745719894917971868411097933394 0.295575194731047528503506360411 0.045156398896192201927471287087
0.270284530003390374610531984776 0.184652068065660847115796061971 0.790895617637873913069319006004
0.969624878251036093152177564538 0.950044885711725669785389337007 0.549334246103349329102865650758
0.106441352156533782035459152923 0.938099273706855918976617859062 0.178091208815183623058646440648
0.805054729795557413836906420430 0.030217267325849902000054508626 0.297349342870326213121220745655
0.002485516252036486210906598938 0.681708042208777953081523975232 0.740073869899399485265870708288
0.895544164813615667432452799676 0.246754968358003062292579089209 0.441912134751167538971530325598
0.704647156879315372321857030879 0.268858929110425142339278871088 0.828009270187806236918000450400
0.934666739009281727302800839100 0.534720006305565037789213473619 0.900295446137854888509365084989
0.765695614674175978263534523822 0.500109503201283511702187925824 0.789252263283606129951223484049
0.164754369278349787853105271108 0.487219087364411064042560753050 0.746350818789332328496473320449
0.864768438017770095153614084671 0.561932208127603472730877328452 0.767540855948389679791396198806
0.824041589161758670269878773263 0.586470549985788650740249070448 0.306589306377784206334181529092
0.795844716015467845031231335309 0.945829680000618086513422249933 0.443051118412906453750041742753
0.237022154346734510556483258380 0.621007032245479033875861894722 0.764959314948228700372727966810
0.414637491984316066469378450944 0.020450181985538549951066309128 0.574582903472383358785606662638
0.782508500524446251579708638180 0.145231812473865213369830764324 0.292088978420679876607658987172
0.123231253743414734535755648584 0.987144090333865562186680717102 0.133349481032670078127133222838
0.608124304943125684443906091587 0.514403593122413747587262285214 0.227301777649382793897158375644
0.328360601704776316736178051123 0.257760263482758410298921306117 0.855899076892819871270934186745
0.142981713727002741009311360663 0.401886976803729182302937917783 0.773282785455352294873798317057
0.659138954025735088666703720317 0.494681417068909864991720654742 0.129790246328006900376326497726
0.096790314124040533269211215107 0.293923129541253571322750628725 0.535591119308625017584501256260
0.260448230264306596547369096892 0.446445969047068935887589168537 0.437703916986194617314678654234
0.480585602883538277263356665682 0.747794771078628232580532342608 0.253534699535447235153230133332
0.543597206218654550144127995240 0.876051889158450480094098756640 0.511034590603815035393393613020
0.329902022278023479750249299112 0.399837540334146615292727281393 0.664515861187809414016244935416
0.238008478441712425725150314712 0.050339562945329278432153875772 0.391791359735919913890503649787
0.353465231384868888428228061022 0.103072567519342107662209891055 0.478526788592361884423401941737
0.258977224144838022506697614893 0.725373776553763383268974910036 0.803151041641552492983857815320
0.161834655705036159073887154461 0.645325341879412658233713792460 0.179605708362286312251467646976
0.097438431329508131114927192870 0.960633363950914041745357922177 0.678225262466537986971980212780
0.727752786750617454515499034012 0.586049741908637630954618109040 0.223708662680475881980441719494
0.188069211979502795476298575837 0.465855766937888515847099486979 0.368343670915875325348390161827
0.257270056356308781493656338163 0.337540440071735397240038990425 0.873157897123893079451382672390
0.085306159000099317068018607808 0.676253673829943778395492524542 0.663925026376825034751977826121
0.984007317860118600500613620907 0.091296908427736143751538881250 0.984531988773338891835646284025
0.289338973304891085382528382719 0.249342548349774927976826993165 0.717355250070691240162306812754
0.351338111602976755888240132057 0.964568560523649896372827147506 0.747909105784087198172177368167
0.529360697157742923217728576464 0.495583140519290474216441952440 0.345391808838180912466734765568
0.011925761082420391422278140026 0.305013843944187788332084612788 0.379323722891245976024567512730
0.366197706446471886725067133440 0.460665105394113825568621603774 0.503182452433748261232427291853
0.470937421354723908233710248677 0.683483027609653414800473438876 0.485468627352740554525170633132
0.784539075306130243979019437786 0.981888305846831514104954593255 0.712791772650763810032633022916
0.632386139332057172189140478622 0.956239606719150072540946997556 0.719807514627441921458904410602
0.753231134687654954983514726274 0.357523852848604246278997743817 0.933058246692316489074963322496
0.005863891363760085337622781652 0.643285807118869495278501941196 0.559716053529048154047259101119
0.936605092861143591009905953750 0.335545771058479858381814722171 0.593978583231742614779037040669
0.556419417122708021875486856008 0.975877587732928783101165853883 0.502747193865336472067743802145
0.191270313556307933119612535124 0.544283709626790771521570025563 0.493104313048634513761778282101
0.591460584665678614215416763918 0.908309108719761635052125743522 0.373035714402289817000873634430
0.080399794070624167510616337513 0.091609164444295287352985818800 0.461080478880818874937501379588
0.848606953641555926301231847046 0.935317351148880672109643503609 0.537878411139923791115707040806
0.817101164198514095504733572232 0.212383410966439557044053111881 0.181890029777795612688483786952
0.586168744090077209275428856254 0.538534121419753970346475731398 0.204518928473340373739339685970
0.344996059398299663169453471147 0.988604737553796143310495055810 0.732640133464791485486102164032
0.820579361308182675717237772634 0.595390217678575046397824765679 0.708334448818048403687126161075
0.850582806837903097859565869187 0.205760861930439517987952089264 0.562360166029442886259645832645
0.143345883092500254565714461030 0.735056620311067181884951518116 0.756589376245556519602969951010
0.509235699793427575049959538852 0.316015460370086750124247002473 0.488460150190440374584968910313
0.361559701928622681578067923291 0.203705580785928207410889395038 0.239084418413666222828138076287
0.599951195621718208361831284021 0.639971006255138765023148514882 0.256257531813837074194675719651
0.768333973250405255827020034138 0.561526905204242836615049197225 0.422205841415453873554546868099
0.607213856904154225108663644741 0.985448228637021045817557830070 0.157172590582690907228962088398
0.267461602324991004432554087889 0.103046603444882503823234711029 0.864177385525321026942573085685
0.213641181488461980450852116623 0.844763407360788245922746180864 0.577903667375036728577530378970
0.178583160119617527348988083945 0.881735348829960799615012099998 0.300763844540737833063975573599
0.345413311189827599351261322765 0.959527731653116268974344239471 0.378762585747531968907370145031
0.388125467288103581960707167747 0.883352297695639853110384929504 0.774294303510571824828783140874
0.018808601678408144713650249824 0.020128727580552049101715522975 0.037030378843899005332431858675
0.340712324777715660996670940092 0.570181152478081525967248263946 0.376226433587447576295544564230
0.419211833158468677749881850907 0.334448444790327512145891751005 0.223345124581217808662672042248
0.126592816761721456202231749724 0.021803680494034734180628619371 0.975872136653185416314916119519
0.591302710038500228376294480982 0.860055183166643530827510374477 0.857567947624169200451881377852
0.492325670752326231458175497566 0.181313074589813362518079418123 0.371111878333619270088609729101
0.589353175262251698447960917386 0.375967266844989891568036508591 0.087459897892213189330553797020
0.420080123458823312153127821163 0.039415633446144671246853076574 0.745689921496613807294479090751
0.194688909560599325147814080605 0.922288083574615831779449468798 0.714623117304126171958742386688
0.323216495804212848539438454040 0.312204715022970887892033358152 0.423737105660262130879253429461
0.212946127686864449954304962563 0.868459889480979557427972207169 0.578096599025682207739580713215
0.287150995454860191170156321339 0.077852072540143152360927054564 0.158873401269534856614606720220
0.178343201452506299051843995070 0.950015453906205725958305406428 0.629440964625941324592851496391
0.226053196230560438926764943795 0.519174289241989628879149013976 0.596747051906075669856781894830
0.770234314522728510876986667487 0.627822135600275129817063264624 0.794918901566623704346439049777
0.583267899200286260058787258589 0.521220852866975650465609268469 0.919186378491604894196634535881
0.212108036005083912268925514979 0.631182093636797596056820118118 0.298216457788907996647177934384
0.968983078479982960728465527351 0.276708997605001284325989429210 0.633385822035587994618596257663
0.716839073584326047504218334909 0.969593672056007780365605690709 0.399855185656757674300446551065
0.533230088464972677256055635259 0.992388643853919239550941025917 0.201994650861499691480590503216
0.087482945993462915300693199814 0.457916627021747047737892521487 0.454525512721464112347556788728
0.447929325458787329066397517991 0.605535679399287868706914191165 0.580267252494327087751875469345
0.814602858356420717541631625213 0.333380250180384020712277355701 0.645123637828297649021442497531
0.999927414093968655583932075097 0.189106152156121417907973880887 0.118215661861802880295195003393
0.731448511270194260818809670619 0.995234469725431608729132942147 0.104563914812525186808184018240
0.111194366559111147682719879530 0.057328189360072749300794684305 0.755451547120324984987014656706
0.126817251118972486037814936574 0.650737584114954069335760619913 0.958200308451685695972479639118
0.374012048923055562668681886193 0.485165093579729418781546723613 0.411458590338753158513146507967
0.047685030195082357087925095542 0.245147276210110951432798710902 0.361172574905608220717157654038
0.365492671418334684385959628006 0.386389752596908142207831353503 0.138443643873310920554318421634
0.330293492876828725173860980309 0.605511002303423703258547872161 0.635334527045727333181718703921
0.286713514238282691779648938439 0.059019773208758176221304797085 0.720752765621892709403685372450
0.516691313746951542419664142579 0.974937255010110240618480438776 0.210030951862337685941049100101
0.913776533114860077826300285009 0.483234101708806603973818306871 0.904398787829010281251704519068
0.478994969207403368950171487517 0.078484671017684061807150381218 0.407801443783855363450233792154
0.537171208967352149965084097694 0.721105028344953576769331483340 0.950333984358973949977483447840
0.904807344774778289111041729298 0.542016193558353665885540937512 0.030348958116164274915413664475
0.635564247429995212334971376593 0.876694307237377007702049174399 0.827081166984631654382804112166
0.936318603034340956556815151753 0.874202787548815495617950147628 0.314917838488186007603806126613
0.491326920314594497281273540644 0.373703684815537512878965633257 0.096260487112441585182731389063
0.569078628881143208996546398781 0.400423526908113220116427927808 0.218275769963028018014153733001
0.493243302314417024816907798952 0.499561051655529556198390787313 0.772579176985157317254575405443
0.382907589754766095630183030851 0.109212626184140082149828975255 0.669834776708848407144923492498
0.138981687148411369696884867167 0.781267140106729189403145999359 0.477707845359341792578816061669
0.866820350803892518717897212702 0.079220311640501447640815841162 0.973154737326627941930027804809
0.181485137587505502592543124190 0.765582855790245122861993165839 0.819296890459884402036484165198
0.512141694715966340803975531625 0.598479770610842394336129340965 0.740284608080674615582240078409
0.406614425763557851462684654051 0.632108328389209466292065875578 0.984439466434754661002064032876
0.106353387075387227493405796505 0.145151733028100851356898209493 0.965623549805408428776227674759
0.301211584248197768284985074959 0.243762932511523794103297664024 0.475551605445448537518134321759
0.010551605252413530683303568756 0.378532814678485517938353213878 0.139680307623383309998060164338
0.013251534174338671897844533536 0.420668458613791880698011365427 0.173135460877105463730454368480
0.002939501946029747713935417773 0.257306403257824792405119889356 0.541604820401768239145656412398
0.620495785033109454393832048222 0.238699631763109248076683216468 0.008680370176858254164395579212
0.970194237477352045202121743622 0.202405984330756642554261487913 0.725505907441843843174701930605
0.952132429150906518068073875567 0.970394649199638867341126515105 0.634102166526809673732626720899
0.988530752359190611693683113190 0.506033571002216787522131577135 0.041521439634229704822263514207
0.172136620159878167229206283311 0.662687955902477588430190591759 0.647490209941368721041217358502
0.378701259081981751875712588395 0.120083059401843224355547038116 0.429627234210259472397498860019
0.801801096281453513067489769560 0.407079419780105808389197017719 0.605170043915598890671420772216
0.838071220044077341006919889965 0.153204130667317447385462615242 0.705110552920163100141792654996
0.054264908526265843866053845429 0.777293395066014112893782985048 0.301933591370151958350083571347
0.666341220339381433026529135625 0.139885608488654003080543624844 0.769796702509060954921424040384
0.774135857518791146128874926788 0.760466374933523260977058925647 0.566697671665172870479000501595
0.329787776169226198497525712014 0.244872983918259040260767491091 0.476369000157716226188306569431
0.948047354450606353889858390918 0.673967208654477129001050600157 0.315394412860351048635138051327
0.119103338011695805862290081985 0.195376670687277223521818033112 0.187822272663738573400962524255
0.599048388562010471529396671198 0.781307069169772087978370388116 0.300346638588716156999246358800
0.368638195424715653270054338214 0.009570763401484068159594495090 0.671206984933758482694863147269
0.415891775733461787673661328883 0.577458088317081544788951371868 0.170985689805496177792147445492
0.810394632862493756092979091453 0.679946256055579066823329724366 0.350044392913368739269598326966
0.183102825111340732566613931296 0.296086224198239018433319265513 0.682810444673355228106719089643
0.313060128924350050576855607167 0.022390896140707862325402849108 0.828781737478404578252496064025
0.846893141394069636756174187950 0.607102444910616417533861140639 0.370343222179939546101054529734
0.040301941396682309893735543071 0.367368184545450341791076780330 0.974548098864523214909896946304
0.164502342462282478995768713012 0.569665516421127418516915707827 0.690109679418032272062293786651
0.950926977548327115447776122307 0.288688910795234100457158692701 0.369847244872329973489425167055
0.288127354498622462346225273689 0.610620744900148179305739688747 0.224101453867636856744085165843
0.581531367800235902082360702130 0.699919946401471289712289243742 0.714617823447459764130152579507
0.794101161803666316500669206694 0.016795909793081863890976137758 0.014795261058881249310040376276
0.190091971621831268966227974594 0.703641028202944603661652804566 0.129227551499430107105432104954
0.961885736786660199545489738396 0.125913057243357376847276233562 0.264439928863442906771290938814
0.916401989531253757683835978053 0.367321250330311897835785020417 0.863014609643253013707447543302
0.649764048100033780237744179726 0.393353412704334116435815497091 0.414938011958157659225319463022
0.625107558042634415831277186912 0.398753336569076223541264611316 0.855234791236647655894464547921
0.889774005351656065274099080992 0.149140064323055520293931114040 0.876913912873993812530605777005
0.024856920292391115703856880633 0.104428337506189850362352395884 0.693455765296398008033097856882
0.385105421533338217733817313637 0.942286662732081065056718249388 0.175809998405283447597104445380
0.469674126246275506088825923707 0.944046680828274409993788013192 0.657379542613340931121736654362
0.248211371824296650809342564887 0.293587654655822423476496025397 0.742184911449456547398449650641
0.336792575193227749914273840157 0.786999720442737237831779996692 0.825992716817190157518942651983
0.500847702116036026271523173172 0.557678757094810992392696703431 0.311551308815721458804479138964
0.281275471558963075336306502967 0.143856878378951559236933345294 0.580710926786971891807643914233
0.986313984687980006317125986077 0.783408545701836665769004266540 0.913081222247825949913417497586
0.025010058740108521617425297911 0.498202132949522823551779081413 0.647113387763350942570375681679
0.191195395405762704349625317730 0.489326643825856383919040720065 0.795053357542723873196063583008
0.275047071064192552991119632754 0.193534292001446151352197912436 0.363278680576678911833997517927
0.789625491904689968758008180131 0.134175380761741519915788540874 0.305793801727379764064413802456
0.195844984355162941117665303284 0.458343191942744727846947869072 0.267833264572587966075433082444
0.130158752452151501353713028719 0.066431963632056632705430791368 0.308660152413565998605174425615
0.843273044117158859734558949881 0.234492793545875467157210400506 0.435990368241295248056257406453
0.960363964063171335452200287394 0.989728026115947987801435838191 0.653142541991794572283350150813
0.154226944190058462306503014381 0.873054533132268751983756558856 0.588659121303142255557021402754
0.344592273021947972361981899860 0.177717512107542697019949427018 0.539682509064853316101098517023
0.785352349942691259664545403541 0.976664147761318071032765437759 0.390677214612039150427964990692
0.506848416573037195230630067834 0.411119843820746916674524587678 0.879491878730586748499616395554
0.166403041564477218781321802487 0.395596515163239263770923963321 0.386700029588009835178574541801
0.586752500077424011607555042120 0.994994137559038123213893417028 0.838703299479760249254009447280
0.101273030750528576447558368156 0.750652220317400475672095495211 0.412577341287321246481778702030
0.984926466622898600866588765390 0.149129413106218956589300210263 0.392232317214981334864560862615
0.424436224512002112058269683841 0.219468359278763537838608956782 0.443522965720302566720659441223
0.425804781392409572035624807446 0.956972787864075747095576573442 0.778685910094303953922743359801
0.294230549877767971111834667343 0.124939947161581926652903887335 0.545096355684047571694584303375
0.623153646495827761023033230531 0.339418713585734127123596102399 0.688954326077797431009445518623
0.769833611493490579677128770118 0.156472600572983210407996493220 0.196625866543651257649330045444
0.379737105622711850444618248236 0.970807895368964703566893726506 0.062577897864322809919528639442
0.278648496366765251377363446239 0.287273640260308304044157809123 0.135744683235802407698580425289
0.166698754176348643671376644173 0.113870843637797911127565745433 0.668680776021358402352912036556
0.963912463697354031713758171312 0.225038956978559368793420035789 0.099900011798063958147934684584
0.157133271271524586644478694720 0.411654549531095085857744137061 0.846099070958464708465003101929
0.764246927316816384571434443034 0.136029560268823451352411899741 0.574925246647806969755963531445
0.073650516972170980712614470799 0.891591873171812130912082024354 0.077697863357449345925365160836
0.909040810090269124998546187467 0.354116410395663818076382678203 0.583384249206131692559863083645
0.744760822191199325325639132466 0.280808179660933937740887981253 0.871228248138308650062041276267
0.287743951902999418905334165446 0.930165639469239455114574026582 0.143443059122072001606400611948
0.348782783613570439178327686329 0.064406501889828243525558629523 0.460102180177778443807268165987
0.761943332259202032455261729539 0.013983703491839317099238456779 0.460877746092147038476480572875
0.849174775860478729216942883937 0.761723765502666707564896063499 0.237713932122384138279226798559
0.101099857355976770778079854154 0.102712711478769955287364362096 0.919537616001260522905493299430
0.162155607691199393470179062198 0.087443472494749458845202222996 0.268527329027663526060541927009
0.912548309008510712637750540333 0.563614750257490517925980868388 0.068128462454243042184442337270
0.311461237893141584508553343039 0.258423357700363159663268620428 0.042984217002353480545845976245
0.629294420202363208308201958526 0.814849271393079059494068776992 0.307139571629788216283522737152
0.516636138404655833534745659494 0.728171798640569123016938824530 0.406771760981116870280510629129
0.323460957856258164371541481104 0.462679721188627574128431904551 0.011853252586848451280662725676
0.526132111333709610924415520341 0.006402903597329965779275440071 0.509614744934273801152832838790
0.343323562889814577849939979537 0.584259627643870259274329077404 0.564972930325458250377510968624
0.313493064834756271561285397932 0.121719838751923185142301153191 0.163880385192028521619639362618
0.876854554466048882155676592675 0.973532458749279060947434080979 0.244958903368969625698870957257
0.945835358558000141475804903200 0.832320549396712702652980472957 0.910480381825536986011203385433
0.000620353162212135094203088594 0.098637196063395418944374550878 0.446807105060101673644569019877
0.967159091068144574855702591463 0.088886498260782102001532405154 0.025691999609085451656850311012
0.503882912159747643996277989924 0.239571786481776118236640871385 0.510573019627138136433114060704
0.520270137101471640262698717663 0.656471896331312303547149679179 0.585440968301872350450287360105
0.262290630831332366038755298297 0.806143388076524145236207177954 0.470572826137033391373142789973
0.204741062697741682971985720178 0.508000944108030931436017421792 0.720254140380317982628615116400
0.061518724253362598817473321073 0.604870807927224754113653068443 0.738470127853810784090836005523
0.471534378443518129292380157279 0.072208576678845887976246387570 0.902015174738838599644549005812
0.819527949718181859015026544486 0.969500565771368964790026949226 0.279346566926554536814876235955
0.285683688706426824284954413510 0.077199261497514326925160376401 0.901113446893302191614147761002
0.526502540372347383432645404783 0.318695380706491521049850410548 0.951652465755581083492078730993
0.148417270615769385064686598006 0.857550482970074697470491243460 0.952825343987549979592227815287
0.222395309682611673654261027027 0.898100276298009973314139021261 0.687129464706062065639871549608
0.114859940503994952406705793247 0.431455126860337999347078950654 0.165205374082745786498393492981
0.241251480125483526185862216962 0.563242689752850866838787813001 0.836124811115846403634330762584
0.012106408880290025258351730532 0.426038272985939800015941468683 0.843614978774057855960714262214
0.197411648392156823688099754705 0.886286370589979667976111723934 0.756359470192193181319262424882
0.650377672690734032008475675317 0.740957553766595953536907091256 0.443423747603708751442689003936
0.876243077684893439321055309386 0.784396801346455835482582462086 0.730914596936905911060684327432
0.557536928904940867753008523245 0.323610592496894580373956604916 0.306429762565137921577486425874
0.148503974115636396897984747550 0.152788004033271866750444135851 0.156827020333067356122622807040
0.724733986021924711028168669557 0.478757198345980657057810142036 0.232452475623479485817827025577
0.376367364141147707259035253975 0.625577880156470212247891631730 0.983169888439547937601285939192
0.413435149816799021311062840775 0.014237467591941113695053606474 0.300127571092399248438012161343
0.920612114766100336572779432854 0.218440115479800641227839008002 0.423906682745956599761250311322
0.279218272757079351149372363429 0.602866044628862334649608085031 0.288382192044840289943666859193
0.745419835731930614579525337511 0.442061445316107349391190211120 0.043203521518018869670939045744
0.460151031167847752875984655162 0.375374892230717895802095825529 0.343207619873175433568752505164
0.793178635268958987014908980524 0.929118240503503696979184476247 0.695540307157207537688520614107
0.807512393371124603092162341855 0.771841173824046835234248369807 0.943908709247119152036676359322
0.975460026313550070372133530167 0.180791191257744276624322552654 0.895920064280525129022252230485
0.519500509240594311199758178977 0.669469662241738772232534890755 0.330117518768026188238104250013
0.614243761842799167214610358636 0.124195321806800311040420709601 0.281362725511509637076302234609
0.524038050953337314655078299166 0.598287024454805949171659325639 0.478443337825042179415444453980
0.384028060896294883934060474787 0.789613472778386329482674157180 0.297166899336557265072103546224
0.575658181200654406095369659193 0.646248758988263549952033772876 0.291298183622702834351526840526
0.507662515369954603786950021868 0.851788272136333695755723213419 0.031301056324672853218876015394
0.112175574398950223840676915051 0.340351044090073003761921266229 0.220355108445180329946070651435
0.160893060786204607413609469779 0.043278456396828226443518416209 0.093941752501984195122899458956
0.951518550489375404407851070531 0.037378499343583040228312420286 0.218010456025828269034263497985
0.465988380856296471957084000008 0.534855106008259658505717463763 0.648708314280498864808663022853
0.972877918732329566967522441371 0.779321417568060220107005735630 0.750142557213045606202205695683
0.747259956052082952064713406100 0.228333221885858086834867424461 0.761218339207150863682731091915
0.357590989295706935164252222673 0.413992726153598888681423886504 0.916719355295482585162441912108
0.277037298609577573592855273093 0.784245302515557992351493415713 0.926934507408659455466639037266
0.519049718059049102460713522891 0.384208891037944108271757831366 0.621595635483835206430848186009
0.451561911051726965865691430070 0.036718367003175278131884017243 0.650279991523157644295340017475
0.261459566263334508813331293009 0.044078061801615023561772162296 0.194400961141748505844408727888
0.400013728810285001346354713954 0.181311778286608192914067156586 0.803102623685525746393216115051
0.361385100473473884877595601417 0.184952061582812494825538973129 0.168231539785116749646897440303
0.994856941641370258614635256600 0.201208059604353651794113093018 0.221377620769465368858430308833
0.085664817716356544679330408460 0.017652878011098010861768928578 0.474716561737294754511235845641
0.241528775944801169626073619588 0.124159480069557809917282772207 0.418269479262684394630114066721
0.583898269866438020840942513844 0.825453282988109719706301445063 0.892819342212686676517186267331
0.666275694903210063026646136606 0.363725551970757991222986814045 0.924274489126399971327290474884
0.667274954346591125875731156342 0.248423068483711308857165922415 0.404797904221098693880324809076
0.744910276921931589554506964867 0.024049209532848388161559833701 0.915701783198448953538651353827
0.946939862095401842883655971025 0.736564321653542182226443581206 0.917209406058281327983365800087
0.983003040185885247339672612625 0.412405811548253731092719422856 0.308649689934884426269530249014
0.866057028027060387606348870818 0.962139324757769546990891839615 0.008386782098643978866383166193
0.184771989641921082982948138233 0.415241023429990951711902020972 0.820944393228543842094268315567
0.202995603863147160902164990903 0.482015399583813973985417479158 0.751671549925917588850909641181
0.725284975869233047139749486554 0.142233602382226374188997112438 0.101619368970220912689308478793
0.687717367071597020003831524567 0.840895847537927170284956470874 0.530635563154021681087364061386
0.862731005868337926226041333772 0.497248319615230455823681684056 0.965795548048539629366073144861
0.733558508574494579504657253227 0.934243689207696676271649020964 0.199449565426353962895277268306
0.891938551812598340944943265241 0.514029547063531759804307773885 0.312666863580336545975006712414
0.628938722323295032623581532645 0.121294341649079625284130954329 0.516381770032640736662811317780
0.286217546283362148836199513262 0.146234256067095537108561504935 0.202939716854494412199047446410
0.970889191623786825271467142469 0.958890625007044733264624372430 0.976297913320524077628393952270
0.063936521931796730039068908840 0.057816329393354609666421452794 0.393212001314492017337024115242
0.475486569823944429171741538865 0.066032648297410496808207574260 0.290298541737905065041869070423
0.067310221605462379454326357253 0.352139802412179392011607259176 0.096176815564437990661898485249
0.591520229507695330811414786333 0.827645834195584645320687707355 0.338643608819297349058875374283
0.604196954562302181424715095383 0.544047893484357029755919281603 0.546622461537752738775797446243
0.921421576527689914406378815492 0.250937050447362986300589993836 0.158232037245992612146902620915
0.199816558011819176263487283029 0.351654390484028001447227528405 0.555821295119237306586269946458
0.569454577710454898952931286416 0.508392098920919155114103253737 0.737878209810938437734214652162
0.442952327204816846662250723124 0.081559248631413707042053091865 0.124660703965665115908721547806
0.403027418555051771413611272612 0.036057078753053832796809763804 0.998150222253802231250712931306
0.817048967450789071474516366456 0.990693098906602380342456523796 0.101727305227847027862801546587
0.115900943339281010881965554994 0.764265587534681929661164915762 0.380334061600590176765912790473
0.233772874337305037484296606773 0.761539933204761168029162389416 0.119303711083025302372095303243
0.478707195566702208049173324931 0.592278873632899503826502581705 0.627487144140602144947552793772
0.338144225615555959473978865947 0.185561681639903053590568361294 0.049749660566380015780867754870
0.434289113580196999144151226999 0.800318694580232992947078364429 0.298992622866255409475688722531
0.392192924224830282841209737585 0.133668402273655875932434443047 0.069156097472929990990889856354
0.940158155481216875555461418715 0.115704207400694614604919872180 0.147457376768463667180632795929
0.491726316873457578696524115432 0.806009730457762358198267549099 0.304461589919303085991712623426
0.080156554216821278508815776090 0.760815463328847605829419242366 0.730345321350858804393906832074
0.413585187890824901776424153914 0.676974634993919038926371279719 0.787534379804209117534368821942
0.392103400119582586082652862586 0.862601583101355490279167646430 0.377754400585216634014810600945
0.797352981357813689016280041145 0.956561205183004243985164525662 0.324876630447663297107931616928
0.685287567278236209510255459808 0.034686506146124416049703406708 0.118658470491997365511301223073
0.040059468930017371573251243199 0.640583392269463664103474156779 0.167252616068692229112484265851
0.369034376213176080058337715327 0.522525585105533642239985317255 0.115098596948393860659936073704
0.566339351563390190955236241935 0.811453350696121390360952976275 0.963210555231017367453684384506
0.025032491688232198134678287789 0.261457990931533338571218295925 0.569768639535214149253120503867
0.898054717792580302923260802278 0.661388863036913966904725027940 0.820424425557391788163321279667
0.308916894308053135757716430292 0.389691389484040721929512359872 0.622081127085424406351092968633
0.094797375629441898472843210402 0.071319217690181679851235832871 0.549599297362847220410755168962
0.279126303089357773236707072730 0.450837174581209018116021452921 0.621302712439394698515089389468
0.344906418304052271187217126879 0.818215856055253513003075649545 0.751850452906013520204829350923
0.023301659436016122014210263026 0.385866815094811825304101195032 0.346200505555167749453733801018
0.721172568420584258281378551024 0.464203792240227785617114069497 0.008499475314247879942300513261
0.940961541985263337385864254786 0.480955570661989450640502801954 0.880026595223709769961137907681
0.954348077279842765876771110514 0.373333869271012474263440558039 0.995398043605868806816326104580
0.719656945691419903711116384427 0.897727697221648543465900535921 0.308261790813592610094023972856
0.252335364558525614894885874758 0.778737894723062110572667675842 0.964407587753031740010932987073
0.530225739283044950074364545038 0.137031674105942013467097369634 0.775828534848228435687237874978
0.688467839930084801415270427652 0.955325158588504596256044847499 0.958563794641576009167835011101
0.916883589814009106313160663848 0.612140541270695445161979315500 0.657873681159841066110515355928
0.180615314388395741128333628025 0.873079536579427638831512756824 0.919079487594194033768294229360
0.491970920448355506639697647855 0.118493559199081292982732531983 0.846217948361363891256118942410
0.667196735952359472321346534939 0.383415185107011699705368001512 0.883205365130259189847753063738
0.056288003477576049955754398336 0.695605271421710177329053739437 0.471221434321698752104910769729
0.937461400241028231401433132802 0.611999989835721543094378133972 0.807266423058801370014514910443
0.288513710091455817209388931894 0.548512898196451641984312701365 0.350581830452516624748537975046
0.565158775188088018000464512606 0.357257018230069498083706443849 0.286553874773166903034183816884
0.524913367048504954605740304076 0.530873897535093500222592032135 0.847763257269857801449020754532
0.315630602112972657622058694709 0.481414182527289082684881402321 0.851295562717355755945481413692
0.056959400581662628575748549160 0.640638261225218584816720968141 0.707360711613745220088044816432
0.793008125144889433209716538950 0.923560850735629776964501188850 0.480257327950263175614038014556
0.322496335821003516278270496790 0.454576005803568759965049878645 0.216289932114223154677988378104
0.758579821147010323227885900526 0.723096308959324069799082984515 0.680580350671205857275096738340
0.823534671622892545715860351728 0.652380058307402005008389215538 0.898068547381752305406758860101
0.904335010735905020017617330679 0.067789193579397736035248372853 0.205514401223339640804861790956
0.461690460560786230483583214070 0.745193724124036970055870098959 0.784494851990054394638842343000
0.817502418790070259107640553619 0.780331691893736220849007075413 0.645846010159993402948475591423
0.703595208921789857195723663514 0.294182407597083251318693148710 0.119090902005361646008989040125
0.765004515469716903704591997127 0.198192661023039879477482268855 0.430242289402748340287588665400
0.703719846062907117363364448552 0.437220992534281553963097171612 0.511157123819606947365354794522
0.820400171116213852453797579843 0.564158133686208602096772463587 0.325398771218834619105153935530
0.046691108165176217172043422039 0.247316907035155116569436818648 0.195431691726563682720643937725
0.037538123983289096198143531358 0.496613834090717253046343172303 0.334722306598204965844277198970
0.293736136222143904054070372275 0.652599194912248299482701481826 0.488634553612685285833867385224
0.043759535821254978379124101110 0.830193936043860586543571836454 0.962128461690078969059685727071
0.916804695086383164530622132724 0.663371078923723794380132453453 0.073931562006672450384019879407
0.692584418790576934758991401655 0.468815161485206260999962902273 0.064046658465911571274170962465
0.584439135517330688266205795407 0.525984061404762606227472557023 0.780469312912181308840381649025
0.907471845094888899703883677081 0.801498477178006608110596835111 0.272809648276305638396562783734
0.469040626944325637294213454510 0.648361237158094094077760291165 0.716915621132828732471948073404
0.476917780941084596770699100955 0.739975563609239287803174315033 0.517441176398253765782700306447
0.473089639681674657017556182412 0.566446781315446194020925862973 0.308098270870671640328132187078
0.680816908005694990081452382494 0.511060041681456933036141732353 0.487989339665350019651354658366
0.255838767269117804878360475267 0.260142757803351488248337218894 0.937230720624893253957114478358
0.568358808508459473063823594908 0.412224116183266089905764627138 0.584895847356697607975602741479
0.133065748511548683084407095113 0.275597868511614826954347420231 0.195930336517656378673523471943
0.637640555416326154090179996052 0.350030681845874566007238740554 0.089170949845170246165519497078
0.545499392757056805854634000781 0.430595489857250922538495322829 0.566087599107200303715362903387
0.847294404132958585796155517323 0.615842294355388974312461677344 0.790708983195066201590173959371
0.963896306594415687411785764573 0.493654443804357470722451524000 0.898800653589149805683438338313
0.300400458993112930130859248523 0.857330502990997400940029173968 0.038166270663366640442838047145
0.002351821778722983103715576870 0.210795388664501945202450954391 0.877664007335005612745664183952
0.166312507188119545652331160055 0.686181793746560013592987757294 0.410097826172055487845464824363
0.519287010431909177350396044178 0.458844635077215186692362527222 0.894588410548040258374880033692
0.934169370755119285334090188884 0.758477014898674372828315499171 0.388580820875010033584414847281
0.016950390103995548731250434994 0.751486005644397861975249986147 0.518911049753133265598891198838
0.318600690261381628745279612035 0.996216761065163585662689324584 0.043399510552754563419784843387
0.564172015484549036470465700331 0.906256515117879643066910839911 0.919590718719359107725882324145
0.273373714282850880306848913105 0.613481696151082013588771493445 0.858083337201119396695909311418
0.143419015387776779928895096775 0.493524744258105875191826707723 0.047440794946967128537039544736
0.486803364967615504025649911748 0.338407168444580714477095765630 0.067288340426398137996131961470
0.448225303641687870659290537161 0.030121790201611866398972650654 0.897345908386576519205465352108
0.118368243573882038125257486459 0.141330034341001329977897024502 0.013928260100111288962041156503
0.623721943290809282877213289883 0.110235181683389506722853332166 0.789492485312005978943057057795
0.185513663677694413443884533084 0.951079184706637492328635648122 0.551108207642190325423922372549
0.528361088294729649440335793528 0.843676691548146736081619236344 0.668226572094799584985740660863
0.331230211998258427572410500692 0.963124228380536952157001690939 0.423883861772282658099777062487
0.829618673254758715235984442991 0.448613598415102088979739676275 0.861611500334851780719433491927
0.708373293737702451246295878677 0.414955347701405148197732848305 0.510110045600809513912674256527
0.116455051973806319829122354376 0.617969428617998975932316380557 0.045676638433484970055836891209
0.924346874546711605513005538697 0.506905167165732145542048889754 0.008085594858601080567058943726
0.478385479652404839124640085710 0.874265854648788338450025818893 0.731001142103566278652477257560
0.036106103247553616646399815351 0.079262013514228402387368730759 0.814444490556702783725593678168
0.803930348272012168932930830689 0.198591845258120958543447409378 0.142287470897713183396950094627
0.870107386714928222456222253869 0.165255842278881520531328749480 0.334633567771028516164422283339
0.378386528252701155926664638581 0.234236849056076292684306375153 0.786004594662576187204958041604
0.781165926302976512708693430285 0.803982697611659112501496195432 0.615452214728333950049459239998
0.281365019760290471090006515605 0.104476527907763243973198568617 0.724953887149141443868575806397
0.893223484453961259696274099370 0.784344119269201583761365906726 0.481283514817951909869286349729
0.900872547809325251706702325121 0.942265623023388549788087437093 0.364869716192792545592034061459
0.510835695863169255472549926607 0.217423657233669444399324186774 0.430000477984796122702299833874
0.802021638593915853022182821124 0.938757325802735566792945340338 0.339583147772446083719561169991
0.916200293586024574511910954470 0.699209835323879742076641791548 0.760757869261049726284578091633
0.315901187638343529165627232537 0.526131507457954272634725497585 0.091594133819079805812203176550
0.924742827350487190532467054469 0.369524351044626814347730446657 0.633777292652023118588733933825
0.774688212034936852137442886517 0.043853038817015482015077582328 0.565044303972544617011008429673
0.596559498136686232039035579864 0.450134944812051054575094475478 0.738582040293503509759995032577
0.169944617975092389508665162623 0.921250169838026970678631588886 0.477431724776909326521241155326
0.885104975827106219657249860079 0.212187782165550100717569778208 0.251990954799731603140077970829
0.665479979578368468540028983291 0.491058985917867886510437197336 0.961128128679145291698908946405
0.255732421599420945358851288449 0.133372737168550098747825566035 0.211446958559844876721541650862
0.559295081413566553958793194222 0.926698067413511405570372862469 0.319301527548011854759860279085
0.400154161414293968978732763198 0.181963652225813502797794880134 0.383428554318962213994614152568
0.527359024847856257618824446100 0.023459828412128227957202790452 0.318142189605843239201845868527
0.569268734158221255071223170929 0.901301617580917775527867582888 0.903235009031325288417299731379
0.948802471976344364427393501067 0.519120802052677839594867387215 0.726626133963641690718081115087
0.968865212117584347511379589919 0.848966223218892183878928662901 0.550679119064573997775684597643
0.285899519382037141025843945261 0.535929405094702251174944791826 0.937496077519098920267894852448
0.388734603106158611171498772847 0.560517148115577141379874384221 0.992039854819670349971018545140
0.524864752059326076994463986086 0.193182647008760724497897722542 0.542267473813338669373821524922
0.648581917449694976659177719962 0.255973582729723007116614904449 0.689489247453934488845225600798
0.718210440376027748690686534888 0.128430530030881570238419094171 0.984507902962098850043647320832
0.672035899279191702815770431985 0.452661111039099271304198939518 0.413808418763386098563094343928
0.317387318706667305981196290866 0.294606161998109214963298651519 0.468853813927700023065531814398
0.725055603122163303653044591818 0.912436453630438550727509870798 0.349535017891739450138282438977
0.142752615271001353186041627572 0.894642581762992244256655142474 0.494882697709332175937301536479
0.513328230513002342171179563378 0.065847849300540438868930347426 0.239528734238111184472935445869
0.576927831588011120975534182252 0.113572769105266431709491830070 0.967888771552458391730686072629
0.705634840238993348979145301582 0.453457774323022331014768641759 0.964823905715681068488867934654
0.328490493097420889817495736500 0.002028923572643171459272246020 0.416078297885766497374234196307
0.241164208611710422761999554319 0.941765517495615903724622161340 0.882503949354914797973071950134
0.310657273887727845577466913880 0.811595605560164531934147816835 0.395789455966811927346225764666
0.359304763957574414882416360299 0.376414545603421008565299671682 0.409941745397380717490786884532
0.059711344062723986446455145547 0.115484821747226930500985456878 0.451010632017446318158100871366