0.773023657909846506619544470595 0.862172364111420841403798931424 0.588541445309827770948629677150
0.304727498373967120581795597900 0.029313162408706433526006662760 0.359688605416132178849153433475
0.842784663472807560324895348458 0.496373686828153637407012865879 0.345259531664056706912191430092
0.805093946948195915425117163977 0.342648826450153709544110824936 0.934678587370318614269137924566
0.486989028397653456181615183596 0.631482711870709367829590519250 0.013025546417337415319726012797
0.101652346354630981895006414106 0.273508071397587537720852424172 0.654252015711003997999739567604
0.311056890228170346279767954911 0.822047573629202110723213081656 0.986919417704926749124183515960
0.347822519226007764725494553204 0.069364693471630822774187663526 0.032483396210945134074954410153
0.682851151794358846025545517477 0.510889920252793006127944863692 0.294263062383336215788176559727
0.615173728688122478658328873280 0.057126995407338988786083433524 0.362293055880402947721563577943
0.444786801406807874581517125989 0.678430358212295026021365629276 0.108344429375101969359462827924
0.287547864365899075167476439674 0.939584409250066032726067533076 0.576388323993334728001514122298
0.581846903107667179355644293537 0.548179056138462961200730205746 0.769922930752593326353405700502
0.425555796628081517418706880562 0.397083255112258448615847328256 0.993329591900577457685983517877
0.169044417606181857083313957446 0.639270444625570921637347510114 0.908248008985300114837002638524
0.198419816627935008401806271650 0.130130581777732928783208876666 0.450576772740471087619340551100
0.708823623528740065502518064022 0.173529066536923598507158317261 0.355588845435174827347424297841
0.738564383441316252287833776791 0.205576618345592571079905042097 0.935246490240984718056438396161
0.890133840192544933955787200830 0.245475028001946454780934914197 0.605271273856603730934011764475
0.421672157308066175573912914842 0.609726040346689646121092209796 0.358071590984823273640103025173
0.213845163971824236970320498585 0.359324677652141655226358807340 0.467714108242123949299440255345
0.174980413452396038609393258412 0.705928917807799538586266407947 0.786307621016089974830265418859
0.020932209756262684652305949840 0.083424529206989242458014643944 0.402877636910502934242117589747
0.928819022333456811857388402132 0.762156336248605792427213145857 0.231502454326809103957174329480
0.853105987055986503264648490585 0.830870606293574787137856674235 0.597130183026267524759589377936
0.206129176293034926947811413811 0.261397724739357961709629307734 0.634475426300058487072419666220
0.933209434442216601013342369697 0.702148628525964824120819685049 0.022573465579557000504351549353
0.758036009028676294185800088599 0.109073801501368972122207878783 0.210005687121922912652394188626
0.386408596415290295222888516946 0.225526782265649816672237193416 0.891499276240450555519601039123
0.947507689183912704677936744702 0.072052362400955818899639382380 0.527127098967253182593140081735
0.967515932849158044604109818465 0.062326323620536742964315379822 0.831589781385534854152297157270
0.420441412369287892403235673555 0.250393820083148643806936206602 0.739855309111516312725598254474
0.190904357196987173317381802917 0.715983084486336962548591600353 0.001384723699009610640986434049
0.927749906706009319634631538065 0.457644749917130000405052214774 0.125728057512785651450570867382
0.687578998236793470510974657373 0.907664968314489617462470505416 0.803404874412608216438513863977
0.639820649601856472621363991493 0.197322583201140100417347866824 0.785371096189238837581569896429
0.851388865451280674179201923835 0.614840592298123822523336912127 0.356747658811434664727357812808
0.157258914388400672379475508933 0.210521171957453734346898954755 0.476126825142449083827500544430
0.759896364394450296586569493229 0.549401423621012963138809936936 0.611914036468864108719856176322
0.386789285823650963447306594389 0.172756143578959547868478807686 0.392902147314212135675859371986
0.507029852094459942968285304232 0.200916035129762082789284249884 0.708508320586724971157366326224
0.765378694092975431217951154395 0.693917069849718903817858972616 0.503396260027835107386806612340
0.552086379302975549521192988323 0.465263179925833159078507605955 0.747725082642906047070141539734
0.680863128835654696224821691430 0.571129153838649927799053784838 0.587187113353182521535700288950
0.668380839272370241843645999325 0.349993234407014575104710729647 0.310717308958956661690820055810
0.711164384773079083501556851843 0.108234972421703615208521398472 0.485004500120449932865085429512
0.517389696817838307119075125229 0.358278325504608918805615758174 0.084778771407627989686872638231
0.314506571258260758661151612614 0.462941459768981600220172367699 0.760506571901622296927314437198
0.905763421782965205686366516602 0.682152168534303715574651505449 0.734847047566165700871465560340
0.056291965344463477938230511199 0.854196485193833510152217058931 0.033137430253864091911353284559
0.372395125923250136512621111251 0.193890707481452623239803756405 0.855285829708543721139335502812
0.384093337656074396146976823729 0.455517978923048239003890103049 0.679533505826157790963293336972
0.551702077102779853134961740579 0.111847012748504573420582630661 0.483499571277603179542126099477
0.149288524202000782992172389640 0.696830123673072621137691839976 0.430571892683997647921501084056
0.164824089976723042738626645587 0.301985130550270930438472305468 0.678165233560148461577909984044
0.604656602620559979754943924490 0.946517222541549019254603081208 0.724019830007389231241177185439
0.294183945275495239979335337921 0.179181859220165717871964261576 0.809185805497018906251582848199
0.508511865191166534394540121866 0.680966431499506419378064947523 0.467711305263092014250503325457
0.235610129926902528429977223823 0.321867348758906046679584278536 0.867522239103148407046717238700
0.125867065948728845681259258527 0.337054115808917975627423402329 0.357939509220994489524514392542
0.025549934396083873872074221367 0.229530881871245762138045165557 0.055313068944408246008226370805
0.847892449402944281544591831334 0.074852288261331112462215742198 0.384818344687107238843992718103
0.460051124449258719284472363142 0.609996235658132990309354681813 0.888570296006882198724952104385
0.735769890813017912734039782663 0.552833588760709537801574242621 0.966054311315915903435325162718
0.577753134983127525359236642544 0.186061837032449411966084085179 0.700398356894740059530590770009
0.558005177688268294566853455763 0.522850778945844862910519168508 0.919931561362321792429952438397
0.424058623537355017241168297915 0.531589710824707295522273398092 0.182019184334436923133893060367
0.821224687701180067200823486928 0.025478429425499611593597393266 0.335190030451939124933602442979
0.381708196772926333650843844225 0.344912527591658746306535476833 0.652862481915536863041893411719
0.490105149218416746847992726543 0.837287273977334156604968029569 0.235142185936891151554206658147
0.081658919859312520395100420956 0.729933114849133368728928417113 0.026253866626155166613676428256
0.113114974486976091472278937999 0.751720931102499489995238945994 0.735253423351805102115008594410
0.834477584097540692198435863247 0.340203638799672636316984153382 0.445072004766965678701495789937
0.922954619113146579323370133352 0.998313814518564823785595763184 0.022646665831647237038248832164
0.733362404424206415498588285118 0.561304034058286105413060340652 0.041310166086446005462295971711
0.869879473598555219560068962892 0.235397570236782122110597015308 0.752954757206302782712725729652
0.818886928234680566696113146463 0.128206559929091967742209590142 0.123037895405154709682626901213
0.859874380515913916411818718188 0.600324777514349428031437128084 0.784572911834824360255424835486
0.924481635983444793858154753252 0.268502598490550137277921294299 0.244443093768236086038569965240
0.476353708669835340661080635982 0.411477111292828601207816063834 0.572672465584320389275774232374
0.072158319656267774777624879334 0.712069625946366580038215943205 0.090174094466133961067733082473
0.116211626151015823271706040032 0.473033002947501668433716304207 0.355866085464953241235264158604
0.458591106820164906565651108394 0.355882120648823629949220048729 0.181023878572625029903520044172
0.607335999867333109492051335110 0.572069209703347403284112715482 0.755785599060677326654911212245
0.078810680451961559467299878179 0.432960443023133523254841747985 0.409404897964472047622308537029
0.542944619787434690216798571782 0.215287785318828861491624593327 0.983307886551403331765186521807
0.679601702738944712933744085603 0.272107377466854205572133196256 0.588485996820753087810373926914
0.242152274207247081294624990733 0.673463371123438125920301899896 0.306912563118888870317135797450
0.320008918860096802649906067018 0.742446995158400069314552638389 0.423147908000828854024888414642
0.819492698117523010736817923316 0.786267682958374791724054375663 0.793097291441036245096540824306
0.717487324533281012328700398939 0.302525265580654678654326517062 0.064651350522593103997692765006
0.510616218245503294959064533032 0.158267839255134601383900871951 0.727817381627683057665478827403
0.687130284010915914905126555823 0.227351974471834278324067213362 0.492209785499916230300243569218
0.033262780671263147969085594013 0.844650206259759506188800060045 0.299368453972542525320932327304
0.649122727506985519596582889790 0.384642499361006695579590086709 0.374707005486327404675250818400
0.369816731823399358347614906961 0.496761267778839665787415924569 0.535851003438020057068058576988
0.433726120927862557330456638738 0.212296707096772285794372692180 0.061074707990971331683649481192
0.674353537271439873457268276979 0.911221456814672592372517101467 0.024778464322118963492069809718
0.958564038030572884707680714200 0.727770160559397027988381978503 0.636384665436164898011384138954
0.714876765755240617394861146749 0.865286016895479681565461760329 0.727950601512363237866054532788
0.847358753616936022368122394255 0.367751866353657363983842287780 0.030728493908353901598040636145
0.779221890021092322697882082139 0.494867034988945242446334304987 0.494237417955884827946988480107
0.148907947803702811473414158172 0.394550201395728328268575069160 0.000754578189997562277444020928
0.505620424831873194193576637190 0.817064460029074957070349682908 0.957897306466428233306942274794
0.841287835792483451591294851823 0.292551902684642262109093735489 0.307115243303510643269049751325
0.674022977877133833146672259318 0.105211023073706680386329992416 0.466956286623228855603429110488
0.831368339046535398395576521580 0.412811146662640182647407982586 0.259263894329835875574019610212
0.701107797120786524480706702889 0.102887806089149852484254665796 0.694683050703679749737773363449
0.372887448972135993052745561727 0.805490092156518788790720009274 0.426928875907454319360567751573
0.612434216413741183693275615951 0.696888804686581875280637632386 0.508346207121612381207853559317
0.201005579298765918450087042402 0.808385041213837252094265295455 0.661546381136781325160711730859
0.347432109456478122044842393734 0.631679203216246043517401176359 0.436848008281934319096961871765
0.528094482577284751734225665132 0.186012062557569690657288674629 0.006762422559760964714536957132
0.241247870212023041158744263157 0.580511273221060442040197813185 0.468962984032536944756230923304
0.616742903920192264699551287777 0.820161312110725293500479438080 0.778271031940643842617078007606
0.274659478542304824610909008697 0.176883768767566146307146368599 0.432053368585020303171972955170
0.787440679761200246211672038044 0.721716403803826622720407613087 0.021350494460528567780555064815
0.400813056548768031905893849398 0.350128449866119795252927815454 0.017489005952494023066190464988
0.096901926373390609437130649439 0.397009451515277778099743954954 0.204025952419028266948686223259
0.050957855247253810992980049832 0.369481472849827352611384867487 0.287696012457303307296996308651
0.174695530180447838874968624623 0.605479315791520478207132782700 0.607125019485611705505334612099
0.529143802773245686132952414482 0.339295138418296504667637236707 0.404050501521188043518861832126
0.312799563281042691809119560276 0.548204329893851927124615031062 0.134060937485447506656299765382
0.095445942035499095612571807123 0.452551944621476687213856848757 0.208290630765841033866792031404
0.063690991568899971153605577001 0.814045421856667950066821504151 0.810104385918383629316963379097
0.544059753707547777423769730376 0.297643564015112938037077583431 0.119571331797608967906221266730
0.370246189230128919245288443562 0.016969848573676105801810720664 0.194334246432185470121467574245
0.225871801043220410409873011304 0.220268380842852967704814659555 0.772679210215197587174884574779
0.484580464274177558081646566279 0.909817427436314996036514912703 0.206711638512332152028960763346
0.419729234817812768554290414613 0.091902276953153658189954455793 0.132270887017301413957071076766
0.869936891369026854547996663314 0.854008512275815090397657058929 0.128457162805334174082716458543
0.157123194398573362562387956132 0.759130270448331145871634362265 0.368439207982196870183599912707
0.693920239668812999234148719552 0.442590932847094664648324169320 0.532491469096135983107842548634
0.426135449144758371442520683559 0.021162570472791006337409669413 0.264820299737321407373968895627
0.764869500387547529562937143055 0.896434903813366212865787474584 0.434544120911477260715827242166
0.088824235706791807021254214760 0.784585511764793630540282265429 0.861812088751961247190536141716
0.706495226290164368698754060460 0.420363781911562650606128954678 0.628604165231818057257839882368
0.299590152134919129878198873485 0.029162670629839265723504126981 0.303661261906555901557425158899
0.323693002755147063442819899137 0.888249312327751394668950979394 0.767926373852984567314194919163
0.954224522836128130620636511594 0.281373800738331236725997541726 0.115824876027574560910515799605
0.785340019378815257233839020046 0.156438228938538564927185348097 0.126563303629805445904565885940
0.376163185524325538455769901702 0.181698269018750996339761627496 0.906101664883561142005419242196
0.220640465110437528073461521672 0.660460811470673259115926612139 0.699276882759858442462075345247
0.894788726362671149594518738013 0.144763981528998775250016706195 0.087690145300426805552440612246
0.240250779224451815885288397112 0.926138517487456125465428158350 0.418351529960313994749299126852
0.530588677196413116554651878687 0.258200398362697980392255203697 0.686194312108630799507125175296
0.854883676504714085098157738685 0.740140975588298610787774123310 0.620848667059944236967794495285
0.016310645568370880226227725984 0.485906370078340532625560399538 0.695854041975090154004135456489
0.376715809968773018834298227375 0.292385164581377143822038533472 0.083613915457565052280486384007
0.215048315654727040246996239148 0.474556859409945352989979028280 0.500261353692685983851617947948
0.311093915741020410337114299182 0.111246684955278007933543449326 0.072849421980077405658349221085
0.364886252770801278177970061734 0.618815323380313087042736697185 0.698454936929616687635302696435
0.527029576014556466745375473693 0.566036635856240866182531590312 0.618308528638188859005708764016
0.591874959095130215303015575046 0.494461626666258258211428255890 0.534530516082661333321368601901
0.612442667147582331388377951953 0.995151422594478418659491580911 0.519737009461612275984521147620
0.170886309147843334921290647799 0.780309253681228942589598318591 0.743533236964012300695969770459
0.705560941453138190659899464663 0.901263477694264736328477738425 0.521186896687551137752336671838
0.632099987593315315592690240010 0.844284474679042107325699362264 0.083861763112296622280084079648
0.693045543062069890893894807959 0.973311327313473029221313481685 0.752229992955094739492949429405
0.754790434854285541277363336121 0.944340679509035108019077142671 0.243636852663909886373971858120
0.702744305389014445317741319741 0.202463980397216580797703500139 0.519675310796224976250812233047
0.410897640669427244297651213856 0.800651464362245768313641747227 0.801916523782446599710738155409
0.565353482543097474177784533822 0.811485837851834146405849423900 0.466937935039028917394432482979
0.135764559442147852985627309863 0.405403551973307574307625600341 0.721285720314109202178087798529
0.995333772017676143839537417080 0.346639862968162015821604882149 0.364069969829390216453646189620
0.052859419375285689179921888581 0.481672995588153129986608291802 0.385821185298629520943336501659
0.812183559898158824452707449382 0.277078935424258487874027423459 0.992540761509622226910209974449
0.683138851305440275574198949471 0.307515779893443530479402170386 0.255510243368103850958306111352
0.650473498807387584541572778107 0.655510083811079669047217066691 0.092093776178778327667906467013
0.413474306996320928320187704230 0.507951083275762993451962756808 0.064652531124652981575628984956
0.327715998255691254303911819079 0.301426324967523306952443817863 0.731230596441646341077102988493
0.476135729565080434433355094370 0.598931245457375638352459645830 0.319195788099700672457714745178
0.398688676122984198002541234018 0.256250978200211476654146736109 0.294455449714156547447174716581
0.620387524625873654215979513538 0.049807640451110787860322659526 0.311792790890035198536622829124
0.797517843865980791129288718366 0.772946059592659717729645763029 0.938515944662797307884716246917
0.579791203605022675837687984313 0.331074760877088702937243169799 0.941318874013339912387721142295
0.399751572256631382273894814716 0.144034381908525466187143138086 0.497415332366127671548383659683
0.001102622915073652853229502213 0.618806826981104340923423023924 0.994499090228707083305437208764
0.104578240381955747673181633672 0.778306995683427871313142532017 0.544358754907628750174808374140
0.135509855189332339975294416945 0.724016464786700675304587093706 0.725034974859726344398325181828
0.019877450430487126481482462736 0.620391107949198161719550626003 0.501725661803100186908466184832
0.432493845752050520836462510488 0.532037046398952107040258852066 0.596491300794735224144460516982
0.092423117914038885323257943583 0.128423795593965689443294309058 0.762632858520855161366114316479
0.018790265480999917419024924925 0.379217917274441040920152090621 0.842986075993015115948026050319
0.404586433414247825801624003361 0.740779981999263981151671032421 0.310727235727308981338978810527
0.307854583826390304501785522007 0.560766659347530893597877366119 0.016845093357321080929089873734
0.849625740779505589372888607613 0.227570872118865286104494316533 0.076360818869742261294497609470
0.884201029660914294971973959036 0.738311990339558965601440831961 0.335739103489668455626571130779
0.371844785948062361846666590282 0.889728599827355748352886166685 0.570320088376148004449817108252
0.654566777344103067903802184446 0.219355049555497311208895894197 0.350853965126364020221672035404
0.027528450314698572204408222319 0.421726550837756841705328270109 0.278606730736585761487589252283
0.210410506909231104222257613401 0.507093219584748733375079154939 0.835751770848451536188861155097
0.386338792121490637310188276388 0.019993514400808494457795205790 0.876170124013121442985152498295
0.095252484272304635548600515449 0.074371369174138904356574641952 0.280244037087428288224089101277
0.776202335535698728641307297949 0.281078708016650080647735876482 0.038965103030421242846781382241
0.347631025486502098775787317209 0.191188089692374663108864751848 0.066515563198553090407116883398
0.266946390381303910732668782657 0.031185470895417354703083034906 0.235409730107946052468648190370
0.926700515059067031486961241171 0.927804780447097021678359851649 0.848558445592571986004770678846
0.533059218131063827783577835362 0.571489659793270932119924054859 0.967674715253523221036857648869
0.751304360313657659808939115464 0.430799342783028338388362499245 0.177832598503998740024911739965
0.719158111836877167455384096684 0.843021204953478209276340749057 0.029999351017072288516640554690
0.088306382658577223243590026414 0.171941861007634644309405302920 0.754088927472778891569760162383
0.989535412414350168397447760071 0.504999016468815620228838270123 0.361307810911426885436270595164
0.911908737767667676443750224280 0.942073649632362841721544555185 0.205910805104392524711443002161
0.816451648014330344516054083215 0.577548112412487935074523193180 0.097309103825896289818864204335
0.116806940201723094552299642146 0.822457317122867404002306557231 0.890497414174500567796144423482
0.723179945525474043854785577423 0.467863861648780354762777733413 0.435226958085005610765705341692
0.404299275667596214045573788098 0.280930046162107371898741803307 0.813369795330832645596785823727
0.767510121239369569323685027484 0.878441921322251073611653282569 0.381825735926976217449180239782
0.072724065544440275044024701856 0.689832163490647909398489900923 0.741246917885697409467127272364
0.662699187973623260461408790434 0.486804929933854879653409852835 0.763258914624165063500527139695
0.006175678447783027220918672384 0.261046305203656237026166309079 0.117381005497023904737829980149
0.547493462298140110000588265393 0.723789065765716665978857236041 0.938313421515935219829884772480
0.814048757906034703424325016385 0.479974502726337903801834272599 0.603449752449457532677001836419
0.871911506486929610559855063912 0.766343273463897300956659819349 0.839610431242367560855655028718
0.035010907173234399880623612944 0.289432099824397270904086099108 0.236192778565765759690719960417
0.625160356941968364807848956843 0.734551208592037818689846062625 0.540185139722897611491703173670
0.989631054068546789359572812828 0.921486135815317242148125842505 0.776754518000593696669398013910
0.083354597443170447279570112187 0.933586681998865297593681589206 0.598910399014461969358080750681
0.256103142220288404473649279680 0.028865167961466556278971040683 0.659154928779598026089558970853
0.162473624170646729902856009176 0.292905330064701208137023513700 0.552166418616634402383169799577
0.433636354624154507497735266952 0.280414503435062911762543080840 0.257523222295963472028290652815
0.575777967698094972348599185352 0.350498595458095918431240534119 0.508659372893200845133776510920
0.815438250756839067001635612542 0.801842190757776518417188071908 0.166070559068237560973457789260
0.064158635892537618783393327249 0.529359094648634176394352834905 0.412920773322981105035722748653
0.583721226337729937050369244389 0.061247381547109978894294357588 0.824637978720432873736001511134
0.256089889173324536386644467711 0.191704333298768653248700388758 0.228093926852391187809487860250
0.969334101533980252440869662678 0.770482924700089943925718216633 0.618304136198850717853758851561
0.893948214470855040403307611996 0.686737843873946873785030220461 0.099525520952337770408391293131
0.600285807934096249383060239779 0.035228853854808943324439240996 0.813869660901873182012877805391
0.530536363521606380011519377149 0.181164850198981763895744734327 0.314262962459910089041414948952
0.623548753279976386565408574825 0.950902915931376324643053976615 0.665050698729421019272933790489
0.764551635136183405094811860181 0.426378430168337874128781095351 0.556406723798925195723086289945
0.081738201091608911341701571018 0.183709850901322829797024382970 0.987601596823624472420988240629
0.218846482513969514682727890431 0.294972390661000116729439923802 0.020320270744676759144820010761
0.479843627315237775121659069555 0.839479346506989521081720795337 0.475703590715146007461555655027
0.105060637146486043902449125653 0.769082741761297095095528675301 0.361045435876953813014722527441
0.531157220768275206701503066142 0.502389941387591631993814189627 0.455058058286588240637371427511
0.141217397393869736887950239179 0.008140517654962009866381755785 0.934868774365120169811405048677
0.323196934347859066161134933282 0.038194320427576221310683735055 0.419677748674872619361053693865
0.916609631656424617140999089315 0.656901764511034769178365877451 0.024187074885702136012310958790
0.568644935270846363373209442216 0.596176750857176585007835001306 0.367484086021528599808050330466
0.912838520875826286982146484661 0.570643291427361920575833664770 0.753567939349775617330351451528
0.400595034478186395876520009551 0.544993862576423571120187716588 0.211177194431026588050670511620
0.377151559448966278154102838016 0.268801670964605277092118740256 0.762024772085441060021082648746
0.511878239187189221226503832440 0.023948776432704783206917298344 0.598701503620436392694159621897
0.273169874928601730257327062645 0.125152192022998542952905154380 0.133687771241041669645355227658
0.799855668804447694775205945916 0.507812750666870149629517072754 0.443777655470368792567370519464
0.578221186766306294302353308012 0.413375601157249195072296288345 0.744189311022070199008737745316
0.353478526629889877597179292934 0.831988723461715040663477793714 0.637193397783541448653465977259
0.256969732579513776560276028249 0.914536980707608471163894137135 0.008195660797150453730219865633
0.169384694214800957112743162725 0.685150002383191125687744715833 0.394090493713494638416960924587
0.242464677016183793867298845726 0.729909288853388571460811817815 0.394817668816974387535623236545
0.168005129254157808960101760931 0.477243881984612039470761146731 0.953780437813199877261638448545
0.822485487550247973409511814680 0.661396730578597824568021223968 0.679068972626365785494328974892
0.856244021782447739532528885320 0.034645692634737899895380763837 0.995112492652767799405921778089
0.009604485644580816952609048087 0.667121205688709251191426119476 0.979188287407677160345542688447
0.089900398907898596001508906284 0.138712010755040887621802880858 0.789607269037764236685461582965
0.678946177482983581619180313282 0.579702098925346964719551579037 0.795066127927002486153185145668
0.814733796947876065530635969480 0.863288442426906166282662979938 0.602551630108296820687030503905
0.548414240702425170859157788072 0.356220566188779341754155893796 0.667579184245180479173598087073
0.109173480826286209421915884832 0.659060134820284804213486040680 0.371857070016064272799383161328
0.898340302878686158827292729256 0.887317041417500784739047503535 0.385161346777798119234148543910
0.556769895309924822690561541094 0.722563153233952371046200369165 0.006518261368578479389435109681
0.600782848750889164612942749955 0.409045634253060119700506902518 0.640537472899333382159170469095
0.151451439450396740937776485225 0.126333862402950553027736191325 0.518617796983548373646044638008
0.744983229471639862850906865788 0.134778620683269345637000924398 0.585343137273262259512307537079
0.235224195427038457184565345415 0.280588857948418923804467794980 0.927636408068231221868416014331
0.770394538974943476894452487613 0.375642252992938852074189526320 0.607011923574443557072299881838
0.843967329158697210367279240018 0.027104315981170131605315631873 0.565003465312540531506613206147
0.868009272140124354955048602278 0.173118337981584685669744771985 0.208503686919093406126890499763
0.730518529710277420008424087428 0.127381088214641946532168503836 0.963619365000716210367670555570
0.465849913575357710282531797930 0.203283776835759155687810562085 0.841939489386415718108480632509
0.469141556386380664811497354094 0.164760775886871768669550419872 0.032167502495852019761546358723
0.536214443662540563018126249517 0.052243820331510502918970217934 0.581166774338530034427208192938
0.106970187258733501201035664963 0.371871940338697748451579627726 0.581890471528135444501117490290
0.111445558264848587626261178229 0.294946894863597874891780747930 0.094831489927319309596320806577
0.067395250138457013511228410607 0.798393635856071925971377822862 0.110146281827158715183045956110
0.165016469319946817995159449310 0.942041911379488450251074027619 0.777295576509691166222637548344
0.532816683381303723976429864706 0.571847113199283718643073370913 0.073704432333096064899891075584
0.463852701509567533211253476111 0.972550700867404138705296645639 0.137601446464303139860518854221
0.217198926054913254990452742277 0.921364687276034488583320580801 0.549971837362032589524574177631
0.766009694112245287378470948170 0.556254663836242668750742268458 0.418804048112189519770254264586
0.100498208060579338751772127125 0.511404073718761065237004004302 0.839571155526238954713846851519
0.792890111251118745450128244556 0.416641083285658242463256328847 0.126630657734316781626304759811
0.994781300990978167853029390244 0.946163757329822940889130222786 0.600224009163025984392447753635
0.192891351545658201738220327570 0.570294312931545865907878578582 0.945068823962065152066713835666
0.541035866407838406111352469452 0.128946761519167812926056626566 0.288845286136481138594689355159
0.933805090788484171149264057021 0.272404194288629941667068123934 0.044222040827614071678564044987
0.708593408848422257051424821839 0.100772328579313202867595578027 0.203161383441374465697037976497
0.046869195913613485859894325358 0.020057985329166524296473639311 0.006450609638051755904963879829
0.819044258304794769998125048005 0.132464630303584934845062548447 0.894961884552592179531416149985
0.968835266366355307710023225809 0.485249978013406413346331191860 0.679053576103231359972767222644
0.946408992184933572922034272779 0.911838570993020680610641193198 0.622093062429363463650133780902
0.149826533556466412466789961400 0.792332663352546040513857406040 0.225523511313550556467433239050
0.837834052044147514770600082556 0.314003725892113894069268553721 0.212357303390950019617022803686
0.031158341170384313417729416074 0.201377097892239620424703616663 0.447807606716344508424043624473
0.602059391301278057362367235328 0.335664449932380981600488212280 0.846251035123800732229426557751
0.712634353142545085013637162774 0.304656997608450774706057018193 0.670958835831345412614723500155
0.969670769836713630773772365501 0.927913556120947835559320537868 0.321868335794864401933068620565
0.883402403002626068762026534387 0.243259465467717678199832676000 0.371692005740376418820858361869
0.386666922382878419650609203018 0.888698437404999874722477670730 0.163749828487789184094935990288
0.203336928291002361213202220824 0.035525906324042649808703231429 0.945451268434645109017822051101
0.863709348796331766173750565940 0.339697422664279768955708505018 0.845060258475999526162070196733
0.478733156367356804672397174727 0.067160337711983528197201565035 0.679971424976232308168277995719
0.451183875804779976892433523972 0.875400565570329858289255753334 0.010587400882775457183759826307
0.409645028472298555755060078809 0.208622711853057724029625319417 0.180236511851385838856032250987
0.892733679893983111952593390015 0.206185595634251817021009856035 0.923544398762805585079149750527
0.336772548545173744383163239036 0.844043830563590780080573949817 0.340836225585964269768624035351
0.351459175556093073033991913690 0.164283346806363389491778548290 0.317097742858038100788320434731
0.739403390323397524674930991750 0.643912336357234105221891695692 0.391795059585647087452286996268
0.057954915035077804452701144555 0.488883596056812363972454704708 0.986524299755665134981086339394
0.760402210549466217592851080553 0.827542858893671628983668142610 0.251727581186268811741513218294
0.277953879642314993780871645868 0.275603528514356488354763996540 0.372751222811751936614399483005
0.414046689877033025073416183659 0.468084589030605513482186097463 0.139915450715552475147163136171
0.746556612389571383481268185278 0.914978905189446467538516571949 0.091531747725193832176948660617
0.731262927007806706747317093686 0.218530576245630853149393146850 0.568534850173302519493745421642
0.095159637408574623829160543664 0.341260437684991813078738687182 0.691865693149032789932562081958
0.367238109731605144592236911194 0.885838694014937644283236295450 0.398816177504408064802277067429
0.045703714719788790521448618165 0.062144390755826714456411252741 0.536554362610960011714666961780
0.068779648580854779726934111750 0.584909769402642165658789963345 0.009452428200923203988059739800
0.319869709465730123199023182679 0.033694908931913777894173733785 0.985268579112508091633060303138
0.775899195023579624219678407826 0.873179604553549482126584280195 0.670938322825708866048444178887
0.919128719321774867445640211372 0.588692361412815334809067735478 0.886118981757699542001205372799
0.168518622221474262401486043927 0.019737444836386897062396883484 0.396936762378300722620139140417
0.892092870658703240849263238488 0.257183441800181933345470497443 0.108369900219974640842579560740
0.301039841249656825450387032106 0.023525334543221421146341754138 0.029237327852768973945885022658
0.900998169759882006069062754250 0.781434290840106737796588731726 0.169157439721109054131531479470
0.858822225716767917447214131244 0.668015481886822137802539600671 0.567826786187686338713831446512
0.618510351102492084152117968188 0.060059763060748234952956892130 0.671517464243850059624207915476
0.127208329234510919558687191966 0.759679374377811078566935520939 0.763293985194452018205879539892
0.995096446905405662697319257859 0.301327289362867511979260370936 0.382622394112422270495699194726
0.544309351836897437060258653219 0.251142768565707330541414421532 0.090472877433910428579544316108
0.914374686634767619430874674435 0.916816510599896217215132310230 0.106498860037380169152321229831
0.464632094371245307762308129895 0.759825220638227327718539072521 0.218738763663673174697521517373
0.226763464184252222510806973332 0.346356734821187450812374208908 0.493164129432656861418138305453
0.984331787835960758670239556523 0.900726902909847582101576790592 0.851984011926410489401462200476
0.315994951705920290585538623418 0.983745058008370643065632066282 0.821514253690387441508846677607
0.322395582047770579148249225909 0.241684364710447019408690039199 0.389222954532109199909939434292
0.844694220090732361683194540092 0.923728585610032570940575169516 0.837319480399960736072273448372
0.379981032047063960188637565807 0.842903455331526441085543410736 0.145580702568928577189666384584
0.078856419143047778996802321672 0.422876985277197581236663381787 0.841534088978622807353247026185
0.117644107283754628667793440400 0.786621848657919731095944371191 0.930900415949010517913109197252
0.465195810312751034665268434765 0.997773225798245122497576176102 0.295662085423639198200618238843
0.260104409969393046697661020517 0.661561121540508056959595251101 0.796245021418644838284706111153
0.447167135375362734261983632678 0.541302979672936057653487296193 0.197970091059189307047816441809
0.804747147491212899694801308215 0.920239226673046473159445213241 0.893055660544724516647363543598
0.322771249814984007020512990493 0.540932035275278888519778774935 0.687643304133734867278349156550
0.652861235853012034091591431206 0.006791154251005735061064161329 0.011924546466686889931163584322
0.448736891025419470935275967349 0.424088671717579246411844451359 0.408768147507154400166484720103
0.416539512615101192860578294130 0.018399189378912744752270214121 0.152769313570785353340042433956
0.402307399088126238506646359383 0.291205292966056794590201661777 0.757029531558748747244180776761
0.652556580046973699893442244502 0.325612875211272467801393304399 0.223801864768929104076988778615
0.654224398074539137404315169988 0.932947993677046394367380344192 0.272982005675018402079956558737
0.801647718364745909269686308107 0.923823625847983942449559435772 0.288818744482413347629545796735
0.549925341976623127671075508260 0.761163360902895935744538746803 0.196092151207336307106032791125
0.174879212118976695711225488594 0.973710939568708466751445484988 0.334174140810317321648170718618
0.405628810110317372661370427522 0.173633107100989697579862536259 0.381084490493723171411488692684
0.233211909455267707436121327191 0.808135887363119032045233325334 0.588573558671050989232753636315
0.534511622921225448834547933075 0.446790756561160795623521835296 0.119547367834895598703859320722
0.410141391104443309156835084650 0.291528737302253482255309791071 0.990903873573721893919241665571
0.060183491771061310704471480904 0.219160885072434669096352877204 0.659933897490510457117807163741
0.758807807547651202995098174142 0.972728920757269910346565211512 0.659332840405198128408414959267
0.761259340726913369401529507741 0.673541430224992243580572903738 0.927320871178076044927252041816
0.732143065254178604384094342095 0.880164018700260619709752063500 0.699083969870819332825817582489
0.762402916900555394086325122771 0.788369834473620190173903665709 0.495092629472614842445210570077
0.652353314913051929302412190737 0.272350875821852078662033136425 0.263543134149848423675166486646
0.348381280724861630559985314903 0.298011850071792039340579094642 0.158237531318764140797483719325
0.573387479692944679321442436049 0.188986127478141724411742075063 0.310198899127936911224168170520
0.640066575117706593189836894453 0.946441630612337325700877954660 0.668927440495062586300889506674
0.637417338560208324160782922263 0.428187706090294162297738012057 0.670706966787831593279634034843
0.622361398652246600171622503694 0.713423145137674019622409105068 0.061072025684191351413421244843
0.010644206618797731611625323467 0.461713930628372737352549393108 0.556097741995751126964364630112
0.601917537107024447351477647317 0.119100178679031790118791889199 0.076702522392779429183384820590
0.594426005691334635727685054007 0.229690535962865649555197933296 0.158540902406404504709769298643
0.668027119609852837456287488749 0.748836406359353556894120629295 0.489036305474898624900959021033
0.307542141957020731535266122592 0.483884423389160434059164117571 0.944317681348690873832651959674
0.861087661675937310334916219290 0.860135818500082693915942400054 0.472159703773747108090930169055
0.136963276162568425853294229455 0.722822078367018283628908648097 0.393894787756467079642419548691
0.440851912880745266942739135629 0.426857490018829277556022816498 0.929519301311195200732129251264
0.279075153119693275538537591274 0.453733403051327921495783357386 0.847042129555446887678726852755
0.689641779135704569014819753647 0.939629273682516807930653612857 0.494555549254092341460165016542
0.914803433518794562040454820817 0.186843842869370557746577787839 0.200107444040582255206928152802
0.456185153696032796855064361807 0.944811596827113020502508788923 0.444173754255557995396230808183
0.951435339374420152580569265410 0.220222887047830745421705955778 0.735300334507538289052774871379
0.452445285012860520801325492357 0.016357217529362203661813524036 0.063105837178793491859529751764
0.970792784705626465857619677990 0.117351870178353648310753953865 0.999728131883230952681174130703
0.785345088194753460086872109969 0.607072670481212273152493708039 0.237976175338073164811092397031
0.539286387614289042247150973708 0.142467518351488769967616576650 0.515677368248979806075737997162
0.583803527636280406021285216411 0.275276146027108481462164490949 0.686378309454598767302968553849
0.145991219647875786202817494086 0.865223504622583461376450486569 0.175819109308775867184237995389
0.584451055971121458121331215807 0.990012934530289490098198257328 0.010515513518065603207340963365
0.958162824654761213771791972249 0.025780907737240899013642092541 0.215010778435814370324052902106
0.958744070038706430736397123837 0.191031696827139496619452074810 0.886237978334370124500196652662
0.167049095839754996317694235586 0.884597469395476454501192620228 0.558846525224852008761899924139
0.202771800254167966492957475566 0.716870326993179540764344892523 0.722246957316284965422426012083
0.411130427575527757078077684127 0.320936311971396326381267272154 0.285405382937885365723928998705
0.796596069601960721229261253029 0.369718482306785445334895712222 0.963835106149198539426947718312
0.375610485836649021784694468806 0.250420972575686240357839551507 0.564670520945729226269804712501
0.670636739748155963347642227745 0.259947060730602030886871034454 0.405139168370090729798249640226
0.647524402924487763044680832536 0.504795832518569742575209602364 0.698199500679898665822520342772
0.725764931875514385239966941299 0.333897983704011025452018657234 0.324639035562597710882215551464
0.081745309479082539638739035581 0.967707494940521995019366841007 0.318239339839990031943983694873
0.246303010643441649962781525574 0.651384888244398219114827952581 0.653527034584789223714551553712
0.452137314980592452950958204383 0.354605239954172368754825583892 0.762123561870235333159939727921
0.029136924653276195101847534374 0.384882550816499302559492434739 0.449336829522488379051736728798
0.200148985506836851744338900971 0.897941074471007016910562015255 0.269107127194321560370582346877
0.245195422200482793240183809758 0.523913833117590432841836900479 0.908185651675799343607309310755
0.477190595846058718265680909099 0.605997310275190770312292443123 0.322362821316722558684375599114
0.873096536629370700843821850867 0.038161155872001806255155997860 0.810226411716411409891236417025
0.953966574432594915933236734418 0.730887973127074097590138990199 0.584270690684807303405534639751
0.623898642776167466905690162093 0.819898729715281993080111533345 0.336408516663318390982340133633
0.249411863465931693539801017323 0.323853482916591273177431276054 0.955606148467891602926727045997
0.710859222500441978453977753816 0.288284660147385296546929112083 0.286408122959882771585427008176
0.594739764460109898713824350125 0.496275586987231176472334936989 0.714283825936293137459642821341
0.942570980473929731502380491293 0.257363204743964291143498712700 0.263939104870806129365945480458
0.099758769611679773414714134105 0.175395972288695523033652534650 0.636653746699348932480688745272
0.522481775293803685222826516110 0.790789941476542579401609600609 0.354682504803472298249289451633
0.271322211730349094338521354075 0.871052291795170408050807964173 0.584535902398896523024518501188
0.876256886254554445692122044420 0.598448774343921630070042283478 0.430638062244959596291948855651
0.833663932633984305908825263032 0.340972452516052626503295641669 0.094191659497533594680440671709
0.718235509856089859859196167235 0.041893781851119429870955457318 0.409888281634382234397406818971
0.262790527764735271087914725285 0.166074206892127679280335428302 0.581096219203550812260061775305
0.424112897214809270174384892016 0.955547261094571664941099697899 0.912330881352371059200834224612
0.689053023937754249850229371077 0.707354523882392061118196124880 0.568120604523138061914266927488
0.605682894195341714471680916176 0.610142999294407517574256871740 0.685710704333247766939507528150
0.407074328723722178580146646709 0.012666538972327376355586636691 0.388897608420622598046634266211
0.455672006746395741316746352823 0.030006588713989902628132000473 0.932818371005217583658009061764
0.590132246156593764929709777789 0.511808807651590758069914954831 0.869327389900513169962437132199
0.736953981116394762906907089928 0.943531050546970062598006734333 0.605575150660935812574336978287
0.511142220139993774807862791931 0.759827610243234974340964527073 0.116606631769705176848717087523
0.029643480731217329571247631748 0.170995988408539384417750284229 0.632925632479838240485037204053
0.051622876578397945690479531322 0.662144886283275280192128775525 0.356632385544130736665380254635
0.356742709686446057837372336508 0.967358791307694421135465745465 0.984697450766268800315117459832
0.100487876313196375366310064692 0.065158909059089359372407557203 0.901585633499851879513187213888
0.303181416089834177007844573382 0.208241148277523241416631094580 0.114445114680055970435290646492
0.837777689920022772263052956987 0.592558209789475598405772416299 0.081989525420996439697418622927
0.481102250806215270273469286622 0.017357704847873498682497839241 0.303642633600596401066695761983
0.239277159955235629862357882303 0.464294445445536718697354672258 0.710411188520509662147617291339
0.411966899550061771417830414066 0.176652840954364509507001912425 0.444154240337999439702798554208
0.602963598347495133289442037494 0.575127127864885179242548929324 0.754382252311756484886018370162
0.499480725979013329141054100546 0.739401612428881582772532965464 0.131909499032605265211870460007
0.720106738498838661044487707841 0.776816916205390173288947153196 0.116173717607007495611348701914
0.415212908488173049192937469343 0.532591084155715432935096487199 0.807832407441627320388022326370
0.184525876596318333389135091238 0.384844562498574238595949736919 0.865891844685429457051384360966
0.871205666898168251677248008491 0.261221411599227515409893385367 0.981363782805926065933022073295
0.869936246045979966190486720734 0.911327967268106053921883358271 0.182167858110942049165714706760
0.737888002413530696976806666498 0.046760916576104802344637789702 0.820933413463402317233885696623
0.954215434198828260647928800608 0.537404660878863293937968137470 0.231843685313918301815760969475
0.437213278497315116499777332137 0.456268999605681346842800394370 0.236486283301080402186045148483
0.257118779950023357283583891331 0.884053762993790792634740682843 0.169774657343979423762547753540
0.207173546935281699399311605703 0.336954023954881054514487459528 0.014589076274548378256423752930
0.659869464564643459780768353085 0.285674870977123518400730972644 0.724938222337877413714579688531
0.910377056280729957116193418187 0.977492894237674825319572846638 0.070188434598833754352043001745
0.153174120814379588484399619119 0.131464505056109515201967496978 0.727901090633057190615318177151
0.872929767874604745081512646721 0.856775767457300996277069771168 0.253325503028606402455835677756
0.881466603560600470146368934365 0.790304901675275117689523085573 0.247115143634513867443303070104
0.886552895318923894762974668993 0.625259533115901322553042973595 0.691679230733884042869874519965
0.875363803597910217213495798205 0.619839385865523007090871487890 0.523492955014559835369425400131
0.779455425811633184629556581058 0.328030800640672304258060876236 0.310840955890290648877538615125
0.270875826880612735614306529897 0.041581946776871450688339848512 0.821413220681560862779235776543
0.874092246679285533872416635859 0.175765222515338381814586909968 0.742587119810903528716039545543
0.145805853266666229917092323376 0.051275748872364058927875163363 0.407377995504086376499230937043
0.221460881690072802774338356357 0.851421077058016839700371747313 0.794895068320658149119140034600
0.361086059836707551351508982407 0.425286782057379131316565690213 0.813650859008926752302670593053
0.693571068813618074599958163162 0.015736713840932944202810617185 0.503752223610557825494993267057
0.727687351490878264748118908756 0.202791469086431752621990654006 0.726444948294457049087213817984
0.081832150851538720814914995572 0.090021946007173586634664275152 0.957869817824042679710316861019
0.743362689853030778053266658389 0.045781309731573210930477557667 0.033782172585002635811779470032
0.732858550198495994898451044719 0.864436971676137977382836652396 0.933788969359871434683384450182
0.771603127095286667191942342470 0.387336192850660177011690166182 0.570719192755731019595089037466
0.113786256970678373301453234490 0.148092045639855174332666365444 0.799972220355626428833772934013
0.254678850650677635059082604130 0.199407208215428871644903097149 0.751530685557370570215596217167
0.066399507208707755911980541441 0.245971273700746367874003794896 0.873647826285368633847383534885
0.757484477109188869548006550758 0.301849723784880175081468678400 0.697521233168425069948170857970
0.003259489411028653783886088746 0.023671719016114971256836696512 0.929556146232492497283317334222
0.307632602887586370510319966343 0.326573259053869802137626265903 0.049530592996894974577859471765
0.450208714301457590956090371037 0.319639402978853182091256712738 0.723270165759621774803633798001
0.742757709467040561079897997843 0.796361822843625000167833150044 0.204849664960709831884599907426
0.666520790501482052192727678630 0.193916978151978613986727850715 0.213973437267635319125602677559
0.026519719023117525880106626346 0.950923408232603906142799132795 0.576291929603150232530595076241
0.215945218568993207997053218605 0.519167582460487997408904448093 0.017425897066543707264463236584
0.214424180275348458257766992574 0.064216629874793235144281311477 0.827396610157121292772330889420
0.073664319155707022601653477523 0.313561728547977036640759251895 0.908717719257545741839976471965
0.525490569663800255462149380037 0.298591406040636053731418542156 0.779216110914630943895531345333
0.217139950625035188513933803733 0.330983887293924694539271058602 0.598808213059247362863857233606
0.247402587418216607373366855427 0.864776230487275476832564891083 0.733642542301516042968501096766
0.588654774185293772070792783779 0.155374792979518977498187837227 0.919117503782559075453661989741
0.135851772207088744570668836786 0.110641889898718426277213211506 0.603188280128008291747221392143
0.153678746505514773890155311165 0.766271176650237917371555340651 0.768799167111526182694092312886
0.819690114738965580620799755707 0.593494177424675584120450366754 0.003638844946625183207622455939
0.578425750685999107147949871433 0.118887679114504776767269333959 0.353540273829711426678557018022
0.500909298010973058623562792491 0.946146537393298792117946049984 0.204643747703868839060703521682
0.995514313012442308981064797990 0.941415713207706561505005993240 0.948929295293614361028744497162
0.345819443023218320298894923326 0.440656314021138195702320672353 0.163560865055866005990381495394
0.521457083245558727924162667478 0.473437673989037466348861471488 0.423587099847116732576068898197
0.675389011547898099330211607594 0.004562028131735821126491181587 0.328266250998988096121422586293
0.385434282625939594879582728026 0.334296603351394050473999186579 0.990120115395026867410877002840
0.848447957169189193038505436562 0.252481119609320125984908145256 0.869561686385566412482717169041
0.380897400819139142491565053206 0.369114762178067545850268516006 0.841387461989473228740621379984
0.640198571105333846809060105443 0.409546686234172341301018605009 0.136211312716505383857423794325
0.302714631448324722473586234628 0.190229245309317951395655654778 0.921739222910413213973868096218
0.488644243258532617879552617524 0.426730867207804009932914368619 0.050727484621642969508936715783
0.527359399477333679051582748798 0.680629890272191562239356699138 0.827657819649772918957353340375
0.280279150193535442348036212934 0.261282095967907523892392873677 0.082703190952377908518045046549
0.934275884838803638565707387897 0.746207546187412251725845635519 0.305626751881560354551226055264
0.956557482477695231182224233635 0.436090018981117932828084349239 0.833142184878408187387321959250
0.572034457569372767338222729450 0.887440561729887278374917514157 0.292661893803671302460855940808
0.372036024353894434479883557287 0.208400477321870697400285621370 0.501966262995423351256363275752
0.566100580157916088985814440093 0.390274796283255676065948591713 0.622803222333132677768219309655
0.721600823821048731332439274411 0.906104008724379239581026013184 0.803354877463979044627251369093
0.013543572451264414974181349294 0.710712768572459685501030435262 0.426005099977724288606850677752