   0.19852
   0.51971
  0.478675
  0.329505
 0.0758241
  0.903401
   0.45868
  0.636983
  0.936708
  0.165753
  0.760351
  0.445253
0.00856986
 0.0318141
  0.833543
  0.100752
   0.20869
  0.848608
  0.810495
  0.605953
  0.104966
  0.426823
  0.590692
   0.88926
  0.636275
  0.923286
  0.133804
  0.714641
  0.209883
   0.79746
   0.51304
  0.339999
  0.240622
  0.557154
 0.0521565
  0.379675
  0.126152
  0.754775
  0.516433
  0.226072
  0.928685
  0.926943
   0.44732
  0.580487
  0.914878
  0.202753
  0.854371
  0.944761
  0.995871
  0.811757
  0.867629
  0.172047
  0.964182
  0.750506
  0.183277
  0.744385
  0.768172
  0.394211
  0.404977
  0.974003
 0.0409476
  0.816622
 0.0876273
    0.2924
 0.0400676
   0.79863
  0.484081
  0.379728
  0.408916
  0.412988
  0.270416
  0.492955
  0.333457
  0.306018
  0.157359
0.00808473
  0.449003
  0.623827
  0.691287
  0.120574
  0.231312
  0.520391
 0.0315667
   0.63805
 0.0766254
  0.209871
  0.938207
  0.143173
  0.566893
  0.255283
  0.128384
  0.267492
  0.534752
   0.08088
  0.307258
  0.573542
  0.992115
  0.205295
  0.325514
  0.798958
  0.659095
  0.122313
   0.76594
  0.474583
  0.438678
   0.51055
  0.140341
  0.572428
  0.172702
  0.442673
  0.659224
  0.444558
  0.466809
 0.0476585
   0.56232
  0.147785
  0.427069
  0.104777
  0.383799
   0.72927
  0.516673
   0.77827
  0.768701
  0.971692
 0.0678684
    0.9017
  0.455123
  0.189946
  0.970228
   0.15764
  0.467148
  0.373709
   0.49815
  0.434349
  0.534355
  0.526095
  0.554264
 0.0350495
  0.584988
  0.587448
 0.0442861
  0.661282
  0.389917
   0.15942
  0.633957
  0.221159
 0.0421385
  0.420074
  0.886941
  0.661108
  0.604785
  0.855086
   0.62009
  0.371277
  0.406709
  0.681301
  0.617529
 0.0310908
  0.943679
 0.0920519
  0.177838
  0.543611
 0.0704388
  0.412418
  0.865542
  0.760906
  0.151599
   0.72343
   0.16516
 0.0391618
  0.756735
  0.268485
  0.271781
  0.504253
  0.998196
  0.733052
  0.695802
  0.402979
  0.217289
   0.35675
  0.194968
  0.282378
  0.777083
  0.161075
  0.986424
  0.926953
  0.085294
  0.495377
    0.2684
  0.392037
  0.841114
  0.829244
  0.010069
  0.185652
 0.0628459
  0.709387
  0.808943
  0.839623
  0.398172
  0.831679
 0.0243096
  0.666068
  0.456574
  0.545682
  0.398996
  0.793536
  0.281003
  0.889304
  0.204901
  0.814823
  0.522075
  0.683041
  0.564084
  0.829531
  0.648128
  0.544994
  0.536094
  0.642107
  0.221437
  0.245372
  0.364617
  0.637194
  0.353677
  0.341002
  0.941956
  0.479055
 0.0956376
  0.684828
  0.845666
  0.631055
  0.225327
  0.568665
  0.340702
  0.407252
  0.923539
  0.992821
  0.245996
  0.432966
  0.544702
  0.701493
  0.561933
   0.36925
 0.0233777
 0.0438928
  0.951136
  0.721509
  0.131938
    0.4479
  0.137334
  0.518342
  0.894981
   0.49748
  0.369111
  0.900257
  0.366694
  0.301192
  0.658577
   0.63842
   0.93515
  0.640992
  0.309922
  0.333283
  0.657946
  0.892584
 0.0702405
  0.855485
  0.149753
  0.868025
    0.8008
   0.22045
  0.631799
  0.783641
  0.845093
  0.506927
  0.786962
  0.732465
  0.882198
  0.964499
  0.961998
  0.183005
  0.421917
  0.251345
  0.773926
  0.623033
  0.614547
  0.281414
  0.765515
  0.950443
   0.72585
  0.766293
  0.440737
  0.163322
  0.363217
   0.70234
  0.440985
  0.607561
  0.268898
   0.23405
  0.877314
  0.427553
  0.347115
  0.770052
  0.948311
  0.804741
  0.957771
  0.358555
  0.462452
  0.601782
  0.809551
  0.760939
  0.574276
  0.217719
   0.41201
  0.784441
  0.807229
  0.241845
  0.220607
  0.492942
   0.30748
  0.896675
  0.604158
  0.701064
  0.664973
  0.749095
  0.436311
  0.857373
  0.219204
  0.172712
  0.576494
  0.431909
  0.700724
  0.216766
  0.251258
  0.952456
  0.714322
  0.642168
  0.447849
  0.210066
  0.462838
  0.721271
  0.438377
  0.321809
  0.022891
 0.0632687
  0.517303
  0.374298
  0.375046
  0.351133
  0.972139
  0.293541
  0.516383
  0.899149
  0.285814
  0.943573
   0.37117
  0.147402
  0.758299
  0.476506
  0.719575
   0.29253
  0.416873
  0.192597
 0.0252536
  0.160782
 0.0149803
 0.0951208
  0.356649
  0.378698
  0.507865
   0.28599
  0.610486
  0.368912
   0.14756
  0.139019
  0.269705
 0.0736456
  0.362891
   0.44962
  0.718686
 0.0911561
 0.0292917
0.00787073
   0.73731
  0.524421
  0.331177
  0.300006
  0.918478
  0.874899
  0.398736
  0.430458
  0.918039
  0.081437
  0.286247
  0.541267
 0.0259875
  0.590325
  0.589112
  0.585836
 0.0308116
  0.946349
 0.0187495
  0.759815
    0.5504
  0.180966
  0.284216
  0.212562
  0.768559
 0.0349913
  0.547086
  0.920207
  0.595606
  0.807137
  0.592006
  0.825942
  0.381243
  0.707243
  0.367905
  0.966531
  0.446694
  0.135674
  0.384318
  0.595808
  0.147959
  0.717178
   0.62617
  0.578952
  0.271397
  0.864976
  0.591034
  0.823375
 0.0186788
  0.198783
  0.671139
  0.701014
  0.874137
  0.112212
  0.792291
  0.162711
  0.884152
  0.496811
  0.771907
  0.512479
  0.378849
  0.651142
  0.920774
  0.823099
  0.509362
  0.531901
 0.0794037
 0.0907967
   0.86871
  0.491491
 0.0018945
 0.0699501
  0.264301
  0.928269
  0.409814
 0.0403496
   0.38803
  0.314119
  0.802137
   0.48616
   0.27859
  0.916358
  0.380306
  0.511839
  0.703852
  0.708793
  0.564695
   0.47399
  0.104644
  0.868151
   0.91765
  0.636018
  0.666796
  0.616497
  0.590293
   0.71124
  0.351231
  0.342942
 0.0253075
   0.95702
  0.097418
  0.109709
  0.356321
  0.767334
 0.0118085
  0.543328
  0.123918
  0.534387
  0.404985
  0.954863
  0.888484
   0.46311
  0.895541
 0.0343429
 0.0625203
  0.943619
  0.768682
 0.0967042
  0.577157
  0.937032
  0.666059
  0.853112
 0.0467575
  0.746992
  0.980144
  0.363337
  0.181708
  0.294331
  0.857166
  0.467474