0.968412406985451658037172461161 0.376195359473249690465556365034 0.045662147064128511707996123784
0.251373531791869782117854701005 0.270988408567242825613387498956 0.992067881733375770147390886996
0.306726241346967507037022592774 0.661527529515419529220782764632 0.046179187646319504442012692670
0.876116176178495085514973823867 0.802393576721590107607379857518 0.801265642202147661029802777770
0.780757583965952185790086979330 0.059693184952195485700668583703 0.637806397078761209882062922858
0.643956930486893509035470542630 0.964824624356124115568096641261 0.526522464140966961598844313799
0.794981329520368896190260648559 0.302994948310328495563134994601 0.463972135671030984802715894424
0.110073065783355847857885668108 0.808840771311712016569190330852 0.806073396157393958950658269375
0.239940943178483475228924336008 0.018531678738898973700226699011 0.349477402342419198456681321695
0.710176571773217628873749401192 0.429684908095945849484054923327 0.465230263712851113984706536673
0.764983369387228609130985847988 0.461649166727979541972928851147 0.999011043004431727615631244385
0.225692867988690838299162616052 0.256284498355280502489948489087 0.905690809295913467510281530689
0.433623250827350080484825490345 0.514211081724605177104648450771 0.464537771371831584787366970713
0.020267278994756178024357128479 0.217691966797305557310924844482 0.252751437805930925598857374063
0.977329410745324995872066737588 0.523272900861974732816578545531 0.637772973444716383569577838540
0.736411612222645964755145791495 0.536739663458190344177725548891 0.539919803826174634254266799145
0.232189284669983701519065661177 0.093102594010213371396147261636 0.499058482220615117988445957855
0.918851401225918603668487261769 0.790047935188899557014908442207 0.990400698762197871086363217970
0.497786849225267133163756570970 0.370333588168577327254088380598 0.082528388204881627778640962572
0.222207460058177216180298950300 0.841750429250437762444924294227 0.988613685420069674459709650683
0.208791718778471796309513897629 0.057698610415662600533418469390 0.834940662111830393223979036106
0.866417378604986407997838182257 0.225900159969150135267057481717 0.131135043509736727010942502411
0.759146538661369261984825632357 0.599514106661360594303778284128 0.537031432985400912336502397089
0.532959627304251884652929411977 0.872582232469084567839480361587 0.105782442801356770351332822513
0.635520760829237447110288786770 0.383655024233485589125969549887 0.096219591297618500430909168687
0.076328476251042893274231917286 0.360301366338335462442734149624 0.654029677372253050627169180746
0.048387549538455512858051449892 0.009770423432624736847300532823 0.407517494309489086826041158134
0.888193568693685301649377440949 0.888405701724747130697593705063 0.160573695985351555259333857188
0.582165145178961624161763502970 0.250165547716867740247319460118 0.934547557321808394769443730270
0.064286745644115201957769065056 0.530010895759556810018629647550 0.216876891640877043613069258423
0.032046270766306697175449889128 0.858290927802946226255302080323 0.595505775390333165504572583748
0.311795736089540177014664956363 0.189023087044641065319264208570 0.396801996329873222843032888121
0.968556106499548683113256674138 0.792007720451054201943315844131 0.116184326214790117791363189948
0.291253737474146772715477546406 0.525319649887000291384318628543 0.608189881501552134451516704996
0.740345046139459430453785147601 0.476089058664660096173223789481 0.781536516602174943301766287000
0.437302141523637112031385641058 0.416942590776570861778984441064 0.188281577006521058481984410463
0.822709290491385992053869706988 0.495908723626253930512596998397 0.659179622638535058224573277477
0.088181547046043410727637267205 0.877374933967592805389925653266 0.353559781699805952081245665382
0.911815475453342065668729186030 0.193713204622650596202834103757 0.248276611832828916308779574713
0.229241041825951818703647696622 0.771450377383727449563311533483 0.426166534108876050454022612872
0.995708760900779582443235678164 0.496228160403988169083852905046 0.278388383216928048059354727526
0.975281782416805461914035572225 0.353225832154104467019231265494 0.891053067205969503940118607644
0.666418635057044413367404008458 0.377194997420807058712685466609 0.396680455186936598731561584293
0.963296306061767664978720148310 0.378047425181864562010038170492 0.346824987464041901110041026917
0.936179534440032775037329627207 0.743235344537180015832046119510 0.044011725333492966867786672743
0.231658414710052124422149405091 0.283298976915110052577068353880 0.925578317927429700503429597448
0.003161225479096687176493522498 0.797928185477443388351850575127 0.175836843810114882626261585214
0.661716652616486594112415439204 0.664018403697913792167855646073 0.256122655394170147780285921898
0.496241313518431371013890047006 0.458524702606464057179140867808 0.591512819017042886303196470174
0.433870645598961578627047891781 0.269551246151518007551773661034 0.304475217370151095417966663551
0.962532205099751521578143187978 0.554228647765022237650302075890 0.087272196655612236825039396440
0.684344792835378322212533702791 0.968461492009162049233490889850 0.948205857651635350711333893442
0.319081952289077711095567318536 0.211474239403359152270215770106 0.125201547268136868171986597928
0.395624984352945542288517886791 0.765305757169530168654793671778 0.985208001395114063580676908007
0.024097651074407323671444089534 0.792433861739751341637136391335 0.831437765630552335047411251576
0.603248065236288409103090942745 0.579727612137361472055773075734 0.604388930235942430938617594862
0.744552097277588507286328297181 0.792572070757701520536423609630 0.784303030279932892242879100569
0.383881934093713874673071677224 0.127868986449812739020068998941 0.576968250162124970068479332913
0.470838648049591687327031604996 0.957435902363545353836684471469 0.323751423309046975976987154281
0.118619222476765072960068378535 0.606038360658792490895410400467 0.220350112194366631841357587504
0.963684597440334555538140707168 0.929346028517417324061643799925 0.597009663275127794524996557145
0.253311080394991486015420420552 0.130039998714757074087826090122 0.304985657319573433609331105921
0.162278691615528543146910053008 0.462439561883110661024530435377 0.710802137039315009911601220989
0.914817891589766248490566683891 0.162124082818460648298168298623 0.237404933062360725926025289243
0.814441918995770464231457529026 0.360972627220411246612307364489 0.309866215576510522093463018903
0.214322726878439464857213720621 0.597433951648290654505186041621 0.273267510486448114964785544470
0.079071189026110409638823535636 0.282331868785822306225532654685 0.602027400626513965065998244721
0.114938402184705594490102279618 0.464928465908578077392746013759 0.892726404844228939554688114799
0.874350735656568817635298766168 0.677851764826042252073589895880 0.269927890109604413151208074560
0.305248454180334118766318820210 0.166107557125147285619259466607 0.368625539973697508915461820578
0.908600617847855387219688281626 0.122828848486295538535282105086 0.225120131576021901079369557521
0.540848688912321885113891108085 0.295425901992891515962387343033 0.180416940713784912162888749287
0.500962439584301729059899697340 0.951821513002724384426494910100 0.255032614572618349823038976780
0.461650239532066566641172857339 0.804737490876452712323215412548 0.014076462392440139088861988773
0.089688603118931638942177691635 0.926935206954113313928564834320 0.386167069906310796906521598470
0.258163351760824666774150238939 0.062990515149465881115188463131 0.539891437936839512619960812630
0.065716023120079708992344165426 0.901993486346979779222036554566 0.698980597754358057273319140446
0.162884252860568367552550566419 0.202201214165038326293676815837 0.471386603541751908735865813161
0.597710583656319295093434152312 0.066565232441611217545851209448 0.841583602842587980160629896368
0.462720770871053025222831044098 0.344269450362151081823500877756 0.500731781496941126944782000088
0.332199172856452343826250306150 0.614464667555121150246689392159 0.593864889313924106133647417116
0.180402527268506964182705925505 0.309499050163558945610332447837 0.165287679690931659104827444252
0.216710068830749763217684344303 0.391689800310472329694657395689 0.525066810443519783011421671898
0.705807681128330632807739038421 0.192543199716584039832901016475 0.809875340199590530416708082273
0.027089531549786311261710894643 0.045080598370856871677582140450 0.685814701183410301713289191634
0.244769566647691837923170905425 0.067516951099418982071647749209 0.367689111059673850406243283955
0.881309318252449379478104796305 0.422804962408591794299285153025 0.449736041974001573754042632955
0.823800680673361270543562976371 0.173029767560801303502496276956 0.088283051132609578566368225860
0.213727721741438003306676806822 0.056558884185666305319903278419 0.455899957940098426328269591816
0.418287193376278360081562414956 0.853712763667087769232157687657 0.276720241708173579125385025048
0.743565434591296581687059075872 0.926460353560691641643991419335 0.735676880159094612240109424675
0.919858777582448329870788440192 0.853105603692321642956175287584 0.099617562407993837899637785882
0.109038654889147707852980991241 0.538426309217979090564193733367 0.940164278916092859226394407037
0.057915788729169130749375014704 0.623983993744719558464074513273 0.856550987841682966496218072566
0.039048425441125637661810225970 0.048349061263644154949684826754 0.566687762719471661458136698177
0.286510255143063382674269770830 0.272878743803364467205965923046 0.247142585041241714915977007067
0.032465661726574897069988512635 0.042129704400136803859981121984 0.367294652933323761239805893518
0.987412837997914078717842734560 0.868626156120956334508823529350 0.488393125356269470087956350381
0.236441087574701033390426895992 0.359606430837091365316414926249 0.785486256125964908556062628024
0.633252031968047512088329470029 0.810247924673568086801618109327 0.836763825890343084510411167783
0.910034493270231665175500311733 0.419427636331850926018372731280 0.535042673020204395557844250584
0.609583154135554650025296049397 0.057789451945400739954928006817 0.526751159828559492676662007797
0.090442710596235748621249011745 0.457871303096588135859692504832 0.603018462150949408732978153992
0.803655110021979056132376869174 0.733183711964583458416014618613 0.167811767120360908771871759275
0.525538226220813258586091974485 0.296803251300921736728445576951 0.403680866206456148298515823302
0.894388168615477620873574028714 0.159516254056508113214190904512 0.678795799448436007583016226115
0.751368406555391451951472990054 0.951758297606072381084895203604 0.754634461143420162181279031421
0.137824650607054740323729071455 0.823314883921274967216096536066 0.697167502994918770144052536780
0.112412210993363247354929802452 0.382931928822000096884689323871 0.095504935526471681499705006039
0.321653009205745393973282491722 0.893941089638892459083822514532 0.520200966243658119708077031692
0.680130660868552106005320218216 0.824862225465423106336542755518 0.183082657101220085019186342667
0.239243080454095141046685547853 0.100771995493546666840561470555 0.468075653525018283005021973970
0.932048900165921660303925161669 0.944631608051151587669361313681 0.930906594381428310971394039493
0.298649068618317921853876439527 0.546777350851732578641152095712 0.171853945411033375474099432502
0.762829335457030096422452202450 0.480927449985933617566566416464 0.521615115983383664405611052048
0.824900349476687998419046158043 0.581209404196830952937783966638 0.821690388102042809641316590452
0.606584139791511327205317622835 0.364664763793859250054773870854 0.963957734164243423411439642747
0.035537932149168017175628864794 0.864026953846009508247880962920 0.363223892846402015549359701295
0.540648495088287644948667918801 0.110044933430190886719056302145 0.271087974832918781445493103703
0.816923929947519835475426445157 0.589971550461341756635961986139 0.538637376902520557135095772827
0.105021420499429024584776023335 0.233457491983921359420258836335 0.369395532180349274117466407218
0.355142874879264952964813875067 0.679112575453307285960319168728 0.920004899129352708012448952734
0.632602671404333744773331525426 0.423623878222079674012366138728 0.694732317385314479365250113184
0.044855985505534588234899141041 0.157879238594694618680412482688 0.324001700647555942922049587386
0.237833019849770239541251604176 0.215454832219612753878580837357 0.464177882167870327001513268518
0.564307737965424576935014301976 0.128949232386050157525556464257 0.362741670025925382046038151211
0.483187568926028308580848023227 0.347350250680942546844151457542 0.189102987136866967686558802904
0.954549641268771009963106487439 0.353216246208706525263370052873 0.613050366297570974755765255054
0.656357744055961601314654434387 0.833114725902849361120799016225 0.847553286723940183436816099420
0.090697741782140072600084916987 0.791509333122804103689087674359 0.015418207485255430506447896302
0.134890773127222966431742613061 0.390381465402826926328546527118 0.860327853280885693394008835797
0.609310850839174333191935646876 0.728751472239645992829436924413 0.815521134981269119144951888802
0.779534348809290281487630890746 0.977503470873401427802711758947 0.092427941303534458927754236248
0.167447538966097037848060390242 0.750366277667883405451505738366 0.222170911014255029286801257457
0.796985631765240540923286406226 0.818903598481048093764189467955 0.260584565667528457696195435704
0.864855845580604221539843386650 0.604704590465769348528023902294 0.936007617106865647840124808292
0.063840782879458196863244686070 0.341944371757585291344507461865 0.566314641947971218403021119889
0.898382659353424888755533680939 0.004654072170942287195241092119 0.589271650299493062260436223184
0.103708592611857741397259576114 0.330934404566209760860095468342 0.481429698873109983210580134297
0.897804344415642409019099546617 0.399130479804105658685027706312 0.190271288637512855097789839798
0.163214150986961502938658137806 0.594818035715896165253547714380 0.563527772660008321605796561339
0.436874253472073580093391935787 0.309891435845180057349273093656 0.056500629813564921247519645713
0.909621684762225245958615203940 0.807968733119089335793876222591 0.946921131911748881000086668308
0.398842080615851589868213282160 0.803213338823022449842212458441 0.873799376074021454008429696373
0.296577988639287244401852014771 0.991320966533218246225151612832 0.932885246604808127055346632341
0.873661420552060847242949594222 0.060680110177429466224557628232 0.253563992214905382859926177980
0.407435329106131993098894127960 0.535763093106880396878744350970 0.364207563570444526427752139748
0.828481758520883785473819593754 0.142031073085812148543886830270 0.120202958066879094721725503808
0.900590237607001554472339600587 0.925409073207101016211008351032 0.723012157984004104863927350314
0.314568320579167700308784581384 0.967029902397455701248068564954 0.445184270088401942591769045835
0.879778190816942642520756396109 0.557689709497398235541923927552 0.471682590971964631325077152886
0.160830775684277513733645753960 0.460716691951632604406596202864 0.452296986476006613257837788384
0.892446590576732483597852191872 0.950368100112339494482439712140 0.588284844761480265460986629832
0.465293098905532575856175732624 0.871845492089900747561022620087 0.944107191914279918626830589988
0.835682061168775245207447055231 0.129458182318033171741147160939 0.328782730854925473016706555370
0.902235610489267503680702365826 0.253769718895353298847175229060 0.769411839795158049749577693855
0.561486772619467942499563036307 0.506242102300042660619664112631 0.172133617204388021134822285551
0.496452557079102981466866795697 0.907678418031889505876832469800 0.607501433882743951612606604833
0.575541150341471434171083232353 0.083221910864233633227095389920 0.055057290353020151215438193122
0.065125907353940962802553896797 0.119059990433504115034429915424 0.112232209369381173632962042594
0.352337141156174607659108612528 0.638276582683203345788670778715 0.021682921417835399195663035663
0.358452253096007971551826146088 0.015563165701511833001269078313 0.148375439893401238893808131114
0.171687575878580255529549621024 0.899846731565461551260099884152 0.934806274036662450750095457744
0.199787590742894871057798237132 0.592644845904974887105836220537 0.228946678982262613008504071634
0.407301105602056243517453235695 0.826472100864539056104687313719 0.629054279408324923380021678342
0.172092624398835646631873850600 0.777599778099889856956851138932 0.647608233541511217580603444624
0.896000522764989985138157284862 0.686935929499302763044478406869 0.682793314832708412227859194320
0.442978780358613096766242575107 0.927250762653077811991622279058 0.995980104416642172401373776004
0.063008793464456080349178094841 0.372172594147465370817975559221 0.623618535627652589431356589783
0.146841675944285814946497989663 0.560972336242121790854107438871 0.502254778133047582311335662533
0.209841543871199394062548614238 0.174284616261196419625030101977 0.041646290987477866513486069862
0.269099439864596799037806774662 0.656636546383936351663622244415 0.781592479926356798476979994863
0.144075382355517716301827607642 0.408534086926333875679171432967 0.586080896030085610297345759916
0.363495383841803673244954938889 0.383743205858853383995483854522 0.863971175887449007919677575030
0.276574962777447438171345144771 0.068286331003618160912946459321 0.020053487670829575582238142163
0.129269658115235683719627191293 0.320935021942049170367845710726 0.611159934619280537380169670837
0.429107931195727015497860653549 0.240104535368046085503984810633 0.008422334252559160987349538504
0.633637880340759099557592231677 0.063492926087420888606854606605 0.083396085074045096660491321968
0.805705330144022843550768676166 0.161047845258259632111330252467 0.068958503546579256705230629230
0.066335580060892485629486827531 0.753495196605449893299504968440 0.991023348507211260315780314089
0.578093558446299958206572779220 0.925801294795164258120659129659 0.640035356050340626973676831695
0.587905451560465392730047279383 0.790182110626611358969004095125 0.197622365591087388583540008286
0.700573377101588288551447935283 0.447872132221391128673576136209 0.294108214965499985568705521132
0.710638564465173003531844889817 0.373946063382959749646094378685 0.390610940919842237538123373209
0.664317148914319883294959747455 0.747064850166321746042627034110 0.783840220196885196490522731046
0.714518962965926544326213584122 0.886814199579959956913345738272 0.996237955477798683610556650148
0.971974828993836642228782181785 0.995774625208369540813485922256 0.777057454517077188568164009588
0.039691276467381851697155138846 0.124912878867633749742852483866 0.021689275409122269322791266064
0.505379040410092554136987396090 0.596963288159915965531196158366 0.968334858520416669192359367961
0.360845920055708031944308090858 0.664927136600254463957970340906 0.868950807536705375882683590597
0.846978414929381352560350775364 0.743287953626992026723436258160 0.382127772386168937419182787811
0.826502792775816904722771147690 0.561772365841930249982741578201 0.606673631699615183858026379731
0.679554350612312850470956573345 0.360282950928418817884418714056 0.386705033225738760529362797794
0.284382659122156752988715863572 0.052406734691756543153625499388 0.676712393515351841375688189841
0.316153954759913665973326371551 0.455037593709941768346487302336 0.675389279677391334625881819605
0.475056839649167816979497888616 0.241696526899152993622447445565 0.254750469219239636153232630905
0.655951431062133216785483383862 0.768571472023303142446735232365 0.566158032651292561000779644479
0.030233682897510927943473420869 0.692963817960749185368212912823 0.044115050469194250630348244261
0.839161839175120184872426808279 0.834443926232602819310296725694 0.743169763972656014726172449272
0.363399333662050245385664965211 0.384475522773614008492282104122 0.218529234702742828855738189148
0.929049906463504866465962463700 0.764482212302840015204543929209 0.893877636639001167022030389836
0.455698817053094847821507306136 0.629365755652049611171084986347 0.586721735660239382168013340412
0.203916163566198390243588065825 0.110917382694409293553163975185 0.858899484302851831635070546764
0.224638901347502036090956210774 0.911592012485793597431936199239 0.106568486367214352994856781199
0.578810304902568515297210156498 0.038012881833910867955541193699 0.495819532688734221253925480420
0.606312923519785150389367573977 0.236933113129471725802196379295 0.079384180655478297452328655906
0.262223024010704595029909462514 0.428841478622674108034463019548 0.866904512054549071037600463495
0.588705574020758868996152958004 0.091620330371512806209043134268 0.785765604299548106921934593354
0.774585740195514166515054246927 0.753564923339748053944599405763 0.859681431952532799317112354240
0.965595539813515828187815628626 0.016151806271557866698052453151 0.840742054720716814833311438457
0.705961473791624357761079981610 0.534477431751659799342585141280 0.297649009191618696594188199250
0.921165770458146113666639242128 0.487226467022653740441774934795 0.771312883852574915729567925531
0.599420250378044072507378638302 0.185146726026177871300988386174 0.253342505097500636181744852043
0.922022286320343464512661703972 0.246225909317979295223261106521 0.013622642563986028353154636266
0.020187693998069030742494549778 0.194978858929859303931461534768 0.454960672981708885634021993792
0.721332439518920733042645131589 0.233803072383004523796349092061 0.327140905277677055585375833097
0.882816754117982280452454247555 0.937865863122475268787137419222 0.743981101284276638644014061054
0.022439625363784424930814748685 0.130453401508353371859756222904 0.287934127739695878023812402841
0.313755580346166851315744337825 0.455061823711966299812106325052 0.378733958029221297158430058243
0.892704025190687415424240094288 0.236752082723911775095312985374 0.559148497614034560333412431415
0.335795138524727433146900493341 0.590294516955063556145668808766 0.074890267479821010908239597653
0.554652905451935148861433663983 0.648109326108356301262500147737 0.215566482690992365958868997524
0.332234715109916482528801747303 0.880749645976517987696136895562 0.433214124831679753367949017097
0.671218632289633032202896627923 0.596972655286634360645961979344 0.298474496971154826797363418726
0.894046305494929359199399293896 0.341317564748242781510426431472 0.248504659719356496935837317430
0.178580820812029024797513226390 0.435255905028527594286163409724 0.664944359968682279370353970103
0.795702900130644393984549528301 0.829111699850487571778156635821 0.310204558654945994532779278191
0.848848362231201011081596145885 0.788290027516465224534740472134 0.095922547270929706223030772984
0.115786376331149665402357020621 0.205886859151433266542841762902 0.682811080052069285547862607898
0.039316226694605392799933841379 0.367662212700123098773982988544 0.932916458661974463389785777662
0.422805230746747744376073555355 0.228441103224914791300227918991 0.751388255428333514048050861460
0.763348032341500941305986764003 0.196194365488092891853050142376 0.191185320268008496386415488764
0.201434823006445688777712790480 0.713826256461357325935439910981 0.321049465456016505958956389128
0.667797307236510109367568849160 0.314723623604116250175817040530 0.142330242808334692098969001768
0.224451712302619548772993437674 0.705498215033278536238016693839 0.441022642051185353212108377978
0.012951940799465133721369256622 0.464057327646582740596823752503 0.772134408770927362345639008333
0.143304969199704729459630674250 0.066570495285003314476989145606 0.735392052242580510233100426884
0.383247448870594738459893730476 0.274374625015204059090978959330 0.762356606792474911986461545569
0.812372216719950909191324568364 0.553487604327736567217439626697 0.139020418813923267843564361489
0.487158654480070802271875139464 0.167376268623284382889016028936 0.321909369282289193422226776935
0.748447026785754020307749686336 0.990120995078320696298468983690 0.212976593136353209181517543062
0.521633411495317916934727838680 0.388056156153075354381747492098 0.864066763873276189775360696364
0.665892529920181277325863517556 0.473342223537598562587358805314 0.750113837510741734692752242802
0.961873107908288002253625158191 0.204096565062600152107259808842 0.649378348314868235123830124559
0.429721348008180663214589472488 0.863741564071363731723036220979 0.280404742140986275727361471852
0.115235996129630100124653703144 0.126975154011027555629558979953 0.882364195577727962891317655659
0.790787404055239734409533827356 0.826123833173952612980334484910 0.950471200827490947926129034295
0.070932165304881326364016808994 0.249204916538590063696111336214 0.865918095480049489351031490159
0.945977973813478524745467001762 0.020882880941315460259441045863 0.661947672549122527942416744174
0.212783914497977122695021085994 0.182291516428694470802964814945 0.067803435798909230124265057739
0.583711617645522309482312733518 0.715339293106610272677884320625 0.514510652167493000995728574787
0.714216393148492985953012528825 0.899247704172570088630475453529 0.837705434337007497644765868048
0.207961185957410363576945826328 0.542787114613432197683470385167 0.298293760268820544062082174417
0.191564773052951426815992209367 0.431962977133263138852396341483 0.700026909385654152118267243005
0.508213803273677525666188605609 0.841576536883098700897982412674 0.273994235363425518682987657087
0.215478922338476152982318357182 0.049347483762405823498773350737 0.175828142424140260976934341774
0.929235119498172129158152297131 0.561664338136524940104358097573 0.637200141564946421604562780084
0.194180035480648974879455559012 0.494156334943501571069566676490 0.267080473043967745214390540056
0.192172384110659091691640779393 0.666747218870963791644005147782 0.918259605516324735020390365762
0.960695152434562163402810705902 0.019487703537298073921825693967 0.988044608755902937238550150487
0.316756194061183984252357004463 0.339562549890457256936660218853 0.649632623473542911744015829918
0.230584123799693060916172140847 0.476293571345109014687126729568 0.019607682517161665824628227330
0.879042757274237147696840861054 0.558332311868008413641444034421 0.251160690845717335326097480696
0.319793546121730360940418043273 0.033095383249069032973889885458 0.360366288502160007115938766465
0.341481231583974012314203158037 0.002821985643722592777230095705 0.370243932310849928157722044311
0.796704559880764355826535770925 0.284151310027670292061253990876 0.083634183636487392565233243970
0.558865423601126475589503496563 0.643759164145567527518698594269 0.427905731213616043228474799391
0.842906548820350361191629234471 0.612398415905202817304515479169 0.353447610870286666881767338951
0.983685653226489401623868937061 0.538685058240179399840434839268 0.988281013250666899649813762517
0.473409641178593277532983316865 0.742546195852708976123641045046 0.769067207447287808613522400246
0.212489827352638695955360221457 0.526219438083237746798872626501 0.712641999851008436409619805173
0.653544933823833800368015728039 0.571066132371158090804560125451 0.168349877004444976632173502301
0.291396505598074470871638979702 0.428302408078224661336477165733 0.990478707959399543638237070966
0.692618952933697871819392870369 0.657057584541472567860669384250 0.277655940245868181036077110622
0.510475443264556463334637540446 0.388935343046163065750403977749 0.455161305773237628940306883543
0.531535215090064841137118542416 0.890584594437213291327565275589 0.142973067531307699548178699927
0.033232352872126868247049396357 0.518599143612288579349279688933 0.963641372932754603980736085551
0.662659091365044053013900401442 0.058590320427843268365250105983 0.519968551000199490265936711760
0.933822925602853890469737096113 0.934795589050769846889576102125 0.875139934894562676174651562637
0.706092310118004353232470616654 0.439155197328282412999147928153 0.746370382242319086504931645575
0.017570458498225610207168024147 0.696903307398284927386869756941 0.931021907653731254882517837824
0.230663617201095307861181419886 0.636863229869288872636701181373 0.210354551259744094126467743958
0.880379518778111820255035059827 0.882646471554958194977237338529 0.300075530903336621804774531221
0.822206518938119119726000495658 0.427699954352461174153214975804 0.739281006500458962236391481107
0.703125909864283384934313323905 0.503867187089958076745308387991 0.031403889453884759657711217760
0.674977288944691123221800048576 0.352962835620557859274141389626 0.447966952751011536525911671994
0.666512448729517928592062005448 0.829983000495922558035112975422 0.880497814915150349105328683652
0.807072588146291713978523794485 0.975859717281717421023196243337 0.501188876636766978687178235450
0.995491916229867193148141614919 0.141547882752091314098186642653 0.157771244616406832633319476162
0.677227480057461761297212398480 0.542808647541934462365997622927 0.565715017345717226711421258312
0.300100146277116448821056958760 0.195955126232639518322865155111 0.911658551773131604310702403108
0.301777381293960072488708929198 0.225794032631817648132364250529 0.499167161634854263437325083446
0.907550368201491250652487769047 0.931504837546655644655268072274 0.536755310849389018664462325285
0.401794085121076833040635208369 0.056841646049582627256827327783 0.309041316869910950944791183279
0.697540522677814822803379628441 0.839858437734092797732378278300 0.882031671228282383377219504210
0.193753544023862149731460482592 0.630060594974490841236634121672 0.347388910230945232814428777337
0.141520642442153942474601347654 0.671912368695091790500565492005 0.737006868236515713251733659813
0.164324715836930674563788335782 0.164888059448407495816521959556 0.227536555397859456680633479426
0.518371885820778708693432734360 0.810116980485630542286128382553 0.434639532474420704575342767177
0.569697921401978183027970423275 0.657922881926298615596295817482 0.005690824582148162006116662873
0.104103711532210741017857566465 0.174701989846854583434680811030 0.414238992607409220908944438576
0.682017578347022957654141285435 0.754426605123551863136069333583 0.383337481469201746850270548345
0.462202575710385641598062834250 0.038589470995222425695162004857 0.759989029738066238748631713519
0.860805181702837211260621865857 0.963598452495261736384876685704 0.485475902777060264952894189994
0.000726429528206658610405172911 0.134626616944988921469475518603 0.480554177433956772031410225699
0.127777931086739377431124328965 0.502474706360410280811981613150 0.331136914079545607537260113904
0.509839336215898709204869912528 0.265629540427061242045409045113 0.584546759830195461871564322897
0.724251555589510934077837152326 0.383992288382926819113065676566 0.571350251996350651604959195347
0.539555476491523977109536762980 0.414775687028011070651787240796 0.551314803577945396705523398795
0.202634226869557883271308394202 0.674495871556086295011937675136 0.293559861884846329400354802865
0.638813203168765437158289399666 0.349478043514029296520958452999 0.609441918321765820663070347360
0.554179682077130926750495068982 0.493435338903407169251340533287 0.003580552320676354311231465609
0.161811837431804128534662220440 0.579991316566742549294771943459 0.418365358861759064666372752144
0.644942282672164237660711359230 0.686175664694883058964297808657 0.977812196956860682369403896852
0.986377516805582123491212093612 0.754196507110602389763405550520 0.005651777661634069046627758403
0.347414664602238247274910311478 0.357214898697299577149581576618 0.615125058299914206419833673255
0.445861593829322809219206988174 0.843975654590398155672985061686 0.857769107166216131857554904989
0.127980961843796561564703541200 0.185908374699456912970457366609 0.420198216409375984238871212369
0.196120221604973707055033375654 0.902822423865020259100003165046 0.762015386745061312938459034250
0.225932997731341080960859010298 0.831769822985278008169959347442 0.641423149373927185620759782318
0.963936363997153907535022604835 0.307114631044236105145775840779 0.251921212680179806108871845149
0.968211459743322756585771576947 0.101200458695220317517652522685 0.696105987904697790138332680603
0.280027856641951704717391533179 0.224950617524314633893504206096 0.502965960053510626471045003768
0.840689314954985754868395812870 0.121157035740623744729714108888 0.830389487192806909878065324485
0.813240515527931376936284984098 0.619226312570376197395284155886 0.788202223228555114640049835563
0.240552816449298775664543301768 0.395430603190671449210323226489 0.875177452339247696920825568388
0.424467784300437416017537338139 0.634938138132791085090789780617 0.953648834002907961465091877543
0.774510274554395190579029687041 0.506017783221470885362300168049 0.184368541059135755009081219315
0.930419656612007848967142696528 0.280138991668955136940336726038 0.382794390725458824784982229967
0.745513873723223730478295961998 0.806613831836792185722215645674 0.627504576840444166974492001251
0.628723677432383715923654037608 0.708229586842034330827001253912 0.069421325892051480021966304771
0.328668109318940549514804693869 0.889434126854620285876261831962 0.937839105496314088175420218752
0.888875419749809252592620866127 0.139259398644346236611157219103 0.744784040611269037157606597935
0.929958234112499857485333675343 0.686895254036542293377708147718 0.988552785263530719523252284370
0.199205088161412575481002120580 0.974695210078222893452025136457 0.254184740055031187815612435639
0.843193111305761058682077470068 0.110037987079432090154842221764 0.543033297454365848584969694651
0.404164368858460090540434437705 0.190511797389003133963527681689 0.360687965827626078461554039856
0.410076136737477615591861587000 0.088447764710512223304629597031 0.161072898719728102147272161205
0.599018605558241904235527088552 0.661589883874867830623737851281 0.382480164392728092470277057720
0.380211673334097995543750755237 0.571921599775730344281086358627 0.958483443349305071642661000890
0.591420477053332304799598724541 0.370176543679550299055031464780 0.246080951160066504983566530601
0.371845547276645435783559282248 0.011240205970486033247468120288 0.673016181658850865829879043312
0.437144831313135315560591238097 0.201442401952030887265375065965 0.313854868412104634125428419371
0.095217381891620710591810751993 0.821999121618030246336112906111 0.316372768607799567469489247936
0.197021183789088806243787962306 0.604192330624431424007352482495 0.678177677955141516048894899010
0.682179054027899395359606577314 0.861079244143078951003851528917 0.968011432104801458505079160018
0.515034613688197998238170309642 0.384986715123893754979305881892 0.718894003367978829585812559563
0.060041613493603228216008128246 0.271487756302784527173198266317 0.007113925742912981435257833404
0.502335283952088776764928640248 0.342591124155868401530746250902 0.115061511830529565180995290084
0.844085724486413161351608352163 0.283028653580590279374096656425 0.462149482369184793122348748293
0.370665882296957422460340095953 0.536930908414092493561616245772 0.599669080542770343358045309273
0.061938436949004198528450062304 0.328337140022530334046775953620 0.901356234213175565538008394943
0.503481789136952223945154551285 0.173406391430534374187267505186 0.345261372373055657144107618152
0.978343571568658098658809556958 0.323097823960822024569862047844 0.918090447224184688401614490367
0.437419909103473484561686322671 0.740481910583521495665650011468 0.368312974904722447353531344833
0.779758703427803159313750936821 0.514720155316340831172851752856 0.399828602696687758772202103678
0.194537712993144780979438181524 0.365678967374136565541175545403 0.644696036860895153685479219620
0.869790584582514274569480481365 0.334229148913515456338698683531 0.018392649396834760885598571548
0.564202622711157719517229260474 0.328767686767170000574134887429 0.300649636781014078168488529976
0.573317302228618079848993210447 0.637639876545368723484694901501 0.607240058079539495946548946011
0.586504224250999617131951923292 0.941774865087969560319826974129 0.390645481772891292080712668515
0.472217209561733258460687783928 0.651534558000727328610717423786 0.439780712652593763704463514184
0.524353042648514255880238867310 0.605532737146385774354713832133 0.567712986170946684194118695962
0.489274431966760745048888904616 0.301546184682721217234531031912 0.213806321094168695036615259754
0.651265286923316086337817784037 0.231548323421263873948063185988 0.815708879905137882698916280318
0.113788364097436033148226286929 0.362401458125231583905823225596 0.811384328529350404408651241273
0.381396940623851264985260556058 0.822722104554791360567774602682 0.547402903785133108780061629792
0.785331432445036840123107307879 0.436829581324683269866667346238 0.583762999023500567216391355665
0.958123247139334105316676947697 0.071943721756493205830842492164 0.921378363910437840596616074906
0.638480478834893313102114694290 0.242081191365788737093090116981 0.666841156821559683525913184992
0.984761308861369454355536169926 0.156697580498371563683463700256 0.559836381419211974535764430556
0.824737322911150471115790563069 0.363723096620983634344720073437 0.684280377564102285352526403278
0.421402341631323836183918837673 0.158491689212048517375465292328 0.831114547935006912926802606652
0.054354945288234420613905105981 0.793707921822034130486073598282 0.426648365451973322528657664314
0.574318980008081202562681058310 0.320672081747449184058222750709 0.102448997276974823809678120184
0.011654336860069814556545874376 0.511297050781072995209342958672 0.266722889685709328545287662443
0.201441499486746760073753558765 0.889971376030020736725063280691 0.344286741991207984488018032907
0.880745554004057483649689875476 0.067622016618031396119323695332 0.216524400700481019085068309480
0.261980852989785490253387113460 0.924921921568441938539794752267 0.317372729535444093255542462750
0.546764254933384284984277503301 0.079486231053947437919347912722 0.529334003837374441627199614303
0.486067205396661951702260102390 0.319055145039326043312549735398 0.939269993928050347442172416981
0.409937521640224922814251316358 0.606088055620025613254190793592 0.479912122058766710562590090666
0.409736116658160671863280269573 0.797965588340735900765822026320 0.749329922979218176241566790615
0.765388565172574849108148713584 0.179010918187022748734948372202 0.400811744276984392319975694379
0.091961758153143130309279460874 0.156742332242924089816159932814 0.004924034281585748088523602678
0.161847418740561159416012651355 0.254768394871909464619071218553 0.072616321900366359511245233533
0.747812883483399710280943042843 0.553205887586955716365631332941 0.766345800176023181931810045386
0.656450487312993347686591584442 0.511190767129255304529042202244 0.364193088271756100841890944514
0.911063378958813113982118849600 0.744331276361701825273950096119 0.294481520436542873722136480998
0.004418194235760294097244425570 0.884017588823252236148542440263 0.917503064312818651067701175302
0.558657858213447000646039600641 0.491397119055355651646327834880 0.218629136070107768617181328259
0.724885232471367343629201862465 0.663262785227066874929232009323 0.954641787127784563290323954493
0.790143506991138065792271169215 0.074166946262626094747148105878 0.357505661354504117695139617095
0.137916242629230093473728185673 0.341721540476399319562410573282 0.739370892197783736851830788565
0.684129150210499155631417852278 0.953554823209108528140445595243 0.911987083644600675320145620568
0.805144110667432763104612372768 0.553296319492633970795028331876 0.939078459659929195699904100977
0.374090675068992254369897283370 0.331784995089884219349828233282 0.375663862972411766157546667985
0.657578730669242817090202602968 0.643042976102582722744252601663 0.823730007691758468366671740079
0.635116434189980326635507507946 0.374056146836449406336746652996 0.000231067406728527492235592472
0.898540513904251422497262260617 0.788209958328926139573540680603 0.340216754506243704526035537243
0.905176491812674694436759594162 0.197042723631063540720459800125 0.867140899188091478002858644766
0.297631712399475719744300384984 0.683801738687703209388616547752 0.480341659821717465339209292551
0.680863731547832272211193750097 0.776126130885238285337517519576 0.187479230835991600459192090942
0.282609522085009756972112492530 0.704407896660153495841736472943 0.310698440301653741476485383175
0.643717133969279572611441398301 0.228950696163057101760903748731 0.378467304787192927142915533274
0.459978955630581916655442271356 0.230384369396461808120495523152 0.999126385870493347602166823277
0.006701803976610937324041251861 0.774241332512156838987193409654 0.440927885495438345134960626979
0.221411143701989433209161230674 0.989107891203648851914007790747 0.735037447751769784923580506337
0.864599465576135561171210369018 0.207852249000499609375647645003 0.715940850782741014484556801788
0.349406032242128151887031079158 0.054276050044440799518451696618 0.083680467073149366714605435152
0.824201349353119894405930667946 0.929274308288583950668155964387 0.010489143526982840525161693300
0.539004418519526198057911743038 0.325982882756149451143221992793 0.650430378974300339621443826032
0.397437919285828469813774322876 0.548296644653282754813691327970 0.602192959297082982398687783172
0.324587081904003631174936337042 0.271601044953738048467172275626 0.499663765161309113729867654534
0.570085721852249759926075489488 0.151407526026109360028851836854 0.079635236858218649589755881722
0.202837659138415527264313338090 0.845354942091496463813658991970 0.902435139618462501624439522220
0.938833032873114735029797655093 0.665458420689084587989735206699 0.272598058648842493407220042170
0.533629932674802601815728119127 0.311012278743669655571946487412 0.982035828567638941070460090992
0.481198683773525605686172099934 0.895418980467008638383588864280 0.883964317739411212536772150729
0.925903163328208377673255169777 0.487094906126463118894989708166 0.994799433641503235997367930337
0.062330613045571328882833369989 0.285954484056524631817070905616 0.119359768080859522285890137666
0.465542072477583015201252446659 0.688418291415992304262513835013 0.400302591870364946494748083568
0.142339660437996115904865448397 0.316662246312461240092819169921 0.100389869408021587939746520438
0.689993763915740126259108307926 0.284811186670544374418928202696 0.161076428033346872228014629443
0.473008276379635347278100511962 0.969465070658553009730770342067 0.989124471890648612850245840149
0.871299174075918844603298277337 0.708977816163853558650583560698 0.441863649132169286162421078934
0.891134532420197580588761336155 0.701992811606341602405594062824 0.645761828738289522766968237528
0.130176246665209092810763616981 0.648748472458959598350344699672 0.011660376864517973374782585676
0.653051184372265413116537867902 0.251461090597557848989269243114 0.410951745088819197331879178109
0.446197994115381183195536687398 0.825427938675512126494102473295 0.672133722398174072902582869182
0.217236979601644666438252267486 0.264726470507792847217624034828 0.922980392204243702618534174072
0.270480676714187711104838282710 0.758326960512015194504289071310 0.398815549399948977032550480835
0.760634005249027129608469559276 0.308748607007536699623786939151 0.978401740399304589152774729064
0.715932922182470991130393594296 0.811552669985094070846837780953 0.590105896692292277982001481850
0.692361162741863088157135440213 0.500608910079166492550711730454 0.897446210329023377454947680731
0.851055434372621837682433157425 0.351590770225326789017370661441 0.068397158447610009909010595622
0.427319204090978381913511574087 0.114578893708073401403977528315 0.630918441443114820514495249954
0.505243836005805716310249117602 0.613324335920492997033193148853 0.495391763949657365815962219319
0.582960372229025703490756156837 0.823587034591807103462846700373 0.363645679906267989305001966162
0.044045417157936919804391348697 0.298265899951402071128807287746 0.922344034167103911795048544716
0.547449118019472957058777674757 0.389195760900540619119745721063 0.621891739670742940782079912431
0.519385241556467118984129680644 0.964091981557331912986296193960 0.518938845383799059014313466969
0.511644701394736800105446356177 0.069354988730250303878149055927 0.113283263836345366411639409800
0.601646339536439036026499576730 0.866459678939760258596005469950 0.289230971080135875326150997391
0.358960712794028172603479737860 0.253415240711750734873834249256 0.063120731937770742346139984541
0.321034774648602343169382445681 0.801364097663295767869398432856 0.906382526841058824500610764534
0.397909385033637285624709199693 0.176085075735332192263174958941 0.095206407958072555479258360033
0.552289635246744154532105167004 0.337294415227033551548178602290 0.525399127431859306878240337298
0.113463758034530685782386324590 0.058970259067520607970286235749 0.128806827267989206639734699075
0.467808225761456242677197378094 0.359183206434506872380110062519 0.724578126988512020517413289490
0.013033873654030210789082594187 0.251069954750269399316587338709 0.666005724759197733027661189776
0.154705507813000385275675324929 0.241895884299514076127525861974 0.124813940287642737937728731149
0.963214277099083362315044750548 0.690344027990726123686082668880 0.469974463676434991553695791550
0.167169813738963370408183628774 0.067474486453781805087003526453 0.433974870331116158300719944812
0.575068675475874881262095437128 0.263322031868877740023732292315 0.200520428948177027553272365795
0.178622003040508187961036522384 0.770087511169858537385655099241 0.179502231429636538804795119382
0.509822627319191441442099764564 0.074425249438657798771739995649 0.458230202196180594820066089688
0.475873805280833217592536281350 0.510409824607975401895085493056 0.302736981938007538181173832461
0.053442759859339290497051551250 0.834083321678929515615413809625 0.688001655755803932246451354502
0.820111424917871685174650575391 0.477393462923619789647013351772 0.070050138692366943536336350258
0.001197104773463970758225915314 0.542117955302058659870117486692 0.499799138063999633294715285846
0.350296750236476178596422632910 0.443604854322019050572980475501 0.458979350593210957094994827244
0.454321668266910718042956870072 0.488851019591917181853363220001 0.039515686902413353717912129239
0.223468979042696063141645733387 0.500788373982238208967407575323 0.638109194324376635049438586674
0.173940149197826401414941525373 0.777162136664374072762750272926 0.602127908478406316240740421197
0.822077561230250050198141484871 0.571813221772904721570347757452 0.488738554812731687927994253230
0.727914721542022947315053027064 0.422329795155440091013152739923 0.078156679708835950013154445639
0.729453394259265022790326138359 0.599781531432021210286159666406 0.368294808951875208877824039577
0.976562892624693192488322236460 0.654172869942774032880944002752 0.618770413082161763540116205378
0.044631097339632745113242783817 0.708448904984721459508927264421 0.917509927839977331049802383355
0.879407116678125446100217922680 0.142058552046204861310089744581 0.790306004822309467140682194384
0.148727704913661746996472735654 0.510892986692549420118779323828 0.872215661618163605271526824450
0.181089871410706175522958463965 0.171932435151955686181172701773 0.984658503575040605021469653373
0.921323726695882637210659333615 0.840040574660489226066720443526 0.421777864496738548661571639607
0.153421542455920749470025656908 0.885487957093737387350129159877 0.361026790892438393545935808598
0.430300403729386207217714886887 0.962243142514359763569934715075 0.626216139431143643573512393665
0.361557735473372616891255823920 0.429487603243314312459921517728 0.746527970384110681859844005192
0.626760184667606644712318233997 0.353894171599097351688996896145 0.063591414046175569799886180785
0.897858419553860438765976298363 0.767352876653199895814591507645 0.286149446160387561961675658197
0.902716390050195005303817350096 0.640365796470380368225436906302 0.641756340275418795325962651955
0.125676853318797423470554154184 0.615493383422225907685877348037 0.119143908103404797991520432883
0.142016921914554610652223826410 0.086337713739638410700129159049 0.792143801112058744736771658241
0.626808158650741456195093771090 0.592109066555211015898702670228 0.190288287751870628566230554776
0.283241821848906154133116362257 0.743867422717199109696648686743 0.954375483200383380003727585837
0.179799149758450899785113024616 0.917851848157239945339292028997 0.000833742315237090596938424063
0.850046162720216307939642055010 0.906816984589047483700191411627 0.420695673442013144731438908917
0.317430375333138830121772777597 0.243522238507257828143413803999 0.507315707318277501403313166726
0.437200331797292677634494108753 0.397058544632709198707777775220 0.358239320214037900189668387586
0.683004189797653394818661194482 0.472203016274110966952752297650 0.301582128686489745414267243132
0.618359288704606545094536378174 0.506995708823182800331413383326 0.772244301446872982705830128627
0.032072513933154176792405085585 0.030658922987108659413925587303 0.715165685403952001544030611803
0.990029797930346829574235245757 0.864390764755296866192385051425 0.234308974512121495844380148031
0.161950546663685907025525698568 0.026223608950001530406863920067 0.467954075713508179096773983277
0.486899681966526121237983604982 0.814190644394950766411255833233 0.790497484346909947033692187212
0.492003113091774595279826267377 0.579183464553510821171473423349 0.024719843470190151879891264506
0.453938136150674707179714488631 0.201688616369820259134570354684 0.690731739224548899660061992683
0.445372351938133884869636926315 0.516668049991687952487973577484 0.504398145684065160923790714618
0.652437480937567532323630825236 0.137911095323282341106404303126 0.924001174390183345726401840619
0.291529041432433706300856090380 0.896386056920822156352380518395 0.301960113059771767765193492438
0.029723973378436540243678162088 0.643333387656835576547462731752 0.078790911224917876853191429355
0.426986933390257229526185577063 0.560556360486902062003173646021 0.424882579316910362606194272942
0.735755831962532954298789488915 0.104096434354224013740671073563 0.268860778512900490485941820235
0.378663584690720866104143580292 0.737324498915178402094554730311 0.135272494960818134384327420429
0.608338084054394855455041742587 0.307682981363812236578333360860 0.974884650819651548385650615889
0.858922445333098700763951503940 0.866735207695295614422218815886 0.791164728640708697751251141324
0.568966908913175240136163826698 0.733225717495663423564795747425 0.232081191804405379325288719171
0.388710487413981187660631776133 0.934278100875060215442542803552 0.497129549643032224269729048525
0.039363722647771663600012018648 0.753815375970718386216916745165 0.714955185612347961188354559734
0.747229564083275778986856857300 0.308054781630545150551968500998 0.709255734217758212977989998296
0.330051030606772245722593133360 0.621462045038228500750122880210 0.725133933406201944547433243648
0.489361531902322974547329972532 0.325517331168529294013794186036 0.106389061927349122818130262034
0.238311942426665592704866045107 0.338759678611013350838105092105 0.769491708577079634865685429195