0.920802730968569301417065040780 0.666567248162565169672353948886 0.345595261008724874760547461503
0.137631706011692473903157326732 0.625783290735650489464094733263 0.282958810185937672005032548447
0.244477007619765086844187287857 0.130046523782295010087654615253 0.648019376640813238869409021771
0.492108555047431595203684278395 0.936871470020013085625842061223 0.680736380733996596204616093956
0.727357383434416327770590469742 0.675740977414443604786866535506 0.511120660499104621444348519116
0.032048984753122445514459342249 0.179032407676400648458747267084 0.088219128291631604845939799659
0.712525350084428379153874463825 0.237978228411605033030511280313 0.064127399910083174507305300384
0.496624521580375816564328194284 0.313062515050187377318259194773 0.958290193137298815557528608339
0.555466624579884824896815160597 0.102856980844306898788905247507 0.179449676676986274350260576173
0.221532179286545214732103087943 0.416449078727281955536884560482 0.138148700623358119139573807787
0.854876381285977888870497898506 0.097635292410305696874545339579 0.464426133310264778187830462045
0.434191238720535818223978217042 0.732450031199009362295317603415 0.703356402765599784330425856749
0.509720766795115382688297501723 0.241910374622102166284409853532 0.496279271359128233904109295440
0.172979907801033891417366369254 0.398655017792633589012808041624 0.626632567628658142263700803758
0.056150048804816853748447263833 0.440738215225033250236720653404 0.176939679149553097375437668637
0.227966413004050058009612200456 0.108712984340884926023368696109 0.176606744180851955677307428481
0.913002832103851021965677611636 0.792726682303137624994208271625 0.069561104876896001043958956258
0.905208836290714756355765969767 0.095469647939821155833092776666 0.144935396430908146767531017485
0.290063415307723472192115043505 0.149330346660261574896129418519 0.403688646687939196110921062933
0.766878178950795695525961681612 0.387896542753949529043207232802 0.400040459405335907622191377619
0.287578496641763372639766647057 0.590030122866108991299688419139 0.978010431452570431877048055459
0.482650133337748829754549644630 0.229186561340006271223642497953 0.101486341842590270918871672342
0.019183242709554908465441660352 0.418520402079737130900686345525 0.936408050913991437591010595781
0.984431872448271502612390707002 0.006600254360750642194396882085 0.945985939894550507914325099668
0.533759783239626920913460032647 0.347525539150897948622331390601 0.986392168745412317761148803313
0.967604695809609434687392232531 0.014819142607744210944517713619 0.533040501579322874547142005361
0.863082392991366791983117445653 0.225114619485078009959481927759 0.930165878538867770977216416669
0.826192321418929570034145104464 0.866015898885189532664207325067 0.561787803055542543921259792344
0.695487250418162600830860278813 0.906364985313806578001750142391 0.411633551973910586502849763202
0.946907467259843952773337864747 0.184458356764127949799416499553 0.270851989417849826999043821590
0.819425210729128233021797788009 0.680667562434344129019814351285 0.202231264304746679366103583692
0.628287030851992938369907752913 0.116856447804881398695728406705 0.527040586173669237362657958617
0.604531147925584996471158990239 0.884612993189601185298099503821 0.564312472115025438244304029432
0.689199226816512240028739086883 0.112123205224401599816769434577 0.876730089032208413436395226807
0.605198704397618465321732271048 0.709851745719738324376238467602 0.577257306716543076260445049238
0.444475570995781289094421006569 0.192682115150228794078608654737 0.251494075111407668125393314569
0.585640296545095543186149533291 0.235116912443962892865730879396 0.359843088189266602820482507101
0.452977375898049010037626578762 0.785031627702498435362383950697 0.300539277493132361176408911898
0.772953520986021394327440941870 0.727792129454553351487571298301 0.826712178966651976966928793262
0.671032145443325476680060508451 0.692306992828055896407194014803 0.296260238528386153910493862045
0.167873412903923069266538083270 0.807109461929306883574880280344 0.690164261118957277154478387793
0.284032873977758237085316934296 0.442346415425310891002103610178 0.358561000732164629071204438985
0.270162735421116529834504455316 0.975373812424471888007800759496 0.637882368884182982885189338332
0.738331313259171694438732367667 0.140714822870130561559319866059 0.191132471567341806820324294730
0.299428922436868423451642037052 0.974266528630951888290258452178 0.599278251230713972844710620513
0.901099633244336377509872082782 0.090432135433212952372165180447 0.640604282815275270049786149847
0.851181788542831408522438768644 0.012866525222967371501960426369 0.237361732437525060352624669325
0.843003291318661184066267944595 0.040070028134752873955359409755 0.547437241635798893944440915718
0.677802032570865699292463042486 0.959138642593076793089149209769 0.743102312328793409642866347202
0.604798867932048574696153128669 0.050932005946614085560291611152 0.236575139652468039349751972996
0.350671858160881742260715266047 0.761337549798747824443305392070 0.183378158667711730790580292645
0.430996459251997748966141090324 0.396788245865212317025263816071 0.582807354832839637736973097610
0.238791305684176268797994030848 0.632474554965068529108478995945 0.153652967985649169964687991207
0.239642427700577753684918738586 0.766939516145299928896984750914 0.802866151010104113843702890262
0.184874267297173478816833424391 0.694445660499767317217288063054 0.959153058138342080611268625765
0.880366328139003581076387488006 0.065514675566514108072713142475 0.560980173085267708002853071753
0.495441253494957395308959302901 0.720379615153669076119797785194 0.217526004697720939103660039293
0.455412612930743609163847135621 0.633916891635723734446705349099 0.415970921548048788277641110858
0.515711898683244937139102296187 0.348312740334642518476217049264 0.535042680797500143315505321895
0.917911629555644971322700215272 0.659843191485037561903986222696 0.626595853488174812451159340000
0.518176608366910794769159140845 0.848517040453184185917262056316 0.717858629625866598580375561001
0.375820705999554132547589675920 0.709137998571500500601079872303 0.202054018801299174881556433637
0.232205715154279913511074526249 0.698397050975921316264691320769 0.353216320134763189529239276904
0.490343837531213353804073855061 0.944209881834250851516407672784 0.211359494290825335405521923458
0.322093311965100302072187756307 0.243531141868006631473494189349 0.746726725308744627805425539591
0.369500929459506247268991937845 0.959937232678747510125236462081 0.716817637887760088789255564769
0.482776896382569497528321323438 0.338426574673607270973504508086 0.880272845990982532354779389411
0.826016398070156755499494695822 0.879501600633136268934639862394 0.667975188800560840401137977901
0.178959525759523310030683667663 0.025177844439408418500019620462 0.003867909348417152827197182945
0.247646753826217004544014166748 0.732212805874083269409179127405 0.861079088958526649460334908829
0.086637103536998185807143790369 0.453094786206872686567012416578 0.391173764821068508202504111646
0.636644112004338413259826827643 0.215240370681185417019835609484 0.792084909706645201123710887533
0.773777032346622952209874530481 0.685092947798128122923567419526 0.073930685031607283482143904504
0.113816549813694059531403419422 0.498144381265802563218127226017 0.541595455548198342844921207183
0.976882392038097545887704091873 0.135125686545047669543831280649 0.759709480110049346099104166079
0.462742328591173042899228347309 0.836920977579735794487308807295 0.319286970049388053393342133265
0.548545777591727705466338590525 0.468387668970412903755336920768 0.443229785324167249683606295215
0.582376381551976655176018693633 0.935091249046267083397470509484 0.362535044719042765224673505483
0.718082650948971448416162451794 0.462018235722612210476992877993 0.374037387851692150999620230980
0.706602383394151523708425833247 0.026923079826749200949092767831 0.840410579799384215049624753865
0.015072740919532872141956929498 0.697366070657390682638369932370 0.886189383129280164190722385830
0.569133851328320886999429800256 0.741738103015072051222059899788 0.727092825746089807972096044976
0.026981080963808302973841124199 0.683977849616436949015976217076 0.954304855112994428420120088977
0.357979699173679893599002506886 0.633799398434074868076225206330 0.900556472941698778211711144300
0.324078468335556008751115646419 0.814295644578794391763488251965 0.957888011469550217256530349141
0.821005778637472594146337217091 0.811241961657036828893572976549 0.812515368791723491366595196770
0.921378236053565838353525139222 0.922011813528933591078868696420 0.207412185617245607936161774582
0.582311031386218610219084146895 0.805849667428817195597670378059 0.156925268702321001472257620443
0.275093875344782974420672528381 0.333647701099439080563771121267 0.669800087424086438083623909389
0.362272484635445802681297887226 0.893667157494333774915602759986 0.954962786939977914249132412678
0.862028927112662195567440145266 0.003654332866756460888814343753 0.442359343497277915577897275047
0.709588645168521624417175017276 0.667061621661739535403236231857 0.768189811912319841235322194034
0.348525418146625697740440603635 0.453563875799924579854385784930 0.585989606546743907930548480477
0.370960523038246905906885842329 0.586357987202017526165036612945 0.846535357828267923373104814846
0.874215932255490679063728823193 0.436830559168544798301376516757 0.170795035051923636814090603653
0.635807482512367036417733652759 0.576747557702003006427607893866 0.474808022657315164152996193511
0.768057279808786968084927371518 0.159039341690481178498369604515 0.975302162069221847142385944149
0.138199042433974313815937614062 0.055429210360585337654266987955 0.375406981078984009168268441060
0.940774237924870199157754582396 0.539305284795402658588995586415 0.043655089797427226586905146153
0.700726687687518333402491604642 0.658959016196059851525282927987 0.326852445788825924275126253946
0.907677661014342535930519910895 0.825603260529110126636813412053 0.011749398937072006464355435862
0.976048285087483298466544457210 0.853717408381082669351210182067 0.605621057539300200187583218210
0.867179693411029934581209078277 0.843695024223140894258460299383 0.302453360481487877512801473331
0.736923164988548237070590246646 0.229178798794448917124153054035 0.859548526045530584050552399147
0.626019289135747336353210859145 0.471748380628949534046038544431 0.984154464491900412366616437231
0.472880183116845498466118951708 0.566077554168074965540562170315 0.225960771372712526049356937431
0.753888684183702433800985193253 0.172340142267177141917462493507 0.488593157656086944434864328725
0.064379112914381411285840954239 0.709952546603727882339107996411 0.111775557062403624824057154128
0.553942809184961229866062116643 0.508886649332204006304383931752 0.560782684834066550840134477847
0.125096764926318322631877170836 0.566633545243100736556894306480 0.034198803000983908108791105640
0.822252004112906857721373878520 0.818636230039951501688016418600 0.239732533216039710784125614136
0.047419220135382041370630400047 0.882608772882715339548619128217 0.973480654987959553766490629327
0.870946295320144510554135030542 0.868962111671242523591333574385 0.793112308686939571748778746258
0.006998207919997032299784025365 0.768024117870949540750538954847 0.258551789392518875939294516794
0.036164663404828233900999794393 0.265681711178208364526917039601 0.411638920296062459631178999727
0.880622212763665780606181726443 0.061436119267042263434489576883 0.809176103086261050795789359896
0.843160082699723431336781820214 0.160017415013886972372693461232 0.663357086528659411305509204459
0.275785156784692238953286093755 0.547936610901694885292925729587 0.041036085120059838554948637247
0.413662972383294623203090616596 0.883095241465382968093932119868 0.245865617191356409627556009206
0.895148794926151777702971472618 0.304307531010567190332707645180 0.159372816687517599656562523517
0.410850204080551278997356922663 0.378594907841678934647099654096 0.335550503225176675114909050186
0.198871082703513842373187166032 0.534148030229709793162622122771 0.142417243459459518003794601784
0.417606836488390633653867826795 0.142927942819369460343504665830 0.257756615741333141418384146496
0.171423099427379941540203731315 0.908575744125085485311753495018 0.259234059307956273400859795786
0.252498291863457921651478449747 0.324768634618361049117308088196 0.241451199120744155842228301883
0.743645806964970384180772582915 0.829563840201880243641513405622 0.440851462022060026090661996840
0.208783313986902750580444116995 0.569357014889525748777109286792 0.026121575507086627805269193118
0.566892427430138858893723729389 0.790889859886463242393583168719 0.160640091104155536309202193815
0.698191965863526844173884461919 0.880770764828263010495003566319 0.214684655750304557722037672687
0.814438203605788334497233707459 0.560673825126424299269985299219 0.984103466900786677007422771855
0.247220404464114769223673347745 0.270616120635686084162510044733 0.070574710394225091473474395591
0.409889444498506252771330785779 0.024274767435840770366371253556 0.405707319200063597996564979074
0.149690468265573646827942423270 0.740931885490820939455550698670 0.157836700197490073169531336067
0.937941687614480484985915065409 0.626325618359558527479233408480 0.767613885274760533934179754574
0.695581465501155717769642592467 0.958819569760378568073368746678 0.976215297665863612776374879698
0.689634314632931398410789175831 0.800372196757074392142240550566 0.390355991232169185561638829789
0.389570405351506994176464445794 0.501710028712182320268824838125 0.862603452581128463949262743056
0.599540673355078893247561953653 0.958484764767528777607654376798 0.393240968017825614707228591082
0.000793277797157429596404141397 0.133807731501744479438842718583 0.725198478489389732059049563708
0.224049993258785746286853287440 0.522505462115207894348329787803 0.007467165412464560414613298477
0.642191066647691015959608442157 0.408363185555107917406406953466 0.451125149181929280275332193592
0.317703082123952253301678230986 0.461284827423587438650940785327 0.595635192129234383235408751499
0.356729312602562902878285838149 0.912158831394175954821009705686 0.946608910124842906271381203871
0.020269194934193441225139232433 0.405021617814913877325749059590 0.107011636848485129736159690678
0.964407926417763674222918995074 0.916090594818990211891503380803 0.676122810884216214235242156909
0.070536688035349955025237961683 0.465084879966341162848056968064 0.202178907845616798673830763816
0.017633944261898199571961636468 0.461670308575636851352095929948 0.899369257471382502949519153862
0.684110391088032405596107347803 0.044975973086264711963835585093 0.488005758104973001885634693672
0.314666303191197405239899075414 0.374706562266124846319281581793 0.472536696786135142872071986065
0.600211155731279690673288852575 0.340643416512707301563023936626 0.372046873670301132875394060580
0.931974571190213747217370490592 0.309112150153679884889237774326 0.463126873261294584424195193887
0.651679904149354275410289876654 0.183100864412387796084267727055 0.542353017130023372150299041675
0.019443673800766988397353330991 0.296023687355329941384623523200 0.622937642815008645697799595638
0.975740944392447132926582449872 0.343852641874541220930519554121 0.048037122523261432916012914102
0.200161204893119276455016520662 0.291850611375334587272623440755 0.033206179383030532832425920996
0.935864877120642870724623723467 0.529985499469898344257791397243 0.270867852676456151194831292697
0.599240147832618187608774188094 0.577878662978036655343518156608 0.057340288072305836476351047271
0.673713581599381940221991573249 0.431789501774808493348126625427 0.103877234495251924865649545182
0.386143329316220109126579310299 0.557095709894696673451640450565 0.689853500998792355171932914037
0.332166572918198019141342273355 0.122105234984792546141269511323 0.617039262972974456642054896155
0.415017853872541513182757297090 0.085325028789119763833690972349 0.035595194809879612073017758488
0.893435072976673642717859675145 0.779766444280376551557098875274 0.885437563200899453419912440936
0.289818396752183993247222411931 0.740616994581775323528307026135 0.335444846750977134061956903813
0.685913168318313105010906454381 0.083412784803865759579515606144 0.302295380419710866737782391970
0.763473977337760373671804563070 0.190650470704382165120375574257 0.256654849509585886368372927953
0.436571141273028267081095096911 0.601456052852987456017293507746 0.824189398650666002281556658987
0.933514674866677642636552667040 0.433988915364177522937184673794 0.611935225974254721728619102686
0.682945153466244655320839107001 0.760928605200263312529642177575 0.453898443557226496783746173354
0.256336624928571593819423115924 0.306756391890196143481584849974 0.843145105954214184503940040402
0.557247597680564514350921052556 0.412850199094101861441824103540 0.488106400131485085342787041256
0.196799771123663870591004689819 0.699495232941136880247103972580 0.631484180362879999620260797248
0.131141012861870027068347686384 0.107648472324745707160006742270 0.610456810068012885933531780016
0.660751226649438881415242096158 0.364139814020518735589510628639 0.110592762714836333653993541127
0.995218457625676050849104289987 0.445530146481676343164383205473 0.384005117291154296235876155679
0.660124304016953250034070071248 0.543663926360603483358391480445 0.348921230543939480404674345747
0.203001937119170880650387634222 0.446049536679682727293995259471 0.520188144476790733524318312832
0.141193236735718547179056443590 0.373283290375130702853097280651 0.452982016991418368978695606571
0.227656854878791023837140041780 0.795373758442763901381576480734 0.145173809589945487794768958234
0.575550301848024683925771393084 0.437501252941118793527328597586 0.265069529851521231877722084043
0.256977940012777753006698557245 0.690605329797502788208748085459 0.481484537816935579908725593639
0.091902700633888382529355741472 0.017437556062422557154532451743 0.829413463710473065510574529369
0.377655073225456200864681923043 0.401624947862072620668325698169 0.175999393554129912123262350419
0.739294302499045261871833072760 0.539721519196345077398504418229 0.356776672752470100803716663314
0.236051054642421029580288903326 0.463647474410352839192113560548 0.351811374557244723449703004689
0.833894860476218179462685195633 0.998238950223731536323410651016 0.233946878662388224636078677259
0.120138563175067034891420833436 0.980163680770505885516597243091 0.228317034139743820787746074514
0.991672845685276899606584566207 0.812261187090566695840549231573 0.127452856413656248523665615554
0.589875802087156657776701999624 0.226677019818245264627412519913 0.796604003921713064589194761778
0.440300762711241459490019781474 0.145707767758719266085568612434 0.838459714373323080078688464096
0.299275475092630028917724424716 0.721736063509594450076535415069 0.660319805713507670538601955920
0.234282015364353483972199075165 0.590755737151856213914268450428 0.127270834426500571904984219527
0.303753798320668700145849341299 0.639124333530693877320651693104 0.462008664893130884160888317860
0.156491419988203274678278379299 0.278168188156652320671555712223 0.485474775266463809601670222125
0.941766844132419064738785335178 0.202566185863776499954808190098 0.293925513780428343630533885357
0.878777667468313412628580552472 0.984783676783035946236150491248 0.619595956218550211657395896295
0.670029345757484147412741516809 0.622722829308215186902165146375 0.343538928386717363463303419959
0.351504930408568790644596108508 0.899706704564256933931010098324 0.892360731283932902068702924001
0.340946202028346286561332057753 0.859580743218674458501582963379 0.711734369868161083907157584565
0.419406395457579467807416629146 0.326590520154188079958126568566 0.569717456747442930664785608108
0.877562511842182849115314871971 0.679695088428666004765888714215 0.421897314493720895696918932216
0.313177789154921134315703270493 0.480268999517578904282214423043 0.521666774750715724204163690621
0.308127839111715623870974468189 0.468792557244489089759010870112 0.005835813902371148546209013857
0.173856522247669931752824187790 0.453733356062342548749300939571 0.720550333837720034391181343455
0.282685912759331809441618176658 0.459065932749086568534864333837 0.823421787044768968606784901643
0.777315624385642775259923518455 0.810173852782045125959593189289 0.931348632050162181307899834817
0.956648533682379366391164705693 0.676062523936025403276344410288 0.543791295868511440949672330077
0.223419035165497013247128738258 0.854101557119117658812892491002 0.711111552232581522036443541674
0.629105403444104981767067598698 0.484708625500417367271901535770 0.400006124873411006517055924049
0.527107211976637008257598809362 0.896940025971721748507796988160 0.508438769226486894857647818724
0.525355120524993222942247027901 0.609025348482855356871852718379 0.905753654767180733802733916107
0.891812730670738859325981718046 0.812278134338725598510751846784 0.613617796009630800977048616661
0.382143011625355207524851970421 0.331809858035099500755107167215 0.211450458322403421811635696781
0.089503987656681462059437505134 0.963337134366594618499539545134 0.265511363430922806309046337252
0.623392074375458950134638236138 0.371668259975095506665884446654 0.983302822436063376814276604578
0.634243761218607063719708147511 0.878392664804613338269746927192 0.899811919071966756880802401653
0.721498376074799101602076261033 0.874841335790219777932827233819 0.646896389788593399899626570100
0.453966820807979408838327184685 0.927383717063698022962329664498 0.475738352332513860222276771622
0.389005524617422190032533885060 0.394543148857125287132798292009 0.901280636645795809898752629114
0.622784746938962280961801024737 0.541316984183513240836178186011 0.281974660905041329536281087318
0.827012772807898619766640330304 0.611466472362430630859369796448 0.344687043417160553433936550818
0.949516047412964057654427310058 0.384786618181536088246723792094 0.831431691015649015070796352491
0.869053583619705123000779572379 0.307007441978279482370007577443 0.521795762595640365147646324125
0.431584844887192201254540642539 0.857543426410230850095494584638 0.993317074196460249627126453990
0.319423713650201319668075746011 0.623687437223113041622194947667 0.181649124534837428566147741808
0.897093136238837292856999315008 0.318694764344320948721872780770 0.707961382819720661824006042219
0.914760347842254200126221254173 0.502790870684420436987631308601 0.601932332651917373382959821546
0.811755559478512727083835460244 0.495142142908864612576202196793 0.570414187070360328825732763876
0.828649345750677699578437747057 0.839599217557872708409306818001 0.643517375970573132994492088656
0.742208615331566150830484642834 0.263667237380497686399915121172 0.156342685939485693257889379786
0.781594734586742802040180445247 0.894261031054790789324650526382 0.550382582183792810896081272031
0.954191530903349303855302105934 0.820785935244956992810689154173 0.105624532578178726068779745543
0.407915611229307688806706561952 0.122780436528038119288077246682 0.173157896662280471655886481696
0.773358467355598174546656735970 0.934861980112606709372012254872 0.923360367322283604367692513087
0.703248441972331322925023819148 0.124585867690953393683753232880 0.294223337899116929432891059966
0.430783270895934219308926588732 0.034149739524587969111960397832 0.154776067915133490003212805570
0.770501743250956787511149020525 0.048985911321704577020531192084 0.918238959907214427789850348236
0.859059352882735876991762552581 0.592806175775490675757511737288 0.569789846261001322461255023850
0.621298588794623598282933087958 0.025060347107762135637710523798 0.549390681307242130969558210032
0.834472439148661871097887239862 0.602734703823869359450965187969 0.672061737889060639301060415126
0.106024460961333726003329971937 0.433124758189940188770026963314 0.862187816000250792349595464619
0.114082750006194306668167704296 0.968173093993909580084372864507 0.183702764292381898422193045704
0.485884211427205900027411408220 0.357663725297421872056124128628 0.139558241707067877149047968890
0.609405213737341004395707312846 0.074067247999992999482018113050 0.586328551208487986216254218879
0.430182300245507188761320800966 0.756150848726813085333845745407 0.598452564918486219661220652412
0.955305895171977690165473002963 0.122627983302882932214599157869 0.432874534189631185362464319426
0.759995646450444857804608366162 0.918178122602693558780994488820 0.410206177404738743524104536364
0.154817436162640399635979159207 0.789622327730448814562493156822 0.745340398936578088963184978736
0.010156143138671775588774230818 0.043870603339289416571906799303 0.762154786336447954191294088674
0.176450878321848654476813384083 0.981670353409868953419000794527 0.469057462473520880997198239155
0.875150606718158101812537005180 0.939273410659192234924537965565 0.159846281116333828295606139004
0.669653572909560351859004143895 0.361368731698320299885033409783 0.527523685784021014112869534228
0.251603913115414432089353896922 0.446211462202041716739845184256 0.838981925370228148258521401619
0.178856906635580930340017754313 0.812109644763101512787854487311 0.696089860556841042447100446653
0.600752852727182347659637837960 0.183046404080190356365030592396 0.498621417449685522647250314100
0.890782386023434849326993273046 0.491090409221965425539848629489 0.969361680961033032523466442822
0.749839580789481910276238757979 0.134956081207924634687394155587 0.259182854438652230104931215907
0.522957043239983355402259113535 0.958294910261629050239468932577 0.217436168603878869793882806378
0.104327073299606608710867085942 0.732320878030731203659418030669 0.506834196865704675223830684896
0.595700280401939579092599250217 0.337902895948380342212522019927 0.610486180899163107282451084401
0.807783593062096806822000817913 0.463688911111745014928382633171 0.687005853274746337262297023421
0.523567957001033202656650399230 0.904281056831363072166324334797 0.311729110434654862240712815205
0.598800975099206146528479822065 0.755520031443631210615089721068 0.345040405025684806622720633270
0.520689239759218632870574310835 0.502418978503274578130612772990 0.164577820972228804771236854494
0.951343182668011141614033552152 0.681818938378874880001387722776 0.104784157674895459665730313678
0.907530965771927199158158425348 0.530967484993236704880753986938 0.651114683137200645567044150361
0.688899731692004494030029283681 0.770643277705994068992779303240 0.340456357873773673087614681767
0.642390450725633171381677097355 0.328429312921422440833013333020 0.259870707793704379991429906370
0.702904806050944643296635928987 0.905177130068325614741539197665 0.321174499209213520037231447984
0.726378759202561647488026811981 0.963484991105040862172564861269 0.597174202806930756305736950521
0.202817535076044877511896920832 0.830821238031148110962855898581 0.036563367890421364148959455580
0.435024216100485662961542814259 0.407912222133836334148887996319 0.251855250070461392282014607612
0.976808844994385678192403678110 0.472113603758987476987965962142 0.427499480850844509807845557370
0.701583469350699004853616853526 0.650488089234124316321125898407 0.723694806090197391829672858755
0.448990988384898583031453920797 0.075619657692650847885689719604 0.468642013873138519236686367176
0.509028971491062408920370607350 0.135688631595938125458162664379 0.543779484907452752097762998297
0.758345731801980503006600113800 0.437108783862724059932537743157 0.620724119962231344764789983789
0.791685877477756606740860869266 0.391788129057746293255450458684 0.977424666632510668373223024929
0.637925554589384671780526386368 0.933246032953729372087455375658 0.311408293510976003915256493046
0.797956415021810829988367708802 0.550653273735159425673715475805 0.082523144072140323639646031635
0.253413504617319278601936866975 0.206330320333251304826447168164 0.516887637792315996775061930652
0.248330944182017343310332294443 0.383511092581849600689001833989 0.898003338768386521376792885263
0.078848006618510413320282145908 0.493535693358749392320145808417 0.917975389547792250425783750852
0.453361365574354460250091905274 0.650091376185726656193597939541 0.590043700190964393953098928595
0.432741723006218968373075668977 0.091940970863897730809615938970 0.178414760177118076727120708606
0.851268040797101090955689490693 0.507133357851044557537715634454 0.541474220746370433853337755086
0.893883150122209771959961574720 0.587130292780596971561751897353 0.872304378144934039223266554820
0.544726601264945227804913682806 0.971693554586582753827106248404 0.935954566272400394029916127378
0.764243971770640380355051168576 0.079643937419153212289833462620 0.366317684239853568155795614728
0.369928550840948225320408496709 0.436789121872741111925041766806 0.317433716476379012023847161273
0.349376193745419456834274348102 0.452993154562097003409723895127 0.157797712494089128936858105477
0.822018223559469518682914772820 0.473428697732034674687313019535 0.114314536956389765318094704463
0.917494757666360448008051255361 0.121849816921826410787567133046 0.087310248278716557791159524030
0.264764557917494861413295318303 0.367447074739633562502516537655 0.135520911676297442330520227020
0.263074816090294178562904197683 0.099268391608511782985071232724 0.053556774223143372331667408340
0.088101973087835999873272964639 0.825953560636354081108711874294 0.359204737002487186887125489411
0.694717931597864163069707987242 0.895946473581761133795347799892 0.723016274339331718986078462159
0.924579656903396140409915223498 0.460322411070192396893135035032 0.408386542405262135356078524803
0.003788639411645543610144329282 0.935558146736321326498324877493 0.345027644522654621981240495868
0.082157737669010128321845656211 0.951498932832874178251782443213 0.102570185315871626155896157735
0.626667540009658229754872049681 0.467984600413048988105295691508 0.787359685145249220195026504795
0.040281580056834537267614523999 0.513962876663350325332139853032 0.404986862508294421459905428710
0.560736112216490770858069356896 0.758830460332222567904064934547 0.452414320605774073153392628072
0.747160135563436549275695398649 0.513423056744814917122620362407 0.000804376541364271134053049698
0.023661563470435688636991131588 0.315278349469631354675055363426 0.936947681072949849765976271113
0.106922630949334694175299045181 0.004678922251326982762077374142 0.049185385512219194618697560562
0.967809352413945089313201411236 0.057018556842827168547127302731 0.708750958840199327688420997403
0.952788006728275033464685500746 0.187679221016392026448334902342 0.516854047775733593568511463807
0.452764527787485456404362647781 0.430164991432689233385657285827 0.941805911692438937576575208898
0.493988106756051679323710398969 0.736706330195602384475595778546 0.716807145712929327018891540755
0.441868281651638585670090939981 0.742206768515307909078114074283 0.083489307435519078513249667423
0.085431560879331237261540115274 0.525010675355539487890631305109 0.702021513943337988108740945764
0.725125501663797147576222523680 0.883251220242171403677171727581 0.640799140252731548114336682850
0.472588739674047847061261427737 0.387240124567555452480704067850 0.137900359580108667011177541118
0.859266116467630249766541496583 0.441879869816526869325094142015 0.074088667634730559778943954041
0.980050143641090754872420543022 0.865753644366004222752740785466 0.509188853770915637445378888334
0.736817456759678330918635783863 0.826226727164226653020465636998 0.099576990581287528470143047381
0.378386727974751539508167063517 0.112152361829571913873016080498 0.900182181482003663744566554931
0.167714656372156658130384685128 0.123442581428782107578145308231 0.329667124209257296167637260021
0.588955966320754920799450022422 0.129604183382097129996525029418 0.376940628591528000508960041098
0.242961166259690674717489087958 0.307337764038019780605111233387 0.983368671443205423494280137545
0.303074525177892226615867316235 0.541713308488546555076636095563 0.286660210845931997042220969039
0.850295693953311683486377821844 0.184079419988277679595360720401 0.432650730931958468842571537705
0.142928815533062357986694513537 0.257019338373490252831337243972 0.118263425737745212682018886194
0.084382248337473482688146693031 0.917269216581255811913423912731 0.957414062336956757326871021987
0.937725155060995215384963839833 0.281087626014552232740626785974 0.034495063033573972174990469361
0.620105325817668393830230763660 0.054695124305699510908242572943 0.524743047211505414342224373650
0.350728654758641286207008708681 0.228996732494941284809237935757 0.965359571961174318951810771300
0.946976094754301246358520392232 0.575843249842759678068899395543 0.232592788009528074557950166449
0.470716174100369550110798767091 0.526537081319802802003774479530 0.998151569661157904323619946702
0.485961827442013076605541501989 0.940961022169572884625820449422 0.059327286609746151908326885881
0.858844958968701825779876331676 0.554861787402810679587905369870 0.111749144025340327597779799072
0.999453954897133924466326489965 0.521793498867665977383245776303 0.392795519755213994370492681129
0.066721485788017263084159047299 0.378000967949361191523211654152 0.881802867304489348739507574681
0.225081914510624176650631298485 0.140681279907226851615173383138 0.950218315805055583271883285993
0.391239225795462340507747657002 0.557212356897946078794221426772 0.025219401437287225825354260445
0.723780510329753711482192514261 0.097441904188125003961017566778 0.779043245444528319632362252788
0.939131742150661301234925194381 0.265331148469583861357103658109 0.907667845644084564618087427382
0.116109227112107723198454546387 0.521779942860035024756417181552 0.944138031847320872531699098387
0.979780387932629190973121444900 0.871921249307259840916081151387 0.153084747534846566601229662322
0.629130318746694061362706547408 0.113856940719721590706366962382 0.767433012028065039275414017780
0.061985940548278005493168007581 0.496361691792649219086746945777 0.226800588270249510416333179905
0.223924037075287118199624598123 0.063571620267448477141370841030 0.482745481472957922718254734875
0.862682637776307133286858758176 0.479835157917472146893022132873 0.823155037845613712520203329022
0.753978645638449563136121937896 0.986473489508094826506013644687 0.801152375244705111200530183908
0.057422190378813826474590736133 0.537987335055433760457175558003 0.905090395448349617699799730308
0.019431067326696977855188772964 0.833693509644794562337321279340 0.724210979806313283614241168393
0.480642327088784967293617064483 0.908025537599724587195622778623 0.437236626612566268201901816487
0.456148978034801668787665129808 0.295418290276069995239199232067 0.922261030068757897184196890558
0.293734456996201335461932314389 0.554569111809964761130253353869 0.790965196872933454579883323378
0.552427657406725584245850782596 0.863843362002799737627117814253 0.390993839472350617852084948445
0.194678833462464368178716356150 0.126801544165877994657033439706 0.128718778726414195928245406786
0.125084759816543924360863792460 0.067386329330919974130173879540 0.193530202076044038166712312820
0.919025993982184099581060876991 0.508410469090367673055055801390 0.478964567572465121198563676859
0.976297841586854528670031910421 0.638391327950561467912451127147 0.640291182872065435917052870154
0.613450381295816763594254196939 0.201281513258108861968627131759 0.985644824954277202689369148003
0.269548224648984119398200227758 0.721465596520691489024094163544 0.416613903198241722731913520321
0.454817405820392190126196717308 0.923001892530843490806910719215 0.585768699043896774220536793082
0.045837425577077947584421314025 0.384259037197144551148300431185 0.356319089152832194632574108598
0.997696394375948514101997521126 0.667531756193735821841239142848 0.800565394721391230245814904180
0.434923320019708038372590467838 0.680885431820896529694223305767 0.391622615702106944779228175200
0.177572390424195030888823231326 0.933096483780573104553879702679 0.930825962605018293229921234584
0.834528532922663626732011504784 0.805708445073327981088297089836 0.362551113405491541996169226215
0.557651139974360999493043755381 0.825938077292430141912873644734 0.124339937838285533713905484072
0.664024979159227207589346134876 0.385550078522184700929990166169 0.978594140711673280505462865045
0.569175798538859644259750811003 0.326327187296110179467880175201 0.846294069007598427888491822762
0.828997017448793834427537424623 0.320027222620063699507127310231 0.947547053904342480846105422354
0.914935464343726474781565904947 0.171062296510963082369270252768 0.474136227785177167840515520234
0.765399079998091224295310994792 0.998873484294526681405326978090 0.584938777775872942268640614122
0.088341851229829072303353414863 0.123173872908992510768229149382 0.650930788151823533858341120081
0.322119877447410854171875356577 0.680601800748276113109128306726 0.511178264997675503521799332137
0.081982372768689181179772316491 0.714018919644879418099444006257 0.340421287765036415286593272942
0.727722914005196245624759225974 0.012118261247181924995874863316 0.271699475288549830847979532522
0.453324957579961291391091381251 0.526571480703437212169515195745 0.043597384648072045242234542684
0.603751017138170063004934631533 0.123276310532977190823564485204 0.618631631847398765311119236163
0.787909522018765184302171230406 0.335672811811405604862396778153 0.344008392671609473556839390816
0.286739595978877670134566146053 0.272176519562487652643594882257 0.911998410923910889915669778677
0.914117348315548915753366658401 0.580091728953447915136818553914 0.733710413746914652466353340260
0.221441494588929328750328703266 0.782748234670144716769923206244 0.003926336909855854669760505967
0.408109844183003873777263255948 0.778973293494775118387931046612 0.252526223953836019936341146744
0.116400717450479673029291749145 0.341402402775924851871604450491 0.644313857109126195023321546365
0.383395797983788640788080567166 0.960009968157103107905332112322 0.654492929354089438463678097303
0.568034542442365222148357644384 0.402341396717494028059207094948 0.434285609416441968131676107190
0.346765875983091605816952938271 0.964291225658854394455167710926 0.340793748176916582881464438672
0.828510404794038257172021472567 0.756570223139579596506610637824 0.692157899094779718369937376411
0.259579708309299619730171345107 0.422050883921365901351470122155 0.796099123004616101666773873550
0.421015528356635913350214545258 0.946721151964992291613064097191 0.748699786593354938582667098090
0.684952216319142145732954704637 0.335952963312058859901210056972 0.918498809407823080892105340235
0.395418290196018978885207421377 0.748219753167174353154854692818 0.861433410966603265249900025868
0.107283388785334325870652694381 0.926070346526723219970899842786 0.526034622966618774863388922472
0.923605783770166694115259121355 0.638135775511184240711760133359 0.855449168924961492195262756380
0.777636378815629670931713419802 0.741275579836737117639146516316 0.525961824640194868224929306348
0.577275317593329421901712504106 0.470471183708362537617140060386 0.746535261895906346507211705522
0.996008374512688933746009987753 0.369663534121601149140824814158 0.237891578021824861024725730212
0.525113476723741232865427061092 0.293845847210917677092845081242 0.334689477415787846773517854050
0.492140368708577504359543736934 0.079232065413671260039389536712 0.997046809891077425756892176605
0.613833810197362868636906869007 0.752230767884734176931400508560 0.241721002570140984439805134298
0.949407494431242953926458342638 0.155845416829886151177578296218 0.471653659008266332412688817873
0.192573923900064203607744995126 0.930857063888135320391760217371 0.299338353638528595492720831525
0.004387648589212028729546541231 0.305888172873508934074002695631 0.828615091531240489336827202579
0.692917522506817400962497122323 0.548630081826474311103906299964 0.795724253973512814060966306845
0.769895395702111788863940820249 0.344345031063013251001538626501 0.707584662024604217641681952312
0.333037942661066166875562854797 0.280859914079295014478055074800 0.711171268175706989573277460764
0.588166329737045554793496791169 0.086018975781617049109837084855 0.736376390769632222420568257302
0.899711549770449406893403490810 0.252197626948975509108055382009 0.737688087369850738452925662033
0.857960929311306502836204059094 0.650867094493695402686458937927 0.425973364733688452804471954527
0.887852544553978564239616401285 0.042752332237756377578064894860 0.166316198713723032234225234398
0.705200467686469578493984849664 0.357068890216345627274831930008 0.783585702523776398896767147927
0.771910821382484902549489251323 0.485227312729391932044307120383 0.818373928533137977160053890995
0.271546670436175829381103507427 0.686365874099323889671562916967 0.030199645475609444165314007348
0.865657840794796355458744965920 0.801111446278438362887960228090 0.382595714879632927426864283756
0.354757298573454453495359641335 0.995401552861320652444849837602 0.514687298368799141483272233071
0.805029074632432978403383657569 0.960883140846754913257213466896 0.550568147973139502249978042497
0.430618756642308420930273879037 0.477596381267292153855352627961 0.132779947709938351808334179181
0.075267751088656292711370934910 0.701842513590653878029551635906 0.472101149462294725047737573403
0.570981006100192825507510771745 0.105341484361995954304573453113 0.339730690139316961937956160465
0.487631207807121586835131809028 0.699679058002418050272594580295 0.324955560014598231270094651904
0.212713181175047089527968750427 0.365949737740255388437056574863 0.936711892250675554347622792074
0.500940113936539761414547874409 0.170374838220115006883276802263 0.312282071234423057551130527794
0.665414081790988309930625827530 0.816396920822813055630088778437 0.373938500537745861211659661823
0.477991979411465062686896416025 0.374178297638301226324377845881 0.595910214413432524022156216974
0.174264763243396048918734009028 0.147191860176143851766242400772 0.489535949182018941166078626711
0.889045267399618182902815896376 0.249350473801846005115429806843 0.000516149396259424746373420593
0.577327919606062207633928198343 0.952266921248536204463964342742 0.385318231976299241527674685900
0.973430504934822085466833795201 0.539462655634192665070489700089 0.027953670804915273735720318862
0.725003101414113730618542461478 0.310766714834013090159677350083 0.420834943475065046534412590206
0.409818813153376303527545103151 0.560916613171787243499585169385 0.614735935793429519124183026541
0.940193296104411133172168315261 0.692383633842172051133785860039 0.604351973289229994539701209264
0.673710946916018699694332056838 0.935787611261854447262576961377 0.175198450002540066372814145553
0.069664880704792684738848124014 0.036965097426082502099407782002 0.192536272198552492397235083009
0.461313664165467722885280235617 0.096468689704969535459174805041 0.699232525179788476972383352768
0.965807107117066585428380614487 0.578500628981526509213188955445 0.299836392770920726464335899928
0.359703696281640539918523383662 0.578584158706402880172416323268 0.010308611293758712349751884783
0.789179641550852137216010848931 0.037322457860860728656297574160 0.189126926306473422377536727876
0.666899611100072723721983201357 0.163122274245825729653147218625 0.237249550229887829009712891959
0.530479219057580800975018023058 0.148103320878655647436722222875 0.896917456730326657272205615009
0.670241727507279689448889576711 0.315319807234506186167111127569 0.825704235054526678719219526684
0.657637754975401696049095302476 0.642621767034469737053735156950 0.412269549767400595752692782429
0.787238897373728041047472796088 0.539488774606078019662616194699 0.656062160131730385379541002089
0.141420704320600498616642449071 0.695902046130203669795010846755 0.994385818445214939744342280937
0.113780814440925053587859487836 0.907775191369305349886558344483 0.573379720489789339818548991278
0.526100847691602091414041424331 0.052347826163723062364267608851 0.695989742979096932738661318503
0.828142747064571246605151257984 0.987471144340985209031076672774 0.522482486883430523180374906886
0.781219118460727662429736846452 0.440722726586140941919318507067 0.632179925009779171393726460960
0.117916969167864223865678589406 0.377250009921875970267610965607 0.774791279547050465610246317955
0.391761248564242267275461225057 0.041863829172798235357873458747 0.394100215867412178950826691693
0.617980081413277675220005352767 0.995014852692976735979248605005 0.568495612064429447731105980325
0.044432974325868827207882910726 0.978801982851179379360283438165 0.598855895957474617483630181761
0.061847881858695385128673208466 0.096637043561565229326165491191 0.522698068428747360566628733987
0.635757600890291734205858575909 0.256171047426901074477745542328 0.526579066429179662727699150104
0.993987254478350658771982544938 0.278049250459187725674337282355 0.393715568251594834595981374496
0.255879853338265470676035366711 0.818070678957881120956368225534 0.337886388623584930509763745651
0.399478279582347117016308283652 0.580789387274405390425763283967 0.256202241087503088956238476397
0.388873206927587786985065614318 0.965769360617514877358961369972 0.190294728925082657027187114195
0.155723448954831911919501119188 0.348316250540224303128213034314 0.941394335452844413214695046133
0.917884706665391768126177478899 0.621805603872660235881207403629 0.678063396587373703890103439266
0.266704273724822147213252253509 0.844868965418719346053573183239 0.771856601775094328711597849318
0.735614319560717285598509814196 0.661104027252673650602671734656 0.135722992390543588222791830169
0.001498359964125551563200359670 0.209736591100971863512591389368 0.491221262068906821629970695055
0.061145806865513844288741411837 0.873216339717989923904226449730 0.981444607191928993851832376947
0.244946920789522652480613107187 0.276301480537516610036928811614 0.721491205608738771863678347437
0.573286646951940125948953659144 0.887900129002088720703991818518 0.598257561921982524008890084275
0.842418414752773932215029084176 0.447436873986094877503761642350 0.221622066249194222844999061049
0.496637981640451808086982134475 0.014992495855546222587847942433 0.999316829554379497094910954701
0.428260777336766830955532082780 0.952499858753984442323180767409 0.127316479576683664825519655367
0.312280206733804896638773856233 0.468356944335831371664694128513 0.923443071972958978141044167983
0.626653340855735295353989485945 0.137150648745992483064171444101 0.537876974439551179697580784666
0.511450490388584726000297310026 0.010277372683233130459146413954 0.245775387599977584415646003545
0.684701372153950617686396920873 0.699824893780235006242122107870 0.866199435819520285753309360987
0.340678075840890467643050081644 0.947113443869797834086015196406 0.208887402599575547752371401058
0.400022752134863058076754727173 0.549532847403845230635386756861 0.656112072324528589828087604509
0.544405679026841443296283519851 0.288718369683231982159036556216 0.193817961066699143140807354749
0.895359041297482411200562751782 0.398287389312613980342648471064 0.300773580044245163314632008777
0.344162143037553572512216319380 0.486509179113995721270307239282 0.648594900677148780693245370725
0.858653055943920905160968510142 0.354264411516312187866166554867 0.589526350989684884694601056231
0.803872823259857613955401174614 0.261178416398047286883097789174 0.342960628043642451275158265119
0.447872182473284501816570253682 0.556419746992964084573805098131 0.018216006059806089085720658282
0.627561728877210551307676913868 0.191877411083431400401771946670 0.853274363430065054724550803948
0.872985494993830208572304382566 0.135106137697713029148480629031 0.373137702011135431552841256123
0.773042102476593392786855358225 0.014018895125128312960021056432 0.560289727516190213915590861142
0.494858620077608871738965364034 0.035707275375572598412676045246 0.554135305738179578004633479760
0.193623042789618152742422398667 0.499534292326548044085784269826 0.443726200275998514123266111631
0.086095143407322835364782018327 0.645832290296303650247243653120 0.491533581197973439622354220917
0.941947371467212529257266103244 0.958336706050729537910729661854 0.977181141567336119383818975915
0.984066484480380702050041309647 0.095324310823083275149265686531 0.330639607926865486204845187289
0.360116564141111996025985467027 0.853841778002683278102421563754 0.059274290403582514814177701251
0.579073658789185613808550118735 0.144125302944152434698287000481 0.316083587463247965967169792938
0.263275754747855551160805099680 0.792062511895784434632826114153 0.155307622717666317047106439555
0.729012389780876013484310435752 0.010037935959719887867440780704 0.909873658858307925475232727174
0.647738281011141325652005761947 0.234964765137518420082926552335 0.409916407093143867182029223465
0.243474047154103500214564862400 0.051768827661108257879598361505 0.575381018517449803052983378531
0.314165736927749477534105556138 0.553029166037278749822041798315 0.694589301436677980566146713433
0.304534735817715444545915553800 0.640268179705204597429375395261 0.470978443925953991746681251298
0.627018997469199561311347292576 0.114066773464706782404443563081 0.165864173814450534126976418065
0.804479897053692072238864513393 0.982855850073696222892900154922 0.082163846210657064144868328141
0.554867224043076415382356651483 0.602181750376185539098967453284 0.784086385504468116800710665215
0.636035928828400785143581578608 0.981436284550076430701035426071 0.871668026771739408063911951729
0.222317541833977924809218059468 0.903269167828310211911004164787 0.398240219200201335504762767032
0.432735328490181691775887550111 0.097504521777560225903795179552 0.330550528736258488428178321073
0.907751845739216114997319598682 0.733215091025703049744113370068 0.588185738461428551403406519623
0.752792633366763378593233763297 0.075632321546378121353443974471 0.011708532116112563035192158829
0.267754141501198889305336409257 0.232734360376676267130634352700 0.159436250721616567611971981380
0.032588527000783895643017623459 0.989930944599324452644281731467 0.510644441038596867287415767296
0.184104120132605100240518308973 0.547495584860561442951490061312 0.028643179516469686776550894390
0.284647019316103846668769209753 0.597031825412040651392193502174 0.218232007243204944142771225459
0.185926237270919170324939256161 0.119443183395629944119759660267 0.847162147147243624529892315464
0.185993239313343322998674801011 0.456508104568725654554166458237 0.038857788505550735433859014243
0.148808641961310452564608151662 0.316025965719737485455235889927 0.658977094587823508198087303057
0.132421151910150093159407015053 0.103719222509626740454323605605 0.332669257301371534244030837051
0.479702081327767837795049984126 0.781065015597076209636845321926 0.672796689529960053260243733002
0.043366897484724727639459142557 0.336120112019641743860299781677 0.223767735404346099852393008731
0.073023014527962872427537417277 0.928697404959868876122958557046 0.267856082262335345995793083787
0.208746540396865301394444588109 0.215208567277416678419724045885 0.427166872145465693727207005961