0.255342286663109530105338064801 0.365528707497121413263370166550 0.769481725147354924511383763803
0.834605823249620945831128642232 0.918800292955038319493538163369 0.065147643321063347001177191850
0.536653042784121510732284728293 0.559573527736178294202535903230 0.983299483096465528417953092204
0.059028455830506636988085897368 0.184198694842166024423681918764 0.009556756719267616500522053244
0.748973560744019118561216160062 0.763842653103942164829674280506 0.695928474626080309352785399138
0.683975324355745079566628122640 0.014864286456188570479521146064 0.554440386787068207992371698936
0.906386465187393544134708345846 0.392106738761633588222129646071 0.986762755639038386087461961961
0.110913748423118339195217670972 0.955182711515423068437059617267 0.683788269275838599903828381899
0.871116242492621881393794559510 0.832437590844426263861923522634 0.455774335945423363265608933947
0.980491990331560185523162680421 0.430503742188225261350265841151 0.261646145101704973289789555067
0.852231354768145347137938937284 0.630405768295234131345746094776 0.761328574968515480584229393043
0.227869700984945715522101292882 0.760012356714710253521508909745 0.362880633629300693306073779939
0.792336622689319609489738059411 0.465416897789190544922404031306 0.876455006094769892151925854028
0.790464329061182575155596005148 0.461002507041886292583298254391 0.771664067988162500476056632452
0.405119322180174476019777464224 0.480303308637734588307176878983 0.807447824582992805588087508642
0.169355474604915380563758146034 0.641330403851982189261480867425 0.763505760255977511615354358919
0.800868856051444488662716815887 0.995017540270689631282689883034 0.731843633805459415534157149089
0.313358852688142040178202867529 0.125654551147584745614381831932 0.421406919291509600361606621294
0.642738909758656796991402997407 0.227345756354486899360750317277 0.708832657272806102014200269755
0.733772734404400124964801494977 0.283012697929651730086627709734 0.479189781156936302096873334905
0.056018714958349552652264620467 0.976333570948858271271457423462 0.589254462696478864305113561700
0.657674586984476714913452848298 0.213102426008736459478758532815 0.953545835579830613886666113499
0.742813722257480170686604180629 0.554456370352254604199656087732 0.699508065677056042985880224427
0.715904733507216175986486235502 0.572570617807674037009295535450 0.455694312312895319063940238581
0.280392428404794758341774646549 0.295728178327336322078447346265 0.919513513428618897623104452516
0.233241348158467173366476552951 0.786343335437520511309318431476 0.691769148488983387481534951317
0.182262746132837043138004993534 0.143755372230329561623912345593 0.268919806768590243336893527270
0.628432636381829583197423461255 0.561215929011764338012895687452 0.168264437800344281937654520204
0.192925494962052301039985123309 0.082960490134961694436225858731 0.105644382321914560069756632673
0.003273976453353531235011411662 0.793281855247722575184573718847 0.736005683765035083866879668999
0.738990572552994493452453622071 0.381507784279811921141512358116 0.316088278699726713647709852740
0.553109198886982315444599973588 0.889437946152057090108454723859 0.396023778151376640113075002857
0.483427727844650533511674725855 0.684358995636826264897324301014 0.046417460519949076474323854255
0.787319131189724299146288297562 0.461358528066198032633376864646 0.404353697313408409707150584735
0.154664207907305203391192757886 0.620742879050317822627041012625 0.246057265271814974192745979345
0.530673443210534169687967730054 0.412782118995810538281590231528 0.101961628090136527887588929328
0.750348387856887640054693864773 0.893885888851856502157922780371 0.164610129686986021706474446530
0.272036248063746458895444518002 0.238408463426664582828555186003 0.745654218735497341865843124203
0.232531890737904660350377591077 0.125475078645436319375633469501 0.160791109400469890314240902963
0.340515269597369063365927793293 0.257196307133495885151563124588 0.326574590285875033072995746987
0.561438619503684146567976794476 0.123088612538040943268126321226 0.287086659482307738954741344925
0.574654411711039259553809368453 0.824772639164210784854368119529 0.903902865133822623220596473427
0.517428704486027632549955410488 0.827850787208227808802359148840 0.755250228885735079410500999593
0.056684564496960329944014172253 0.498028984760704601958047909239 0.386938014594004847315502616661
0.567744046179529123752290452929 0.621854673490443016318217386135 0.534416546507279156148049302957
0.831070459669704415245154022621 0.043264228231605767022445516163 0.539113438449450449542945620566
0.076159903538814173610298305357 0.698412732393915914335884699432 0.914870956998375522991536461925
0.396972334976389834240864921007 0.462342802019120400591953774061 0.074453469902886732476899147421
0.003379186540418861763905771619 0.256184999761337657386365861632 0.505018898340992725130609953743
0.869120696187526111843172329903 0.142817297533942114310486228123 0.829620159467024382561557337576
0.107514592153477467391380278449 0.722225413570214230855846785881 0.891549372647968862009582623607
0.010551428328639902285833027221 0.372843403355571941612121360738 0.753181240828328209841402286432
0.332257676713843274253380721124 0.220745053608456655602503009963 0.909399117025049497097860438830
0.870903606885102913985299866223 0.302809215286517377802208569808 0.813336787159359047338532768007
0.263003071917482720004450199394 0.777855019843277557504729106564 0.126124181850150494865238550859
0.032092380417557882271473485991 0.243162529868504323783886803674 0.991761843659900170084161882989
0.871861170589853567937252403292 0.507768829693212390455970623962 0.722305219985625653663311094431
0.130808266631660213319721730390 0.522190480126494182661441359630 0.316966679691717773471329681920
0.694772118388019482641678963068 0.399913205493204332424338172722 0.759541440930083882146281673703
0.986661934572722518604507445137 0.399583315845991600617949431928 0.925117222597484776373284694797
0.737602004148661349604147486819 0.036738395202388978391577098188 0.547807422085742002264341928186
0.487812133477179778442945802762 0.130523862034904765836680155387 0.473171706553403144262766358787
0.722215047220590214587653727079 0.558847772903734286268717766658 0.778026776155105623195538165897
0.730990328801171595075521905885 0.674752807873709764371805411029 0.222997632000995339415324589238
0.838985247581300339597747175299 0.086011882605945071502673282876 0.545874740359737347399752416794
0.741315019276065616594244558045 0.681211015241167742263938772258 0.305224967770601946454410119249
0.817832377874659823486542163599 0.641117606231387242402355802327 0.769050108026474115206093758064
0.913086230172869926353249223617 0.258391327393027202897291737016 0.292819816708809889137134008345
0.673324081663867644294005698918 0.619442778802342382383878433436 0.586146958151812588837846539743
0.008987207935472612839130309729 0.830835028151174047556872417110 0.943283523955599843534151595805
0.850904587607866001184753230956 0.089240806854347168997745320030 0.891347891720701063422420626227
0.987085546086962502477593845594 0.810318651278409648356040650137 0.306405182952234931659898752215
0.583457498440250239554208191121 0.010851299416252661022078047413 0.558292298763147462256348108041
0.176351236303862044381822060970 0.682107438326088539453407891514 0.581640062187398049464253424212
0.535616195483920896896790127645 0.528902782276097418224156407167 0.530878306176444981831470833305
0.552523922780404200228738609640 0.940732251373460572229102191275 0.908297220630799516551588934752
0.803188328779210556882666167855 0.545205646669515842268249512285 0.872801025228867349807012744186
0.803359128979256774105636312062 0.472231434979583380568764725417 0.880191719381408683562438294523
0.931840127728261926927322813185 0.915831360484908882946248498871 0.604969496343297663763353732114
0.406560575320339952796215667078 0.113096911797094410660794440212 0.344122668497801840565070901533
0.755061283518369790677555814842 0.048238612227368432458044061975 0.215561625796875078180635816270
0.050029532453550256063786192871 0.920639658655062042735728061223 0.070971074747275900606934863619
0.230256074013019201819287091133 0.381460916452043755563141964910 0.780845113986374462820927296080
0.465594563955260951175187446223 0.759204273673032411086195788580 0.258251700604889498995946357962
0.881689907349624490241703871043 0.199498820978270680908313228052 0.529833496295541698721094326207
0.300589426553277363232086558030 0.445876066298965621356089607410 0.294615353146990831626115666738
0.609233282305560918327760882378 0.896541547883228855803986721012 0.939477708201494678965056329966
0.589787239777473286259109771220 0.920048810819368256915386719199 0.580145088165373433024913927950
0.493378742919290980757582071660 0.931932880967443587326279898915 0.055468148994395870969702217508
0.895810275165203230355088836494 0.408428952203470662271053972395 0.309956688140383586882519380922
0.491860259830439598906408319043 0.639864648100414982085624178378 0.797191829681103914353840478120
0.910456079254795418516942349761 0.438497988491437051363287247104 0.798556361333317304596085100033
0.469505081880689541071493882001 0.191723191442874101398102713542 0.467033401501481626172104623365
0.007563164920800841293447359168 0.461243314714724687286375152309 0.747552173873207514711147648056
0.315956883757025655126929638560 0.862308703283189205765688174213 0.256487049938720677721628829962
0.448736690115096238889552838875 0.588388697072040480230173984087 0.749562878988817825481235158836
0.285122537025921495549256208249 0.354344931834960055292141312868 0.030800286263764625223441680728
0.411355154127808971273352724809 0.052654487607465627708500908922 0.608623423289328517404897999486
0.166137427952937524357615457431 0.921343758940769812429177527476 0.866250457500593337049384214079
0.553590479416367056474090019926 0.299161206489012810798644321384 0.916271274613870099923139038516
0.701882315444743436828045813733 0.428804984287231283299861029909 0.618395921169985956741617089065
0.227591405054832566591705168014 0.600303834477730986288579592697 0.058455886180130986363692736636
0.351655865050281214189140020113 0.996842276684543945749455646556 0.566944896662465168947607135743
0.179582803037833828704315719094 0.881599115601851701891940629293 0.284296606293324233872054959456
0.937740775826776882757680359163 0.755603595386562710429291979264 0.831859884487947320643292422731
0.184570790237770405390711743027 0.023218933818289894455810155140 0.254557422437006494869768501236
0.155647895184904033546625296722 0.475089061469639399173854478398 0.416221609317087079247304584201
0.377355201133321089360277500253 0.478315081851614560822013812785 0.604446313239227852781257640095
0.138220021491719739031247767651 0.249722740752277790173136812919 0.231366874116618861852045112731
0.887101249320248028605060410204 0.174862839187288563024915115336 0.944004609956877322083361258826
0.095108450983820992104414960142 0.871197014573816315784721794666 0.212908161930757012403968006514
0.921048431170363287898841605347 0.393819645439828555846551671103 0.230631633708191504689496385263
0.815957074044161162200447640655 0.644733112598354870286730782317 0.872775091974258361020673603605
0.571484346489596209017287975899 0.957911234185895352159003525200 0.580014860390774785970957022953
0.776421988415114398625988310390 0.425790645807995075394143318146 0.461860428522228929189906446290
0.766660492720312793201826170951 0.630308425506519375610532470575 0.354001450281740991387453834399
0.571906998434784305783010995251 0.066306248502317666704604778138 0.451636539598446806945784534169
0.978080230444213610267014801678 0.291922064373627846944337412146 0.946817835862090463392843985045
0.034418737064280551966731294921 0.066584055364233171317450080280 0.095540371422966763906822971492
0.458999731632223563086732569283 0.462058622932741810433539087286 0.315564944440142599422051061569
0.118584819094083700227510319548 0.499907857742191417652384281309 0.626937613854975225701005322751
0.695326489352761035235140013542 0.908960919382408667597453661979 0.579912815245828346493594315721
0.064706220706444044687092667323 0.887831472242070443151218715193 0.767910862982804384940003991638
0.217028918400160700922333045236 0.113357200035686750056191685803 0.998762822275091892226816995700
0.580516463478396517974032165057 0.507013022284169588642027398022 0.557917877995859377000378656560
0.898787070314308787993390533575 0.955037766849910574172772127637 0.506504566720874032081425926154
0.973635908300517106696972977738 0.719559014092299117042240617603 0.204086184993163531591033042049
0.820891875153103258808017494803 0.774314413330308737652235487073 0.488079229127675369037448986503
0.428422791861125472309973566707 0.890675008983441661199889779310 0.511066661422602090405525915215
0.687413789054168211906994881489 0.708820332112850399003994744756 0.314356245660552589142658748123
0.604609406037418010682447619797 0.425374539982992235169073021144 0.666913162831798369405363653319
0.131004272601963603859504076598 0.285378296499228112486167906904 0.926462892810715807399314132372
0.689120934260157425269254286713 0.951391720886411791345416176388 0.594767176206893363133065099491
0.546656962037358281038331639498 0.077151257952912651474918857033 0.501822405886802017290832818233
0.694607566709559814904969896809 0.534972805760977526099329447779 0.279904563900719433605486993779
0.771334171794312153498478864198 0.657959367042280942848647528991 0.685073466150855036171792633737
0.302871861894360542143853589928 0.926998117168879754893003331395 0.830626434989863452327887451218
0.421716184443504365812787525644 0.054904997718787363801479167315 0.036706564622082611944674814256
0.535178632691764934286810688012 0.380331263097139508802587940813 0.000755164514741840463406849396
0.230010250059240862943789727939 0.112835048637476906393171675111 0.342096507357549585943256833378
0.678346125551874018192130794841 0.379202625662165874193912946154 0.280884873967282200051261829680
0.509476340723867419575216326722 0.755773755475858206091940349050 0.047570899252964951612062480268
0.534822934134625214276028733913 0.967903022166583241590909385978 0.031263962765119722531897136539
0.962122861432901624258592998443 0.721936745041474471597792329085 0.734474973355442353870880946120
0.496195183490763474374010919387 0.417152206106798416137983839156 0.266521390876252430717668293965
0.038447299937683253642811040151 0.358423809546965199986951858841 0.745411901084206042388610540858
0.365159184541972034041096297397 0.351478206037528538886884042689 0.750323534567874116219597591551
0.801136712671702699110455179786 0.764414665379102169244708142473 0.942136369322837519824334716988
0.198439641668163446176480134655 0.759944737919764170497917055672 0.878890993665473376809425245246
0.811814136643387094172900525515 0.035391383203297461309746146047 0.112390385766430625804270505799
0.602695536694103949265162856993 0.353440851103972478953275400752 0.962083659840499053002355113688
0.114460287628476213381444955688 0.938706407109647191029297179748 0.249488120377469067981711553577
0.911250640230050867376529416188 0.740771007160879880420154073427 0.150704535310089148624014891067
0.761388301355584983435747207512 0.092847275322288328726940344653 0.993445008773024850811385540627
0.580540234509327065722878033006 0.533074451745863938026935489835 0.245939615952615851989890908100
0.165928808285346218797284156140 0.982139006570500841107743388389 0.511442125026174865252786354845
0.524891070390329054682709309771 0.050394108971843763714542325783 0.691795080914492593094271662478
0.726926747107291671655203729482 0.640013948152504497780385747572 0.421604453338881303148467915357
0.543121327589662201440005224338 0.392671329988943844572079936237 0.236961259254348217384742761521
0.508263792045476677341864818619 0.634150215918405148703003664806 0.255055320589410385123203434085
0.678615595098965782518998250168 0.430973410893396223684708971831 0.325984466883610200391215089640
0.326318917027740442295053712193 0.942044912888637982426480019106 0.713306004608918900226440074004
0.364416834412486876775191538159 0.959334862225624603221763925633 0.477927030499494081876894343769
0.130556648366048910799220882097 0.048270604832225149741642762599 0.375223141506792470033683574599
0.742747915973273052115476843126 0.559929772645384057660613996287 0.096325012646032560649906999872
0.402579991445628697527801108644 0.979449329292972738956253054734 0.511372504962858757889427099834
0.091529418401514244502238366136 0.976026752434135023852014244578 0.741065913087698180229608214343
0.549334624429409683066486041817 0.736335743331732613023373817637 0.553901641510928946987632683861
0.881061947599393647159146770081 0.253896867551957416574721857953 0.211172083764805458008980648275
0.816253207600686954240457627371 0.666017536866555948589538469260 0.990630940985499375173381028449
0.221167054236168707009698116666 0.083856625906273720914291675062 0.873732177066159395734862129135
0.937945836943741264337956980080 0.999208970338246439968390438726 0.573340315551013873343005726310
0.998404228338371944709492253774 0.617209682592222485615778241482 0.021432103783071344847673029989
0.426491650828403873268736332945 0.075289101572817510272211022161 0.698359047860371311302079666078
0.696564132010997869879066066760 0.622085527588102829386399894667 0.782412250076950324328049997688
0.351437456397137709898003671612 0.774593313892242241812140668531 0.487251710038059363745296992688
0.698419565572481168940103472083 0.792052937814312219508761063564 0.908769236905179273779264972579
0.225823736169109376742589492865 0.787554217640955220263745780633 0.100310504603055721251803358745
0.990985299951635051494350239629 0.695537375072525644265715095359 0.268590115082209245791660211739
0.327948841890559817208705540589 0.128570957353037182122521550156 0.541401551096405140506706287902
0.850648905120697028547904268431 0.158629950904301306108235467371 0.512871237210799030303738021305
0.543043906348680795843157766829 0.123134375195723092325487938249 0.884679308758809972228063850956
0.561978083391520362388774108045 0.901362646726122021793967917346 0.749498194057713733182065610519
0.105687501108427148676352013292 0.166225486848381981054191430955 0.532552673469300357752723512334
0.558687894573513369407561924391 0.309622963371967249878612272969 0.272801788424021728205974524612
0.645574546980685233593404113576 0.930019742876948707692117431230 0.965128974515392901740879455372
0.743449905336154426860214746901 0.279061479935936181041864536167 0.654361876977494420686388314533
0.960410701631917293514930800684 0.728487955326045886197112294658 0.104742864075199021376132530500
0.957588729728295924004658082869 0.727857347323389131491977915343 0.746734117017386894475551203632
0.611407821421701884335598760199 0.974571706185639448612766831381 0.536789642565134474845769666932
0.395694742877179217630168128888 0.131247875504322210508836211831 0.175636400277117408642201897775
0.414512786092438202105918913431 0.959826718364168986642312278214 0.996765185139935665404319578264
0.737484804454613836449896525390 0.132072387773320706353032000432 0.613215918859024677340301895678
0.470796130551394202019424463111 0.534568882279429769007432653416 0.557471454599782264095717787214
0.247030797084428738810553491485 0.049401819138775315575895927221 0.121083336725149695124062274034
0.998808694635686730603286422516 0.833309616447321978813126855028 0.002159092696822017439368618979
0.815795344862574322873315498538 0.324818748982119361287282563162 0.729650034948194444659733348559
0.982566123938019136317904950667 0.914490839165251317321405070799 0.578923699598202910809315186916
0.778288964556605994338240383863 0.664484483579170858126862653873 0.602706091168344371126734611178
0.064915401675892104152501962670 0.143653539180790918823255848230 0.231164083978145884834155347716
0.432682345544411613365202131865 0.658862215365899894703300437514 0.114783592148805680531897395456
0.572900221360391793516653337520 0.636645340837009913316781549355 0.010433999657798748985782962908
0.483115725062193482547995083082 0.554011856410808691572634112992 0.578797215436483921522278224799
0.983746796055195470078465116553 0.428298636310920020814088896481 0.455519813799269081176890758493
0.860377535412551191668862151717 0.409160374012839101415797510735 0.375877779960104163244051555161
0.781136853486754053081223788403 0.193161558880123064687424217511 0.706159155612386014148091302697
0.001459292539641321580033185790 0.277597158118140927986528647491 0.507803000496969172734464007619
0.759703560660137092818596743507 0.678818278677037970310216218105 0.241245237350381848866273681463
0.972499853247150110743740181262 0.070575894218856396372877726276 0.812644800799322592644869144402
0.451858859918651340426046046648 0.207073303821686220151762523303 0.518133475723093793824342817274
0.128480377668574193383122947531 0.302495109796509271969462156625 0.163174046852686578781935088891
0.703699664454328123565939768933 0.840537994630634439360277429187 0.012973508594434500801908158333
0.522420877179184762022161423510 0.227428713030264565006059965327 0.309048104721304528949065841435
0.073642547906047721484936456906 0.256546194553723094002970636516 0.538342337469013211102857887305
0.395138317241993821817115726213 0.950679422490953501491008809784 0.293775563088682296894276707455
0.367436709253037123216152423395 0.090301487497028272691570438379 0.917875313132645500834842481265
0.046629443832081558781226206104 0.630212416121239247944237008607 0.795244377269148596962157010593
0.017798796625801574957302435543 0.652538781115336161478996561732 0.206899976997928662120087074375
0.439722611000368366601915457508 0.902950177782819010845053812858 0.491857657482939901591695791607
0.579232792189995185630803748427 0.703470550082062408888480531459 0.141783353468882042505514011023
0.846779306482689103185668383409 0.402507397063084772399381941196 0.191186169925459486463801561401
0.438997468715996131571959897782 0.836458899273995117465637340090 0.579828481077095102018248676023
0.337705632919844696624848056036 0.547592769698456281280561136952 0.692258016098498136228006465958
0.688666253047868176147288647703 0.695838102847113656173742363247 0.376098906597489212359590378306
0.091572853905378797201635979758 0.409514484539289890918349076373 0.679723328117766523174905119822
0.513375592094187487408449968035 0.409270533157169759468219818278 0.830445150438489921838375133112
0.918087184953779141156303224503 0.869597076620209107024253626054 0.408850004037394593382523978860
0.104286982658959505066070789155 0.889951638885720141170309444774 0.998713067542808372679089934860
0.738606170777457545655460175628 0.987293938478083649607865331554 0.439517504561570404864824912664
0.944570079431778577291789838910 0.647077611623587562706897772052 0.930036647618200403321592359973
0.664238402001775137101984199972 0.063542296151175862926621345302 0.336713966275184480465042223160
0.562884231426662799461643422697 0.461017192235541864824344410139 0.936758481298050254667459702568
0.285403891575492937142678769961 0.975999791428997330985777247029 0.404543208295782146456853770743
0.564006937199555831334589413344 0.528843612167919349808209352250 0.840085812802762894465030842208
0.582186241708183263954165154850 0.864742156480374493642807555002 0.644166915461535049510044577257
0.927362303901213157339880758377 0.649571164200910905695443682918 0.824866719263212539308661345959
0.685390170990938586882525423926 0.656965814201642903223385444134 0.262792420071226357770519885104
0.543330387942826209610439130839 0.381988449567120901168921222384 0.922829437407836682481333869052
0.068381558919132794846724124126 0.403703817635801323077519502646 0.164677921481082558411245087991
0.920612583564117851706946502646 0.526647331074759900151236323855 0.111313054802648330160020888593
0.090675626868524159072910539388 0.352286152573233274674042131381 0.658801369509177299544974415916
0.154314315073630888085935510184 0.465691000197720661282812037962 0.779733833751626145956684909778
0.760966397447674488268518046314 0.991703642616586210423751828747 0.294925984263939491261390438303
0.322477989871507413852161749939 0.941012513299485273697023346136 0.330474398717550914460185411300
0.063178912363068182945430067667 0.682591113031791270649181639931 0.808544625281273646231703905567
0.453223720546093449785035770390 0.080487575670221266317214312019 0.233629054156565721678987797944
0.869653643557854882834720138559 0.592434490856401694221610413000 0.744286106589796174016786225830
0.171266495821622070588748186456 0.477260633252375206647046597960 0.190849848963880384964210418534
0.895713135602098902658497981662 0.749575159581349171489017865399 0.457929258826947246105065245646
0.424783086626938394769155147643 0.913779858510401522648050224731 0.189470957495980003482410336689
0.914459985877567078848362595054 0.120289780941101706567008147129 0.848243917851818319420292141840
0.551591724511118993773520486178 0.584718287690518376907571245428 0.862717877683707620483328127521
0.028660055605031537458413828501 0.295245546499927220608911698002 0.751112968909438991853690083402
0.331142050274846417338798918417 0.756765640246411757601798622598 0.592855301850497419784959978230
0.192013120511242517871964668226 0.108855824279051651761288734272 0.325836386504599698263073932854
0.411095660862909085967992345420 0.656336951414053240158944746398 0.030285630844962201702067085189
0.995422626460002664396297803772 0.191649050102141157828701487158 0.797497530864173038375295405852
0.495173460848561327237735006220 0.414036230301558421965862812328 0.117611677691540340395101618077
0.178235811969996805804100675506 0.954877758878979694578117940424 0.826805490843530181684826210674
0.830702144634324120467043906118 0.086039756130051958361055193866 0.898935285720279780141151366234
0.284823452107189278107450934295 0.172690123776372189315826824083 0.861960235616682403649509813697
0.168033525026485660541063380507 0.649062108153390242361876281247 0.478760189584934342385301462925
0.988016693367880317537986138071 0.961344960416099746774944122935 0.407069388190457187252617059124
0.065716610772351063944854215041 0.194758095625465787387463347106 0.053904646266527496263710529838
0.669658148500591815958174245167 0.001486669787369449004305423002 0.863965098179217698397248388213
0.280712051045045152213048116907 0.883606646691475827536680704576 0.912141811965773174516198477618
0.841715497965823943336838137084 0.149366475112458524544699451544 0.744524559669758925833254390756
0.390998391565840538853724078599 0.224204887794771003494736130855 0.042999021226927351826345934434
0.344506017806214037120321429590 0.585473965517596490826649138200 0.828709474179643797005499853436
0.273693538621063715889148963847 0.291397575930092162839210162923 0.133688295296964805829576515374
0.986331895349211032462619171687 0.682154878073268921134474748734 0.281127011609046482278594684573
0.950585316751677746751151212353 0.842576884967056954910842601291 0.055335621707129649427865345915
0.088402326162421281911011461822 0.588859945352647651510820181465 0.500773417168713631811630581400
0.297597865125851960258559708637 0.422273182075074523045320565681 0.438236647996190516107643258328
0.993045668376824383658594660474 0.476571958291346482209607630612 0.844051187715332485897382998673
0.128743368697755542291434831471 0.376174401934141080520192679001 0.298635914732519457155033040244
0.238859599350736550241846672804 0.927068374795882673750442252180 0.808950513715947264785925961389
0.433404597016576216788075953945 0.689045036753046489096793572958 0.736110560154904159021119839027
0.664331434010653402178151303534 0.177422679917093084816323823771 0.499667184144454435248019687782
0.326348375651410567332154788892 0.598351191219710799416066939472 0.420204659266389404155962136108
0.801032111549864669448671942310 0.624429402764683611816128197361 0.501455810598021724679451779394
0.778179830236731504427962080212 0.058554044739094133655348786434 0.206848430780774359447817951074
0.002303350649787643171993282865 0.053649839173534341692842897143 0.646602367218844633177507166420
0.872229417050065159626506307858 0.885863175107569318169645435479 0.196346859943276677604204196997
0.240789075852200772183268435412 0.359845321962433689281096498703 0.453927642818226707219648421451
0.748990009272964136251937738228 0.777769716540344416016449396085 0.327165618362587131069138327389
0.790581565934067314633689766573 0.358329800612768547678227951559 0.200068214998140966948661441189
0.877393526142307696779445361717 0.159614566645663997402678834637 0.978872347037755010252131098037
0.696239506992175737779005114335 0.824828551451194229168377262581 0.575411619184263557192674671040
0.479754095674401573158005650363 0.377852639733967955935040214650 0.937306176424323891450323197300
0.714445631706927185810780809007 0.167186570188515931924179396430 0.226930386280758245858793020484
0.934006117661163151253721374983 0.260055909811603087842455862196 0.307183081330692009012937992792
0.603150411954258483184612222044 0.996341868727583097288541202369 0.002136705986846889153686121286
0.133734210980653620833299817239 0.168169542169265635279722261526 0.884404015883400349094605677198
0.468887424743375776971078597751 0.622505557509730083270884493566 0.392515303281617884928382690388
0.422948071544551571001635632573 0.328988973330521250456291074823 0.387401089970333746111156583563
0.281418652511480635339669281415 0.201813215536879407009153705753 0.791080307838288550421114713214
0.593072944909107357898238837706 0.479500640288313947341423674979 0.648245713464895812539664827657
0.382384325176364620219057861527 0.720951597624343156354533441638 0.296841210721446976241835048830
0.036318179938515763118690812178 0.527539185039975342625322612824 0.186989762656294154050571673644
0.195765246097349455026510511574 0.196465465775370514157791633110 0.238101042177050794504517986585
0.925814705073195513794326654169 0.068638066024302106025301743599 0.068211946009865490050401971452
0.977933901027806500436780826168 0.889148006322208916174150698018 0.959009761724626596915116771997
0.903450075593775353092382469877 0.439793656700184660548024318105 0.391374239360879634352433360100
0.857914202621704221907202902552 0.424120747715250056122955561550 0.014095067334615436877106830754
0.693566575785845089260237754336 0.290797516800735813591853707476 0.064598350694976023672417907754
0.110585851034159336383437545474 0.808596659336611737939213412844 0.378873290623482981730603875653
0.211362724409635524474173457039 0.788623954698943634079641771204 0.021581602129069558798227013333
0.464214858045838620132134619726 0.048850489977173573280731091920 0.130164222537477930334923205599
0.799444817001914050660930593223 0.439613717845905463312764301180 0.733805119167905452099853177075
0.788231855291379326635740426384 0.627036602524129310175786403749 0.192830532408544910881734097544
0.102986736345987591723756491400 0.322018893259976946270444934355 0.600291002023397363831901883726
0.935523036577230484305969018782 0.626695039902163187132805691099 0.296232757304408029153313305180
0.188244488119083076171325300473 0.655318927529399763470760849183 0.799328195069013214445941246961
0.629766345712085862477957664202 0.140083543983493345259292211481 0.099355575451870308318855657700
0.287268459380993814934917126608 0.565911289756082905089383360983 0.266401610093355187948394177578
0.611179211689861937641564275150 0.211993529045783288381553741169 0.972050560427193902131369022470
0.788052906478650219014610318963 0.637000641246655868849533972665 0.518478218537780063564457009124
0.765283160305318619153262133661 0.714468386106958523776928262730 0.623034469707937146078264805323
0.965769827783952109946085994312 0.266537449241790346851281878997 0.755906190169941977185332978522
0.554873429841157023642578616315 0.248391432334084307354424308421 0.025959076700486230017914110548
0.258253426326417819003609862396 0.295175908244739899086486470531 0.464277652480389336808311927904
0.175051610416071111227951989082 0.240648229731100908802515489345 0.117037819308538355917383218573
0.248947578742523271179037405204 0.244895147160222501020933543968 0.154054769224474753984548961073
0.626574856983578846223605963745 0.108978419033772631510080742752 0.723036640883962295143437892637
0.521315447942286723980269432199 0.062221758301275397516877692909 0.457632682314378083257099379688
0.232138462074542293192199796888 0.182997796144406319922793103845 0.840468820575022144892900042895
0.085892020249959950625316456683 0.970721948500645310424168980845 0.534669234322448162099737476072
0.363083481966895359729646967739 0.659691874699074549403397596318 0.969284501634854913795590455240
0.576771665168758188725292602337 0.872525635783752249221417453036 0.562242102635821502708320769353
0.739912342108050659923998438369 0.870804679888486079023913336943 0.686931797663759270156388867558
0.270893227199657590326627685406 0.649648055254890495095408180330 0.510743919596627311068927744889
0.497009140535741549953773531527 0.194641069037635360337534252902 0.066811010588496347612330933216
0.004486285252440219602721368643 0.918579619727579533863623647290 0.987327507815584698209829228953
0.164902329187309761543836424296 0.772814222429790694490258212199 0.387466277738255907841822167815
0.449142929758564775238270447359 0.224738578666725578362634530104 0.505132346203746493546893409294
0.063692229249118601751344289419 0.433396306081091820155489208389 0.120484165688097737072645818488
0.737105280820811583772749047027 0.864117402719164447726138180160 0.514316018773034174206102893307
0.025972221695088376559455095530 0.251433496585336419051802908097 0.483671186425792516735245471783
0.776501457147503821286643588757 0.392038179397728291706779364046 0.484174102414387572171965497803
0.854483047657939396428421826358 0.793054142637597525188736877936 0.799625447172315865421960390257
0.453764238384343566186503464705 0.581146497572251043580054336140 0.167228139349819349557742707914
0.256691720902435330820902744657 0.404462450716205804470754544308 0.327872331226360861694608781593
0.443825427663921301739284876928 0.054173228509283472711094586204 0.323570130689792675166491001928
0.732924875485870870655581308045 0.729690400671056451407474651013 0.574361220454024293643443750896
0.523794569637743329119071228143 0.069506627437800529649778024301 0.264224514990542282824743322186
0.370533131649979539884379361858 0.086834894793599733694283081843 0.082738175518394947693666492834
0.019869641318457115751682321342 0.402406368422775820492336929179 0.354607140557254166817994635871
0.300417819089229015810305438301 0.488277520281310070345901280683 0.607063568767264150537233136314
0.638905697315436431262144624698 0.263776075187014230537514457886 0.439676525849497860464853268392
0.957921441194904988448408829731 0.026636792010796900738795820771 0.394104023689601830172211946611
0.576807407638380960890536383945 0.663571552395820742182058542990 0.567864565278196604306177834253
0.266059657202060333547863853894 0.984665447601089688468084470514 0.918684860844406403603933650668
0.242884347658532697201958099379 0.636058935143348584272891349427 0.658131380145436488675055661282
0.419204976342689943776309300332 0.481914493247783502174323473536 0.433602362162006733936782837386
0.632857271420162612091149556165 0.140566327381596715227442145669 0.845985972639947071119290056033
0.851666112395729641198389801642 0.328662613304316844353137234346 0.908310555528082557249658430721
0.082255886514305520802535135319 0.484419217704580316854525802278 0.990029005710233567201686138416
0.659739506562480628094338225005 0.027620633951568464226588257999 0.416423899338502454945206775307
0.059242726018569147134636970343 0.917593114846673526722709526764 0.395201682659599336111100116896
0.564141122408660385826332361615 0.342575683693335431060846080992 0.676357606408566433525748876099
0.016082472702708718236434392987 0.497148464144695491009727083845 0.141626294360271160353861047577
0.038539574958548822600780413067 0.837458947088201582583015804024 0.878297313269397788083855133000
0.698618818834264098555355432678 0.969838715116110497385154723248 0.864460514830929052797593811461
0.588930279624858127637233958350 0.131565623891356370384682379233 0.135320938701053250824653604698
0.221518718734105778133519204719 0.911324125632187157651504735370 0.432456296096150477548784864185
0.215212073732539404963700348751 0.752989069840092108601766144322 0.969669792234580235257019851030
0.181293788311507584472222152034 0.349952858708459825870697985153 0.440763597962702148531245268347
0.092398028214273623881171770477 0.723100296424355652231363091141 0.324181860521661887570125362083
0.842151051269194710238093248559 0.071724727528571688055293503584 0.665350672136039589254926882418
0.874306425402267456952133532292 0.751486806904830861283442424711 0.397778379927711179364718031812
0.275458672723933543012741365430 0.401448168177236570136271305513 0.929430904066539846883241438011
0.983601715457389767906876426396 0.767768361369748038116893963218 0.219825393352607561846816387819
0.731052855800594804248465756278 0.955547025890865300676712068810 0.561430198022222152210948500684
0.734557727278439223330945068155 0.001421368924641290239022956663 0.862192035601789970844392133340
0.623019281451218818440203186093 0.718961700783736344174418270154 0.499553728318159548538008540915
0.266953100601316934825690503200 0.842853024726956490071222440888 0.746401206694747018015589103159
0.670355310529218283517783681588 0.531846480677564408353573465528 0.607808266911710668794470269368
0.644104809234164700972267003761 0.461660218062773026020593941127 0.367619777995985348902877133055
0.129644550413803024695990095280 0.466194738020568017537936817039 0.635897277329124613311350407751
0.266714339736771047549896549105 0.213477469722014252913269832348 0.684334644850416990641712930875
0.099736943665731386727912139626 0.106294632803570657083831104727 0.152233467585069626543346217763
0.594422232302972212521543466422 0.629312746772588211386623329913 0.012273440588539038488763110364
0.430313283723806656615606857040 0.054138643546514805619577766823 0.291887807898687680318018097722
0.172801078200082919968547317592 0.681705865705552842146490338070 0.343912380737299091386053053313
0.714767287269618481207894493232 0.364262313857761631114777045000 0.471095070036050131153358034821
0.189632355819777094868478646646 0.496522848437236221708212070939 0.655113675607467135543217909866
0.751441466513131368558165349473 0.804123266664625611012769645721 0.529642338083890706999889209816
0.174661476315733781859200572934 0.491348600619301928540152264633 0.908593402473701390055134231334
0.721076752388074857814357599675 0.861623043543679547671425904347 0.774599857161874644067327963459
0.415030354336593041199206928281 0.163888764646236215518273174199 0.141515918026135015005637570133
0.429142133155890625532980691570 0.391535124934902352368195364984 0.576839381865515496018347411848
0.835195351370861060752073133846 0.568778777517839609763869139170 0.046327815154130699059638010021
0.359512676528872551377721087698 0.273294505230386453415384736791 0.139943111152742031713608610352
0.836754824629614527716092983725 0.639460196519734930895097317486 0.391821529045146453499932650949
0.102056983609095836548881608072 0.824867522427034524402145014547 0.450176631102620077246565633859
0.202541994535410051223352656607 0.560567029117250712217734552520 0.892401718217787606548302290538
0.024839739007971370581917834921 0.395878283850360295288365575722 0.902878570166856695878388957380
0.530612404347594734983365411831 0.950261431252985643082722518155 0.057476418715292617983606238691
0.332793943088499971030026470097 0.631217034110891777990668904722 0.742210933957142546698950664298
0.646840185463819600868315699964 0.477905497446861878228795422047 0.771575827799385710596262869529
0.657309164020893638325367743717 0.602063767549545490889103911917 0.184327779655300231560332766847
0.840306200537190696788112825290 0.836749187539458946644633595634 0.266339847153759662938864457265
0.793626199233357860629348746771 0.249981553598059147109046895595 0.621381214179495405192387270750
0.057804019651464371877106169564 0.240648521943466429724989407797 0.491956536061918841838836626064
0.002680486288764367640175867907 0.374503413781183563649351955495 0.198099324274713006324727197038
0.688201054567541864032248153930 0.597321402060061216613673363226 0.980301257122943351192634841623
0.142072026296039520374437947126 0.652430573116997688813034449597 0.283260905382886577924332922981
0.900410636144254933642339268909 0.885218151267442423425793753356 0.997265814205100579927500202928
0.934350043073807262822104694822 0.361988857447517181051120725216 0.362500715481660193661805609075
0.446411432128254332402278443327 0.528765110704974339890095623302 0.951712358954143762331522779438
0.316114625764394509471757402268 0.645224830524993669499586384697 0.666811282823913400812792760485
0.442371962583273561078685158674 0.479314213771930842023259873826 0.763476866517818180877872154240
0.169153208238032389913029312286 0.884460810712976635036811496052 0.633087688346804586317950593276
0.338296322530376187065334909851 0.856820227128794828616997876674 0.751128007652877423469266086160
0.404397525835462491892995145394 0.732627822487917291520446505123 0.314737516196589935848524668235
0.125802872640101805760458007671 0.316345933656124162753439222387 0.008441292902838761546294942298
0.134960512731566916838672486053 0.077846306097607113858084855030 0.978271067640433960670526070550
0.337666589599037470868124855095 0.503661219551345363054772600552 0.532428659479227974238265654884
0.440273494497403274720604788257 0.401537047888639507620269736153 0.400134110502328269654517369573
0.298398926172802312591082685370 0.355126496555679527318200670505 0.546743061126945636011249122287
0.678534423114287597138486937211 0.053460271554437023810001875604 0.956635255571702398709951843221
0.162120373974998788397954704204 0.628369579221790938109409731934 0.412401873514168057779912354584
0.955232363145777620614178214252 0.753186739958908730820192709628 0.363024250029287612781351810268
0.550283595708124442268079628484 0.776740275244149054137011254475 0.780978980249204791873536475356
0.986002873678378116538140068460 0.168842015054437738484179503273 0.556567715826265416233494046647
0.736201625629820305825666616560 0.914148875344137574866925909385 0.889113503358174077974215501945
0.185794419238356629522069196915 0.572812908116385688054789197607 0.407773648383246584948438532268
0.675991067079101513683582383051 0.230753978699933769665618694688 0.800796068995773895135763511389
0.122470218266205934755375217070 0.086793883616110420935837440784 0.051110131799627712710480618132
0.159393625337204416801789143006 0.335330279555614260227282665372 0.537772433805137827105021489347
0.702050320199470203919497843845 0.020982401223495767470776334960 0.960745310684092442545963917392
0.291059371965154548403737513025 0.631740051371425877945923807707 0.136617537711840611279331307792
0.339794553605084464545731456456 0.755315540183380721979191620513 0.192174225796992278115779927533
0.438260933373407378575222307817 0.357935542382294895379051875175 0.939271750557639296067412044893
0.986763957571930826807559544564 0.478374904269930887924262941168 0.720814019309163757160448487434
0.199996278047256920646912156419 0.512513402603655875114998154190 0.106933066493700089343625876124
0.919277041784965491749961907341 0.956382389567562527599242993340 0.948822065970744825282115886668
0.233399756423352916425745517790 0.281078511628985727870676915718 0.983940484110448199718090409474
0.549255769373903716361181002357 0.575427027742563238147624838034 0.996951711878773945634256018501
0.389571769348658123632563366348 0.118838020542072750517668788469 0.744639013624628529142858857201
0.297661718369585549863884463613 0.270032540681476426929741399681 0.271788110309799950667701737462
0.977903627394523881407088468351 0.402575752422445652202600898761 0.311699712420400090673407217587
0.518098602943918466047893847879 0.912986571261343783006771477805 0.046685903757717099096452989819
0.522251661324242097111690632019 0.370139320542077824027663074812 0.148316821351854638041903049864
0.738333373612118760541486252412 0.151448398408814175368960343001 0.061264078055042462578668787000
0.905539824600264579158913070106 0.491639279593331034390758700802 0.270945089924926102289216252879
0.990175226166987844474643126692 0.723796706466428281557746700075 0.194336981465004083335466403339
0.976784713718698777477915213983 0.529789439255943927403181227904 0.786639465809176896864919010905
0.070611282119866919082044483586 0.002114168641631738854897072783 0.444763769173873099112552512177
0.003769596639376552809979894995 0.998791332126546121136836184432 0.894258053895849103877212462484
0.037451501932359659517610162502 0.318613271605552442974917992951 0.459433410360659151817424901259
0.395402373742215623655632284262 0.364358632501393546864312741491 0.276519264679877420018421676665
0.683863504877319199628239812861 0.053095491328218691779066967241 0.747041039352723787318641309444
0.179758265299116648432471847999 0.829575473837812317340990724476 0.134962762713317291439186360387
0.588052937953746651045150904060 0.376786281485927405643065451881 0.023806012563271973364898475958
0.589213576692477237878692991562 0.828100239174083077548478074554 0.113259713837967765859517830062
0.166284028015426385913891226579 0.410897129435321252508712685698 0.842961946853332315953015307196
0.068219140148487334269289983047 0.152352182635652165489574390653 0.858397544238057290039638611899
0.943974222665984277936032948939 0.451368436177636659710854161064 0.819775205966276413716010829604
0.966803974397833581507767566412 0.963980976337143865509634034568 0.501459449269831269283957172873
0.334733235361691232750606707792 0.269476269752800186777959140330 0.353732449721350881282091481781
0.801894106697088364213309168042 0.774844310875346591999612231711 0.833919632172819239314318562887
0.205206231538061969208994120006 0.854230829963466609104241030225 0.570489401867725135164924611607
0.245750602630331505265786715725 0.092277684896670854512822254405 0.894049481297654159186827010438
0.886123026707266010542191246400 0.739807336101557816935049405692 0.288554770241719973962620083558
0.795190874281577495193700515213 0.307754788400805066431347094832 0.122610955904383041703501614127
0.846742965962756423342682037511 0.061192949801520926070158910064 0.032368134043839941915730451855
0.248436138113871281113196485366 0.168823854262351926426633054430 0.327777712970900140212234692062
0.909562894939639173815976362961 0.571487570553824926364597440486 0.988956903082313993844503235837
0.730054019456219614514767891158 0.522182899676067720072470753203 0.275986305326785665608070692697
0.406734717130157423245194985702 0.680157971581520545414712963175 0.475224698597460486509129440135
0.256412627584272219090557769644 0.615097802102456525818842187282 0.964749536352443805398838915636
0.986529270922640191958413292350 0.935876300618730169491433038905 0.270284994673612654201168856953
0.622222218791530431658133656549 0.748289601432125242574472408229 0.904311945635586113343643854698
0.193105025268524923615763174634 0.441342561352705266258081403977 0.085704674079162894360974041788
0.299050964246363276928417483915 0.163468958317425100778051597103 0.710086890331073117588970389960
0.664669258407154931159990813099 0.564487060051710143469728433604 0.632732435662197427957317723410
0.320788233121798453285431794147 0.257253524872422546970476290171 0.400280709365190621093412423257
0.377684907329232195592710790540 0.668680545871095334902181177518 0.828063214730137135069521141303
0.714298201937412300201286951989 0.865803505352026051283507413027 0.124508433206543313623492116841
0.659146106389191326216518914873 0.982884843835344449265780844670 0.943195753931442226643613865785
0.850619938757404428758808405462 0.175739131112174209341519745199 0.785983587405353136804726644130
0.048008619893122682268168293742 0.671963630129621944413712467593 0.606140826911710084193564824694
0.411061886394904798417076451904 0.651794297213991226585096722978 0.993602976742174717845358846510
0.673290739762324767114484329117 0.092465013386876069658083739257 0.340363662201013034403816223501
0.101801119046647587089756311833 0.115470305855760085068950673611 0.994409478194151924589905087907
0.620397812832475727390200074268 0.295930076721108379116542591180 0.516728089508222948467530580661
0.569785230577241000372533676968 0.159790812910358582887135009323 0.349029133025227687412355126371
0.372181647449412352378754680260 0.282761200444911322992959445977 0.135858999718297675499452361126
0.929704409539284935972273176267 0.310951088786458551446715735422 0.101859953461712310095434134747
0.649605129597449928401346948902 0.788189309713715401759998423013 0.826620447149616705822766369022
0.101925578392460533270358657878 0.829560785889479994249561678133 0.177573062735433135124114490777
0.624600141698534132758619569654 0.549699637065292806532835403757 0.694573188287150764203356035278
0.668894459101040920127797881815 0.217597280429155572702491608791 0.259356904151258556354129603366
0.698973845559127313596522656937 0.993858169659277962153607503075 0.930530237726337388327746490993
0.429757203320464689838219215415 0.516619532977909627092297754576 0.646825676951591533838809303971
0.525435583943155114893093482418 0.906196485048603269155867820559 0.821804030746758777095036166624
0.054997624149646697381482056630 0.098908956398314565837850291202 0.326402271875562179316227533179
0.246355886447683818156335172909 0.758212087233537433965257011587 0.406062778023067943848877758258
0.245008409931224733662063696164 0.374800153759181380451114065664 0.722027767043589004589782220926
0.898611209269035570069783347908 0.543026871532922897307697212987 0.290949761646696690426018966676
0.441232133157235633167718551754 0.801052446387272286294693507440 0.860480104108937221525323041841
0.373936240616962614724752520953 0.954693538861569124802254959074 0.375238573715554628817792477455
0.149373068912244495694079891886 0.332854789883293568478800783294 0.515011793990309689218352138450
0.767383915825170716355053356801 0.259788651311738372999734099209 0.547686915659062437557342246436
0.049321143499644568179608336986 0.559835185256134931853092217498 0.714749659976736931176063193708
0.608230977083357728934331257967 0.653908521307140522728042935595 0.142217721186150180901831507144
0.808803269411603552986723085157 0.724966599904995571115963715843 0.858571093317386512141927563487
0.741175018077660921696313153762 0.987632297592160118224416818577 0.830035237075351965561044831848
0.612521281187208122865761333317 0.563448115668712471216725881742 0.883958967098553099733685781828
0.249661044904354037097099546033 0.635279311528594322786653962231 0.967915215009452935983759754541