  0.760836
  0.867423
  0.468638
  0.242911
  0.543757
   0.74249
 0.0949813
  0.475439
 0.0878143
  0.547388
  0.964218
  0.571383
   0.28342
  0.857597
  0.624593
  0.869589
  0.886587
  0.653412
  0.704905
   0.42078
   0.68312
  0.939577
  0.833735
  0.331172
  0.911563
  0.403493
  0.170368
 0.0296793
  0.412482
 0.0596005
  0.661369
  0.467633
  0.926112
  0.881816
  0.467283
  0.507129
  0.572345
  0.508515
  0.180627
  0.805052
  0.196963
  0.135116
  0.828518
   0.98547
  0.902732
  0.698205
  0.494641
  0.475729
  0.695196
  0.917257
  0.322505
  0.387983
  0.671316
  0.596443
  0.203821
   0.65098
  0.157972
  0.902874
  0.989891
  0.107787
  0.427614
  0.293474
  0.813372
  0.809682
 0.0672224
 0.0639025
  0.027534
  0.349149
  0.498873
   0.76615
  0.385013
 0.0202813
   0.02293
  0.214917
  0.175259
  0.839063
  0.489227
  0.428468
  0.454382
  0.301639
  0.175686
  0.825852
  0.700371
  0.777453
   0.30663
  0.078362
  0.529593
  0.227245
  0.981094
  0.698872
  0.905131
 0.0103534
  0.770825
  0.802846
  0.922966
  0.631417
  0.718303
 0.0574714
  0.788255
 0.0752441
  0.858828
  0.901784
 0.0298954
  0.510825
  0.271115
  0.594995
  0.145776
  0.667431
  0.752829
  0.818141
  0.843731
  0.410699
  0.172702
  0.475027
  0.331934
  0.849879
  0.591049
  0.567948
  0.443971
  0.198777
 0.0302485
   0.40296
  0.995623
  0.851712
  0.293436
  0.416608
  0.346257
  0.163707
  0.789526
  0.180205
  0.169235
  0.680223
  0.378622
   0.15511
  0.304147
  0.464466
  0.293173
  0.269019
  0.208015
  0.174643
  0.654217
  0.691617
  0.974939
  0.512109
   0.48328
  0.470226
  0.668099
 0.0787952
 0.0421787
 0.0757522
  0.573616
  0.284926
  0.789723
  0.866654
  0.510773
  0.854639
  0.039343
   0.41005
  0.652779
  0.634284
  0.228876
  0.522334
  0.826978
  0.311167
   0.30913
  0.808846
  0.545987
  0.867355
  0.972531
  0.809244
  0.690983
 0.0355346
  0.640635
   0.10651
  0.252625
  0.666849
  0.309402
  0.211878
 0.0479496
 0.0920538
  0.759568
   0.43479
  0.852668
  0.176602
 0.0541326
 0.0460879
  0.398949
   0.15414
  0.921111
  0.935175
  0.190665
  0.231629
  0.622775
  0.121659
  0.589436
  0.853649
  0.663182
  0.130419
  0.563166
  0.227406
  0.503539
  0.604208
   0.22294
  0.966361
  0.157984
  0.782895
  0.251995
  0.376775
  0.545974
  0.903677
  0.573468
   0.18699
  0.228374
   0.64378
  0.776059
  0.298857
  0.876982
  0.924239
  0.252111
  0.162115
  0.461334
  0.192198
  0.482088
  0.985758
  0.734857
  0.646059
  0.368145
  0.695127
  0.185491
  0.706733
  0.810527
  0.488148
   0.88852
   0.90263
  0.374454
  0.220726
  0.769124
  0.819685
  0.119625
  0.331064
  0.735785
  0.527658
  0.956516
  0.194331
   0.18149
  0.843367
  0.671138
  0.962187
   0.49745
  0.247548
   0.48258
  0.250912
 0.0444347
  0.890418
  0.811786
  0.764213
  0.591084
  0.953507
  0.904589
  0.757829
  0.607852
   0.32587
  0.256486
  0.968964
  0.186244
  0.122625
   0.68217
  0.811002
  0.647792
  0.896054
  0.404756
  0.932638
  0.863397
  0.243697
  0.561299
  0.572191
  0.367046
  0.548291
   0.44612
  0.759611
  0.891664
  0.438649
 0.0885086
  0.788454
  0.430575
  0.832019
  0.764891
 0.0727236
  0.982209
  0.903803
  0.623803
  0.848668
  0.181298
  0.452738
  0.417946
  0.679112
  0.127472
  0.831124
  0.647651
  0.338424
  0.980886
  0.925591
   0.17454
  0.333937
  0.967733
  0.653918
  0.646283
   0.17649
  0.266946
  0.275021
  0.561999
  0.385885
  0.219686
  0.649659
  0.749994
  0.300957
  0.967343
  0.399931
  0.765629
  0.778492
  0.234423
  0.773354
  0.475283
   0.39288
   0.82677
  0.675008
  0.019233
  0.695919
  0.945773
 0.0755609
  0.244123
  0.486513
  0.503529
  0.241563
  0.858506
  0.679456
  0.225839
  0.074049
  0.830199
  0.241914
  0.721286
  0.230674
  0.994992
  0.991413
  0.111238
 0.0848045
  0.163156
   0.45577
   0.50962
  0.117077
  0.399949
  0.937052
  0.596852
  0.429918
  0.078757
  0.363281
  0.276721
  0.099996
  0.565193
  0.603494
 0.0582116
  0.927119
  0.894588
  0.878901
  0.145032
   0.92879
  0.180182
  0.275607
  0.867243
    0.6719
  0.412235
 0.0101684
  0.194806
  0.131927
  0.580828
  0.958033
  0.272696
  0.701399
  0.303198
  0.369394
   0.27625
  0.790098
   0.77299
  0.500118
  0.761942
  0.170646
  0.556201
  0.839258
  0.216883
  0.453783
  0.751887
  0.137669
  0.527849
  0.752211
  0.601582
0.00224675
  0.985885
  0.656669
   0.29212
 0.0273176
 0.0635347
  0.342621
  0.975141
  0.107729
  0.245936
  0.326725
  0.365782
  0.963878
  0.825747
  0.510187
  0.126107
  0.502753
  0.500388
   0.99161
  0.831487
 0.0079789
  0.406081
  0.487554
  0.283066
 0.0310875
  0.624673
  0.157749
  0.550005
  0.118881
  0.971266
  0.986286
  0.203804
  0.310342
  0.836777
  0.563946
  0.192361
  0.970332
  0.954951
  0.241264
  0.573667
  0.355439
  0.637323
  0.248351
 0.0882164
  0.122476
  0.213216
  0.671343
  0.332486
   0.75434
  0.173808
  0.302699
  0.459467
   0.19457
  0.672516
  0.838896
  0.257974
  0.355687
0.00960802
  0.322636
   0.39983
  0.329103
  0.927456
  0.746375
  0.463574
 0.0594582
  0.176082
  0.161681
  0.536909
  0.752628
  0.890818
  0.338701
  0.821429
  0.604295
  0.273017
  0.420381
  0.355098
   0.50708
  0.816988
  0.536328
  0.970971
  0.807208
 0.0329357
 0.0661141
    0.6834
  0.956473
  0.511025
  0.920519
  0.031941
  0.362884
  0.960247
  0.853414
  0.983146
  0.315903
  0.453011
  0.492439
  0.813184
  0.490698
 0.0389564
   0.42851
  0.586221
  0.709446
  0.505699
  0.195654
  0.643877
  0.150339
    0.4464
 0.0826542
  0.225377
  0.546969
  0.531609
  0.270726
  0.787721
  0.334112
 0.0398759
  0.776207
  0.791774
  0.188878