0.917884872153825082108369315392 0.640890321997172107693074849522 0.298096733601385388556792577219
0.181628299999979453405174467662 0.075906831530316340450603718182 0.584809147043220178829869837500
0.620575900845059535981818044093 0.270876622738767169895623965203 0.591826089292162182964318617451
0.430673676495295087995884841803 0.813799476972402513474946772476 0.700830395740041023344701898168
0.804117072605104676874532287911 0.031542960695417857075462109151 0.300371409121531041108710269327
0.758995231251226587509961518663 0.126608602391155206090544993458 0.144605229268213536508724814666
0.853825990179962635018284800026 0.461321941065052421038217289606 0.869519043400139191035691510479
0.809468185965179443108752366243 0.779637519036639581315739633283 0.420677426227296646921161027421
0.859707997762180098355599966453 0.005447797823524737868827738652 0.112729510022896189935792676806
0.503461842806828041574362941901 0.233466298360304386205754667571 0.834506707936848002304941473994
0.759945691889897356752214818698 0.183854115315540966868468331086 0.285219699485335542732400426758
0.268785688208608430915802500749 0.609972700450516325254568528180 0.060662981898993814655618450615
0.425381801154346150806162540903 0.117110509908460502792593160848 0.857068844436283727716840985522
0.659140992934978409145685418480 0.407708184348443469779965653288 0.834666560686762037946095915686
0.985720758257713214334216900170 0.088358127073475789536871616292 0.628913927131150907179346631892
0.892998914406817445588160353509 0.581969396752576417775060235726 0.642377877953649978337580250809
0.947517546259264653585319138074 0.066648251219923848598369886531 0.514859682079394365139535238995
0.978405800148546056504983425839 0.982708879789730538334424636560 0.383581619749076396796994004035
0.835065766996035963032340987411 0.315285995866395274411786431301 0.453626518806253986593191029897
0.824726062167717710593706215150 0.724362777284141778899595465191 0.599698155006388233800862508360
0.185490557319634263855334666005 0.678477061363637390378755753773 0.974980496021062181810634683643
0.740633973794339928176100329438 0.739504930757214573588953498984 0.736876885880861531852303869528
0.139120041159292717747320011767 0.939269867307935713007793765428 0.679496943980221201897506944078
0.394379141497947449668259878308 0.760230219640972815220436586969 0.358346830387417825125595527425
0.184792476074853467826741848512 0.159404760383655280664427777992 0.451643223657672343573921125426
0.532766633760387242624290138338 0.600986872375279035374262548430 0.389569158442728158409096295145
0.605209303613349014483446808299 0.248041714609111285660958401422 0.685144584938722878142414174363
0.595336107181330564941390548483 0.249585046807015820125030813870 0.000438624357880587232780267293
0.644377206180192563245157089113 0.505740185763495775361775486090 0.020132469734418258905384035984
0.679118829196779572043851658236 0.520591195569417131139289267594 0.748681619350188509720567253680
0.521307104416730893170495164668 0.424428257998213209756244168602 0.493625361103952109420589522415
0.862227427729606588080457640899 0.939234867717666399578035907325 0.673790283116995625256606672338
0.326537220102052605508191618355 0.207664380826984046324312771503 0.884372730704920728683759989508
0.867188078886985680426846556657 0.023250675907950060783413448462 0.820448770356229761802069333498
0.153544152888079210583782696631 0.555270773530882721935597601259 0.263132427475075258982428749732
0.474579483408674118738446168209 0.729104781383957956109043152537 0.675249247556355070010170038586
0.872537398684100073964486909972 0.738329687433232462190346723219 0.665158244336096715620954000769
0.404878122520974159659346014450 0.456191177637157718738336598108 0.708929739477958897886367140018
0.406975903768773350499543539627 0.808951441807615467816106047394 0.042031025470662897181028938576
0.227202662874052108143985151401 0.451356268304638319488475417529 0.260889334530380989640718780720
0.086732792912436476595594569972 0.760027633617792464093554372084 0.365965629834974937040215081652
0.042605010994291633852348866185 0.898505676871664715754661756364 0.602991058976703131477847819042
0.429536603802039174127003207104 0.017335291000017263168819781072 0.792453045781419618265317694750
0.934886774265143327689031593764 0.597375786655374940714580134227 0.238368527609690405988374095614
0.482421619135665058486495126999 0.531533330700946993196964740491 0.101420670549933894521998922755
0.175085833649089861463465922498 0.737595096625921264887892903062 0.112514179946110695618166630538
0.255737336688392158379201646312 0.350052234328219302739171325811 0.196095627190128352079767637406
0.786748130823581415249634574138 0.891879234238239781973334174836 0.502739181713769078818643265549
0.267700775719970973653971668682 0.769984258173072477760001675051 0.541656065046747681179795108619
0.909803950028395314042484187667 0.010684773597892592914004872284 0.664163809152415018921544742625
0.576731135954977824908951333782 0.562680441963396060778279661463 0.224814425090537867157891582792
0.703150428988209341696347109973 0.245813238449788140638219147149 0.481854278670324653877088394438
0.245953712079851866123547665666 0.571324104902923735060937815433 0.728375640024921056081552706019
0.613189809565903187760227410763 0.227941101623695574485140014076 0.134881770626830849169053294645
0.611550182821337440230990978307 0.889828027370456520195318717015 0.288870339610877824298995619756
0.752114335331016126140468713857 0.808133521592129810962035207922 0.736991805161180790761932257737
0.203286259664575169603395465856 0.440368453796821046619669459687 0.739568899894258668936686262896
0.745557161608056961910051541054 0.364144692572091366322695193958 0.183985492599122363310826244742
0.046203010946412922943515866336 0.063347840926323673027553695647 0.831140976495721717220988011832
0.949095508005221688563324278221 0.118711912140383110680907918777 0.705320211451904155453007660981
0.197023219506232305509030311441 0.985290503918765714352900886297 0.342096726335526901685568645917
0.371603002829669182283112149889 0.194903648831968895338562219877 0.793845961502012031907327127556
0.264995899075810337208736200409 0.333385968355751405312048518681 0.591517522993031397149366057420
0.230338093601479665384346162682 0.575180139269466872420366598817 0.327081340460136704706428645295
0.872959768566730520689134209533 0.965979438357297381934074564924 0.451438261072267421614157001386
0.637205751794273522747857896320 0.854738401516960011328194468661 0.044485354473244573259016476641
0.155182798448847969474684305169 0.844934712426014589148337563529 0.759833294924634250477879504615
0.451425262022776052628358911534 0.510991064228411673298069217708 0.633770678383281049761421854782
0.557223136017261033714476070600 0.241034444931440938741928903255 0.611435596931370950457562685187
0.628193979891652709568461432355 0.573446002815625632820228929631 0.523930072029978433079122623894
0.462255390366571261573369611142 0.666431292790660378955180931371 0.031115477656035457620919970623
0.115208973659757935026348718566 0.056265241706448192171574618214 0.464517045590085886352937905031
0.341344412245963957364125462846 0.605429395474897491524757242587 0.105830663321156773215570012781
0.935737700677448547281755963922 0.399947353122251214596616364361 0.982119652083705663159207688295
0.110447554179712942312718837456 0.851294884000399765255906459060 0.241053990412593233116922419867
0.507650232955015878744120527699 0.624333242276392530456519125437 0.312626361648523809488864344530
0.487275762237656118180950670649 0.058991044166471044707389381756 0.118830513231574314003680115093
0.910023102423655250170497765794 0.493882207829176578250951479276 0.544750555798827362785630157305
0.879420652635098387683854070929 0.861381594302555786413222449482 0.140021562357854567615333962749
0.400633855242899461490679868803 0.276235942111526022735290553101 0.014078232979539834213156268561
0.031101072364364046318740975039 0.592841468434163965106620253209 0.751860087513303021466981590493
0.827904297267674449400942648936 0.337143437016589997412552293099 0.050167547076189027144277332582
0.392466937470919208230668573378 0.802029588945480154116296489519 0.446513077781758860318461756833
0.653605885709941158978608655161 0.960781275306634929833649039210 0.000619125617495962232705863926
0.453437103528250895490003813393 0.660945261686188834104882516840 0.219112779049195460778776123334
0.967059077822443935446017349022 0.989197692129236028080185860745 0.655908964503378877353156894969
0.773838949915166551818401785567 0.624672180248791564238786122587 0.996610544469898607111701949179
0.470361314035600164285000346354 0.145137947311532788940979799008 0.119983649405287370881545427892
0.775369029973033918601288405625 0.743710011101132328903418056143 0.556681742498936871221815181343
0.475532878737246034184238396847 0.745046801307385542223471475154 0.880619853327996748859618492133
0.168309013363700410437218124571 0.319739064505852932374097008505 0.391571634030707549367633646398
0.511830102426015898231526080053 0.434271150538392824991262841650 0.744614673619112155122934382234
0.102808899424244773457282065010 0.460782216219960794045817920050 0.447432224226765762331581299804
0.134187529169030733688927625735 0.561638076818432807613135082647 0.493941096990320238635518990122
0.607615078266221519953660390456 0.742592653259052992709143836692 0.900669889889723407350174966268
0.616941022662011118171676571365 0.489632116247719406665339647589 0.806291247687965784152197556978
0.675480094846690803933597635478 0.463554124509010512245055224412 0.081756168261596817714575990976
0.868584451421606784649043220270 0.079775827200473659051027652822 0.903293578419835707649099276750
0.757239508278622408532498866407 0.010808158239592989546817847213 0.320668252090618555172341075377
0.981122823346295525048788022104 0.195313560117947399019655563279 0.834694607870789306858227973862
0.668781753827435210268959053792 0.077910403983076567668852874249 0.821232999844516919907277952007
0.110381985433246274097562888983 0.885513051464080436225856374222 0.347662375822673841430088259585
0.099944944694936130313855926488 0.170453035569082422817643873714 0.113585980683356360665392514875
0.584102115852975112275657920691 0.742058788131239488450319186086 0.596565105255343897106001804787
0.244308539277050651428169203427 0.942299522865627681156297512644 0.834710956744369347859446861548
0.590791493692460201181404499948 0.566565715432087002589867097413 0.722419463093591507352186908975
0.861504603314849348727477718057 0.969719510158476905026248005015 0.831694350316150576851725872984
0.010629270589488511514209001518 0.329795328052488900816285877227 0.413369169411983983231095862720
0.113301824459037872583344608302 0.408528712899484280907103084246 0.313219080934772020619050181267
0.899447876230192733260082604829 0.218610433352637939519169663072 0.887813444451028166426453935856
0.717812130903879852539262174105 0.507463669859724020305691283284 0.365604726313011718641377001404
0.998223046636596667013918704470 0.979371016461595189639410818927 0.927808503654528049509053744259
0.042361419805481886902143173756 0.329792927119808565450398418761 0.895406573009092210391202115716
0.747693401430763571191562277818 0.627428609889246757802538922988 0.046030080391219960200821503804
0.838612988577387197253187878232 0.961161777660914040666284563486 0.649074577384544548763756210974
0.216268867811421128255489065850 0.659422825432274706258795049507 0.907564308938706210128088969213
0.330759403848864319552802726321 0.681384307253220633526780147804 0.736990809507111932497025463817
0.484674237851166422874626960038 0.047335377598279090860522444473 0.762912806296440759723509472678
0.813928485112887845076556914137 0.676211760795359717590713444224 0.228797017214509401661359788704
0.145820035053101149102872113872 0.172242667894385442783899975439 0.096588713782335716695470750892
0.252724810690981405159050154907 0.364507498119653827739483631376 0.973425333940542203414736377454
0.729490137561335294513753524370 0.120686096646364537932072380499 0.653706873634600671429950580205
0.346101105880188664176699830932 0.795850250265538128324749322928 0.130627556677638617665948572721
0.671385344646869497431396212050 0.800347394023987024347377428057 0.971821855415992974513983426732
0.500057650865522784755512475385 0.426783174303135226512750932670 0.191048324674241709608679684607
0.865980350189043290853874168533 0.504390755509434129955081971275 0.201086399821711614421815284004
0.699546111325211827924874796736 0.086575854208986016691262932454 0.430377068175856691834013645348
0.203510726546897641187072736102 0.487282862494110569073768601811 0.992125131383946534668893946218
0.519240445463709510143246461666 0.959935427026961218821554666647 0.547741002435389479074956398108
0.479763389885837499004850315032 0.073173915334037747948414676102 0.439746414061183366062124378004
0.245176063117962833581842119202 0.503933266606038210433382573683 0.863559191059306785476223922160
0.836081370351710151389568181912 0.668559030072312876491480437835 0.542959590376259071398123978724
0.158819285633530427048754063435 0.038997072702282926937034090997 0.907219234109630678908331447019
0.604335137809730804647756485792 0.340808481958906339670534180186 0.369235599035825756697448696286
0.078865032414808577954090651474 0.493814799046357111311777998708 0.009814761060062801925618636290
0.651411149503618558398443383339 0.804643876898578414014195914206 0.118359936888090183648714059927
0.842259475819548963926308715600 0.630823055368392338060345991835 0.835199634041374316950623324374
0.775364515285906219510536629969 0.673527911442257321006366055371 0.302182687006720462896680601261
0.133973330634482024059650484560 0.767796489716486840748643771803 0.993148867078747277226113965298
0.610921613079950742708490452060 0.307984738665817880942654483079 0.338183958977293308567624308125
0.490448875810118256612923914872 0.276161741484833134219201156156 0.421099103019296483463307367856
0.543935548568983184836156397068 0.620907555894070650737148753251 0.917788112575722347941109546809
0.181246274696366033163386077831 0.613956630711391060373216532753 0.044057654650012961772276298689
0.813268000361695775346504433401 0.622997622398698047696541379992 0.049900215028999141131382799585
0.473257113975889431856103328755 0.787035664066402684824197422131 0.889699159045619358820999877935
0.505687590273217524305948700203 0.804752506672446243918273012241 0.712664486812792374870184630709
0.145495551627604191580189763044 0.423804172818601221361944908494 0.468664674309970441523631734526
0.853777592841689081382128279074 0.557018697209676894033236749237 0.574246643823589919541916515300
0.139516778651251921461451388495 0.100626645568160047461425676829 0.896477738137347102131968767935
0.484724308952234839154016299290 0.519663279693199364750455515605 0.685802019311869237583323410945
0.486291857324093912406937079140 0.830031362794967253471156709566 0.751067457147673867012827031431
0.523445648013842856904886957636 0.071112586903832333828923140118 0.228991722968816091565713577438
0.510455830666177723387022524548 0.804986433416253976957932536607 0.943848835214642911672910940979
0.499753641113907576265518173386 0.766651177998546762282217059692 0.608872469995909937345857088076
0.177657699920474865251662777155 0.603218836424279536423398440093 0.210322475251348478542112729883
0.311942126005860131954250391573 0.468621822496987971984339083065 0.680237215095589320412727829535
0.513958453841306894815943451249 0.650496743791558307279387918243 0.607950668666986659971485096321
0.738530571246621803105369963305 0.522712602861635899920145220676 0.193359500004294221353617899695
0.741702860298972366237535425171 0.442677152273691865147497992439 0.083398366077411606456237791463
0.276230838518968901951211591950 0.184926520944962202719352717395 0.950650294680125407253967750876
0.084977299293853239547935629616 0.152811996443256770117358200878 0.417940891946863790629151935718
0.393027047134135443240410268118 0.003604333801913167309449725906 0.485803892224902000851471939313
0.653099328120319011503625006299 0.565724554485634079092903903074 0.149437901126030281417911282915
0.036015806248612891593552376435 0.124098505454203492104348072189 0.277566486842252657663010495526
0.944661076313545788885051024408 0.196451990651879099258891869795 0.463624568065812814321446921895
0.629305804810938451687718497851 0.554204777031594875147391121573 0.741761908744738795995488089829
0.596017139052738231796979562205 0.543728977585318462573127362703 0.975731176280393741606644653075
0.839957233476880893441318676196 0.939530133512090692704532557400 0.131262296999036132127969267458
0.338643095340144251181868639833 0.930023970057820337231646590226 0.105858628061710022261188157700
0.955620276698476045496022379666 0.469849623151213813265769658756 0.126829082529388598166164570102
0.804292215286684708530628995504 0.888298436714822003956726348406 0.430012589080754625836533477923
0.323199159119507584136954392307 0.607367772005779960053928334673 0.771473207338606581373596782214
0.645301027034271723614722304774 0.340862714463742388915079573053 0.346292000280167988623958308381
0.823654847156626845894322741515 0.350199327589846343133928030511 0.677295718035432647852189802506
0.978987145086500532009665676014 0.127220252509566644771865639996 0.845649080984887224765600421961
0.660071491607467808471199077758 0.299279848192045616617207315358 0.592267490968997334377377228520
0.209014680402803409986489668881 0.172604993434712999933466903713 0.643761573461664515782842954650
0.801813898336778296815907651762 0.840586821991771149242822502856 0.485927395397051986591918648628
0.949910514412524942251536685944 0.193400666457877568049639194214 0.702962288249217137625635132281
0.509771115271848707095614372520 0.128832344437024015615378402799 0.337313912192143572355007563601
0.781949350423520428421397809871 0.567459898104392790330052775971 0.298696071071186453060875010124
0.070865141524969116337828722862 0.210200235777429966788076853845 0.075516346734007547270017823848
0.644764195611282286968446442188 0.630093687346100050916675172630 0.596590761946858005870808483451
0.628645983939997932132826008456 0.655403198398412434322324315872 0.808551949311626994010282487579
0.402339964973418173777020001580 0.886773189985470278173806946143 0.192512278050451762778649822394
0.146563334066940581523752484827 0.801390266771595749517587137234 0.741474144756583575244235362334
0.754556776864305445151615003851 0.899971520800935453898716787080 0.753281126952576873812006397202
0.151370953413369702111879178119 0.227744964941637678679242640101 0.721928203377098176574122589955
0.453711584199373407777500233351 0.924255290087170888746470609476 0.347131620773992344286540401299
0.689396803544679470654443775857 0.769443891031649229717004345730 0.656445553222517852454132025741
0.029307898524051877175988778390 0.419677741286407779419675989629 0.498822789323985438247888168917
0.560035467643938855708540813794 0.648331717620871161855689024378 0.475079792586679705568286635753
0.427104537659709737607016677430 0.056734180400850077463648091225 0.157752075361344723525292010891
0.589469557977270630644284210575 0.080990880536873074979631326187 0.251386080589021676523486803490
0.170277860239470807401929164371 0.857007707775093274804589782434 0.846909757307707233842108962563
0.241796442475103012803572255507 0.318716743588623008243132517237 0.643559496174085809983012040902
0.211059427143924893677251475310 0.784053791470654792838956836931 0.450074251243273049105653171864
0.791314249171292227735818869405 0.357153801671838078135579053196 0.390407918483701599221546985063
0.314773782856773265415029072756 0.419766778909510029915708173576 0.393057895231604004226966253555
0.431983877039843977563293719868 0.059383289627374241659296671969 0.966074563086302240400016216881
0.975268193006718964177537145588 0.226640391051311146375368821282 0.791191996365290028947470091225
0.028473965765131701438628297751 0.847084156850966274454606264044 0.053447143516708289778804896741
0.133914489552825921592216218414 0.330645747698841030448591027380 0.803111816073124318293707801786
0.780125254110126342688147360604 0.960556043222163369321719983418 0.753268111752191549257418046182
0.083223331932002694855121660567 0.515585284427791279426855908241 0.898462628360583770437131079234
0.974787087016060316280174902204 0.792922693687504120951814456930 0.356172471282808378312267905130
0.582926481247577954469818450889 0.489344505437979138129378497979 0.105686041734295951832756088606
0.472698223786737425911042009830 0.386968866922484167059081983098 0.642723389436249847861404305149
0.220351087039584225824029317664 0.826649183292036404679947736440 0.104034278938898064326146197800
0.272272395305944159282773853192 0.430727930042996420834100490538 0.068583570045069472409515753952
0.140880488910743367769740075346 0.847344844401967223213034685614 0.297670219963978188726372309247
0.280179593407456239972930234217 0.749700291170089849757118827256 0.063681971543057422358025121412
0.447038971462337952900156778924 0.554617662577337133811283820251 0.132439249646567808182950898299
0.631070195174880610444745343557 0.392911457486079085388297471582 0.027284742986946913800849756626
0.940985813870840237527204408252 0.933146272652195296615218467196 0.601318975663619137428383965016
0.007260450313357310475614880829 0.830949931793785290246034946904 0.319843872322910671712747898709
0.950415756282762536066854863748 0.100772229173166041893416888797 0.203544696355128090781150262956
0.367187710815702061939447276018 0.278274866287725131108743426012 0.668989358983712922857023386314
0.843677707980792446207374268852 0.589325160681496429404546688602 0.292816344408458273385065240291
0.534881504025057852302893479646 0.265908266130401305105124265538 0.354763991650227150653762464572
0.640457644757721378248049859394 0.583630133371188741797652710375 0.164674900941691265687794043515
0.146231696153684920247428635776 0.954340313693689212826143375423 0.901673639611950683558916352922
0.948896712121044205723308095912 0.312332041750183309058996883323 0.037025302341950686035865203394
0.663252476420699177417361624975 0.792840774041287388307353012351 0.585181357353744657778804594273
0.196652822399372373407544500878 0.829469116431308051140547377145 0.884867643222109867551239403838
0.653687803134451961284412391251 0.884110304451727113672632185626 0.147733439145468131714622472828
0.394220794560072529399974428088 0.419816389379462362452244406086 0.603755845624736053878223174252
0.529494776253721877168345599785 0.655408790682688202622330209124 0.145601679703631858853185576663
0.803628283670146492667640814034 0.746152493621282331126565168233 0.237619996265664740198175763908
0.952122897644421928298186230677 0.093846425446811987391981801920 0.146266470187838643068900523758
0.116311419802358484432147633925 0.830828286078514666179728465067 0.187325150128209133582046774791
0.421105752396739974052763955115 0.429943279885931395334353055659 0.166101709630477017975991316234
0.754326260167163531455969405215 0.719369817051670357166415215033 0.255517367337761147627617219769
0.935138159220648579328383220854 0.493524764869015919455108587499 0.905048213204422746791522058629
0.432437179893388146112442882441 0.988350438268542408337680171826 0.421251971671928404639118070918
0.080860358248293962013519831089 0.207545106962222836166631623200 0.219834127635979204029581524082
0.378531023143587719292924020920 0.983501470641079622581059993536 0.152105143125194380848697051078
0.793584059760910509595532857929 0.899803401457103357863331893896 0.853202546021304297774179303815
0.703746220065393668363640244934 0.279085637229407657056157177067 0.149624473411130803901514241261
0.555546245719538034357753986114 0.091754539919448749318853231216 0.615534690682706386866129832924
0.690366290156432693692067914526 0.612686962073605734246939391596 0.752911529729251793874311715626
0.256337994700713056595020589157 0.992309659390485099272893876332 0.570064322992811844947880217660
0.508837665404495265164541706326 0.127931632142340739877184319084 0.519032604891405791036618211365
0.084281521485930516179863047910 0.286581464644693917342976874352 0.437274679313819136794450059824
0.384807871741963902767480476541 0.064790232981897552533290252086 0.988699405723224677977611918323
0.471482792162896957588458235477 0.020407572590172121801410654029 0.023363388005229680094432254123
0.444998782058172448472532778396 0.539549961665368726926317322068 0.916195635568389121772270300426
0.071181367934047612422432393942 0.796165642991997102306811484596 0.349923756163420474063485698935
0.052237781272533333198904159644 0.509331181001384303286272370315 0.137669900598881012054874872774
0.588464056287119730015433560766 0.268223083261600214743936021478 0.282340375910363317046858355752
0.864885060453348453179955868109 0.277946221776955604276793110330 0.828099034944502654376208283793
0.343296688324485121945883747685 0.157649711290419630715931020859 0.471438416296923734627455360169
0.707316355675006724901265897643 0.824343684264914666748325089429 0.090546905539269237350730179514
0.794518717693531328905010013841 0.960523288671005559535842621699 0.755846271770912681020604395599
0.194497932588896138561551651947 0.887682010204958071852843204397 0.234750881940608308040552287821
0.004107190311620537680192821739 0.383887076321519471466814366067 0.605512660332440111332630294783
0.267133824389238883068031782386 0.071794092248064739214541418733 0.143945224881951522322154346512
0.497889523275379997091505401841 0.021649572086862890751834953562 0.142144452933205378553083164661
0.783864384945163084061903191468 0.046521974557721897103323982492 0.342663522671698084209879198170
0.351543532755018817148595644539 0.645086008411423716957244778314 0.582455283889548813824887929513
0.062377102308628987192840043008 0.547523792542313758602290363342 0.316905545015586043167132856979
0.205148165503697466061083787281 0.818397593215892671381084255700 0.219778110113403923886465918258
0.507068382821844854113635392423 0.628401130640256044834757176432 0.150725856012918130177880016163
0.205462769116225546506271371072 0.257574255246576122591051216659 0.933959747999437150944856966817
0.614330198258605242322971662361 0.416095747501562085446380478970 0.732889764798491216701847861259
0.758759741771810158894595588208 0.147696830357946229383969694027 0.936647749157741849046487914165
0.216942505307517879975520713742 0.120532522149233892183595173719 0.914341805831027754081219427462
0.002270136555952170006461576790 0.899444821610010047940875210770 0.608735421205041427050730362680
0.889984575286648760261698498653 0.121576029799109128215484076918 0.017229190893148175339755212576
0.071070713746689620493590666683 0.091598691539207549583423428885 0.806492336492150574400739060366
0.244703314153448731049778075430 0.650623347150611430755873243470 0.342882530649677441658695897786
0.768890623689673313734260773344 0.302011169837877180288643330641 0.925151147719105892974766902626
0.091413079584883275008344583057 0.887340736416433628619415685534 0.123765890073200643395345821318
0.915864797866926649838603680109 0.020923326871048187475254920287 0.146807498704241895515210103440
0.578850822839950929221686237724 0.094286527236195127876783317333 0.765132016796171599004594554572
0.878496793367799622131997239194 0.680474287794689991493157776858 0.286092970541617974689074799244
0.328262286842062878111647705737 0.283893285117896465585829446354 0.210350028556353596531636185318
0.367638054119894530646917019112 0.664459316991828252696450363146 0.912255580242395058832016729866
0.669300835251112391510730503796 0.153934066499956806461923974894 0.360534642578500041931732766898
0.449558541760106067375346583503 0.164540271912567676038108288594 0.239526829779817429511012960575
0.748848234702761295089601389918 0.422995915575249292750470431201 0.298010184757018792289784414606
0.385553113415454895562817227983 0.181186698418445063518689153170 0.326723269383884407091045432026
0.113953173586008996154284034219 0.906829482886307047806440095883 0.967171904257490666623198194429
0.830606842179942850279417143611 0.859685580057012899146684503648 0.445716450591816859549965101905
0.819001004768566409630636826478 0.250401575868339165698017723116 0.540936321727387037228140798106
0.747660115970610550384378711897 0.429654161527952715982081599577 0.581086570903433075052646472614
0.093769503059995068516840888151 0.127982033094669017669886557087 0.273932214155585773696088836004
0.054799611200778461372884464708 0.157131146927696668802454382785 0.278535464471222682369955236936
0.413874457940028694924450292092 0.492283338317575258624714251710 0.831599728855206277167155803909
0.894289144310300376794486965082 0.907664919525705160552320194256 0.088757203063107886764626641707
0.091863632810314357901582127397 0.862374815842424813361333235662 0.275536914668177090881329149852
0.377983600772045347238048407235 0.661319373358219775305144594313 0.131563618328126658019172623426
0.321346127793532054806036057926 0.274907972897794172784102784135 0.539257117254187789967545541003
0.086229089147223034195199886653 0.115813905638776082351881768773 0.571167756545919003130507007882
0.410905550913070238827629054867 0.301922892405545095773078401180 0.308987159844639480699157729759
0.912754643776846674718683516403 0.415057415170043020324897042883 0.379849724977168734518784276588
0.000582284514582057707160478444 0.620727273699378079285793319286 0.110120649826224450973377599894
0.577842609697444165028912266280 0.374597704992953473013272969183 0.622767332033715259598238844774
0.803388741134714923219917181996 0.853264446243287344451289300196 0.240502745348799062963252026748
0.200364585870624667407469132741 0.179889776472508283733375833435 0.056346723815351759667713338331
0.106326114249214787044195418275 0.110483924578587411335917067845 0.350829225716544790270035036883
0.320551796935905186636261987587 0.429300543788722177573902172298 0.573773013835701006790657174861
0.106668403493070745868820381475 0.381856529236587305398131775291 0.009037803137452700766307778224
0.119497786423870544503245127999 0.560337103812856063278502460889 0.151044903278049313932740460587
0.674377324403307776279348217940 0.872542047255763453250665406813 0.203226912345849192176316933001
0.616407529654832031518196799880 0.564093042325296667449663345906 0.181650584146275884123156174610
0.588053941401680879685898162279 0.926415648951791292908808372886 0.739294375812220794230711362616
0.145730058234901788116744114632 0.608441458035298476936247880076 0.331153735337825549933654656343
0.473007680822350284888244686954 0.082669081592103607625254824143 0.871366859575398167159221429756
0.950884242308921767694585014397 0.755072167792675053021866915515 0.467776114789304198193775619075
0.536386370474745244329994875443 0.390869643073887995665671724055 0.363633111550955512303318073464
0.015054918171087091141591152166 0.711350258048558892198798275786 0.076743563642609036179464965244
0.064069185842845655098898305368 0.518213814012134399433762155240 0.495451143142308203515256082028
0.028159437865021234165263663840 0.138255254539455835205430389578 0.450142004124662487019037371283
0.744745198440211808588173880707 0.150486541442648696920159068213 0.739031238669419665576754141512
0.620842110691507409470091261028 0.292840858852425112157646935884 0.847770138010125684502327203518
0.980072746929650628899821640516 0.096292389816845208594386917866 0.375913138459673723534848477357
0.494109507465963493366700731713 0.223443079187999521506569067242 0.973287097903355324923779789970
0.411163706429728770253007041902 0.895163017117226345042979573918 0.942159008294120914328573235252
0.000637730452121876376786469010 0.200871778096343295283432439646 0.403601243629322592454400364659
0.648462370758882244992094001645 0.780706024459429492878825840307 0.158013421459778286015662729369
0.457446514183413699417002362679 0.210068555469677648028792305013 0.932767741227452762409200204274
0.952254841583975997210131936299 0.803019032655165720946399687818 0.875031436546879981541735560313
0.894621652142748469138666678191 0.682064926299773999218700737401 0.303696866634902751247437890925
0.627598626145887905636300274637 0.730550567645453785559084280976 0.437448157986363161953136113880
0.802509945669253710320845129900 0.584533606060223309697221338865 0.515422133329664355905208594777
0.605898692631987811907379182230 0.951473274934006130187924554775 0.603187010665004241793951678119
0.641513446873006376591774824192 0.958706326146199550031212766044 0.063066839462239759894757185066
0.294785955312176939369095407528 0.811334258803436236817674398480 0.077677628236488577284646339649
0.771730405713432210390578802617 0.399263209750005232390179799040 0.802865482012695030888949077053
0.154143962004629431206126355391 0.932405768932719869468428441905 0.337072850933274881235490738618
0.420993724921271794681132405458 0.275310215760985466104671104404 0.384958920998682840863835963319
0.641519687106886893346313627262 0.874474882354760452152220295829 0.338010549947367955336829936641
0.181212390089339897558673442290 0.612301991215092433762379187101 0.652513428299044795366512516921
0.829738729314142942072862751957 0.839345282955268667812731564482 0.228852536261022004859810863309
0.314071193195426645594636738679 0.003080799147690968780438636188 0.419777983604446125465159411760
0.422878548959427058573368185534 0.423256600772879187921660104621 0.650619739011629838465466946218
0.474402051035458516281551055727 0.108167699150866103430246312200 0.688511033509919045947356153192
0.666055794655564414874504564068 0.436589332138551611262045071271 0.836734986799651525579690769518
0.690783628941002203482923960109 0.714210749432659497415443183854 0.316967123103520986848735674357
0.809697091282310155158086217853 0.082788423066007268968924392993 0.663024197609597853997343008814
0.085110408486632704860852527418 0.779839475149413319243762998667 0.625803013558324017218126300577
0.089139379649222666435193218604 0.430327175340359635580256281173 0.431674592298501025311452394817
0.226716263230865189282070559784 0.201395417209445232176179274575 0.963548518477053361763751127000
0.981565496862062292215966863296 0.616995479545033864710035231838 0.902463366660438692790080494888
0.102363421384845540429431309803 0.218910514140361056600880829137 0.208748576475368374794072678924
0.172566606318291126953567982127 0.116168747286325466094858427368 0.931442001707138311772382621712
0.939250671724753183333689321444 0.154127832846944756717277869029 0.998334381427034900369221759320
0.216581637217757666524775572725 0.915774536796114313474959089945 0.096520366555660902507796095051
0.931114362494546821125140922959 0.237123854470016576234669969381 0.294352418136392901537590205407
0.599986285644690142682122768747 0.773873794248902791004240953043 0.910979085953304679179609593120
0.832657198111435903342680830974 0.284488949432886939483466903766 0.134365899916490283416692363971
0.224216229973724701096671196865 0.407144086056711373977634593757 0.238961016246110019567439053390
0.082172100591363067545458420682 0.742720651998096781376546005049 0.110880650965449703559961847077
0.836954806312718679883744243853 0.925580768716752877445230751619 0.163888600554740887504934221397
0.984472147548116516269089970592 0.047482652501953569179615755047 0.341013131665351687527021340429
0.345390371978717969358996242590 0.106478556324047290981837932122 0.348071574362436464422643211947
0.691436435481441957762172023649 0.294327625219437505332820137482 0.393954149048245438891058256559
0.117311461272104858299947238720 0.227467757175568691119238451392 0.512432048109908500066467240686
0.065014318444587562706438177429 0.460300414178344996507519226725 0.863078728015186036337524910778
0.653922758597937470170791129931 0.245150039028740190927280195865 0.873308946316479928206888416753
0.828927798666710291541903643520 0.966742251354715365074810051738 0.704105178841254786270553722716
0.406391448539349220414607088969 0.043249890209197658363926564107 0.345139531692099099657866645430
0.036228881574170188062389286188 0.129110511137974059980848551277 0.212370671270633304406061370173
0.220355064042626030973437423199 0.321148141256513364183433623111 0.508842849433365551625740863528
0.807063710058629313337519306515 0.316874656761736095411663427512 0.122185699997181526632594739112
0.258453905299477926238438385553 0.174223595957822025015460098984 0.096577041183914191790904624213
0.178637366624382232238588130713 0.953800785000547324266051418817 0.522195644335050501716466442303
0.340297887892264672160536065348 0.583487839399666752271400582686 0.312449366718877075133065090995
0.365449208774554390455335806109 0.450668082728319707719322195771 0.414981011887848139085832599449
0.098429123939352658467782930529 0.215206870616612921942589764512 0.560049484691726440210857163038
0.874845179509039616583265797090 0.973028480923980754191404685116 0.815380129192067704124724514259
0.654215340575952541968263176386 0.470749132113265078558583809354 0.201107905547322773909257875857
0.984139625558044572883886758063 0.110905069430590572099326607258 0.140298533525638424723780417480
0.318247231077938008692029825397 0.747010919780328630501742281922 0.397983637457343164545164881929
0.544867110647658359212641698832 0.396932654930443440388643239203 0.472834416130776202802366015021
0.406080827405917776928845341899 0.220814314071121647886641881087 0.513938227484103671294235482492
0.100633782623492373797802201807 0.023507519394665034317970508937 0.924886726432092021177311380598
0.994219933992047777415734799433 0.441357706184847375929791724047 0.618164942249732951573548689339
0.975663049178634889102568195085 0.142778198748730017486607835053 0.231796719834885978084315638625
0.009888458433084374929467053050 0.401935552861567291227373743823 0.430153246783434084488106918798
0.929356065170672041020338838280 0.959372892374586672126213215961 0.780102751398790594805632281350
0.088914275088679023406612600411 0.938799769236122405580147187720 0.903836615332188397786694622482
0.517600847814176034944466664456 0.159341768020457130727862704589 0.415432114535043417458126668862
0.961519773902589580671929070377 0.662838702505409882448361713614 0.114776175211251746377527638288
0.788330507149967441016258362652 0.888930960615099019506146760250 0.514225519779228479322341627267
0.712819292224873168883902962989 0.032209097205699685484425742743 0.928109050355474196614125048654
0.206848994109585349043811675074 0.128980205819946819323362774412 0.542115382102792420226933245431
0.225797580684473142564883119121 0.015070845164185891693064967001 0.988535323988727010480204171472
0.124923933963607708408360963404 0.981366860001687379977397540642 0.220760306385831300834965418289
0.238677077687888927748360856640 0.343322490823501969003928024904 0.384800661065775206903794014579
0.875338009354034829456736588327 0.188292511462246792142138929194 0.055481999186069372309582092839
0.902521954301742646009643067373 0.846981465831710966796208595042 0.063014599074359800567890488310
0.668452295502142690430957827630 0.331475109654139177273179939220 0.730707862936233798478724565939
0.861239253502094737058314422029 0.514759922603342690017313998396 0.360274046663059677175766637447
0.348983588329880578537967039665 0.490417686097602667505412910032 0.849183503976957854142426640465
0.397348940100175129774839888341 0.565912841132852895142946181295 0.505554687080126075038322142063
0.891440019822003604232918405614 0.987586449964430679315796623996 0.126237743035552074655214482846
0.794821427183864837040516704292 0.564601385443358139148983809719 0.573649583991294620410883453587
0.153126453562578868083932093214 0.545094625001110499873391290748 0.203536321180528112506635807222
0.586189755953856250769717917137 0.268066733767014619971291722322 0.222161110231832742423208060245
0.182377193532428871769468514685 0.810709685938761026591237168759 0.111772783742964301745281829881
0.550127788762832414803938263503 0.778347978815574492728046607226 0.327699301384639207768145752198
0.748316430820197830975359920558 0.693405189336228633401049137319 0.341942607170902079793961547693
0.642183294495704215520959223795 0.102505184381324832010307090968 0.895908393934138902459096698294
0.070285461273963317774260417536 0.266289754110673237974538096751 0.243461455950248234492150345432
0.858553644843580876511168753495 0.902470870382642398332961874985 0.146910124898204652588162844040
0.905510017775233655434874435741 0.891029699935963592771770436229 0.614773293203367710013651503687
0.123969832677562077916100236052 0.122070917918458407558368605805 0.482722788931011448365637761526
0.492390052973657510460014918863 0.832767547552008546851709525072 0.037635609774060781174132017668
0.761573845576449359739967803762 0.537248408297489210561082018103 0.773375612301858361696815791220
0.163942793591824897969644325713 0.452333066478972867230368137825 0.271872994304119597330782198696
0.746702866944182308550637117150 0.396002372334393226704918333780 0.525594758535318007375281013083
0.699660127441476209497750460287 0.455252912960642908135611151010 0.625401790613500319082618261746
0.415467131104846176814504588037 0.543477667716504742045913189941 0.266128879870716650302142625151
0.043884091324570037584429371691 0.306921422785055186821523420804 0.702926313084628273664122843911
0.716344511787465609842229241622 0.149691275223972797281390967328 0.689347149406696502182967378758
0.333800872810696480641468042450 0.802004552467413645011617973068 0.166880543523650143322711869587
0.359520610982709709624316474219 0.196519266012776194774147597855 0.255639114435122216661966376705
0.970376190161406193546156373486 0.287900642470116596705054234917 0.331906144947809178535891305728
0.829139703622052803844155732804 0.965658783880277260536217909248 0.592164727938828905351442699612
0.991830196780633221997902637668 0.163071894071306233708895661039 0.375839729104681441462787461205
0.393505245710881024212568490839 0.501575482620914114839649755595 0.814154930298140233624337724905
0.581778267770686641213728762523 0.450865383652280238280241064786 0.752550446229312330892469162791
0.099137984592317596188593142870 0.560868001955602935026945488062 0.200940227153397765746944969578
0.227686003449223600680895174264 0.355470040387692864936042269619 0.737349181820132870690542858938
0.659993182745249984400004450436 0.427031903937623635858500392715 0.927826457916638203116121985659
0.700287682467048755441396679089 0.047601676680777645078723736560 0.172122397959013295754004957416
0.267197799818266024107771272611 0.705798140204035417966110799171 0.426315079695481047306060418123
0.654244462044332397709922588547 0.978915489788534709525436028343 0.528795339341794012888442466647
0.204165132443737795675531287998 0.235673574945207187081308575216 0.904702100034349809831724087417
0.432558698556786580535771236100 0.435510876157477078152169269742 0.757414872707240616200863314589
0.756358812929861401563869094389 0.148693214103808202253276249394 0.748176530513791626653130606428
0.027112775465973831118260406470 0.634470444652004972319048192730 0.213338067208146436870563888988
0.235885560539812799696335332555 0.401257897472249769332819369083 0.872918346818860602098766321433
0.640607208855654808310475800681 0.477445192332826451320215710439 0.609066825775366083028927732812
0.034650125232449584256055885589 0.563762984895031848964208620600 0.004659548114216164639567185901
0.964617575362433754548874276225 0.213795365352730276642390094821 0.191694448473073875138794619488
0.118225733107248792697063777268 0.456448831193383641746663670347 0.122921311945424355238642988297
0.143479324409909764215242944374 0.892566988588760823475354300172 0.777071549906480196767688539694
0.529973149763034667714123315818 0.087823655771203629205601259855 0.109473635307378150405277494883
0.618809483772520541045025765925 0.026064930065162951466906093856 0.248437233134927132338631849962
0.768513586498291489945700050157 0.716677058418078938295536772785 0.659630378991029941992962903896
0.226704762761878481081012637333 0.836770484810679837650582157949 0.890330668746035058802590356208
0.043896537353305994932917144524 0.073545657517948406778351966295 0.848428815799212476811419492151
0.290458545463080697324187440245 0.595701670350491707672802021989 0.228214934216407816514049500256
0.132491414866576145970000766283 0.166196851949358292976910433936 0.771416711057234416593075820856
0.743117594777657375360035985068 0.776854770343486600303606337548 0.225903746576443770210929073983
0.403969189815342466509662244789 0.196952568450699166957562624702 0.008933692897099415608508365949
0.572217448829790087394542297261 0.512102469822106831642827273754 0.431399466293921785009501945751
0.809175166542641655098577757599 0.425669016303433844772285965519 0.589536977575707887844203014538
0.412686674372584938463859316471 0.089172654391198591383727034554 0.235643328234769050544272772640
0.369322060425431253349870530656 0.491715476422408870327274144074 0.787119547887258574903057706251
0.022739531494101194314394476237 0.432791871493067803466914256205 0.577242026757175841211733313685
0.556298640478092187855452266376 0.566156642213407224062393652275 0.191961554608071599536955886833
0.903753018883245884396160363394 0.411173718050935332879447514642 0.471254147739485651502633345444
0.833545789762827005198175811529 0.849727268769597143815985873516 0.355927412345439286855963700873
0.941029051565387852917865529889 0.168012909872140681066809975164 0.721376333120705481860568397678
0.331141644325806339121953669746 0.744040016817563709672356253577 0.009354816281133901054167800737
0.963310383065596131935137691471 0.209289432542462738862099058679 0.142862121363162314358064008957
0.726022488783900188380471263372 0.391115625023400248494453990133 0.699963217283203320562279259320
0.894139208278615926772658895061 0.950357950732154788120453758893 0.827443854296299075024023750302
0.710091597647585781594159470842 0.031200210487614288279445418084 0.241986234183270615405447756530
0.202104785434624095730171688956 0.925020409719581326868365067639 0.190274853888131478818479536130
0.772903259059920633156082203641 0.190601814267424174431653227657 0.974623291700451144237149492255
0.616336286101013319793651135114 0.434215940987542958762190892230 0.083531966277840846712976485833
0.973298595713204317547706523328 0.632157879291567303958743195835 0.495447146686420203387513083726
0.320068005806407651636646960469 0.246819493807061196566365879335 0.274781962864053763695437737624
0.197939770141605603237522359450 0.305170929666722490214425533850 0.117253688664608640701558783803
0.674183252845340974523935528850 0.406592690552776081513997041839 0.597607012528226455572166742058
0.124243456198217319674803604812 0.900677192286489014527717245073 0.327257891109004717122843430843
0.915105559157130099556809454953 0.379370565470737330926453978464 0.939554910800881493138092537265
0.146700673462290931414742090055 0.489406287000774098405742051909 0.234525477039093654951784628793
0.634462340988112938333642887301 0.116307460899321091218894252961 0.888922738026785896892079108511
0.694847319622914127990043198224 0.651608994876099134607727592083 0.645500701278611810352003885782
0.496105614780905979088743151806 0.245716900294181250785641168477 0.368616623697291201366965651687
0.114975615060465427563762830232 0.408749956828323601776276063902 0.815065581764758517735458553943
0.492563554105822920536894571342 0.661687254565276550266617050511 0.016452692984060171554894225210
0.802989157995840474590920621267 0.960415384101071079037126310141 0.224447884929455526714647817244
0.557801054988538824730426313181 0.621976717929115463512346195785 0.820753814464697528663350567513
0.655091648099104140179349542450 0.648185490114931539551434980240 0.716082275240737975430249662168
0.984708649209386277512123797351 0.011218974807958104547567224074 0.967884202930026527056384111347
0.543975930589743028598093133041 0.129571097224017883764446423811 0.410551907971549723264104159171
0.053926526433813300187569694799 0.687186958575794037962225502270 0.700772901794487368398733906361
0.395939222471012264303880101579 0.498935907513943954771917788094 0.193029832355539499033625361335
0.649357378672706930800018199079 0.813310732385825185808414516941 0.873402682202851110560004599392
0.209388335561748822888361587502 0.425629479812416167128219512961 0.400442305798954789608501414477
0.053933272079777598573269159488 0.022766693612985475919652245125 0.768969700100567199463341694354
0.062103241841813636159308487095 0.640807268210107139339015702717 0.271805260899936063090365223616
0.360875832327070100724597523367 0.305235045253906323026171776291 0.088259062168304744377955728396
0.149046702642386008630381866169 0.805615437799823808084909160243 0.069672290835143577125698755026
0.199890697078776602424454722495 0.822453793011194922435436183150 0.504752503047250500323173127981
0.712368224639503222483938316145 0.695642535410753048985554869432 0.225642849519674615343944878987
0.861542616245646208916753039375 0.617826232133108055322168183920 0.312651476115616611117786760587
0.915518014372066257777760256431 0.385374536700812508893676522348 0.109571156247151371698755895068
0.151200398918728412533951654950 0.877280073232112544978633650317 0.990917794626591352802336132299
0.700476024676062847262869581755 0.508535278580437899442756588542 0.189516744725413716077255799064
0.821204487941103233872297550988 0.499966790727583154652080565938 0.763298412603607090431978576817
0.559376898239714148708401353360 0.586358864159037151964071199473 0.478302477416352123107401439484
0.346818769817564320767644403531 0.385868370584427466951638052706 0.499294190144902005901172969971
0.673615755034817853541539989237 0.206748243196608283422932572648 0.801706332994449155648908345029
0.027818864569963418914566588569 0.611586128586208976898319633619 0.682620448870725149426164080069
0.635250027555573915094555559335 0.628391389555861823446036851237 0.984656664397759118223518726154
0.426760133280734088589980501638 0.100681092563206120438223933888 0.290378732558758512194430068121
0.102567669100578046093019679574 0.491311882456457515999659335648 0.373883569045698360699958584519
0.181088827274710040260430332637 0.243607219244654449319398281659 0.309858343581600526039920850963
0.257221842345553564079807529197 0.314454947801477091573474353936 0.564242065375119228320954789524
0.165471770291376052419707320951 0.141465147082008690926357985518 0.452136163497035947766988783769
0.991327300866227889564186170901 0.381357999266151770356714223453 0.426861735488049065523341596418
0.632560635945019100745412288234 0.159392679140553494843146609128 0.511108253083318087028885656764
0.607660948283977320194537696807 0.770006698076452944512482190476 0.619604217082989960907468685036
0.152687580815019957602984845835 0.205908428681335520238349090505 0.466969689021052569710690249849