0.372860707178427175367829704555 0.572009917238316956122901046911 0.947198037654490732073497838428
0.521668842268017129981672042049 0.428171673898116833534288616647 0.552942656801019172263522705180
0.638781650606497275468598218140 0.735986065693563951128908229293 0.076004871998751388773030157608
0.076083293148026823193852408167 0.044676947733191661737972566470 0.010575117506116884710798409230
0.628142843464845945788965764223 0.848069648730716330042866957228 0.716014357879714125054704254580
0.930907021028140935214878481929 0.671642281215275693817545743514 0.117464111058361672657035512657
0.555652269420095157315131473297 0.717186192032056801792805345031 0.663693740544163635064478512504
0.964481643107588659802331676474 0.973131178612073988176689454122 0.260705324573372698715445494599
0.750960420488954283335658601573 0.021256592201542849618345343288 0.905190382503618939935563503241
0.471992729040352387848145099269 0.508326165392455342484367974976 0.425330388923253255306633491273
0.829764180416904362225238855899 0.908238602014688312102919098834 0.055843588320318229833993939337
0.909259000472240508372578915441 0.403253914713663008662081210787 0.861601634502981772456564613094
0.317965905976811291644423818070 0.749516061272718081553989577515 0.337012661316564599012224334729
0.538600155844763395229790603480 0.363900733789139452234451255208 0.255505956683696355824508827936
0.493538885581835728988409073281 0.137283043641571650406163485059 0.596454097231001290069229980872
0.317119866673111872046320058871 0.809433289731333993621831268683 0.356297427162395985433818168531
0.766307036016307896453270132042 0.377712990390564051779165311018 0.648810563179056831728530596592
0.093544454123651560317753705931 0.252157683907089202879348022179 0.857309397029195285888647504180
0.434183477954479757343619894527 0.330409155437884405337456428242 0.124403672541148618835293859775
0.277988945444367363535320691881 0.688188320878310166861524521664 0.390097426068828245782071917347
0.058163954903572963328617362322 0.479464444362155461920593779723 0.958645169640209848793688252044
0.676747835199322689270218234014 0.640341636471619346515637971606 0.589775938855047643372131460637
0.196930347874015226894428565174 0.569727919745551814045825267385 0.468205279268007035220477973780
0.984610142564774082352130335494 0.191628860756876073789811698589 0.010845714639558329261959102041
0.636423008161427605777760163619 0.518238048064855516550153424760 0.787324503171778378174394674716
0.338289243362004332649206617134 0.864901969649811031004560391011 0.082342007360862279341517933062
0.954356270053045130374869131629 0.804554857815970692058726854157 0.873304522624986145906689216645
0.362645757385767375513552224220 0.922149035174494202671269249549 0.396591411446456432177143369699
0.641226091459957237006506147736 0.537017398244450494537716167542 0.934870782681310408257502331253
0.937851104073814778594453400729 0.211983810530069788358176197107 0.885193719423150504610475763911
0.420787757795635486424146165518 0.079565690620475165717451204728 0.359745010373323181873672638176
0.874589448263198510069571511849 0.343673539350166312722478778596 0.857646292847821456462042988278
0.291042426455378255845118928846 0.478539432215107474188897640488 0.950499627822931847376253244875
0.897716857793714240187910036184 0.869812876844899496298069152544 0.024825986031536049353229955727
0.051065047328846702168192450699 0.692311214105722050327074157394 0.717495895807694461510095607082
0.695665077206581661251050263672 0.842438882686170731339814210514 0.419502412216268105726868498095
0.365357071511633990645862013480 0.564838354235544959358605865418 0.377755943349085243632146102755
0.596489034463915324124627659330 0.763484878447795001221720667672 0.234873202312497614263619993835
0.031089317708601547224356309584 0.748490144012743607859761141299 0.524818917132819362514339900372
0.467857769920138166774847832130 0.282093388210990947406742179737 0.283655132987540359312816917736
0.159781522804436054707721837076 0.280807207559074234470841702205 0.415381789220000796625242855953
0.107432753827551366598846982470 0.463664207582078213842891045715 0.367354591721958223526911524459
0.859156537870046976834714769211 0.456701348723922873062974758795 0.976727493590783035770641618001
0.565348473675411189454109717190 0.389234490470716620880153868711 0.420608658624714693008428412213
0.917628874178021747276545738714 0.851433099402387871812436515029 0.357124350894337916351162220963
0.798997197735459074863229034236 0.184077670642146307145026185026 0.047366376581735376849469076888
0.569319340071873347675079912733 0.668362970562047631339908093651 0.061669138789297528457922226153
0.232048825844883233049387172287 0.883938049912865508872528153006 0.303285499327763941046498530341
0.640435618039189025196833426889 0.213668271227494960262660583794 0.173903743144944805676388455140
0.224670043586872841823165458663 0.389459077076347193191452333849 0.272787185586035596518428292256
0.152133944394458320292784492267 0.676749834464514088416819959093 0.151267611515580380210366229221
0.633154764753088517004186996928 0.347393895354936255159827851458 0.450608782862923273881960994913
0.404446944293311128060253167860 0.498999739444220713480149242969 0.957898964871959801570255876868
0.607563369910352646385831576481 0.247763244301571622374424919144 0.888293393316128998549174866639
0.684795233344210552139941228234 0.189394753618701450204042657788 0.532888581188340260119673530426
0.845763631364248036348385539895 0.447775591760149804798629702418 0.618961575283729525942533200578
0.394753960005158721635609708756 0.811843837753504882215338511742 0.816039343137987316367798484862
0.658077358179466886944908310397 0.132008075357758075663028307645 0.905366550336557551759142370429
0.233970396300609145834314972490 0.707258864412259935505744579132 0.260958268846176011379611736629
0.981861940325354010106195801200 0.129606208493295904649045269252 0.169507687223217129446339868082
0.084728811191616654197034108620 0.720489262078395364952143609116 0.818726667272978159139995568694
0.288765939444203811881095589342 0.355416417081232172137106317678 0.974257595404710463604658343684
0.521719334186382721618713276257 0.181747978183032121712869866315 0.791668411746372147064221280743
0.909710409073224757214859437227 0.342933773666854291306549384899 0.344451466760943458833565955501
0.346807760171042811503383518357 0.983212354161340451597084211244 0.631966137296310681570332690171
0.981038257369064470303499092552 0.248912669644770379040465968501 0.480377782870026803774265999891
0.188550366379676953565436292592 0.102200750231676643076106358876 0.616950313218295298689497485611
0.371916016884933420261205583301 0.460763955641820655007023788130 0.638810566575793492560819686332
0.930383098412476017280425821809 0.771139498002183398916997703054 0.379191260859810197469954573535
0.395549777102884303481289407500 0.518638929177910434908937986620 0.730728148717420200597416624078
0.207689023799196709196834831346 0.432167563124817244446518316181 0.058096045825786229999110332756
0.226445572811467543683505709851 0.439399575113664786485401236860 0.753478343244822323931941809860
0.321311793968188041947797728426 0.427701911589336125629756679700 0.452715067250156422140605627646
0.990842719505190760997948018485 0.064514379941112809380143744420 0.508335269603898631807226138335
0.645940563552143354186796386784 0.001156746226088309261598174871 0.516730635872070243053144622536
0.661278635527476565947324615991 0.871200171159094538531064699782 0.017271630554755137282318955272
0.482493505102208453116929831594 0.577189645509734283734815107891 0.718770815031144594264844727149
0.028485816275224888627359831617 0.332137581905104617430168900682 0.161142416606038535453748750115
0.153828286836545924387564809876 0.726410211327788157831264470587 0.902769867859405050758425659296
0.488617914909431294567809800355 0.284605277208053619730776517827 0.428063012987468238801369579960
0.280978341531459618884980500297 0.217827270382725757258413068485 0.768100984630569749711526128522
0.511875559090279597107553399837 0.892260339503749499989737614669 0.483641538268327175753569235894
0.275200761708074448375072051931 0.144462879115415471220629228810 0.126154002735086923081553322845
0.979837607388623799131721625599 0.087642465894908663792683967131 0.135128589253386527380129678022
0.066898214606165087858791196140 0.110791791988357271603327092180 0.079670537637474406200688292756
0.587785860750255406692588167061 0.410269534897008847362798178438 0.805444990696950524622366174299
0.079096574680499825982238348843 0.685715450214068877876627539081 0.087137509926703285434435031220
0.253632089110409186805128456399 0.667421824755987214139452134987 0.793063081240134026828059177205
0.960023373933080792497207767155 0.410076176533877012619910829017 0.943981264015249177390387558262
0.657482708441520347086850506457 0.758218519532187662512967563089 0.004254903698958061551704812331
0.558823408741802918342500561266 0.699538634229276756748561183485 0.614143554939626468147650939500
0.095082191534255122711272179004 0.971568849740346740517793477920 0.640057715907337509975150169339
0.466046107239087514795272682022 0.455123783042327478831623466249 0.166197389314771015733640524559
0.927694502346849914076187815226 0.313032421200201860234102468894 0.220961927415977865685192682577
0.023321888711108362118862302736 0.240356327807238950855506232074 0.681535597554649319462782841583
0.988219845985767397777976839279 0.476720538361300849583557237565 0.807873893483444849294983214349
0.337359313051090736745862841417 0.507662544065620169320141030767 0.371294126409246749709325285949
0.144321545061893624639637323526 0.418863622171413541028783811271 0.664606819297282713776553464413
0.834725510390266767224431987415 0.753072180522456280371557113540 0.493603630308517282720970342780
0.340675981257175075622711801770 0.322703402200304190206026078158 0.773349416938191147607994935242
0.219738431535419304063694312390 0.397881434946667167373846041301 0.801573653026725341241842670570
0.720093781198586024849817022186 0.869334102371122185992646791419 0.143699780214148253865147353281
0.804762259980686733840116175998 0.494822942983147939788324265464 0.438129600952103015476524205951
0.775865483193622029745029067271 0.751023801102785992789279134740 0.596975102568889637311144724663
0.303672528650043016540394091862 0.470287088111186524219675675340 0.013821499946084239707211338555
0.542538815328558854389484622516 0.885906030291845447699472515524 0.954574068039293455179006286926
0.198885117814777301337159087780 0.073845683287778393633082885117 0.090198712786303508748275703510
0.809278708327965778934753870999 0.374960704305379199929859623808 0.450526674080663713795047442545
0.645763888363889870802836412622 0.319682137628133078433023683829 0.850337790889963307527921188012
0.960853045327386023899407518911 0.990531890895214761627585176029 0.157023752792812859579996143111
0.091621113044401431002583535701 0.465189357665259983765082552054 0.764745002173056520611282849131
0.807951269793745763259096293041 0.196592442824821966862458566538 0.919887240842644060556665408512
0.424755155046833421383922768655 0.309709844260449451702754686266 0.398204690820237239279322238872
0.830978923744883468671673654171 0.196475743048314277494625912368 0.763867966817327825879146985244
0.720423398884358356930590616685 0.288724457286577584902431681257 0.733884582648003935823055599030
0.207906974297374619320422084456 0.485926348116361317419631404846 0.406119046626189084125968520311
0.369419694766489170589807145006 0.108853025638001338348814783785 0.895706024940069789330721050646
0.003797415803586261934254864059 0.143233755542559765272514482604 0.696219494815686013033939616435
0.513208784206888091183884625934 0.571065921995074998740449245815 0.217839072466986638509922613594
0.266496642905943492696252405949 0.439935501194295086602181754643 0.701141454260857943658891144878
0.881400509918939034648133201699 0.889326517955603912390927234810 0.752224370950586029849205260689
0.394380324772874935046473865441 0.765754316718597172197746658640 0.992590054617625838773165014572
0.995841777676584438694362688693 0.224925888082801422873657770651 0.095640004409631690363013944989
0.193096801226704084530894078853 0.837728214886725885968132843118 0.909621373120612641827165134600
0.652313549943899895211529837979 0.190453023059647591486154283302 0.581035617233988888052920174232
0.805612940220872597585355379124 0.049044378153109344231630473132 0.457575691375416815365184675102
0.213799477002342086517927555178 0.103631535869531707372281914559 0.202952523991795141800054125270
0.188437963995331886346562555445 0.089608232795716488694459656017 0.750243634037607187714513656829
0.930529972301364471931606203725 0.720336710507062272235145883315 0.630989796210867703862845701224
0.404941698152144369249327837679 0.241084778937480120886149848047 0.878338010026552873377170271851
0.324702817084722206164570934561 0.949401356185049283276100595685 0.781529332593089320901924565987
0.163222516018232288725897660697 0.306993923779362742898513261025 0.648672978260800725536228128476
0.486375626968083285550648042772 0.367694481208761136947771319683 0.357198291007883805825429135439
0.902013537871972803650066907721 0.610018651530596645038428960106 0.759594793955260194628920089599
0.148902710768079704628519266407 0.669862321022745454968116973760 0.556668124589361212883886764757
0.671310425716163949871884142340 0.476189736770821603339953753675 0.249849198429004770716232997074
0.623765806687440638178543395043 0.222045561159083776336942150920 0.141961306495395872540044024390
0.813168627681705391552213768591 0.240216041445008104959768502340 0.265157307543815057293556947116
0.179437711169660868426589672708 0.064036669328618428531640915935 0.455984658442002921407976145929
0.735653624369887793044142654253 0.634060891012005911626658871683 0.037960484738841206164838837367
0.177514563639891015389693507132 0.510864093340148150979018737416 0.452700053560666892948916029127
0.830512609727387829394729124033 0.381637565840139192374635968008 0.378107825711178180405624971172
0.231496151157596891101420055747 0.680604258149359209184581231966 0.863200232089256669354426776408
0.528694111354617080067441747815 0.404989226111201638946823777587 0.746764893769019111324780624273
0.948695080911278632029848267848 0.336846555154768356743488766369 0.800557570638900872772580896708
0.537128343317655132516108551499 0.331914061104507718269474025874 0.741119921253460378629540628026
0.464689928566527243880557307421 0.906992710761565290589203414129 0.640664848974843437190429540351
0.363165437869988116936781352706 0.549682534431434000055105570937 0.223167911032953636407683006837
0.298587138875222979361723218972 0.449133050341405992700316573973 0.583224890297681763939863230917
0.341457621500193819752411172885 0.682026448945814989244240678090 0.818345984718636731969354514149
0.776595012434043829863128394209 0.501742256676465325782032778079 0.788154526977432712264715064521
0.930216856854293117073950725171 0.410114116655696303581635220326 0.867670350544274882054196496028
0.920491334191372634343508707389 0.434017216713305009623269370422 0.755692428229713941689738021523
0.309289561966443082852151746920 0.610856366975460862711599929753 0.591336556563392679031210263929
0.715491225414436216034630433569 0.846560960308837873178333666147 0.929157369786431264202519741957
0.737032455119914553520743538684 0.374927604979417572472755182389 0.017791450322843013059914696328
0.239045555536111314909319958133 0.399211239170443044077529748392 0.628417889003492269317519003380
0.035241519984091446149321313897 0.284598961682221762714561918983 0.055203968366590389083015111282
0.143915074046719160261176284621 0.949202463317157296707193836482 0.672376631974651584044977425947
0.174499729868130004639681374101 0.805102401868945327656490462687 0.338988768249007810240414073633
0.394166436509734485760247935104 0.376075723281155904764716524369 0.589302523603368544335978640447
0.556628002280365463683153848251 0.868784963881409355579421571747 0.651999943765243616944360383059
0.815670399580735505651318817399 0.557564586783984794671198415017 0.440219025386380413689124679877
0.277810722814942567815421625710 0.805909600178587592900214531255 0.465284198919287739215633337153
0.383935829193016775473523694018 0.689195867564723840814622235484 0.859173630255180897918876326003
0.117172579854549208100422674761 0.480271007546011374778061053803 0.568877313384382965466556925094
0.492176612286290726672177697765 0.659433761249768823908823378588 0.205391065516237703025836935922
0.334354320818293526684783500968 0.484875368823903696302579646726 0.166246822625815499074874992402
0.868956143450005713546602237329 0.337991070539024385244175618936 0.752868508134660219255351876200
0.729754663435766781631741650926 0.119124119938200892510060668883 0.926610334468494389881243478158
0.813747922254352773485663874453 0.182114677599911956029643533839 0.646027877584897103346861513273
0.012612705616536780059422362399 0.038875043336527859150208996653 0.254278206753414837137938775413
0.793304388746504995921782210644 0.135362994719594842418786129201 0.769098132794220235020077325316
0.512769708509135613283547172614 0.380613624190589416862451344059 0.667559141440158931857240531826
0.897558714801925838777663102519 0.932300546072695413002406894520 0.431359948838088480549401992903
0.597550658158593872570918392739 0.858509168943116129923964763293 0.798884709826502392715497080644
0.291215821620055048679631681807 0.187153391358423737411698084543 0.362760201899770595712624299267
0.645437091683732422353614310850 0.413332190246325115179359954709 0.975756759337044532465199608851
0.294494015251576590763704643905 0.702536555052963085366002360388 0.481164873276385907097107974550
0.444989687410437650960659539123 0.331793516982588854169478054246 0.343789020585323790157872281270
0.272682013309527959687983411641 0.181436470621540113512537573115 0.237782081120562566178833208141
0.624231669625468721385175285832 0.237969903047185099564941879180 0.790868501188229489073933109466
0.882274010472211434041867050837 0.006531827850002626043024456237 0.457063736780426443928604385292
0.725095113170043603645353869069 0.851521911330834324616034791688 0.239188995944722399000781365430
0.939534684105641115792195705581 0.889845896972886185594120433962 0.615002127384748908944800405152
0.510375548710826243414828695677 0.350270156922142361644034735946 0.445810284616747432018257768505
0.815530962715246832139825983177 0.130808871977389246099576780580 0.515048370792856924360592074663
0.177266586281698390603622783601 0.841926115007403663703655638528 0.407536982683017634521149830107
0.356379805346288658363107515470 0.573649257808258150603819558455 0.267115741223321989661343422995
0.897735539519217251580585070769 0.353085575068214307936642626373 0.723849300925417993290977847209
0.352714993197462078899917514718 0.953868852834170888321807524335 0.320021630873848050846675050707
0.075660320124561697419096617523 0.645779721584653132460118740710 0.874724130749841011223111308936
0.110208191042501776890638609530 0.344683237951167231738480722925 0.183148901019563659087197038389
0.836350779635690599889130680822 0.457361597190327484607763608437 0.080287763797167580048785850977
0.163744493464106494196030894273 0.605123047398356650461437311606 0.522151254390754271383912055171
0.693647018926456970788763101154 0.390591527142905570180175800488 0.388786849393752187431516631477
0.315200314565922068421599533394 0.228862677272395009797634202187 0.325380778963551664517694916867
0.016569162291883151455484934900 0.762732298081419957114235330664 0.508294348336162937762594538071
0.197431388165713539439849455448 0.761056801465253451866033174156 0.366391058955905291050214600546
0.354029010649366759899692169711 0.320645973982164211868450820475 0.470210509073473947871946165833
0.540295720045516958407461061142 0.813060311652448075570021046587 0.626202179356576404956058468088
0.980654988040745356769889440329 0.812421230686466655512845136400 0.621062227377197739741632176447
0.854519657835960511071959899709 0.174123432927809962400544918637 0.189455612365355879900263857962
0.498401961337578247590585078797 0.201168790127614460772065285710 0.222578385154003799417665732108
0.322244551933576039992601636186 0.982889689985509518166395537264 0.976527270041004036293941226177
0.407183296244671200092568597029 0.315508036176075923329165107134 0.298316763308979826518907430000
0.735260707678832448053185544268 0.292700519771580514039044373931 0.977905249927229269779616060987
0.645841643163965972718187913415 0.665523411860040159382378988084 0.827712448216742946449642204243
0.852026343889976556233989413158 0.058025120243714783940802703910 0.514902317156282651744447775854
0.900511727486263735542593167338 0.053780508317695908948596894561 0.329153228476145365277716337005
0.739646681348716028558953894390 0.376690188999855568585672926929 0.904887223457101597112739455042
0.807028367721416284297220045119 0.552537954368097827817507550208 0.633865693034197930089135297749
0.537842877887641623857462036540 0.147839956637880021173003797230 0.890177695503517885100563944434
0.914668203581428196358160676027 0.213068830143774867735828593140 0.334518891834461151724156025011
0.620479901235195363540242396994 0.466307519217611154971336873132 0.381902126043780043573860893957
0.499679908505211989311334264130 0.936018609423265979252448687475 0.600863947207722071119917472970
0.776862798199331239246134828136 0.537346071451233031623928582121 0.111592939652144840234626599340
0.733316809690266802057578843232 0.226748682146266311576709995279 0.265279181522886875477240664623
0.268680072527469171461689256830 0.378150692717606096149296490694 0.988039105449804333503038833442
0.529809713719044728108542585687 0.759750118824364717440289496153 0.289268881507436848021797004549
0.160430688009029626117651901041 0.019894928651075890341237695225 0.745396844950184545020022142126
0.903691906546906009722874841827 0.962509893978813479975542577449 0.882791645443094075140777476918
0.043027431110610817044381803953 0.237982023813172266502036222846 0.244386051480069588226484711413
0.167659066723418709310422514136 0.178014302996811396573306751634 0.943827114501779695920902213402
0.564900583069402939528913520917 0.147075965132562463955068210453 0.459654858681421918387144387452
0.735631623414227608925841650489 0.793491124110062839847046234354 0.063488583171527473991702095191
0.975753082174720787200783433946 0.377938239108175477731776936707 0.006149308262754186495124830714
0.993918752174098529827972470230 0.089086907807530979486188016381 0.798043749434956373178806643409
0.561547050033505135147038345167 0.275070397505838726281979234045 0.593461472044613858045636334282
0.929223204649589185066815844039 0.232324754055106608152669878109 0.054739005060541183478317606159
0.102710523028609432283353442017 0.435291490729353469646412122529 0.891744864239881418477295937919
0.333030156070488858599532022708 0.123641680811534454553779482922 0.849501976855238760677480058803
0.052476459246831370919483816806 0.398857533900291660877712729416 0.100529109085334897311092561267
0.475915260380394167238904401529 0.315226609510768362998334168879 0.468037834213683556772167548843
0.224784161071421434430206431898 0.508644856291082692045790736302 0.590192599194548139784899376536
0.510615930931816786042531930434 0.792601120594476404868089502997 0.170661704370585365353463203064
0.584693464572767607201342343615 0.977619500919397865779103540262 0.254558387193076107735123514431
0.737172604942072928757568206493 0.807677519305552538142478624650 0.212779098056204346578468289408
0.794415621872709865058936884452 0.809590494711382557824208561215 0.291732517664489765518709418757
0.846661085429513016187286211789 0.926110610767952757704790656135 0.602638689496323043393033458415
0.052376202843254629493152663144 0.679856072980638326264113402431 0.622619179417485901772977285873
0.486423844101020741437224614856 0.511868270563336391631992228213 0.223856490893170695377634160650
0.657171300749883169345366695779 0.548108831683917996357990887191 0.244036889431239495396042116226
0.601782708094671714427192910080 0.066112841621836213046314867370 0.371051672652846720179553585695
0.774989591093845020530750389298 0.104091940463007764927638731933 0.558533096285470431752173681161
0.386721213751863468477409924162 0.535862916497549135463884795172 0.465947843729901667320092428781
0.580506757139700457770459252060 0.672057380274759696980879652983 0.251847249546567064637514476999
0.338506522758365568925853494875 0.070574368474749960000735882204 0.878335000229459095244521904533
0.877198075055059645066535267688 0.813675556501611718651645333011 0.984478565962589535764948323049
0.286609886959768689340677383370 0.156132913453455590691021370731 0.455621564613911289587377950738
0.352794266124175193155565466441 0.450543282957477919659083909210 0.835711238389641342116931355122
0.849065469611920309311869914382 0.914592863358519414518355006294 0.450986502908724495863879155877
0.731451640249564549733918283891 0.005214621134318684660124976205 0.257142669377848354095306149247
0.293982507008076432430954127994 0.551719853023577400108479196206 0.789866065503907699429930744373
0.715790305907223034509456738306 0.127262006933649141071640542577 0.568383462081403112442501424084
0.274561015817161413465896657726 0.739161004261412513116624722898 0.592839011310226648987509179278
0.383010223775203717533344160984 0.355659699979062327024337264447 0.738156106499299191625595994992
0.522279238445632065790391607152 0.781492111100757558261875601602 0.175595539755715651653034115043
0.630174891009833815225249509240 0.498415218465244447276774053535 0.140045762589095929007143581657
0.138050518002254068994361091427 0.629677526360112094216958666948 0.888620974282431586033226267318
0.288614041885857652847136023411 0.090550870456834048338734532990 0.376532546562201086981502839990
0.678574263825889811840852416935 0.487848221330583531329949664723 0.482835620980393953605158685605
0.790558433262838033961372730118 0.660114062801699041926895006327 0.301111396868371627988381078467
0.729588884360784062366178659431 0.142874698849904807618216295850 0.540156862845226237723750273290
0.626803580071416344132728681871 0.651833247975285856590232924646 0.240903520082249217315606415468
0.079453260659707286572839279870 0.564873063479090831151552265510 0.891166584509848203055071280687
0.882553845494806310512103664223 0.364816317779071142002322858389 0.894183747040815157802740031912
0.108889510166342989849752598275 0.507760890738992554105379895191 0.476118220189173158019002585206
0.811072637063429247028523150220 0.672530816532666331220013944403 0.508812293785373626064938434865
0.795442407380961169494071327790 0.171911154041469588227286635629 0.617751313876865992824605200440
0.535199468388274590679998254927 0.023856996445639599979671174879 0.710674990723023203287311844178
0.357308752465458789870922373666 0.614946146492990619591978429526 0.647311210581170248801186062337
0.597068467151862569686215920228 0.954605916074148352912231985101 0.661337208421944100500411423127
0.992938822978144175479542354879 0.260063403260200276534419572272 0.760311146287080852346207393566
0.519061200396919608657242406480 0.894855360961081647275250361417 0.880667951222102618480391811318
0.234165821287790038018883365112 0.722384838082027136429985603172 0.943370396536659105990452189872
0.695156369362660009336707389593 0.881670746810751082556123492395 0.400377090755707598646040423773
0.468070338140665231918546851375 0.118970199269992443769083934058 0.258574011988430663144811205711
0.305988631425342938463529662840 0.004776905967560922568193593207 0.284702438765547460874927310215
0.067270033151952832173314789088 0.463708724402873695424887046102 0.153714382914127228874079378329
0.126504851096749970640331639515 0.881997801801136294130856185802 0.785853832574732957816365797044
0.303294002706390286583371107554 0.886235685481612467384593401221 0.743383672908123682709913282451
0.367356429114980898020803579129 0.703774479951824960544115583616 0.542498923013850720131756588671
0.283376331086916843915446406754 0.339299290033757694473592891882 0.641285143550700764691896438308
0.806283171552603761256250436418 0.747795770911455104368315005559 0.032999143809487006817615650789
0.223229261712155568897486546120 0.429409779460295237818456826062 0.026885572565162916408576521121
0.216665656718817267734067399942 0.115782550989212862369015510922 0.422044598870243092836318510308
0.122303992024188568077391892075 0.269151328049272497988653185530 0.771087573776361168143012037035
0.748905009344758676448350342980 0.676106996881267741095200562995 0.978187140729232407210247401963
0.906629897816458973913711361092 0.820708281857259858149689080165 0.233579901008857421240705320997
0.034619756532942795590468421096 0.218684162932921227762150806484 0.879242630916493350667906270246
0.680598594506168108608790134895 0.176012260094705413893123591151 0.687616855432559348493271045299
0.620942501345416508762298235524 0.364051433488706444041582699356 0.473481303230762096134753846854
0.608926322858117763381358145125 0.842444676601753816846951394837 0.747009077791100262189161185233
0.530720273101142669958107944694 0.454181102818252913078111987488 0.608079209187503577638267415750
0.337669540975463644549847685994 0.983608694458873222821182480402 0.628946310234352545798230949003
0.418426991176670648453495005015 0.471310220428358295219339879623 0.202122310539028321452192926699
0.318459770173974976437136774621 0.579131477036336717034714638430 0.571417721403543188429807742068
0.783193150191599629650340830267 0.878462725099483421331569843460 0.726965508684954020424129339517
0.585835990176082566094351022912 0.106769554723894349868018593952 0.685062487893466798283270691172
0.726423665934831541690641643072 0.396039696688261666501773561322 0.953691664054673648998061707971
0.396811559332485352946662260365 0.964194656423915330556440039800 0.140771554316030889086874822169
0.544716443361886737406507563719 0.600500760181596593412223228370 0.620768698495055226693750682898
0.616148824702008490739046919771 0.502258001103488949112829686783 0.873115718912314986432932073512
0.137708913922427150788863059461 0.852723553936298839239782410004 0.324988307420951472170855822696
0.494717220096123622141703890520 0.975699148994285780922552930861 0.260343969554465815008370555006
0.237301899933901827566273823322 0.161941569889211822719232714007 0.534151570757550264723079180840
0.491496654579922087613397252426 0.426875017038109538791701424998 0.809892586242696888021441736782
0.148526654850933692575409850178 0.952503960750481493136021526880 0.749799642825958456704427135264
0.598769634323174093637476289587 0.009593736621101208936202020539 0.350918139094294534441331734342
0.632833387972809302546295384673 0.947266949827871629352671334345 0.813843726209383278025200070260
0.300740183448499953655641547812 0.990970959737576206904918763030 0.682609490936229468260876274144
0.237861562276450166919516959751 0.072950095916669052686920338147 0.672744547024142658386836046702
0.896076351351621891438981037936 0.365084922709594306144964548366 0.008200939969491363029652220007
0.518387823615750309436123188789 0.454002255060458326241246140853 0.127191521603421037189818321167
0.840152015532125373553640201862 0.107498962341073450721395943219 0.156645987978002637630581261874
0.771789652976050288835097035189 0.731963604531102207673143311695 0.603955875540393760658730570867
0.268829490984844043932611157288 0.729897282594383911558111321938 0.800941177349507760219182728179
0.034750204544242588311497854647 0.455816110613066594048348179058 0.145118041432373529042720861071
0.301094079248852064534247574557 0.728605312618213374342701627029 0.190727838370113783605930279919
0.273976085157378757006796377027 0.832361772275702516132867003762 0.899033993663971076060192899604
0.943561175501743565341428165993 0.144337775229789050390749594044 0.745790397089687973064542347856
0.139444961173309206481363275998 0.147216651476613058502351805146 0.573278349196691738853814968024
0.585468929975326402015411986213 0.092485811809790235971107108526 0.455310416932696582215100988833
0.271862637655808148107183797038 0.685451774758289333888683358964 0.764148291899416576278269985778
0.548689452520460085871434330329 0.545507961706496069531624470983 0.779409809435780087660816661810
0.883506519808997192733102110651 0.630356331982247608536340521823 0.133916704197266783760156272365
0.049197224849609894059554449086 0.413839692243909096358578381114 0.754199576184622300090154567442
0.847978859218598501890085117338 0.943943879561277898737614577840 0.102787031478685009222573398802
0.307739416765233031458848245165 0.246246709627505111495082701367 0.564371965140544773475994588807
0.020386392712184550624066048385 0.003712278729557629865232204480 0.673628784339726949248472465115
0.510487820039554285322935811564 0.702973956953571454953078045946 0.097902863616020269210693527384
0.351372055727774246225436627356 0.091228419216511327793917018880 0.470368423705866345319037691297
0.190810588022746724368161608254 0.303882808299751727698634340413 0.277763548156065909200407304525
0.867749389866340203880668013880 0.056550554911828934678830194116 0.151799655992470000631655580037
0.949626205923553623478028384852 0.121930735707071954965208249178 0.351134834714548260681254987503
0.074872678144289356305662863633 0.531432385776763549500856242958 0.074138991835859438528366638366
0.164943562049235603605978894848 0.248232435315774491169094062570 0.656779516652487349581690523337
0.828039812662052510106036606885 0.998086609175807493166132644546 0.743414275821348335959726227884
0.598858091118397495300484933978 0.004100400367542797117059727441 0.223043581556103737151275367978
0.668929958655380851872962466587 0.574439974534251773796711404430 0.946575084216629392130926134996
0.190791159089291145756206447004 0.275523846594552812572231914601 0.638369467247164479317689256277
0.844356431237974769388188178709 0.443620642519875485465519204809 0.143936936998867670567392451630
0.096083746621167767654192459759 0.919057121001556787120989611140 0.066012848650360042568330243284
0.900492612384744539610892388737 0.013855804929914797285483984979 0.317237559372776756205780657183
0.544727745578043709429039154202 0.586146500993572128201947180060 0.431803999945133354376736178892
0.695282603456069403513595261757 0.187843075470768644530394908543 0.879981387781546997572945656430
0.433330403174476186389796339427 0.619935718939478741518200877181 0.674151638805919328767402021185
0.809634450504714275886897212331 0.892684257637441969102098937583 0.731951137265565598966077232035
0.106596169055845152451311719233 0.695462146128855929205769825785 0.116057824978504295354575504007
0.784430339629174189219895652059 0.612463601635901855324561893212 0.466544650139419647683070024868
0.756039863868745221076039797481 0.253380534292689696407308019843 0.074744909124777075826173700079
0.180267592493937589548380628912 0.338279184310250558009869337184 0.286207532961251120973145134485
0.893271415795020562455874824082 0.970374253962471455814409182494 0.734934256649589112697640302940
0.184603493827924625136915892654 0.319201480175262231053778805290 0.459292237025827554397494623117
0.449204388534876042360366454886 0.292354735477398819387673256642 0.511678088611733472568232627964
0.552594795066939759031754419993 0.964873050995685765940379496897 0.068454854571974380061938347808
0.605398470265090526964968375978 0.682098556667143141041265153035 0.204645439462991823864612683792
0.474783210119630982859462164924 0.285411608431954288978005251920 0.356525000988487106301505491501
0.017978410195815367617067082051 0.007977869501252860678919276438 0.428904542724324489011422656404
0.981642248516633397770192459575 0.228500494644953588974090052943 0.377475878852049973044557873436
0.201119664420695426487739609911 0.586737659242154374616973200318 0.780817509438878287753027507279
0.461212452259389449338300437375 0.763455359682858603065369607066 0.725252565239112301220814060798
0.249020541557742003391240359633 0.406201070513707851450391217440 0.640393281715236240003719103697
0.558678568021635402196523045859 0.666620562304732211522662055359 0.122130720120826111174672234938
0.289825961668044695951351741314 0.840335770170997253813993665972 0.493184545181290734383594553947
0.642172998579817133624203506770 0.786665096121364926240460135887 0.551287976768881526901111556072
0.714404716427334163242335307586 0.416162023191355867623997255578 0.150687067315709632975284648637
0.241520260707962564072914801727 0.598305528209199244393801109254 0.497893563219906021277694208038
0.122442407613388121179198719801 0.016281843768986281606458987881 0.845620892294186576876313665707
0.482392949565519257859591562010 0.238444063080321705383468611217 0.916160951457406169673447493551
0.812351348579517185122256250907 0.938697380752620769150951218762 0.805549379582412794498225139250
0.189563547214405964114192215675 0.669044938550112155972726668551 0.711923912492178789790386872482
0.289042635189306673648701462298 0.743151976641414080404501874000 0.724530806756139900137725362583
0.155094890821397601854414460831 0.073729483399607123605967728963 0.700692404310150895874187426671
0.170019167038695184768215540316 0.761352660837739114718658584025 0.564075573170896626962189657206
0.251655327553327867740051715373 0.640352868045572676258814226458 0.411551367175720050894938140118
0.020035027956375864310878398555 0.132922477275619121961369728524 0.694514666384501655471694903099
0.719355359810992855962297198857 0.411249389443560209311812059241 0.890124292988531462533785543201
0.541485645392329129066411042004 0.055081795046540926730216369833 0.840397195384677386797989129263
0.824062610732541056535183088272 0.366524492155921477465341240531 0.481169137847516581452111950057
0.090991740494019729412755737030 0.468981498305447053187577921562 0.352814126233919667097183037185
0.958343833813054435388778529159 0.476912970050150153422663379388 0.276412773266152100859471829608
0.987126497909989186752000023262 0.103979017922331606893493471944 0.974727705253335297008732140966
0.891994198542007121766062027746 0.205556411414193340725375946931 0.587063389294081972025196591858
0.909143251467252500042093288357 0.018138001076690845464467471970 0.431850762911355490203391127579
0.231873618330814046384347193452 0.480558609735893593750688523869 0.486843695313885049813507066574
0.685560645463656359588355826418 0.680925536014711507704078030656 0.571465947101882920655668840482
0.548268864318490534159877825005 0.611964995713103365737595140672 0.489282213698469914398003766109
0.927646665271608994451923990709 0.341720037508901008926898157370 0.568363828611254118250428746251
0.524007931913279878521905175148 0.695636011417824495772777027014 0.962418232234941828373564476351
0.977803422784502940245943136688 0.227918059566086628198178232196 0.722307336100730501549094242364
0.612900757898977466275880487956 0.561367338915252922504350863164 0.868173142836020983459377475810
0.548684570702701712718862836482 0.200797765132348260408434725832 0.989272564481654237411589747353
0.796489220853165758029490461922 0.547179910504080879718458163552 0.831889051124715783736007779225
0.588999033840102881320888172922 0.916363625181054075596875918563 0.806043669026924480824902730092
0.098838041525098577211316808189 0.790835193957240445428169550723 0.977478118835680920284403327969
0.356624272129203279124709524694 0.491703137501776410545062390156 0.071330722849556077447275015402
0.639420684856408350071887980448 0.324911044257502279464233652106 0.071359650807033062069884010725
0.762206226991892554778473822807 0.174773653462312328343841727474 0.170262441365742950294404067790
0.804353215451007574898767416016 0.458348316198171956692419826140 0.769441009220795613110510657862
0.470853504306872672202644025674 0.904041258756733911994274421886 0.937853371770322796763252881647
0.777589037552562034605330154591 0.375034070514847495125820842077 0.501826251469992934417518881673
0.815121345598486257699732959736 0.915506517433215205592489382980 0.799328817301595107025491415698
0.272730788648642030747026865356 0.159203769337600470334947999618 0.564540476279867475817297872709
0.978513518926236613992841739673 0.005863455625047519007009277914 0.485919118287735096739510254338
0.461559996251259596622418257539 0.087564343699433000445253583166 0.049101402683051652287016253240
0.563150598316258355069408025884 0.299206441579622672843896680206 0.202888492244347573567608833400
0.984234397809593208883427450928 0.340661471067593035755294295086 0.101944382619882131790767232360
0.274344075104340667792257590918 0.843698529612638359331810988806 0.449982878370278838175977398350
0.009815159784466421025173055170 0.923400295985734032022662631789 0.725952314381776320217909415078
0.652506180384292422402836564288 0.240153579038890424568464254662 0.063001667337635874899248733527
0.665056333681253719625203757460 0.591939872573080005935253211646 0.857624524876715921273273579573
0.001301151767857440782333311446 0.066904184576169742348916713581 0.829258908475425493556087985780
0.883297950724734826088990757853 0.034490607073177123598206605948 0.274288017290611696452629075793
0.106334230774709062594673980584 0.941144710342849299955503283854 0.199660270986064258824654871205
0.272031432201879475041295108895 0.922161710175759985474996938137 0.298714539872853068747104998693
0.504239367444105246462981995137 0.364308846067644465094303996011 0.435607073443690373526493431200
0.785947708488632157397546507127 0.226086903662805011050451753363 0.656471157640739488847714255826
0.549896705175423550215896284499 0.876745459152812878222960080166 0.791369883015589303809633747733
0.653918258995616064055411698064 0.819150438413778991808555929310 0.664826534688199188849466736428
0.777852891260378820348364570236 0.718443250358614449169181170873 0.746212799389574521491397263162
0.788840038314898017723919565469 0.486441006239082152085018151411 0.855308601421850056567564024590
0.075924450026311748884744190491 0.468973587071673247983483179269 0.579866507545708009807583493966
0.212242052911696926775775295937 0.730145573394209379536334836303 0.281897717172923001349715832475
0.141353315819449265600127318976 0.877444124814456993810551921342 0.534747609593859252186121011619
0.900695530285233747491702160914 0.133247949827519779342210881623 0.291481670817020421804244278974
0.459900103185923281312597055148 0.755936160343491980739827340585 0.024925962526297119892237930117
0.865309655429959301287112793943 0.730721460319596172183764792862 0.084626909636058261776625499806
0.267173457775505995837050932096 0.490786956609789715155756084641 0.045197213844387254533252473720
0.366235932593191870765281237254 0.913003044465982793731484434829 0.818948911595074990898979194753
0.163694426281644406229176524903 0.216424299366412442591212084153 0.572318673434392466425890688697
0.604774867601971299890806221811 0.490725305053795857190834794892 0.524261875223746898200261057355
0.672082971495585823618057474960 0.697689497813326120478905068012 0.370919833116057084954064748672
0.984721618742812832003608036757 0.654425917538173362864029058983 0.770433566830053484508766814542
0.360294002953520153820221594287 0.532063754433107494179466812056 0.342371600634439499089012315380
0.534110500642115515468333342142 0.330047227903802642412500745195 0.120228328706972739658986881750
0.153007668085477444019915083118 0.507038623531866017302149884927 0.393774733891684713960046337888
0.468672127460246168428881219370 0.654908021190276801171137321944 0.418286957305918749572271053694
0.806101214287765488464287955139 0.617209131677461608767032430478 0.412995751689062329248258720327
0.242174287534625637396956676639 0.703147968885124652338447504007 0.975153841136133348044268132071
0.010922015073055636388832390082 0.029734052264802735693338675560 0.030709331513482145126214817310
0.513275925925758991219538529549 0.728699031799285856791925652942 0.987935012194193551415821730188
0.904930829963865202003603371850 0.130190132545831394050850349231 0.877483967362766459352485526324
0.453083305948463244128276983247 0.303713925862465983218640985797 0.460771578929153713399813341312
0.866813561964384082791923447076 0.435790914853644184567826869170 0.840267717639888389591362738429
0.847526316292958381559685676621 0.355016466044260958767608826747 0.519057988622940058576205046847
0.030330850399941197692577077305 0.613764644319688468243612078368 0.221428825597163425609181786058
0.826579354228073159838174888137 0.372765552568842806202553674666 0.643522448533846214147047248844
0.636747781557563063969951144827 0.234430976114646333341440254117 0.600068793020254953596293034934
0.731212497695957752696926945646 0.718391217222575040324272777070 0.525474874476646536258783726225
0.854815569804387109797971788794 0.861002504132880375209424528293 0.269600026587528185384456946849
0.342977015695136722150948571652 0.670968674633830919340482523694 0.500163115327926788289403248200
0.808784027717576736726812214329 0.586306507867557558100202186324 0.715018689504665849732134574879
0.198197307418696844205641127701 0.309167192181701300235374674230 0.350168530669096367269332858996
0.458025090785288968575628132385 0.401174738885000270460778892812 0.926345071221271632033733567368
0.154948899577967730278871272276 0.507845071331601949360390335642 0.463324534596687431786676825141
0.989495318495712261608332482865 0.045108003961544171356301546894 0.582545580097391435536735571077
0.112861796694750993186318055450 0.497573680191347678114510699743 0.630427253458767489213698809181
0.461920341442002446719072850101 0.137005279638678784115413122890 0.419214965105584258520110552126
0.928920360650012932879349136783 0.044358544718790450522849511117 0.369732620605945805358771849569
0.162332942027245547000902092805 0.923239083772392721272126436816 0.929836850611530985055708242726
0.369473716313941158428946209824 0.024436386465359959813126167205 0.672213881261262358179919829126
0.793084671908381722005287883803 0.107779616444023812471542100866 0.244708848968934994383417347308
0.515332359282999918903556135774 0.124028989484766524742376248014 0.736711673841565772846706749988
0.069408570358431953550848447776 0.840881389077861474135033859056 0.311853974444139481203563946110
0.174888614736172565145011503773 0.294927570100887936899169972094 0.274258725127203062399416921835
0.375304437545579794299754894382 0.483346682307723485294559395697 0.468612857433515939131751792956
0.920616723330017205917386036162 0.333793793674769967427806705018 0.806466030819136814322689588153
0.852929258195821327070973438822 0.643060214297732857247069659934 0.786396572496532275664549160865
0.411258304138518382409017704049 0.839083092949683528871673843241 0.023586336231537469165786546910
0.138126684415948830508824585195 0.222427875844215472422860102597 0.079655624463571189641797332115
0.934083474047743056445369802532 0.118727527012793973582027717839 0.368716261829441838138166076533
0.980607405447013302790537636611 0.645359593378909579541868879460 0.436008580153282920832680247258
0.461400424114799256880559141791 0.008786517588843294201961242607 0.156370442632717460140767684607
0.134806889467424667605754962096 0.436744470825006170233706370709 0.777150257246884912376572174253
0.421665811670322243642772264138 0.520968073417890087384307662433 0.780691009696218740643303135585
0.402893514444996436729695687973 0.596934154988680631959141464904 0.544507661116993890715320958407
0.316808953020401462552513294213 0.600280494422330335169135651086 0.516011628167439728720466973755
0.612955801318899373697490773338 0.133417350783519572665625219088 0.339943073453467692335294714212
0.504558599701084853350607772882 0.350202991106362160333986821570 0.014807449490983658549336787758
0.885361178227745737601139808248 0.114967311287080445336705736281 0.857663213340547292418136748893
0.124389099515098883186325906536 0.851772319830208846092034491448 0.738858921208463303997859839001
0.351659538701727114595740886216 0.189985748795216458084667010553 0.611436004781521047490855380602
0.235895061727148941388421121701 0.045710726005732546517457137725 0.087735165181904661846346016318
0.683739642452513063375363344676 0.165401130245844879551597728096 0.783747281379773563791957258218
0.510660681761104351394919831364 0.507138860619340992030856796191 0.582700329607701572598443817697
0.602232489829300998707140024635 0.563227647083530680305329951807 0.615744854214587133967029330961
0.265794940366334553338845125836 0.060892244214738953933530041240 0.037633439689722977816721538602
0.102329373619924585137042072347 0.366701256781078510638138823197 0.619328808901475680315229510597
0.212093091286387896987619683387 0.688306585151837513336658957996 0.350057584315200787106192592546
0.309864772781257125089382498118 0.529542942350808565343811551429 0.277249839729597491455592717102
0.428438598172430518129516485715 0.852307510429192616285831718415 0.346840576272599843132837804660
0.255736814940906997950520462837 0.945153852079854694956395633199 0.956423878975828367643430283351
0.193675714482366423396797472378 0.017544624858290940039307059806 0.900042419778288915743758025201
0.106663830722074651213837626074 0.049174949343309216909236880610 0.744533648639021938819837487245
0.256798538751863314466561405425 0.058502822892942236976399073001 0.113176326199404750361132698799
0.258637119865281595032513450860 0.289022830935588892486975964857 0.023532875213726139190795194622
0.743980520975932257954355009133 0.858447997789669181578631196317 0.582003147553759148102869858121
0.499790342300192202973363464480 0.358364244228563721961222654500 0.837036945439714519245910651080
0.005426869696829394497383791673 0.430325783501399439234802457577 0.965140261186784531588500612997
0.420656465276360691518675594125 0.190866556376057011634728155514 0.455756513189033540811578859575
0.787867930979716191153272575320 0.850796836714799331602421261778 0.187287295136137676987431177622
0.900875449487038681972705944645 0.440488509501663683121108761043 0.068612769835759979120126672569
0.694511834452424037245066301693 0.075187477678271774639284785735 0.415095340138175450395152665806
0.328577255345625873772519298655 0.154236838822901622947370015027 0.873999635894562088012094136502
0.357973571538661716751050789753 0.890818299288158144122462545056 0.512466991562536389182014318067
0.353860033714622213008027529213 0.455813884218332687758845622739 0.897014082709217230870990533731
0.111275455731791206304137631378 0.561737965422988705377349560877 0.494345526184212014086938324908
0.822300158733234698438252507913 0.253130003063417430286818898821 0.637822837664977271288080373779
0.436375280041582991330528784601 0.305761903290588554771289864220 0.936748183470636597292013902916
0.391662779481173395357274102935 0.522292264664823147057859387132 0.418765222173217155354763008290