0.440078978557407352045771631310 0.682383473705201248904472777213 0.577265807368229966201056413411
0.823860219632427948077690871287 0.057241806378600025573266663059 0.022534532316548512576037666122
0.649466070405713025159855078527 0.386526209611329440996030371025 0.797024399854264542497617185290
0.277337811846129267401295237505 0.160154297475248563742411533894 0.335796356097833703646671210663
0.250358401759485760251777719532 0.376137557613145878665505961180 0.092128426213696962276955559901
0.193616978468097333809794236004 0.611253269900813522852445203171 0.579494897497600525149152872473
0.093575025093709032764088817657 0.316024754099894111813995323246 0.315924761159650457909009446666
0.226484628310316599142382187893 0.592607119118762293297208998410 0.209668103839847658198536350938
0.067596354168184671906693949950 0.339644164555420069451230347113 0.130361613312121482621819268388
0.977826672907237015586190409522 0.036542724731442460806007943575 0.430786574258434640238846213833
0.516516508033893706475225826580 0.168617036753995502840197673322 0.794082891942906266002921711333
0.633892190872899496945080954902 0.333064754343443569784000146683 0.350108528940685226338302982185
0.531521135670538824591346838133 0.729859865312653122160213570169 0.705495746040709637014742838801
0.092544966677872680937966265446 0.585941228594807572704894482740 0.888621552948902659885277444118
0.985408409595802003977382810262 0.933895957933255971283870167099 0.637845691992552588089893106371
0.559999103001802112089535512496 0.989072466091694857404092999786 0.913976055361102601715117543790
0.158664535285031826905566276764 0.589013763105075360826390351576 0.405912155613429082023912997101
0.726365611882202943938580119720 0.574151334752392106253182646469 0.103302800310327194677206819051
0.833110717667334021996339288307 0.777613947713463926625365729706 0.442426679758710805767663032384
0.757740856472107982000352421892 0.453207710372732108794480154756 0.269144747722781685350668112733
0.492429632052761800942164427397 0.755718693592312917850506437389 0.478559912636803919117056693722
0.920450215245106284633891391422 0.103981245749338285788709868029 0.587979087381103382448088723322
0.156318947835385552158626865094 0.098818638815402468078552544739 0.291789137433141554378579485274
0.689199644510733455682327530667 0.195268703539701798943539756692 0.591286384003310905299599653517
0.291466105068544145684228396931 0.637523214163809637256008500117 0.382314141709001464874972953112
0.170952511951783847621300083119 0.478850291664925986623302378575 0.744696392417522390339001958637
0.587299053035931328814456264809 0.985232997254693265709590832557 0.643516549756990685615676284215
0.851587195685624021024295871030 0.665097302592045913627316622296 0.490321038012348386914140974113
0.329675117668721928687602940045 0.353672798553433753721009225046 0.011530240158718481693900237417
0.584922945083402590071841586905 0.484747085877228423012041957918 0.679497111954109334064355607552
0.548766315486973632609135620442 0.438402883647680707834837221526 0.143843130765870297338437922008
0.744062695300133802867037502438 0.578291488295084255000233497412 0.905222256864945395982147147151
0.689590291679624933784964468941 0.401299872499309762119423794502 0.822832351902629155482316036796
0.375460089873980773500505847551 0.548452182504159058140658089542 0.487437764581119592488533953656
0.547824176972026899434808910883 0.441801119251658602760102212414 0.205682353598199918476296943481
0.315607057911703570152184283870 0.203862602879752691231729500032 0.251694165464049213198904908495
0.832752730806072039015930386086 0.621647605986342055572890785697 0.848762427393394469632426080352
0.520591905705628965606024394219 0.925272081938804280554222714272 0.149351816030237144472536670037
0.190543321882017030466371920738 0.224741703125326902634739667519 0.321146308580617378947152928959
0.261102925609169644882712191247 0.640256668424638575309870702768 0.826622442850757699339681039419
0.681848463125905968063023010473 0.326230846580082722852012011572 0.752645126597812574864576617983
0.160600257909075561091327699614 0.867140713565073939506078204431 0.619321092128583772229433179746
0.632089793103721375722159336874 0.690674099927175877411400506389 0.339137633920252368202596926494
0.654460282903933543430241570604 0.106125396382598186084678104635 0.636264630724173274600730110251
0.979619085405990519532792859536 0.147438925237559387282360034988 0.820576356569097664639400591113
0.416821238015867179260709463051 0.984160117405242007571075646410 0.763147219405687082804945475800
0.233829522942202688851054404040 0.105933134193062203354251948895 0.887361525243884119440451740957
0.928839794197086732197021774482 0.715278285708728978065096271166 0.340858671895661713424630079317
0.914019165352640938770889533771 0.407915170343994493151740243775 0.742079790828024776772053883178
0.020582911413178368864596023968 0.376555224042318614774416118962 0.070572056988546641442816564904
0.643098099495664321523236139910 0.278988128363912013529812838897 0.964525533373517762747439974191
0.051186534266455786801319760571 0.213396777229683115573166674039 0.791221837284285189895172152319
0.911091766299220284786031243129 0.505405483903603736095533349726 0.723610039882688016454892476759
0.777502151018832021733828696597 0.462625360473739422051409064807 0.401580647400927304158102515430
0.786447163704580343157601873827 0.942616246479970887328647677350 0.877411208641678763697768772545
0.112513512380250341182730267064 0.952606863439601214693652764254 0.403131362378423119263715079796
0.907663542803076595077982346993 0.380908235493675972893612424741 0.798582530207035401481618919206
0.920937961375121738605287191604 0.512304887342723613841144469916 0.084758270542074409803490198101
0.665982514985376528038329979609 0.278079993568504491019410806985 0.275741340453320105119416894013
0.317125417226099770573455316480 0.495583466729431876274247770198 0.431169844287742742849900423607
0.358270142205276531655044891522 0.484256054509121902640345069813 0.682626303403816914183721564768
0.672153565677047093451790260588 0.371910492916731894030846206078 0.110666786219927815171359952728
0.583250630717403906189133522275 0.108959934272051736647846098549 0.694916309669421750072615395766
0.717101511930152257789927716658 0.706251695968828752114632152370 0.425346017678585874843832925762
0.288259182223438825687367170758 0.582784334258821257179761232692 0.410756651369670433560088440572
0.134444008006372128782857089391 0.676709386057358530663918827486 0.284008773431746019966226413089
0.424732598889526968832797138020 0.735135963626379007607170024130 0.047434424704145258799847795217
0.189299915190469847381393719843 0.373211286774494888085484944895 0.488942516328685072846127468438
0.352357589932343340244358387281 0.677534246725254418741712925112 0.753664941423870748948843356629
0.420563874074070642716804968586 0.390571344165516198820853333018 0.027126444634106700731779326929
0.645201081578786639347811160405 0.939833010924170153543855121825 0.903633365665090781959634114173
0.821251320390979366869999012124 0.598754964752428620045066054445 0.991384495480656657839801937371
0.090738877836411171995401048207 0.269710438777747252281358214532 0.262192408878426097551539442065
0.630014412509060206524225122848 0.851290895674537528847736211901 0.115565422232739967167702843653
0.977860890698869167358964205050 0.876457407745216743322203001298 0.114730899127105837043139047182
0.803426715270127878021355627425 0.470361361860299864723344853701 0.326378979554103498816886030909
0.529579941277711685465590107924 0.617867008516948201801710638392 0.909698644831064218152505418402
0.462960316375413183376252845846 0.468399472760266555315666892056 0.600215400540197174805712165835
0.249663331213916844797395810929 0.397519778429554104803855807404 0.890810407241482860030146184727
0.211505281246581411380702775205 0.978751644699936140803231410246 0.977003456472571807367444307602
0.987774409978207978966224800388 0.980933159126664566684894452919 0.175592925834790192229917238365
0.618907210249547867775277154578 0.388057191731302486559229691920 0.129493515384721424865688277350
0.288919335942213417744994785608 0.382597600112684066431256724172 0.016193045862242089888427543087
0.680809752294716741261026982102 0.486392740144791668743806667408 0.633148422678699418497672013473
0.422749844817969733234974683000 0.452134172546617973953431146583 0.213727831241926152783250358880
0.246019592632394590303590575786 0.302842952671533494068967229396 0.804063757510266818862021409586
0.094642479052579567277980743256 0.426527603587746162450144993272 0.580888216181452698982923266158
0.664101633786367440137610174133 0.623471045057274797507318453427 0.534816466258784317666652441403
0.130027426656491557066530617703 0.613176035547631670397095149383 0.823435965732566610419951302902
0.245122439262357438849448953988 0.675260008996863447805480973329 0.663861185008906340421219738346
0.780488434276212617035639595997 0.770354989506163989609888176346 0.803532604304427633401530783885
0.511105486402947062352097873372 0.750010894989217691275484867219 0.672338297548188856822548586933
0.524968272599413254830835739995 0.032774371039683627970795498641 0.435778146411653022340715324390
0.216003226179982021903924760409 0.722336524540210023204167555377 0.004046919693173811269359951837
0.909840347958109529891146394220 0.985138576519621556037975551590 0.659109491992142748628680237744
0.177469968132287186923790045512 0.826982992936422633967197270977 0.759370242566040909437674599758
0.839265927317063065160596124770 0.599542986663390009560714588588 0.292569428842980483462810070705
0.364988531441048091874534975432 0.506166924529685036127091279923 0.554720812897301351895862353558
0.387300167322331745367591793183 0.946190454562174765307247525925 0.536297348237837590012588862010
0.982772159441014370173661518493 0.079139571786978196721307199368 0.580495029672660312058951603831
0.112654980363253026665049105759 0.505689683069644901891592780885 0.700122197598217033132073083834
0.985684711418309378316848778923 0.383862059230132168785587509774 0.391938797784810333268978865817
0.582920645491872613241923772875 0.795144617214078475164740211767 0.071002392137185621479034125514
0.048357788539908422298374546244 0.080865537186132194213961099649 0.981076329144423997519197655492
0.613589153737708392633010134887 0.443852582609696177939895278541 0.589755561084890245204803704837
0.590295353068202799384778245440 0.226190517633206272796186908636 0.830454308207997482504936215264
0.369132109734639335396622072949 0.259189178389345076247707311268 0.432312211812758639961629114623
0.732466332936647535056806646026 0.299911374322825385885238347328 0.052249477220118786813252143020
0.274182732435984399810280365273 0.958346603408611774632674951135 0.311611931918120199647148638178
0.851082861780607990986879940465 0.452612717299904265821908211365 0.585929099104207540271715970448
0.047732131683479318839946614617 0.440401047734148842760504294347 0.013458268312823250603682545545
0.963543841420806290720690867602 0.820564900828695265033729810966 0.228181454401873096138331220573
0.580941899795361260672166281438 0.855397582102250031432788546226 0.119202238862450488054989250486
0.643253069411152567091960463586 0.930064961981603488538894453086 0.037589573446626514674484553780
0.342637896165453981200954558517 0.467210375987772263961517182906 0.204408423031177038931005540690
0.588650289300603923869914524403 0.808951484013766930480926475866 0.516970592642163717655989785271
0.804727538564662725484311067703 0.425663490173036562769226520686 0.113431904248554066283460883824
0.790748321099965956193500460358 0.417031348094129505899019250137 0.748626346619952420802235337760
0.795259750653126706865236883459 0.094893301516281072793823625489 0.350628396531450725603917817352
0.141349359351005482432483972843 0.003880687257115198775248021690 0.353198008746823000070236275860
0.243725530048073679711961858629 0.240101453254844859896977027347 0.834402064182612313025799721800
0.241560753147156637155035241449 0.320716190216661978240608732449 0.081725256371863147508705083055
0.551233599443488597735552048107 0.403720094006308427569962304915 0.200428296912159298326372436350
0.233371217985490791990699221969 0.540381479590500313214818106644 0.188276889132295233153513436264
0.008609694489971396122451885446 0.106221961446248638893941063088 0.088756052170144428270504022294
0.232515140099324557620974474048 0.794499154777245641945171428233 0.665690283885630340598993370804
0.232178482480169506851908067802 0.891579346567924480027045319730 0.484131066876300863999205148502
0.015645700497274050294604919031 0.034144046790358373311136119810 0.128581621858106370792640404943
0.639992795063080932571608627768 0.590168299468222579129417226795 0.236191347735039136601642439928
0.404666422904114142511389218271 0.873776652207480020173591128696 0.146995616764143494092920150251
0.486154335782397306608970666275 0.330768515011122199442894498134 0.943170252919417695380843724706
0.309779370265711395671104355642 0.874700746933026684892809043959 0.320856571472774465547672662069
0.538897208187931631151457168016 0.094845897896860403841756692600 0.306506762017386635843507747268
0.583322651058955976566267054295 0.188093560985131885709975563259 0.934888892301631080350432512205
0.432738363225979749682181818571 0.445271102297332022068587775721 0.861714089230147695097628002259
0.837088780257703612974751194997 0.767669365747761789364744799968 0.066739276922441789774431697424
0.022081710694609183592840295773 0.049269983534340235087345405418 0.773807218550058406592029314197
0.285031896296310260918716039669 0.593699415941445485245253621542 0.670408615145009045832580341084
0.500758963701760317910327557911 0.233506402726215839260603956973 0.578816921449802568311326922412
0.477304390277039858325736076949 0.667310875333386843699656765239 0.261809044014924885424022704683
0.434565443448404087334324685798 0.889544571145834517267303453991 0.772495175593357230603430707561
0.723974534504334354956256447622 0.834024548452710789980812933209 0.031217682832425326655556574451
0.152920680021783383928379862482 0.145003710117197426310298169483 0.796778356464104775547241388267
0.811643165054566018135062677175 0.929959984356852564779671865836 0.008706256146758444697253409572
0.032315079465077112264026482080 0.357165808281977914528937390060 0.249327986512200533431027338338
0.013844467466280098791320263274 0.204345153261002276945390576657 0.134582124263362745697492073305
0.896240467045331778983552339923 0.894733594499405593403196235158 0.373429606681333625672891685099
0.427081462982894788371623917556 0.007197026901987850326658513467 0.592536384946960037467533766176
0.722745741961471233061331531644 0.462120349392304230473627058018 0.807818077135644130315483835147
0.315618603593111834992868125482 0.855300715584286330717134205770 0.513662996544648642327501875116
0.701167217415108567912795933808 0.154080941388453657170387600672 0.510164145375911814994651649613
0.301111446549026384733593886267 0.360504295923825435199461253433 0.133042974062256680323201862848
0.567930779082720604833411925938 0.810590063340069444386415398185 0.238854775800790369855164385626
0.129667065239046669367084518854 0.457546595296844826883386758709 0.189087862859398714299175026099
0.029218407428631253813788859475 0.061331300511970540667583406957 0.197465267573904118547645225590
0.443312214647172575521238968577 0.200867694122830231506782183715 0.910278057394884432262927020929
0.251047755719637333271521129063 0.500503867224443954597745687352 0.706864035344371033353638722474
0.346960222969330378539609682775 0.518178538068721494802559845994 0.009316701392666833225764122517
0.375004391647445867175036937624 0.111985516564333947853171480347 0.503836575575392187076317895844
0.200646623841191418247120736851 0.038992288042116941826353837541 0.892156839088470876575343027071
0.716770466495591507261053720867 0.503441617262512908226312902116 0.618011578056323673813210461958
0.179161562351775660584252136687 0.752790011308048900851019880065 0.617801033915897246373560847132
0.294386650002116612157010422379 0.967531843029604043948666003416 0.662613918882407393340372436796
0.878386328227908075305663260224 0.119174114065375355564491144378 0.473480257759393674543701990842
0.968892671054847998135528541752 0.943033038414520130565676936385 0.198177092006946942159828495278
0.971071296411276874138707171369 0.685364987773704026352561413660 0.869543645614344495875513985084
0.262992853014796690303001014399 0.132980279830919340122719063402 0.266828871264881195557450155320
0.199375121787575437792838783935 0.223195193342673792180619329883 0.967802542373378371642900219740
0.920615075342027244786891060357 0.639372133134734621506822804804 0.391264828552886856360970568858
0.928507822767519086504250935832 0.627717614356727238167366067501 0.913289902181830259841888164374
0.469196465412951568829669213301 0.466604945047271457703175201459 0.451196270299800472614037971653
0.223143260596740555801176242312 0.572624231736869715447824091825 0.426470441371702480015670744251
0.355884346388090355706168566030 0.966267378967361700858873518882 0.903242046683348842606164907920
0.343015821227883044297612968876 0.846503563650287449426912189665 0.375575589962264921872758804966
0.738931409370588987428618565900 0.381407729509163406778071703229 0.613592072046610037538982851402
0.425570573464490509163482556687 0.708904119322741443909308145521 0.219696121271929473151018896715
0.687618345793600482807050866541 0.679437654837941495955533355300 0.069219526398050595927813333219
0.561732531755370523285364470212 0.454535029938707146879295351027 0.884908297519438002964875522594
0.256938476310138885772005323815 0.412684381716948212037721077650 0.162275711688931789655754300838
0.406114365322264747604208423581 0.527451130813118895801494545594 0.932880130990230815868358149601
0.586673150853849190156097392901 0.474447258990884745966098989811 0.398775106062195683342963548057
0.478976797526437403362820077746 0.205578910215686111451205420053 0.788744953633987222474388545379
0.611895754105059475058681073278 0.588206703990691748273889061238 0.245065072929724153683039844509
0.042802583877924120503433158547 0.457288611144426759835823759204 0.098381764537478696985850490364
0.354677852408274651985209402483 0.080131559627493104125406375715 0.693169773873471228853304637596
0.276447932229858417407797332999 0.965511133874981219982203128893 0.500583068578206002996466850163
0.572261949560707527950853545917 0.576920105817312900420290588954 0.660077633114193540464498255460
0.188147413317817674416332351939 0.946416295169596355485452932044 0.281086908352078501671655885730
0.956826827906320787064942123834 0.979371927910070438905165701726 0.103772758157842648341073754636
0.226706214541385286942443144653 0.612856023919407633115952194203 0.421169857563740035466537392495
0.769711539498731500685835271724 0.552120008738823164762266060279 0.852672058337224370028195608029
0.787853613154892551406760503596 0.210176600672213526044274090054 0.151296344628158885292634749931
0.022146492196693644272098566717 0.494382002600104120126900397736 0.870153982808213100064165246295
0.990287150353158507343209748797 0.430611568192043436820171109503 0.715620061911240057384020474274
0.690703201840014879842044592806 0.141930134825425074973637151743 0.029400113350324458966200680266
0.716326885281407532701791751606 0.121827377240699183391647864028 0.926451679587126597503754510399
0.914762656404480734018136445229 0.782518638150995426983058678161 0.849725506014111342523165149032
0.963187291784945776029758235381 0.496646465712546281157102612269 0.925253296184686435665867065836
0.115261955090727188921739809757 0.799558432098575688762309710000 0.978630791452252402073952453065
0.363917252557836468085383785365 0.513500422239164810989109355432 0.925391018853986002667966204172
0.020066487708435273157325795523 0.594873132869411014311822327727 0.982782165940542684623437708069
0.822185536947450557043737262575 0.156415769389886494256103333100 0.976774149193284757508592974773
0.694410163340127506437227111746 0.233763851984177761789140959081 0.036501340079277314054628789108
0.744892899110385586780580524646 0.667776316366738176277806360304 0.617561341168717747862615397025
0.393789328473427180377086642693 0.044654673164861477530074296283 0.977177891520562780236502931075
0.255768192396970184265825309922 0.506981720844321248620190090151 0.940134168408079284873224423791
0.782359317973793655376368860743 0.050657546409394973996320743481 0.665784176109683656363813497592
0.488267530037395702802172081647 0.668334770272712930250236240681 0.710996861667579027610486264166
0.430758841522571989113288282169 0.832020132826437608386527244875 0.461044713433936437230187266323
0.273047767611259262210410270200 0.818586853878114806271071302035 0.096400280275871150226230099634
0.272328088630468756470293101302 0.777550561438489440391208518122 0.221470464214534618063723314663
0.224837443949313653401844703694 0.017184702944201196012086185760 0.415231982208857042238037138304
0.602819130047792639537362902047 0.042070697626586002482174109218 0.337197501810327704419023575610
0.006352063998895659570342875355 0.511830593027746361123320184561 0.148721609650478536757134406798
0.093458412445343919117135556007 0.057925025086644342520170170019 0.653786043260432436774465259077
0.124554549266870095980408450487 0.738754690560411209077074090601 0.693092077206828194313459334808
0.179460825804150542195358752906 0.491084192523212448300284904690 0.141558413303976976527209785672
0.900917882914570977703760945587 0.926251787939949222661084604624 0.339466679486664868470313649595
0.428021757782482359377951297574 0.826019902302523978399051429733 0.290233275709389171304053434142
0.003642473432049692268208662682 0.174055789893732631989919923399 0.552974356387373244814398276503
0.164430259465392497597591159320 0.422761122779180431585643873404 0.467178116473107418737953366872
0.714462564862993643188815440226 0.547084221440966023131124984502 0.854261958273231369886957509152
0.506432208774936221118423418375 0.560979972197580223358670536982 0.173925265605703038840346152938
0.233487397508179012062257129401 0.525322852847025068001585168531 0.571426591762091318216221225157
0.733005847214452388449501540890 0.707031034960623583351946308539 0.273591936077050845721458927073
0.436416496439724521660963318936 0.771991618321228201260453261057 0.220547690242774346858212197731
0.740774340212068560518332560605 0.491338405025611324461465301283 0.387258602278097829874070612277
0.661605504602389316026744836563 0.988453407257261384977198304114 0.687121265800425429226550022577
0.539501962983259475414854478004 0.379166882364810942096511325872 0.347812476546590476633724620115
0.364842408270262041902753935574 0.388923814663798328439270335366 0.598849113522492371153305157350
0.999656814476291177840039381408 0.813246813851916661164409561025 0.690775750224415174827186092443
0.441780358109158999280197122062 0.916300623451571705224694142089 0.275084266701558721734954815474
0.327893313010021059117349295775 0.963724636346518614971046190476 0.330097317442616056126780677005
0.288161267457907988021048595328 0.184293824724971216921787231513 0.335315337762470133675662964379
0.861105332005088763835942700098 0.818072092495504277209761312406 0.735765001762807457907911157236
0.593738699364241284683885169216 0.228312989592106302394469707906 0.378304639361990213686226525169
0.870220440880202894540218494512 0.373688811273532262013929994282 0.268951571845775339042461382633
0.463833807284622201549950659683 0.832766109862032699595602025511 0.798563153186086949197886042384
0.673552858734789650085872381169 0.644972904066402619172038157558 0.346504651425683485310713649596
0.332812111728234882868093791330 0.428800769799571102058877158925 0.679809138228019582683714361337
0.340776934753429683322423215941 0.909561130187269251123893809563 0.943188981732630216114898757951
0.360354352248253739787742233602 0.229442321237388030530368610016 0.233355622983055288610643174252
0.547681090694003391838862171426 0.195834232694832632848402909076 0.370955466552410462188760220670
0.145096646679823443326640131090 0.071403161717973506750212209226 0.047081689141765636907877023987
0.572053334654820888616200136312 0.518538979848874870270947212703 0.768668244683790136129175607493
0.170792591165544765940964566653 0.503746606388277284871435313107 0.527901270048597770490061975579
0.735623724387086341813812850887 0.635835434091754914120997455029 0.377488640567209154941252791104
0.968056447171698475351320212212 0.032927585138087508975779371667 0.545921509659773929179493734409
0.251803674567365909364724529951 0.892585873148000419341485667246 0.722176786697666162062603234517
0.806313462483955634141352675215 0.361542924306406776580047335301 0.029827462067780797366767231438
0.691920194022706880332407308742 0.264839399957524146422827016067 0.734816524716120467175528574444
0.695259902378847383097593137791 0.229609661046733304345934811863 0.457412798672332254756867087053
0.190530258171300231895273213922 0.511518915687448338935894298629 0.587889679704802325943546748022
0.485246988794102718234313442736 0.714981242629622371076436593285 0.187068992599767669471333420006
0.039318465768249807879008983491 0.536177870511103549233666853979 0.151908653559343659322777853049
0.500022771850788139147425681585 0.885392792486983881694584397337 0.348055221622338539777530286301