   0.41882
  0.925555
  0.827914
  0.157939
  0.772151
 0.0243141
  0.428213
  0.645077
  0.844193
  0.921269
  0.449767
0.00443329
  0.901393
  0.917644
  0.523164
  0.806254
 0.0527932
  0.843745
   0.23386
  0.975713
  0.892955
  0.898699
  0.982855
  0.818431
0.00611612
  0.915704
  0.232011
  0.727142
   0.16311
  0.517201
  0.908575
  0.686825
  0.786184
  0.241037
   0.23226
  0.874241
  0.598646
 0.0157211
  0.715058
  0.979989
  0.743918
  0.523629
  0.743879
  0.868506
  0.384474
  0.212576
  0.894221
  0.986388
  0.242042
  0.593958
  0.912425
  0.375744
  0.481465
   0.91687
 0.0709567
  0.546249
  0.888908
  0.782404
  0.802683
  0.928313
  0.214227
  0.870701
  0.572596
 0.0734319
  0.949336
  0.493405
  0.379211
  0.213837
  0.361024
  0.149512
  0.276644
  0.306165
  0.141281
  0.787324
  0.129342
  0.693996
  0.260521
0.00391004
  0.786226
  0.946114
  0.968589
 0.0236064
  0.272513
  0.245249
  0.774596
  0.993397
  0.246194
 0.0597014
   0.55112
  0.543887
  0.383112
  0.168164
 0.0293413
  0.698754
   0.15772
 0.0379883
  0.274178
  0.817568
  0.556393
  0.580381
  0.991731
  0.608573
  0.697556
  0.455803
  0.348912
  0.327351
  0.647694
  0.277613
  0.954728
  0.117584
  0.343399
  0.685411
  0.948822
  0.161923
  0.739571
  0.839148
  0.673446
  0.171748
  0.540885
  0.923302
  0.793795
  0.444147
  0.678501
  0.132171
  0.929628
  0.758702
  0.839328
  0.665292
  0.570345
  0.797222
  0.153539
  0.106525
  0.229311
  0.631213
  0.937715
  0.417248
  0.279406
  0.940199
 0.0171773
  0.947208
  0.137493
  0.454657
  0.290826
  0.731409
  0.884065
  0.140788
  0.849737
  0.681678
0.00261709
   0.29741
  0.543712
 0.0203956
  0.173073
   0.52394
  0.984529
  0.547516
   0.44574
 0.0603083
  0.860611
  0.144594
  0.783894
   0.31094
   0.75026
  0.356734
   0.24972
  0.859138
  0.517936
  0.300911
  0.669494
  0.552424
  0.447616
   0.19315
  0.510926
  0.646664
  0.177494
  0.594716
 0.0877164
  0.986922
  0.400123
  0.285962
 0.0953389
  0.220796
  0.863068
  0.482701
 0.0890107
  0.584318
  0.773705
  0.916749
  0.602571
  0.157977
  0.247744
  0.357966
  0.641188
 0.0781655
  0.986387
  0.765783
  0.966592
  0.310155
 0.0784349
  0.435931
  0.119934
  0.581414
  0.264915
 0.0330789
  0.715343
  0.919014
 0.0643059
  0.538412
 0.0474831
  0.270556
  0.434715
 0.0011595
  0.148904
  0.635063
  0.263186
 0.0713851
  0.915154
  0.138673
  0.930277
  0.957318
  0.590487
  0.470228
   0.76842
  0.757628
 0.0520296
 0.0716736
  0.250835
  0.880636
   0.45806
  0.586449
  0.598742
  0.605862
  0.786986
  0.596759
  0.290641
  0.491835
  0.823506
   0.79634
  0.845851
  0.362509
  0.785746
  0.952989
   0.32373
  0.301772
   0.86164
  0.457106
  0.787002
  0.882529
 0.0972575
  0.685257
  0.424259
  0.690776
  0.330282
  0.407004
 0.0991617
  0.698504