0.689402421343582760826507183083 0.693703283959711924921975878533 0.002313898218632185269094669877
0.818242638074004768888869421062 0.286001870830235815912345742618 0.264726684598310668672382917066
0.376548116101529717347773384972 0.822943258033294045006300621026 0.064621660240384237727795380124
0.703160709622154267428584262234 0.464274452372681334377801931623 0.452133470964779460299354241215
0.726680120015752883944060158683 0.616821181410915797549421313306 0.105805329515684734542624312326
0.434092138867165799887004595803 0.355334139342658728022428249460 0.524915263102455509347521456220
0.561349942253999478758430541347 0.010376620287732238670508344569 0.930121121148216212226600418944
0.039551004208745743628838908990 0.524302377030720245798534051573 0.427134727895458199409262078916
0.286814166677753390466421024030 0.768448057411176610465020075935 0.502091165410518569522935194982
0.353731629423285620639205717453 0.950665183095010468683483395580 0.269918654644598188241388925235
0.606041273883972664293651178014 0.763270190886383148587412961206 0.739998788292789422271766852646
0.931934282849385509095441193494 0.134469066573553758248138478848 0.383247533010687535526272995412
0.193885627373655194949364499735 0.953188283243295741975487089803 0.011578738904217412628017136456
0.012053663779287267579509723703 0.395999444098155406468464434511 0.915767493995374937121312086674
0.682956707752790159737799058348 0.468900461601622353668972209562 0.080333132483680791402491649933
0.987023467066689086379938089522 0.273929279085086296863238430888 0.922841066368167650679765756649
0.791784787064083173113715474756 0.368972159818524436669662236454 0.951594807887659044354222714901
0.166943344717088854034514611158 0.035391928306735175036035201401 0.682145905064797664074660588085
0.921966194270625760687210004107 0.767011668288179015995353893231 0.158026465153355388792988378555
0.230244771470366149657138521434 0.337791958767515720918339638956 0.553043464420613695153861044673
0.315539287434119242181651543433 0.330942755234764685035031561711 0.623781259452528269449089748377
0.114241260696147789444054865271 0.141398148090034037061002436531 0.997024498675616599463467082387
0.575403623039380418546784312639 0.276707793277177482860196278125 0.535217918659168234718492840329
0.356279035095653506814983302320 0.441586892853341850262438583741 0.515188287344969242376180318388
0.652785008140812750276893439150 0.953127038603609144651329643239 0.613138374203504477044646137074
0.843398107770710780961564978497 0.058628279051019305256886582356 0.247652287884045863020077149486
0.779930917860441330624610145605 0.868442255375097227343417216616 0.692715371473357488518729496718
0.239476414942901560944932271013 0.320083116855362614927571485168 0.934192039339988400392655876203
0.738857249574608188069646530494 0.441711397077289458223958718008 0.030916135692182586391929532965
0.607525185890484653583598628757 0.387144175330054518546774033894 0.975848039463024341522157101281
0.053703960263208318226535453732 0.654649507825857290832516355295 0.691606027679795287710362572398
0.687955984241241713661452195083 0.978712278164021509674341814389 0.417918172724556447050758833939
0.556248456320042827805139040720 0.810140252846379249618280482537 0.302628570687908660108433878122
0.574864338883217085296450932219 0.756750540930802628736273618415 0.969053872223933576712795456842
0.540654745352592724927376366395 0.553222417741106253785687840718 0.361153656889279639496947993393
0.406274192797770106189148009435 0.013449752938085694775605105633 0.263402943129416367007422650204
0.729833757427945539753011416906 0.521604831960099324383861585375 0.426634253368628146851904148207
0.778573204519858674821364274976 0.258867471389200964893007039791 0.299643403827095089475562872394
0.522243635772766001679201508523 0.707935172473805773840638266847 0.329004752101344277726013842766
0.333224251269152338394974322000 0.337590196295608935272980488662 0.176755067145937444506031965830
0.557071864128252935977059223660 0.911190487651082570152993866941 0.445280009226456163773377738835
0.671213704879944805803404506150 0.812081891359961671739142730075 0.829097809223500958886177159002
0.939968409601409371489921795728 0.957171943813111436583085378516 0.431131633708600525700660455186
0.142797027856244207466573925558 0.609870257611467403435767664632 0.001097760637999669296183125056
0.038924257085085942065028064007 0.779302098204115889501508718240 0.128303168213163981681290692904
0.629674102489684028860494890978 0.862657070919001234265977018367 0.103006977895167661785080781556
0.637791578135761483281385153532 0.069135038218066338644440804728 0.065811083698157732402300723606
0.878742580508822035412208606431 0.974373633183171050653470501857 0.100142673119517341961959289165
0.886545776135963969899478342995 0.593317964727154922854879259830 0.038927990379780758045669131207
0.120001721285520918103273402266 0.598259070682640170524280165409 0.976981991111795733395695151557
0.661176342150742946124353238702 0.694408860551451234677244883642 0.455016135472329663613777483988
0.630571532306927196032120264135 0.401655521820340533079018996432 0.042359705615495853170404672028
0.770143008313525667674070973590 0.875607105984610334381557095185 0.397893284879000497245016276793
0.409266161313312282210574721830 0.091254965094298243211135002184 0.177675736578271847854182396986
0.317222609804707289526959357318 0.102430124885615689289686258689 0.355330243336695272837744141725
0.381076280795025035263989821033 0.989771933305103823741433188843 0.349812726114112404474099093932
0.907677858910461599073471461452 0.459914092440153743357456050944 0.938303679379869914889411575132
0.359854339222681951504512198881 0.731430607360257223348298794008 0.499788315661509996434830327416
0.839311422132260065431808016001 0.312931666148970555330066645183 0.205559297312823158199179829353
0.092760437546608565106964761071 0.375499316786764680831112173109 0.119187653195274273487669347560
0.606967094888621661041838706296 0.676117445242642500780050340836 0.059392554805623186398033652722
0.676351853315287021572999037744 0.226073517069320273353838501862 0.594885734119479203663161115401
0.387575657554353081302167538524 0.806022819570329840388467346202 0.785514394351225275769934341952
0.078677051180866444668460246703 0.747361971342797026807147631189 0.314371499793061837113583578684
0.826673709407468093601778491575 0.103378194289442171260873237770 0.457136783375308219934396447570
0.688136174410826417791042786121 0.941514208391905249584397097351 0.602454264965213370786045743444
0.214186988354437946036057383026 0.256336755818748152080388535978 0.222933428052954019094045179372
0.292200463792745002145068156096 0.376647404483110348483165807920 0.134129585651114213717960410577
0.107060491579344427282016738445 0.155037557299540301736229253038 0.491483148786774681759936811432
0.256365647226558635018989207310 0.798369755953450832564044503670 0.293856855916166559428148730149
0.999287572290389114471054199385 0.339982593204549377041701063717 0.198199056488330166425626543969
0.993979460017782701086730412499 0.045123329369409007072455608522 0.879235707475754746376139792119
0.362129630483930486928301206717 0.545066819926999235335074445175 0.538470148259422076719715732906
0.231668644134855272742612442016 0.595630741558659027035105282266 0.970340229944422483221444508672
0.966767246349712117137187306071 0.826609152678597691732420571498 0.208152017538659722672989005332
0.052679108862986830097430157593 0.537765003137345098949140265177 0.168333882847616300715287707135
0.436036481261077690785299409981 0.024814367259861448700153374602 0.873735288981344004888285326160
0.022493223805828844313881020867 0.900197386816265043840701309819 0.909539229458596221178368068649
0.143018379581574067715976639192 0.290203995132349568120133653792 0.492050809533650768123891339201
0.108949156793465562476086461174 0.387309163497673747400540378294 0.936770738816199322052113984682
0.722019179332947014238186511648 0.351201241220295279354957074247 0.140441531786500151124386093215
0.751907928270941994242093642242 0.560778998263005590274588030297 0.705246516818242019652984708955
0.060254740653232267966199486864 0.276584686532937717995395132675 0.057465807559321832598264734315
0.499190306467163891213090209931 0.873150127193320635399231832707 0.781070706828929872678202173120
0.267758963530516147510951441291 0.204887238691996848016785293112 0.089038997896278948562809318901
0.036880229476795527154830978134 0.707017142481263127784529842756 0.739617503076370530479266562907
0.849314756345099675094445501600 0.209074448124120793046643029811 0.684593684287501447194301817945
0.508685904444618586239812429994 0.598987101659910869955183443381 0.361370617416905515195679754470
0.563257113279190257948414455313 0.159739312713113118524788092145 0.302524069502146553123367311855
0.456526585404091578279661689521 0.779175430535635205053779372975 0.964292230420091933673631956481
0.055123278011309041757304072462 0.823229538423107976008452624228 0.871178711449622333873321622377
0.539378755306444745976079957472 0.429636749513914339981823786729 0.947995788667476024791369582090
0.423969749929556383172268851922 0.582722877779423664712510344543 0.357551748085359555329176828309
0.826917015314329151287608965504 0.507937424936340531367306994071 0.148924942393739767609872615139
0.235805058247668813953268340811 0.731088892291114400556750752003 0.125042790096450445735953849180
0.086654176583630226904375604136 0.225580365298941404317289993742 0.076446193956825336801585990543
0.411174123784194600617070136650 0.065349407332067815934451004978 0.443688916370011565692976773789
0.012773241259218040544176631101 0.222568414842378103912778897211 0.009662555594197116612398268387
0.500373695331994938761965840968 0.208028223808000872763201982707 0.514840000915357864919030816964
0.164275304218404250011786871255 0.682129529346302887482522692153 0.364563173832601228330219100826
0.368238626911825350784823740469 0.648404913006503935690716389217 0.240169849698634751966608291696
0.704148435536622208097412567440 0.593342580656442852848897473450 0.612392497563284066153244111774
0.616171196725319392228925607924 0.613746118432324183622483815270 0.918931136436674012024639068841
0.173575217791614000439892606664 0.409711182018500652546322271519 0.020117243383486423102812779007
0.118053889147191379271895073089 0.975777004833255245941359135031 0.784649033774701520904670815071
0.372243628508065749205258043730 0.326950067397244692468660787199 0.164979219509821889433354158427
0.694540497552871727293677395210 0.993548660882689560480685031507 0.829872847752724851488892454654
0.552386286178672247793031147012 0.545214562697668769786218945228 0.861128232755181577395831027388
0.133775620711913595384245923015 0.266046499834422578434356410071 0.206034812608376111109365069751
0.706458768025575278848293692135 0.801221456971730860985303479538 0.077460533138453580015436727990
0.972930566999664625527088901435 0.347180936295314990225335805007 0.543584286704554608959938377666
0.219889340380909653616114951546 0.076784431772207464850232838671 0.377326547654729338443502228984
0.598089315108933039510930029792 0.804606436805855640415074958582 0.269563218468113596770763251698
0.000641218671331821770190129151 0.627116820860749490940122541360 0.397699568121393176589606355265
0.302228759966987114982117645923 0.111545521092281468833462554358 0.814868495705675210949436859664
0.701570488984057050174669711851 0.915514659851453860284209440579 0.656315094886500860482669850171
0.790012026811389267422214288672 0.175577752449106838650294548643 0.380270951089732800465270656787
0.315829199000244587036689836168 0.609521707884649766029383499699 0.856149330587296031325195144746
0.256285114716783446464631879280 0.121820276050704029424665009174 0.099968006304615192325613293178
0.134215777283588716395357209876 0.636690192244329877802044848067 0.480465809653164932502278361426
0.255683815685264659300912626350 0.528669875239207165407151478576 0.010022267500100467615964383583
0.801999169183739146760103722045 0.608118648648356741048814910755 0.371154792284883239261716880719
0.568181055473838902969418995781 0.012058380541945964287142700755 0.147249417912534236174693091925
0.489623898461713502605618941743 0.392745341833444339130210209987 0.886196892059295859844780807180
0.239476116573633907025353551035 0.882602717109344236945389639004 0.204675463096619686398369708513
0.089779250209939986948626255980 0.723951735238355986723490786972 0.899047484859288315028891247493
0.196276941079208150364721063852 0.127613759763056194840302737248 0.971958563682217668855400916073
0.482113295860333690434629261290 0.698870406815903399966316555947 0.034713825793636694794219721416
0.082588669885886589749901531832 0.092181310490310683358750054595 0.991993483051393010185847742832
0.402432832562541087373375603420 0.350163189785479278537394520754 0.088968172594577427103601507952
0.049952311645158113673215183326 0.068442000763736021706762358008 0.168426481720018561549778723929
0.488606502413943488694059169575 0.286205223576000478136194260514 0.343285877415249518485040880478
0.134357524196818262085528772332 0.020862606363882495869033206759 0.996770433248538201276289782982
0.040480147477890561502622546186 0.934711210503972211860457264265 0.513896537049178037115382267075
0.846749676815378826688629487762 0.895226298036134626734394714731 0.967122482773050129445380207471
0.736890377928449358257978474285 0.425038418507364734733044997483 0.771007594144117902601465175394
0.445718327826656823820172803607 0.677145705258218266742176183470 0.469863088662967998132558022917
0.375340842571726729381964560162 0.853231288132408116631211214553 0.139753757418885904417749088680
0.813653719771530781201818172121 0.823618022837046215300915719126 0.997690264666881154731470360275
0.866316736190288039232143546542 0.291385385701555588155997611466 0.426209127979942925534828646050
0.166283826826740616100508418640 0.806754329169190320669713401003 0.569829654537444940665125159285
0.853859449701624861894799778383 0.121384670665501528952212595414 0.677115259231759192282140702446
0.353531223350955492445990557826 0.688289705379333538459718511149 0.857949944629865068890239854227
0.759043458696265216367748962512 0.314614829426616782193093513342 0.192156994937984881843817674962
0.720830429203495604006945995934 0.565746118648376428161839157838 0.260946081625078096788428183572
0.609742048708513340038450678549 0.193977727277384659476666683986 0.003332579510335055908432089211
0.452533086020727004505914692345 0.545932379544521007019852731901 0.777407139618769726929770058632
0.576804039310244487381851286045 0.055974239277543358372923876232 0.965583866585365546697516947461
0.455494667556035071065423380787 0.549194284918949060525505956321 0.646956404987194089173385691538
0.619466456949471888648872663907 0.372538517302002991637976947459 0.231084361382323633105073668048
0.949877791818192207529136794619 0.382165961173030643838188780137 0.873546758240690057739641360968
0.530128485995731701940769653447 0.633463963384902295494782720198 0.924001271992884731787398777669
0.038872499505135368891295399862 0.502171106251480758864147446729 0.461437728232283350671139032784
0.030019625546706753954628865699 0.825304986873126478208462231123 0.672594659222621515937134972773
0.189201486031753934868859801099 0.667769570654981214907763842348 0.625473003448521858160802366911
0.349572382886953580971578503522 0.103639746953274741736450437202 0.703685303478880475047674281086
0.342307385928120710971711559978 0.464844241521424561547348730528 0.723475137276695434707107779104
0.136164072870638364065598580055 0.600305521658386131989004752540 0.169883794881160621326188220337
0.550779042907331928269343279680 0.394526791927006292848290058828 0.782531335575596953546551048930
0.355499862478004968746603253749 0.357932435580487096071777841644 0.544200734997224877531607489800
0.861748452920684249178862046392 0.126555246228333168057034185949 0.303687378071121782951991008304
0.068819885941849706645356832269 0.796443897966940039800931572245 0.413299802430508955719545838292
0.216213476340788302021422850885 0.505951231684404367783258749114 0.478557345848649895447834978768
0.106356507777766173816758055182 0.036446067949353837256420973745 0.701162862578594614504368109920
0.884037572021507456199174157518 0.356563348316282668903909325309 0.318902448154314177575230360162
0.997910187090934153175680876302 0.241831489464039928183325400823 0.461475755533719722567553844783
0.017761093369647717316039958746 0.669328981977189707563979936822 0.752383160864037003889848165272
0.205993364002383078092961454786 0.850221040122213445044963009423 0.595739074241425692335383246245
0.086999461891175203231973966922 0.288050154700909111227247194620 0.664337348225103707655136986432
0.455009215444815373619036336095 0.057254565802487694670119822149 0.592495228121182604397176874045
0.448201022398746762309684754655 0.539723914968126883273669136543 0.057786540297509611519011230030
0.382836649440069232142036526056 0.278862281830829894513357203323 0.857841474730742459264831722976
0.331082952039842670632907584150 0.926388131671552428336724460678 0.407644125746520091801983198820
0.756422971041958769333746204211 0.813361025252336555801946360589 0.901956038698268014464076713921
0.887305848188504442397572802292 0.520497877940988118439236131962 0.092152744368525232876443453733
0.180695059126664586690580449613 0.603906136375417679218458033574 0.094538888679801105774380687308
0.826030579853619162378208784503 0.339521847453045699793960920942 0.324609224039672850103954715451
0.816966002929624512951534143212 0.307479649496781359818697865194 0.178498960802831674321566879371
0.636869022196021594695025669353 0.750561993808141370010389437084 0.532306159169960602106641545106
0.422737517102535764745852020496 0.927159164886288689189086653641 0.937970223406745295946507212648
0.641354931415422879759091756569 0.479474896165365538358571484423 0.907174275571132393558571038739
0.221566271614716397975186623626 0.049614700988022203409499866211 0.614438861441611972047383005702
0.785015945623397493058348572958 0.192702797842700390695824808063 0.904476368412958420250902236148
0.775809973233054450680867830670 0.565384116809411696458198548498 0.162184866646307740412069620106
0.160536251794124035230382219197 0.892786933485722133951867363066 0.435897832855976441468470738982
0.121309581194174218032877377027 0.803860258589230602943587200571 0.154969909212044565371968474210
0.451991948242305319194400681226 0.148129752519921942255365365781 0.390107661971203723005885422026
0.588121914544075807818046541797 0.223478270686669311384520142383 0.885240621065805699529960293148
0.662089610579476128826570402452 0.735923603918276048041491321783 0.638643003185311530778278665821
0.721822345524663955274036197807 0.527760057203580656981500851543 0.442686465286648067607444545501
0.232048777589941440657739235576 0.438815238398254647833596209239 0.917445032573830698829908669722
0.879749823597546498632482325775 0.130286424306235659731356690827 0.075173757466572607710553199922
0.280318673364118586821547296495 0.208720543152368653849748625362 0.014146788783806015302180192350
0.434577220516749074263884722313 0.444534695645890154391821624813 0.477421520124271026030982056909
0.667275481549167159833757523302 0.629726155591594949356704091770 0.602568916381935104631395461183
0.673968040922635069911450500513 0.178765211402151930064619023142 0.875980217925806492473839170998
0.635483846113088057805384778476 0.892585851829767240595003841008 0.056126657795026478614541787238
0.851545355839901096928201695846 0.435879868813464743659835676226 0.257359493860956911603921071219
0.272134799993142884044772245034 0.673295457972178157390885644418 0.469136429822390288446598560768
0.823545507283980682267099382443 0.756685749168714560930482093681 0.790899333315108643560620294011
0.081058356805013512258462071713 0.028934608950992042608607590637 0.333115094047041870872760682687
0.341531835963927554722374679841 0.153421493325830771148332587472 0.671957988274254680582942000910
0.684383712951528777601595265878 0.397756533168754033980007989157 0.852334419146228206010107442125
0.115727699690560001388739408412 0.853410745122197389456175642408 0.984594894331883518923120846011
0.672629992840907853235421498539 0.400286652596464731512782009304 0.995760292611283515107345465367
0.062494847447168558329799736839 0.320904431302702797257353495297 0.895524832089212630137353698956
0.054941975456864106108767487058 0.904264181393525823260404195025 0.025357394384102685536142018918
0.798037689154389218160190466733 0.300649259450883443722801757758 0.749436533489363454485499005386
0.637908247302065412043248215923 0.206487519336379932166636308466 0.702736317321865922025381223648
0.889950745100896667416634500114 0.919308063919976437006198466406 0.211382838977212883513345786923
0.264963008512134001737337030136 0.223098069938719445470809432663 0.842986273712854727868659665546
0.347833246940680740344475907477 0.663365561979414541937671856431 0.399902398513105494792796434922
0.185197689862994452347777496470 0.015607723177318618551501216984 0.507985539527050611319225481566
0.489088931651718683557561462294 0.746039330212284523824450843676 0.791441684290531299872384352057
0.660608910385606651338719075284 0.159914960667162181495726258618 0.394620009829611317897501976404
0.511614828537538146591145959974 0.973322383550652259209812200424 0.441508252514826449175444622597
0.236460265523215584781979714535 0.105585945256660762581191193021 0.391343612990426692466172653440
0.661058411884373087197275253857 0.302700931870043377092116543281 0.666354219391976809738764586655
0.270054988545580409997626247787 0.428917760869970743353718489743 0.093564888451076272390949384317
0.800882856356306183087667704967 0.532029155685622257010436442215 0.055784480060389947386756404057
0.495888716071455348810559371486 0.204186860911577366950453438221 0.007413807897899091572946339568
0.254805148787943525068300232306 0.549314421491843174472080590931 0.444856463676379820793016506286
0.296665516840172061030500572087 0.357455442864571981687049628817 0.861870682867060811105375250918
0.670940306683785014918441902410 0.890881241736856788193676948140 0.966086611641007064754660405015
0.422159134293113302849320689347 0.192343210387365848301755022476 0.762200678036478285193311421608
0.004838335345319121419405128393 0.885624516400415062733486593061 0.820879161728257589203394672950
0.730167061906829895079340531083 0.465548752697637402420127727964 0.577628376982750157964119352982
0.643910357956974155335672094225 0.817524166666508289580406199093 0.891126336511221195380016979470
0.804340641614526563607512343879 0.580252449926959124049119509436 0.582183372241340424402267217374
0.392773687394855575139018810660 0.206074908907656811907216365398 0.012142730934509621612549246095
0.888054138353364330704664553195 0.944008561254931155559688704670 0.028998428920127699431885659465
0.170437323277204372251603103905 0.904622117234740841240636655129 0.415785012336908510466315647136
0.119691820777854951440843933597 0.922800065145469194938243617798 0.439598091685139635842460847925
0.428544559690571813526105415804 0.853272803697075254980575209629 0.502775624544452792719084754935
0.340898620437893096202230935887 0.672873860604893181402985646855 0.339641553159825193564103074095
0.142497822480530611510829430699 0.807189437681034571703264646203 0.406668962500398745163465719088
0.122629497260600461849833209271 0.060105343845480815878623559456 0.714302930479243314287884913938
0.968161827348392622916151140089 0.916916566397639742902470061381 0.375529177838272776313033318729
0.025921579707364351269349711515 0.129208636702520890393586228129 0.506708776157599016798371849291
0.010180612765041729961268401894 0.025795676188184929467084316457 0.570480973046964323636132121464
0.861152333351733578759024112514 0.805638418144436485590631491505 0.764843736537839213873724020232
0.618302304513538958374851972621 0.844666208106898186436239939212 0.510305842307878676500365600077
0.162564735109557906289623474549 0.143443400364175910333131014340 0.888427003403781334611721831607
0.005797082429889431620662065825 0.430902515441370037585500085697 0.024695070525843812458965942369
0.187329306526213268391245492239 0.494750914838868627310120018592 0.772355768791838093179080715345
0.777505711426618062453997026751 0.934968808128201822604808057804 0.341982395559267959850302531777
0.957364547689880218683811108349 0.709116539077399021806513701449 0.178961085468927333375077637356
0.079298918912919930113147870543 0.642083913135068073962941070931 0.501231665422522398856131076172
0.415359084662984212599212696659 0.232098875340862625948901154516 0.312945098273231692154183747334
0.207266383361404932239580034548 0.677476933982442686144054277975 0.416809076758217433855691069766
0.997433814210456959337136595423 0.325940244478713225806387754346 0.976403864319409398042637349135
0.054503008565152978592838195482 0.835492143752534222045369460830 0.247341601063725075038135514660
0.935841873468919005496502450114 0.875642178180319308289369928389 0.693253113638529039342017767922
0.805711615089510835296948698669 0.611785858366999613089376452990 0.577419968005949524325615129783
0.931421199714823178084088795003 0.350408074874833219691794283790 0.167587867553839503509394148750
0.246226496320694737685030872854 0.171460612001806983473173318089 0.731262915146352332484980252048