0.384229191570204682662071715203 0.853767112686494021967818255823 0.028551451382527814129413964584
0.462322523839271205778887189400 0.644985219827141438353891170477 0.355165859237463059230470902888
0.185236569854767005140676634654 0.978219451661525201545033208775 0.041304577152530948275141515949
0.537912303390120355247412322348 0.312340714276977012811620266227 0.616257715270376463076929376518
0.692740037660081860427832263126 0.404764882002933698312727996449 0.144521195814378394368075985577
0.498453597470171644588632997861 0.650234634837064000603428214198 0.162606180258538597849998331991
0.356088181653168730903758686001 0.888102931120980193009485487317 0.219631541398620919754808875856
0.511979715210865799696907939840 0.814821430196461715525144580471 0.935746789045158993787129182876
0.125250865420927069855374426163 0.872875510858895809499169851257 0.600078372865281048248403957860
0.796232266717317374726022742918 0.182865593130968967973339293927 0.379438640058009312397819869279
0.898213282278421840371341965870 0.598033591486455027271665391196 0.637245411979681209632922858091
0.518595859055207850129909971144 0.747642973932964578804699970876 0.870753242897528172234354382944
0.441696633668805342229753713152 0.639477563017593362821799679740 0.334359118279060717986626309310
0.380134867298571045820631680597 0.189114958792718080631243136469 0.487236613177745333872248753873
0.882334561300212361522373065349 0.509597923076119506281870624146 0.919128909675805501169025537248
0.613010504663204048672756229377 0.433035771142681159309896826058 0.015651606651343285431076306158
0.423247012016713894194356717536 0.454550370871977691636846397515 0.619746422958956894544488222307
0.844262261931331090886701683344 0.558739841767511218439640359796 0.143203355736554175869552804118
0.921641984004701619389951408848 0.016653392284043821151942717833 0.317391243070958727917504969557
0.711946198437658893164335681221 0.932548799699148640399862251360 0.691899418764854078159090242274
0.371209666610799808301342146080 0.054219224202842517910646234839 0.320944031566071492361200144554
0.337058564938961248117665079993 0.143897786723828526728771444349 0.724345483186620432618814048192
0.566064962144710147736049794234 0.225098549482198729119318224974 0.873096719771323491728666277307
0.689659139760490291345454952415 0.634542627553373811048324846503 0.970328083719837921237433930227
0.318185687830947241738240873348 0.060659138026770256154634457607 0.172954096869453228613325591768
0.522186200704239304245615488757 0.731282679230817276877644708693 0.693964036785949578383206289320
0.827274535773176943311442224263 0.765963626513999093726599580130 0.363464342102899918989823117445
0.499361618277431768917403703070 0.366435796883447362080155384555 0.045121402790642906681688631253
0.644098755053590709575041926926 0.620607819927395264278474210317 0.974640754574049964903264653707
0.319205317864998499108555935004 0.554761197699521756342612182771 0.550189130274116900723865540463
0.149262845664185410646892783788 0.938726486477541080409783105262 0.181216800322989441850920813950
0.130931525975283324309161419671 0.364495752756030594639509360465 0.009509569172624672420630655469
0.958234001485118415873331880853 0.571871741050430882093763460681 0.660905215749592452051102610734
0.696734877428380562242913621535 0.589639460832513824803691199251 0.348849242197342956271726213500
0.145530197479021657349503554608 0.236117894270666497164443058830 0.843871088750113870766723814578
0.017536789392392028608691595671 0.429122183466676165767811450474 0.673713414931231360230340059812
0.821352725263675176661929404013 0.182636035775849746552362788135 0.616544133326768849081114117122
0.693062743037943484088062638342 0.112442572072946324928511296531 0.493400436660052193124011022935
0.386404680439031926852552024716 0.345023725657450818091959341071 0.372553894080182131982025585204
0.973220401956608772195476324207 0.925521650716059567109337134059 0.549953192079014066323323831409
0.792231053137426743357378751967 0.869544227225719849777765387536 0.673980919590329503513126717560
0.581475730046886668592704841469 0.148041211569001392922826291141 0.309724818543765718005263798263
0.671213333245567145785492067396 0.763354036093291635934999727939 0.757296078422902808438421182960
0.386514813618240525885949565286 0.240530302534797060767451882096 0.571491089987665390229420806627
0.821382896860646203008177074823 0.292620564867941977203994774047 0.153089770876019576070631789666
0.488840730221007394436540597075 0.108498290526485825740565042847 0.635473639561709222309811374811
0.995416283238261820246595876183 0.519879869596394844744796634858 0.185647414270221075201810032256
0.464163807101385448153245458077 0.431167620533162691738464158566 0.526354017168285828082228374998
0.808223713629757343368865037383 0.530797433914543588852595990291 0.730913463340105923988717744260
0.908070580951653952977829610534 0.552125773108830626670448307512 0.766402153627279747305106985347
0.047525283182797005840877134160 0.832358165013823860274827555882 0.486357768912619142662906713756
0.545015523046008391220033999423 0.876850266341545928089564215795 0.326520237280459789128732274229
0.051389029196649969481310809389 0.774542492815015585708290478569 0.522568884624700912609779273297
0.337173301897303375740348886456 0.732253709701729280573557997368 0.684996573380543625808561523503
0.001254122163730716634728599367 0.577960736296751069826537574821 0.033473753264744190418074559020
0.153429261309492892074389339462 0.944187005152770546875933815572 0.081659366771111836446755634851
0.365999692826975334664468844037 0.658754282727943612974361147649 0.370164148169449591606876785919
0.020848866602550484546027974811 0.454970975034474510958179235009 0.945317023153703591325466928792
0.667038380228436505956479572710 0.091371583918945864249368650092 0.003068531945547341013348428463
0.490551558584455254597061232882 0.593671737177641003254728851662 0.822072867694890036201062067658
0.549617848194110821431220959868 0.883512603148236390458942821702 0.975489497459042652748441265147
0.611423447435615756000459858041 0.851910151357801582571915442273 0.145789978519424420978604290881
0.329178139572990249669156125209 0.228617059943324949792743484509 0.561679091322305730342360325003
0.888561418215561392936038338561 0.566102315382182439885031773257 0.670434703987742828608830837309
0.137778821943103631557168587723 0.082231298209270640694577432969 0.389105914032669038619970985024
0.251657133227177635509536546483 0.244849801448020073983371489035 0.403851546810337968668692465832
0.830725485076872388960858298957 0.260147948214589420307602669806 0.247642181735367788673430142535
0.836128095417459496302236746805 0.169378119369584188190208007282 0.635063207307474193717762933859
0.940329212934570604211378934931 0.362894536547971688353001671664 0.253119500041496793257376703242
0.298174371221093017622397837637 0.868519248984837369005030146358 0.850704714500212047770172292402
0.724956948538267649287425552220 0.307387778133100897237711707719 0.818568051388283780650282273878
0.949426993047944214795072945775 0.994064678426483900356730160232 0.351328810379194548846019895332
0.039010511915114515933799496258 0.826888301730655266094861466978 0.429012398684731664021090517746
0.112320136014952373873557836147 0.711189307640932402689246397985 0.841960151951932137071815779779
0.371367213534242639748481603778 0.910994757694333118176217702374 0.719936135742211769848645168677
0.645720274856057249044926372855 0.991764528741404436276660315049 0.673211660195685223219489758452
0.286383046812773332259998542384 0.102882580261007376480499648586 0.390017549426062631613457021333
0.488184585932674994196175618547 0.219635874506089223695607597596 0.969298277733552446535989989204
0.905206755174828115158943826815 0.380584221332829753663045501903 0.600955491004968888572868268035
0.105365016245548262591607972883 0.648682929421080971500190265570 0.677742397948509572390521898938
0.309922915633578656401618496621 0.480173440612247767257767902711 0.486865988820851585414719866252
0.183287702502458749355125279232 0.166858257085159695316716247004 0.223921228870296281573255816577
0.694253963909283430766535992471 0.808749909927006280361891560213 0.418728970116391458072603903716
0.457047872751495431259466134527 0.862090011135907853395041807533 0.969943163403111957272841665145
0.938937906698298576800815159404 0.753384248265269895487381395299 0.537343658653283987260254969229
0.265106636992599498265102839989 0.742992840603343466319532059794 0.736803386694701418366385024575
0.548915555060816993559697371169 0.076021338320845405149720933832 0.574448472775615586717426487390
0.046042726791968806775133163635 0.932757618338840905650251264806 0.840470422745332003342497017249
0.256070616220950810817793619417 0.253011874785116562160073908235 0.405992573047215174058532045823
0.845107301294081064733043358321 0.230681168413162856277413121626 0.055518776814335477772670543859
0.264861741292398884540172157284 0.036633347142146513662436027728 0.869021210903475057020039131793
0.028065490645718922461366313949 0.404903029400003082799890578570 0.500145201709438672222416159824
0.990807386950127749102770422204 0.688113393703608475928260696280 0.638768578577270023081387822058
0.248005920721444915966760751302 0.843871274531434521197065664710 0.374651485849331294322332200730
0.234296207652444215253657779964 0.396603590718533111470899123235 0.341394313477556529123137526906
0.199476314046168701950775483389 0.112513008417486373353782711126 0.018597010387578419952345418893
0.671576174760423895922401768900 0.804632452859480133527765363289 0.914674762120648935508963762896
0.810397901929991721040182464255 0.609683224139022195731178447944 0.477172479049363750886732474814
0.433286059084016069148674158372 0.675937069566991049685501561604 0.009430589018299025378134512173
0.598725483452982410334902519465 0.417838991148428121781320881561 0.779892122319582686663356078047
0.801213486509768731691931491855 0.566344133648689665212402102621 0.954680754782285276194013079435
0.144808353456310440770650636292 0.198861994907555745747079257041 0.910468052922794372139344829857
0.054454021055608212269444561576 0.364011714334148944535280477864 0.957178608876796799448644216215
0.588903381783227520452448814178 0.096100758500160758394703021392 0.621282740937454397607602952872
0.807940709751197897407391166960 0.672264622828239392580974781810 0.881391767884421475910034000802
0.464375102358502441354227222340 0.017427691873860661379941233306 0.076021648917447876398420691341
0.958745877696184956889323306526 0.447205925292761533972836798016 0.877078372056392232318396264376
0.987124740871110489340333041033 0.164507947636366890924657391811 0.382626596703064111891124093435
0.868781427707699017425202191855 0.936949150385172590042137887542 0.076525392343972745724528073916
0.112315081099351956900640524445 0.618752019669555122408754473873 0.185764833264497919043119204842
0.488713548966738117321621164636 0.536706281268189436120794781345 0.424209137896675447206310194862
0.004661291465198530626143498055 0.073063474100612098855958506658 0.997007034135747078238243689428
0.916470841195001549773266692754 0.639677108790907572403478161749 0.383650436046041351902940205283
0.872970934906521813417292164472 0.389853141289925756664145558833 0.903095231587315576938454749723
0.365264388945223126451191784717 0.713281442305824779577042694955 0.211789436276501136086814714165
0.724923999313106721622021152486 0.813135480902898901487616540643 0.841252552867192342263043297228
0.982080544086635183072600148284 0.868877945073119488402786012150 0.600782336007557734523529540850
0.079804359824178748185697634735 0.560803996955060120740953024619 0.457047261932900132102612582504
0.514096129658128571110913157517 0.569718106164894930996509206731 0.204091081729344389354354201118
0.578658100871272094200200570170 0.242397526019387854241338361748 0.487690958144539070639082125526
0.800524067865256055846244269971 0.200194627019206786165559842635 0.578825072957961133334883061912
0.343184050775120740182434104052 0.515076857629613000617838437787 0.619934793327751438649188002398
0.559135543683143872491820151297 0.791190925116462458737437476157 0.653940627741918272719132724139
0.910165860551154570148071677913 0.869890797071102327695952490687 0.192048300241356173486883544942
0.507968693312829284622187464539 0.573822956002285419476421141151 0.164597174110713089824262554945
0.896386889644447980448955704599 0.656326821158668399789581764053 0.566874189622290575262356991802
0.255860433769601097646455001931 0.784007312890238761311721379524 0.147820319463821042009539130884
0.115427033040772818032796208489 0.665624982220020624752160992145 0.423391309200348970229132711940
0.019552459977372797437223001090 0.471483595658401293194737713172 0.922191884523841989783662953251
0.331006734242212983131976718900 0.355389127269887239914877723864 0.308660037067426993606298403216
0.758627393606254468433883404078 0.106151897395334595250887646262 0.517186695286995009254810630821
0.992616247061951812707250262720 0.520038507097523852404011925422 0.685465658254157070235853370738
0.379338816741917973174868002419 0.849095401586704916940836941414 0.495656866804334029614785992697
0.666499961179050677297944747374 0.084073341462452930921065621365 0.337149275498593672901084542869
0.670099190065282299839550717104 0.001023049331421335031012351155 0.774641821973506647794279702082
0.243844736625102169002452033406 0.818713182134878248073153020631 0.588074630026587197324767189504
0.787890939718961297016957444534 0.372988127941578209381869754618 0.187146431464512989275630162093
0.176218022643277925135247038037 0.620255000069822869218951754702 0.766488991750358379634253485977
0.874813965587507225859744908846 0.790831059145123256716375034662 0.237700564076584290720154266922
0.916723880448897193231184475058 0.880195294599205901660919733351 0.084969198835245259158809280947
0.151758003866013863820167337827 0.839135000534434928062108440935 0.251663993193479550501501726575
0.993680620310384507123499431180 0.097794764265439862118736456641 0.251636419398985818251657639435
0.058205321934321674326117856522 0.540329536944443433060295098281 0.614250471910033670601977119990
0.183211800701618506688319691390 0.511820440086918521858364668844 0.089476174115425408808715091182
0.485091409182299832406601347872 0.947190079130176118616563290490 0.859964295402337073636884216217
0.419057604652232718060972259738 0.392648390850649602562332984793 0.846060289312103064512598421447
0.722803551606918621670530271240 0.354144792235859602379240837226 0.140955050842136347212592132884
0.851679407413600441660418136304 0.457183128662920867853069058055 0.897972974893855558297311431878
0.724768458617406028566840466480 0.189694880903448232589140160265 0.132972723877488915886301844951
0.242450023390696473459195183059 0.095435505344478522872560774876 0.407279056705658535143663946422
0.094877383646309093436809258526 0.891094477897380211389112746080 0.934543773554593993610865130683
0.952131967229561199687937895996 0.090467298424004738398719863955 0.680618434779139338846019660613
0.369628667762560447793519117370 0.737460180250692659489501213109 0.328826683468861332368775843905
0.285810702105754528954262958365 0.171478517231279801204679057436 0.492409525611992211157733941309
0.933589753736658534469295725895 0.399123504155508998668749436716 0.680377967817139603664587734708
0.269469577397556017999028249689 0.026795743299385651596441572403 0.333958481577226161881720716826
0.155823781966780660992460049198 0.288571014984311738573289815360 0.769223971101408997707612321475
0.697227506467804791259241297114 0.597163732258430707439827396232 0.395012264100960695737399602177
0.131688541145314158297892909192 0.436184489651259921218619159688 0.429136196377222505293251250277
0.475217919954349894482304582878 0.101963437513998407391786800547 0.252758004909397237880611999728
0.803538856648590665690025722727 0.713552105264197450145804857169 0.032243221011181717542772601862
0.607436880630781747859656069547 0.719306150973037031533240742442 0.149840841847522541112122454246
0.462081120374096568687309086410 0.891263448150987133976371611079 0.641056708640314964541728922754
0.228647838491747892639550222468 0.874899868429679156671113755476 0.197565021326726552608249918679
0.503357914270561343154838016068 0.719293232349099126108869542355 0.700085939785209825007273742040
0.872130394625326835513319675449 0.313806810902194965307967715312 0.745996497119246288231376089261
0.781174655878918807491917950600 0.821525883739286615943728572149 0.613790868838222671831894055076
0.161004920205888456423447954007 0.926084367979824696619493306470 0.230070057529247682445715614033
0.179847003047913343326218771910 0.823817736748215634150241830216 0.157218596359894086027949704501
0.380209022234542558997281688300 0.286173514135491050179281611035 0.246712880862949167001986429728
0.102713271352643751800517640171 0.426102858502486243072362242977 0.015218759727615330451457814399
0.854834711174907366910987549288 0.479138060636849942783609794063 0.432752397191209785109188362443
0.470685167482843506581424686758 0.904488855410631812926304078797 0.814736119614621151519295334500
0.759665039309673173862115551763 0.557543138080236853911208641194 0.697285560534390178098429588379
0.917188734469881005300509948863 0.632574221621548020217200431090 0.498730783530661580490958319210
0.421641893167663559545319167590 0.447660074545078672902935587476 0.163071772686867842344007550402
0.724837086551851049661334893556 0.459981994451752935290727699610 0.211500868521714352959255481911
0.505335219091408609054393746877 0.352722920467976796358166509794 0.699070138326375146624831706287
0.617754982678074947672526392266 0.601331953617637812230807782396 0.752310376774784869452503536161
0.904507795765388940199638067630 0.974416158111241877381967728912 0.100748682045478413013455768056
0.279756104715974021916151336498 0.588915245558659403921667527056 0.625750112364181115666700311934
0.896783135133101271819557306526 0.362435777163835319014918213009 0.843554008523417947819313629840
0.774394712934660739679367579245 0.842335128937592351436173667525 0.108832345938638927155533844636
0.631155552125317854910544224442 0.494818146017451407293993138655 0.480592009164339800475204376372
0.722450666397628738508246821392 0.451892156571261609941127568433 0.140257922240183246868879540056
0.039179336078148007769542383416 0.707376976401917829072799407809 0.168439821271541825029395012728
0.823006982537084624383162966737 0.195539798802154634714658135860 0.689637744176234594136156051580
0.950651579620501486013665244054 0.551090766839045459961472314353 0.417510574006374642151433630072
0.363936540987469231607719446083 0.170886878012931375676893130732 0.073250889258160784938819211671
0.099608671326411722137408055073 0.028193164874952237527654544106 0.628980079893134257885317152225
0.583368518521570520081558221080 0.213927845222061705418583033051 0.318061623423365973778543720982
0.615865884379801949442378986745 0.585145128977866191121912951571 0.560398002915897605783484698950
0.847113146547015288796447701816 0.609545533180709540063427529060 0.259636988225622348447657180386
0.690159656271699589736585729968 0.284233776802495446097720118893 0.749061200503726387840145698063
0.521610245093670124614116169347 0.322235170513654104522460377102 0.205452280191112169690178495313
0.255401190340950582592757364196 0.992885223592350269760700585207 0.216755760631605355082492343447
0.987348693399022603633025476713 0.550412398832868679310159664345 0.223887300454710568683388212260
0.388756585104630224602459536077 0.485341724253073635313933611740 0.412096378967618882298588226484
0.422502699063507204977346908667 0.249514901409486167240210085532 0.861230587583930697077341106894
0.533805325529175700566692518058 0.962117826068622084605291459616 0.705668811007550179441586473383
0.204456604407812143521627942625 0.408697590019916834067538913432 0.985803445509955455358027937475
0.810646771820118781459805349471 0.742425931924947947179288770925 0.054240435535224203829030271348
0.037832412746617365417893292003 0.284269501985139751683115193573 0.733781015785453592122442495709
0.997967665143161559174854134028 0.069690381806953730889558775944 0.050439219702035936986260659662
0.199313446072392663971109773443 0.271749564017454336875210902711 0.801394218771371896526464922453
0.487502939691471143691037084982 0.095661525281892495817992505593 0.429935230517239276746600575286
0.433278907210150027576478150268 0.550017158887222417748532215485 0.273733602666415654062001959357
0.469690369438391923310583742858 0.797122554469697844709291765405 0.424735572682820314033244997278
0.625295660188048818009627804172 0.256545841965023767742607338624 0.848166070237382575407506965011
0.930808698535926355512520839847 0.111557184568356615410418985304 0.285953502466730003301131373030
0.719206890169410106673374151228 0.364910952387640144200527060480 0.846059243033377883450446029805
0.383225913728244255474133020506 0.444665632036888430841034688073 0.073914727985854210387625932440
0.484545839759159512157553449369 0.171636461948910951008727541479 0.968352049418961638234979945941
0.666173473912122261911732465788 0.789864384538401798993517988851 0.203989166710138506973439633986
0.298976073300226451770949534914 0.395913671826495299264348547202 0.736307637052929088251105921239
0.576793795889527855826130081415 0.045272539088457100840669653956 0.228889442163538243055145925924
0.441141192462941424068491672042 0.613442167922315195231003957445 0.980926625378036205961395322216
0.283661120197195739302270371525 0.351540979243996742125696336966 0.224194309310742941532924392655
0.018901334295209080113498793793 0.926979070351058054501288564618 0.797645670889194229018450703776
0.158838475975479074243561584272 0.696263936058710143187883631574 0.903757942172253071751870754077
0.308688860739750857539904571567 0.233978613555934330575478148377 0.659060446427021319270901188017
0.846584610876866404022616070987 0.519370546197979641976728996451 0.229740629325419110164823978521
0.318357241289367631172260246882 0.964071607033537625133601673367 0.458804380067974490490832232606
0.211275349761751322798668094952 0.535205031515801310240576565737 0.737528498390927380712123307676
0.258825851298529499881549417566 0.422963742087199491547856224158 0.618536025083536526992419401462
0.586185031605211680807502667412 0.221238780896309818121049574883 0.410862400897660225403246034650
0.604759216908933637766207166143 0.112137637719727266486357497869 0.720192343809907173950768988280
0.244079912876563829288090219528 0.244325142505240715252250352467 0.510642675661200769567379907494
0.516423915733089122626200911176 0.945214604579243203355496976559 0.238141579849716295385076090977
0.340376714206617347515131195565 0.834507072635795542862617733486 0.082666518362377519902242563093
0.464406100744769500698265553510 0.170839819066475056230762657207 0.805047072767419544809115452612
0.738856583967800281610882464236 0.544746764976215457670664794839 0.445145327508665213506993227937
0.371599933022618030189449683477 0.780726873659035998821723625247 0.180732591429967852546844261032
0.973529257876135541386835365234 0.404441742104071382560214006483 0.849008068669414389106415982730
0.086544912325873257212649408841 0.696653827528501262365352207251 0.729314236008117164258618371692
0.629686520230490407412218922886 0.794754626900519100480045964226 0.320042277166191979525852203223
0.568237165383771410593770406398 0.677543390901092616623581132959 0.767132864439744251104887258585
0.089389662013004136807913585563 0.317639768656412357543363747269 0.162430549706707442700750618882
0.032408511251110724607465449972 0.951344353381810612377418283021 0.196048905815695154263062320623
0.598125374500401409801794528104 0.535399419659657244782204465605 0.080975277228076314508047906998
0.997695702691577817116127373543 0.985158541998043843013146427294 0.428474386799819140636973691337
0.421525574903821205304364966620 0.072234623266886735531243016296 0.667206429361131224473369678978
0.123196412712134511966879830630 0.209831511714119912333494906036 0.566846905756243290137350706432
0.257664480557401773535339285909 0.008915887040132614345658521822 0.751552204603787489932052005507
0.538649364452651383219575159088 0.130860252865227234291495155543 0.581739432036411518517020191047
0.461228145594113944268907875774 0.325302827427518653001249317308 0.590144917847042150613859977566
0.639325844059769114483846612442 0.154316964830890343665199537783 0.951920485884526242577927347687
0.558964668831458151176493499222 0.723905867508640944696197704139 0.274864692708843126997107829710
0.667041572388559313964404033739 0.545836986239160256989436028685 0.126919207437512349059228114172
0.526038645198552061370605681334 0.124420962023809134746878041996 0.030538873046477652627383639591
0.706285548149716706529636770645 0.892049310057327721470350150652 0.334291507151643606907083622727
0.741014586791017942638085450587 0.684876331109489676470481391465 0.732937073450410284722176606327
0.313395801173571438627459924504 0.009536075021289372518368984496 0.093255686148847498437823811459
0.641085650930532943083132534604 0.392405367879445218340111491901 0.632124261475733832990102811389
0.900935190274808572136871734013 0.976612197679611908271472562124 0.440371130291838998782319026850
0.873692594485385449100729812335 0.331751847926188232264372960096 0.466429486248527613819589237659