0.649335545449634565784435835667 0.906712216606919696459954138845 0.504284302114911486825121755828
0.076937325091292557699418352968 0.900954264079391164976584605029 0.118144889967747898640304526907
0.457148716991418013755321680947 0.969325999605268995296114553639 0.863039432148543617095981517195
0.296173139847411059921711284915 0.548617177978338865784735389752 0.686552452564467952100812908611
0.616763857098424517211299189512 0.810310519505075266266658218228 0.613256178012268171606535815954
0.545319280462934874442737509526 0.726288202236499591535334729997 0.774839577445976757097412246367
0.281318886570066761798614152212 0.799022360716499790989075791003 0.088632436974551628838803196686
0.296571891030098344632648377228 0.230635686135776007965603184857 0.399416778806913175259296622244
0.962574231005508984537755168276 0.450293767611632700376134152975 0.679231929822363356130665579258
0.001743563196758240617031954223 0.422690300132914142938744817002 0.436338745557688034715226876870
0.176792187170962622477787817843 0.943268423065923844461622138624 0.357061582374347097346145574193
0.144684281027049582712962205733 0.144737798512095588998604966946 0.078136749099161878495678479339
0.448510185463259547500314283752 0.772085294594531235112810918508 0.266529235726450153265432163607
0.322723151257382323553457581511 0.093490723477425916043692666335 0.665531445713736569125273945247
0.244445701272676507720404970314 0.719692305988464564592277383781 0.795721341536380522008187199390
0.849870577791820958069024527504 0.774264780355782611387382985413 0.139265945857594913848132023304
0.073279641007558321552650681951 0.148874281431331828562392161075 0.060940901145408274408588056303
0.170946555905042069101185120417 0.104765071942534801485713558122 0.749042479552138429355068183213
0.263151584498589274918600722231 0.181260523686035374124614349967 0.818394026387921358356436485337
0.530359237161866392540332526551 0.227621313809495240398916848790 0.921311916440586298193693437497
0.759295780067221093290186217928 0.662391807604570392875587003800 0.258477139056546068029973639568
0.451556500135483596114482907069 0.624093849648046261613387741818 0.696190939285869170305431907764
0.099352279019523592751284013502 0.200225595690028845829999681882 0.640039318637214527107914818771
0.150890881196415055365278590216 0.938622338954169577185382422613 0.001449042957337329413924909005
0.011792443087439714866082596245 0.348127241624310634904304606607 0.207357946322426239804670444755
0.801093306403758087519406672072 0.758772339062823042432626152731 0.824690396018028737401550642971
0.983050598930232166772213986405 0.121652628055294795283991504675 0.191317711953396973889596210938
0.509031560043236908086328185163 0.338918002870859991215723994173 0.034851973754445104980437264430
0.875663587189917880237999270321 0.449640495640306225855198363206 0.846035436897778270193271055177
0.654346750287605027907034127566 0.064098427076088301812539782532 0.765479325358481621499606717407
0.261096681500882221715897912873 0.760938969263675657472845159646 0.446802637698967275436956470003
0.217563218725977947087812935933 0.764436533146936603166921031516 0.105459740053396991421585937587
0.285309329952957824172443679345 0.277445702557031825818967263331 0.026211833232420579664623261351
0.386038248380986048768903629025 0.589552838463244910371940932237 0.886132561966006204734469520190
0.763404390168661239890468550584 0.517429270651212136478136471851 0.305459034773638671289575086121
0.390987896448756588885231622044 0.967921215044183824716128583532 0.528051537371634016615473683487
0.251744902626966471359537536046 0.377067308006844681411706687868 0.508797382065970138498300912033
0.149269032741184137780265928086 0.720146266092408726677831509733 0.430002091665474983628314475936
0.238191629876282229272277390919 0.776384298583011833727596240351 0.660358682399256324835334908130
0.516791504690773173535944806645 0.121422038797807024801400643810 0.539158598816798062536292945879
0.791599921492907254716442366771 0.608864645686647110167655227997 0.043375125512172922614961834142
0.925998644556994099374946927128 0.560312242195948440048880456743 0.462327624284162075340987030359
0.943274735816760911966127878259 0.950072853082636337163080497703 0.770867525591161895093250677746
0.375468360438147297220012887919 0.815322800734017527624075682979 0.384225918374345998262953116864
0.519422519557576234383589053323 0.723642746416124249542178858974 0.827078902329982823538045977330
0.843003138908958282726757715864 0.276756725151588278688308264464 0.784470612066434092035649427999
0.789818947393064796358430612599 0.358154380794319993075447428055 0.510401563053169859962565624301
0.492957642184137734275850561971 0.663124740259039113787764563313 0.569796238472737859304118046566
0.872812047770736287866100155952 0.452690393403393620541663722179 0.020004832128208676483849259853
0.695386663174526353792259669717 0.963953329103153011558902107936 0.313108698461552537040120114398
0.358295033550780517295208937867 0.444425857420742753678410963403 0.219339599705083071468081357125
0.412894086263470683206833200529 0.210750103663792820452016485433 0.117779081247917472019537399319
0.135219464825822616171890899750 0.927828605615282464569304465840 0.693919156288944183330613668659
0.971170327034418523481917873141 0.930341916075335673141921688512 0.429703438597674625132327719257
0.036306100103871689899204255880 0.508793249881943410173334996216 0.439495805167094577559083745655
0.798823364573490124485033447854 0.571869897816180028371491061989 0.675691077114175753237645949412
0.163666950511573094928507998702 0.127297011419859051883918255044 0.310869904342149117049132200918
0.852116635966267854662703484792 0.031426867902144252353568987246 0.672013396667775819715018315037
0.011245990078453190971763397954 0.846272749268284441015453012369 0.810161315671577786368118268001
0.845238026368804629129272143473 0.614793668563939688098685110162 0.739019865977847856264304482465
0.147796883126123212992553135336 0.626182377071998308437628111278 0.544323179718472771604353965813
0.273560876929161589377059726758 0.530347314047944107251453260687 0.027662809287646781403191553750
0.486495199252486187901922676247 0.806717177117872497049688718107 0.976628677451220061911385528219
0.857451819327957887040270179568 0.379792651292557903452973278036 0.250641919049456485257820759216
0.626983809447088979993623070186 0.470638155531885371551936714241 0.902128843158791937639762181789
0.726780454613210724623684200196 0.546646693240243175537784736662 0.408942085532684018733817765678
0.821133868824632795480056302040 0.336606465264487342281540804834 0.272448122528607228343133783710
0.473110449902187368831363301069 0.204684005259159779166466819333 0.442145919661720065985122118946
0.401591815580329636325984665746 0.502815213860822507463410602213 0.043803266108001247258751931213
0.693267974680344511995144785033 0.521943911137038640823959667614 0.426753862185524635020072992120
0.050879346382976621543381412494 0.317197926894701498490292124188 0.438038651812437340726802403879
0.096901022291454225188189752771 0.889679197643289843000502514769 0.734244779699612770684780116426
0.650834507206951795588167897222 0.269596914889868810583095637412 0.276028031151332731152336918967
0.527699322877438148360340619547 0.059093321365506684683666094315 0.771729008590578469117815529899
0.886244747336448979169176709547 0.462620993123868506913254350366 0.616689065800794855576327790914
0.564186052566179818690272895765 0.667614338048590050256336780876 0.192683267956609005633339393171
0.350496873673910247504181825207 0.670974280309465598293172661215 0.679353365926107399808131503960
0.272602883349605584761832233198 0.797460684013728493546580011753 0.557869999808308980604465432407
0.913872941292617313457924410613 0.995413231120053976219708147255 0.323911278319621909194125919385
0.569094647234670292235136912495 0.613416300761944421893190337869 0.485784419765894037723796827777
0.565057208511883124479879825230 0.000072679058065404128670394801 0.654672361057390350680407209438
0.847649428424061324172100739816 0.389690550761915333044527187667 0.094021466418456600688813296074
0.047515893655494953473628072516 0.764392107804456322206476670544 0.246042053060561011212925563996
0.563933313333779495657438474154 0.712645806040804297154522828350 0.081007205848045563123527301741
0.993892482990440417900401826046 0.763731208903045688529687140544 0.992870585594874621726546592981
0.189876696129339744834041425747 0.262222918805987803558821269689 0.452711282213146604114228921389
0.312700441696592834617263179098 0.595538255007412087316254201141 0.777107901473763962307828023768
0.437578345111926614308117677865 0.904779838664627633626480474049 0.304311591695601235674217832639
0.020094530770239461825443783027 0.281560193134316627538993316193 0.656786156770349793809771199449
0.225918717579958239216608717470 0.757299309024372702126015610702 0.484421904889350107836776260228
0.311918485344649387691617903329 0.090842495640728632144700327444 0.528822934529485144672378282849
0.214601921975044740431570744477 0.599819037532250742827955036773 0.443921302304252030079823043707
0.983185825916537581292686809320 0.286122642057471954224467936001 0.951615534710440358345806544094
0.306857152045550141128416044012 0.762585027850172125774008691224 0.864205749395982714133879198926
0.667909851940442833573285952298 0.964723181305177424071928271587 0.334209612213583862061483387151
0.871574676202350850928723957622 0.108985688349763423787841531976 0.048520354094585341209189266465
0.985496765474410674201521942450 0.343427809258854355167756011724 0.147446270475568186331116748988
0.902624443895573502771867424599 0.331748059197367717310100942996 0.218687175729764204934468807551
0.320238771202694061379645518173 0.917692219075316062415481610515 0.330177426901374970746871895244
0.773060305352400223277697932645 0.177304796192249952691000203231 0.854494368354991706837608944625
0.106091821391458146495168080037 0.080827541376978201403957768889 0.958517142520964204877031988872
0.404341752085367711622154729412 0.464103618560297415118753860952 0.833314963719082646420588389446
0.386186893729462688007458837092 0.710941893934961322010224193946 0.452251804294332926392741001109
0.080043009966063893845245047487 0.079291201327809895937903661434 0.591966439559482582311034093436
0.475778424737213989637041322567 0.854619707129124273059517236106 0.076533374371965764981773361342
0.242157062530631628227695273381 0.888877717085231000559986114240 0.880640169230039293601919325738
0.419246424622414681770976585540 0.595517045404608924563660821150 0.291196554368203908147449965327
0.383439057861397702975381207580 0.500478853086197328359219227423 0.615303822879145867474903752736
0.462138299679698993926990624459 0.861431544466081389188616412866 0.683516632249108302410434134799
0.012389685280794178814933736987 0.130236979947556175130074507251 0.547145966209737766305920558807
0.879823154127414408520735378261 0.364323953217514429070433834568 0.454348433868074774721890207729
0.715240922240565457634886570304 0.810171538001259960992683772929 0.399861577424042380357604997698
0.785720211803727086596893514070 0.710445113391689031523412722890 0.099289666555309533113593545295
0.558172436158661411376158412168 0.276186785886254726474220433374 0.459057404137676872135642724970
0.500354875813382227178749417362 0.181528067858803626721808655020 0.744839919810809547584540268872
0.159753203483722794331356453768 0.772402982724870290631713487528 0.979945121761446436003950566374
0.451056094410183960885518672512 0.938969902889886687269438425574 0.721702508250034568959563330282
0.298772353299909088075736462997 0.219997910684077951914972004488 0.224188130329935758622283969999
0.299091585451647323790069776805 0.715554697571878173256720856443 0.279280099711487928004771674750
0.356957230466299013649233984324 0.548657555642144578733621074207 0.501828551737590888848217218765
0.791236116461680683009660697280 0.365463027931016593008450854541 0.761373375435066890304369735532
0.154443341810749090736720745554 0.840119696833399598467906344013 0.364854487669758975609823892228
0.950369526215218862752465156518 0.309806963117297828880225551984 0.855913334828364957829194281658
0.846004203997616888166533044568 0.123782199974050807766978721247 0.207834424944303597371231262514
0.087513685625874762519238458935 0.432662125304369316047825577698 0.387859247171644661023037770065
0.478594891285741230735339968305 0.549044176017483676055519481451 0.166671413724994443850135894536
0.976193250942443468964881958527 0.083917286738846769145183657201 0.000966193977330522457344641474
0.497132386982955531973260576706 0.244818375590542341990740737856 0.515196570702322609314194323815
0.489437211569613561668035117691 0.302334212172390315309655761666 0.549392362605455097934736841125
0.760937523189269438006476775627 0.284930433435000685093996253272 0.206290078601900239707589435056
0.104633815350455378068161849114 0.345747739327692482635967508031 0.851536042438034490587028813025
0.828263846652059765318654172006 0.633315487423459999583030821668 0.460404954163579183123999882810
0.790966505641747419375064964697 0.530278938911326491734143928625 0.362107721841701979403893574272
0.369835016502109092950689728241 0.385770474062473722742794279839 0.267872168287010214982046818477
0.632931247893956716588093058817 0.433645070700291568321915747219 0.459631058020386618068187090103
0.444454329586295160403608406341 0.042421057863869349180419021650 0.778586432711341092094414761959
0.646314447970485983496757853572 0.083752903306535633753959757541 0.538663107570661159329006295593
0.572954899467613465446902409894 0.782573560676906088140469819336 0.286439214256088370280650678978
0.888080314649768887136360717705 0.419681991056409908757984794647 0.584326197370587996360313809419
0.057563163394802399630556521970 0.683334206539502941879504760436 0.527589860920192110782522831869
0.768089319454799190900473604415 0.411297526555480352783433772856 0.447422647011007590389652932572
0.028897986098823345846309251783 0.359381961368361979580754450581 0.553593992650210031669644195063
0.441424283296207808913180770105 0.718681272685434247016189601709 0.467731940663877965302930306279
0.425488445960384320532199353693 0.275979737659717949682658399979 0.517704524032678969902576682216
0.268564793868377338359465511530 0.734428918082598691796647472074 0.509691491843782262805007121642
0.134587027202659609281809593995 0.362595083311983812368595181397 0.497969501012942461493082646484
0.047499229130010950372664524366 0.413403645371003436448376078260 0.927770702120021328873633592593
0.514668157323992403462398215197 0.149386130099324304643104710522 0.687767956080160947074375599186
0.214657765802472561000868722658 0.852946346275870737052571257664 0.725165563609026730951256922708
0.297367619337334132545436204964 0.122811510540163482119169202633 0.549032849090281938053692556423
0.237900891627569943675979402542 0.772076724931076485702874379058 0.345639879018676321464909051429
0.819968355945376758953102580563 0.793225644447067002040796523943 0.704137842453877560444652772276
0.264947719044704266266876402369 0.834892506270435430515419739095 0.793367459787325479680930584436
0.401197421043423874120747996130 0.127411230692041799184011097168 0.887989892434391525632975117333
0.359278447976811909914118814413 0.592026575105680130661767179845 0.124056149991198516602253221208
0.476485395546265066979430002903 0.065630302707348972535150721797 0.756186902420430184790234307002
0.951088156709694376722552533465 0.123018610102077027845801637795 0.715158094556239021244437026326
0.954562950993379066844113367551 0.743326003269167978615428182820 0.258512462153769606576503292672
0.077569879985576906111788275666 0.493655377255592553442653525053 0.941910742378988752321333777218
0.596821425881631228982371339953 0.256318356176480965924469046513 0.081502825168455542148571169037
0.648580197065468322392689515254 0.540838346231914735007251238130 0.251090146836412675401817296006
0.995805857974735308957292545529 0.998332123531065152022279107769 0.445414235983900286264258738811
0.176932180938740329922964633624 0.382332548323260301703641061977 0.703187913109367901398627509479
0.077195084851276046800094832179 0.891269439339555158419159397454 0.325035639355540528772081643183
0.691398324689689314226370697725 0.366418661707403892080492369132 0.677250635391227873149944116449
0.418950653887693702515093718830 0.072277777423688169267101955029 0.791271221904736754559905875794
0.016702533173130175436771338582 0.927458964904648297533640288748 0.389125057251239303557355242447
0.410033373440699899781236581475 0.533466091597869396245812367852 0.117354999215569452686303009159
0.850412959825297742888494667568 0.595723358205083597383122651081 0.815901922105300880794231943582
0.867694685373052720933628734201 0.598584120662786323130433174811 0.538180752712834720163925794623
0.763329834610318225252001411718 0.858771350062478844300528635358 0.080545956088562478680792366958
0.068310605966077603268260531877 0.849956757860993117326131596201 0.432163071721270053426877666425
0.486330651710144279409320233754 0.025060876124879349208240952862 0.922862064348850541506408262649
0.240569958865824329308225060231 0.433212764625832802423133216507 0.613996280235877711639602694049
0.006967614891305413601929608092 0.228829036718864009536389403365 0.316137172998444793137196029420
0.003998592045066801450858839928 0.748531663926076284987232156709 0.729572528153373589532293408411
0.305132326623461347381294217485 0.495742366479177687388357753662 0.846892648622730281893211667921
0.991375455615624012750686233630 0.791331350942504285761458504567 0.172214132060961117032249489966
0.717189014653300649371203689952 0.267167957278544032639899796777 0.602878027372516167581295576383
0.853944098713551924539899573574 0.628378751086238307443920803053 0.695389779524805295984890562977
0.462809951201952063382094593180 0.859083650349653615840850306995 0.042090011755138850846336140421
0.871716779504672079070815016166 0.880102527929648936755313570757 0.141567050743833050541198304018
0.399719626606746758490373849781 0.553745813712980705645350099076 0.084361822570229172413291962584
0.222169361264079628925927067939 0.593885297588882088426487371180 0.326101368285022286119811951721
0.966719030430372550100059925171 0.975818626575376213416745940776 0.716435457087715832358298939653
0.927094623477510149101021852402 0.382332887511056263019071366216 0.584486310819126386739696954464
0.652798008374288807331708994752 0.051780935625111691733568619611 0.333694958870353330926405988066
0.540033211764537113275252977473 0.449062935529384088528814800156 0.173910126360140721013536335704
0.225680064429398252734415564191 0.625250721717653834552663738577 0.753295784868002415990417830471
0.532473768126725199856252856989 0.073109794328651209194269711134 0.344957256786683152949279929089
0.020029285160268025384189272131 0.827829568687623362777117108635 0.224450285806467253468809985861
0.279564272357736565144392670845 0.873887750939284058127043408604 0.074121598244036482339147653420
0.004024506212800467962187322968 0.384762564120451566740399584887 0.405706233032982588326831319137
0.928031271138982538637662855763 0.965702969297171809337498871173 0.742565668783404353447963330837
0.149741989024029270582971662407 0.809831048973592593220871549420 0.541362124028479052562090600986
0.927646061668985555392907826899 0.878390134316405335468402881816 0.200861739580982273656317715904
0.161414741357528229714901613079 0.795065568595343274971298797027 0.125679403438469311504732672802
0.689748846375596302848975938105 0.888460740405932591912119278277 0.993207676948680173723005282227
0.781981099353296182918882095692 0.225588321275833197931959261950 0.482927123555270676469319823809
0.558656641643723306245306048368 0.786320546060902958451777067239 0.224577469695892179002427724299
0.611942345277814103710056770069 0.384559502712997325346577781602 0.485358279199068487486101730610
0.971819591519786252220569622295 0.837457957572519728906002001168 0.797056361681326208667996979784
0.993665776634778730169728078181 0.728979888191003122521749446605 0.456042959912191903093514611101
0.416988813642778455292869921323 0.430988393119632939853858033530 0.247007977952537177701586301737
0.085369038399658703220040933957 0.189794330493203877718855210333 0.625409473960874207065785412851
0.667143986427566448860204673110 0.135369902896374044720673168740 0.838142000806561093817492746894
0.978636286846565561781119413354 0.722749874844466733136982838914 0.824688487311518669820031846029
0.059231837877316013962758489697 0.122853034884692707828790503299 0.351547890160948617310765484945
0.026861313773973761326319120712 0.602737969237458259819106842770 0.024842714066756619445408560409
0.638770746328232497113219778839 0.706961885569681536267694355047 0.046041718251202616574158099638
0.225326760296988615195346028486 0.081502728468609786371956715811 0.447997910925577724761126319208
0.149855681087692815811607260912 0.927199873902826321447889768024 0.829538871988182546779455606156
0.613914875803922122088351898128 0.787665012266624442460738464433 0.560277127778495032117689333973
0.912308771814278052225688497856 0.183243445604647531288478035094 0.572059496286097757256072782184
0.208803304969834235826908752642 0.513510192010285582142614657641 0.022911694274876943933083595084
0.994552351560849978717726571631 0.040196008303193857258417409639 0.349930929933728152025906865674
0.930803112397754262019589077681 0.216986481842371292660942572184 0.887121996036909554739224859077
0.976526311250415335329932986497 0.429462255141358884014124441819 0.572392797351368498581791754987
0.490070578246018129231487137076 0.926773083776963768620760220074 0.735637070861067776661457173759
0.964028621977347621729848015093 0.720368291375667713083430498955 0.602840494812155625048433194024
0.375370031737281339978551386594 0.547963906481337081899596341827 0.387473514646811734163378559970
0.075160906467710106304558337342 0.822647312140107556110990572051 0.429993746815517718928845170012
0.547005968695902122789220811683 0.273835581923290161121542496403 0.045192574540781335623584880068
0.690726783177837533322929175483 0.552867326570680939212820703688 0.426142371050730772719106198565
0.320766106779912407720445344239 0.127638864764182430322492223240 0.074966654865554246955916539719
0.682900731584478060121057296783 0.087715819142382106532451757630 0.389775081506967102651373124900
0.427035239457872084489764574755 0.096585814303669179081701656742 0.399745952129820225628975549625
0.210458054705794095351478745215 0.228594555548396610733519196401 0.795653785254782586200406058197
0.124606570837325514311544338852 0.982483445268017119289538641169 0.707908831784448300261658459931
0.315464807407512315418074422269 0.329556133376602944373701120639 0.088214988572910019160033812113
0.380077622497829170633565354365 0.153804391368691339980756538353 0.037527484282216000410770107010
0.465750986389903254281108502255 0.087389738851239462391617962567 0.147080856335151638480951419297
0.879604726300690420437433658662 0.320283952197539467654507916450 0.159298101306155848178036649188
0.637183680083952874717567738116 0.000701542297786535108336525290 0.024091186798073316310819791397
0.153494412970682059249583062410 0.390061146836826910799800316454 0.891783435315407824184319451888
0.209686192195013609840259505290 0.101842369966383253232500294416 0.675721564119201256737312633049
0.028775455364854124473694696462 0.359554325293506726879400048347 0.879432368090424798623416791088
0.351932947962629250060473395934 0.962663698020273628230825124774 0.615514308133151888391410011536
0.880858433564587706143811374204 0.246019644764133738057410027977 0.183763575570285830895755907477
0.623576839440594277164109371370 0.798008920823547573952794209617 0.725446687600437623011373489135
0.557210481349506570047935838375 0.582206647300427371227726780489 0.622507848352713555328818983980
0.746757402641089917949557275278 0.386016218104829167412361812239 0.698706464384402203826596178260
0.864561942172937025752332829143 0.108654683479676369972644067730 0.529275239861964563736762556800
0.771078671515517344303702884645 0.799538157488299150443822327361 0.902182386953816362051838950720
0.269817176522688995099485964602 0.154041400455755012055547581440 0.047521349144756121207766597081
0.739457043494816890216725369100 0.140584179859531366307834332474 0.928101069175623960560983505275
0.812795332459343988773525779834 0.151684992733254031538336903395 0.270795249809384519501520571794
0.452059737842965214671409057701 0.873487587773354112741230892425 0.336240040597264366883933917052
0.260405871035014779835137233022 0.863544586083077714278033454320 0.510614333427590438851950693788
0.469302577345720117740768273507 0.718831210851587742993729079899 0.789388441304739618686880930909
0.336172937065862986738551398957 0.760002413279881827712358699500 0.363830259001415301511883626517
0.042126094962914056862857137276 0.834608875058396093571388973942 0.226180983124758039348733973384
0.753343783647421272320343632600 0.275626525449214565544053812118 0.285786966261190489291266203509
0.563729156335621373052902072232 0.185731886834557102794462934980 0.937224214863039639666908442450
0.348674020781442273175798618468 0.779721298980839749859228504647 0.748099332100128577849318389781
0.806818314211848353068035066826 0.271760635627852464857312497770 0.756395191125904808870927809039