  0.446514
  0.035201
0.00152941
  0.327461
  0.778171
  0.542283
  0.396396
  0.712056
  0.772513
   0.85479
  0.744205
  0.323157
  0.127257
  0.980414
  0.330316
  0.766246
  0.172511
  0.994751
  0.394218
  0.432814
  0.896252
 0.0512727
  0.793775
  0.143941
 0.0562245
   0.48625
  0.195426
  0.104522
  0.743805
  0.337924
  0.450622
0.00058924
  0.162452
  0.438245
  0.224179
  0.214121
 0.0409727
   0.88935
 0.0878463
  0.495255
 0.0608843
 0.0702786
  0.450328
  0.664836
  0.480482
  0.512662
  0.556653
  0.876615
  0.283395
  0.857961
 0.0563957
  0.694299
  0.876489
  0.929616
  0.399089
  0.243749
  0.192803
  0.643612
  0.302758
  0.311621
 0.0248883
  0.915033
  0.630622
  0.763969
  0.746144
  0.443329
  0.896256
  0.790329
 0.0831356
 0.0380148
  0.510758
   0.53783
  0.451792
  0.887694
  0.014593
  0.921027
  0.202579
  0.519654
  0.165674
    0.4702
  0.367885
  0.974261
  0.599656
  0.369653
  0.906094
  0.428844
 0.0240965
  0.660547
 0.0277151
  0.964035
  0.355663
  0.917452
  0.428771
  0.956861
 0.0136701
  0.683004
  0.898547
  0.350237
  0.590256
  0.152835
  0.402665
 0.0779661
  0.306021
  0.483013
  0.116442
  0.260684
   0.30597
  0.163381
  0.684789
  0.736355
  0.933623
  0.369864
  0.854834
 0.0456779
 0.0319687
   0.65872
  0.641022
  0.714258
  0.324677
  0.179043
  0.858463
  0.541895
  0.355014
  0.495133
  0.534532
  0.695852
  0.413736
  0.160142
  0.778202
  0.963038
  0.815554
  0.486361
  0.565553
  0.941546
  0.429201
  0.698091
  0.140489
  0.618577
  0.759012
  0.200852
  0.584653
  0.204428
  0.923034
  0.641208
  0.781219
  0.867575
  0.699451
 0.0797561
  0.516232
  0.648559
  0.647335
  0.169469
  0.808707
 0.0577449
  0.122615
  0.510349
  0.407398
  0.927356
  0.453832
  0.559766
  0.224568
  0.320728
 0.0605728
  0.500889
  0.552343
  0.607168
   0.31342
   0.22943
  0.573441
  0.279207
   0.40172
  0.262941
  0.173677
  0.125017
0.00247458
 0.0563742
  0.171962
  0.586987
0.00396233
  0.211109
 0.0588759
  0.414463
  0.769934
  0.172181
  0.848414
  0.622032
   0.88148
  0.182058
0.00729247
   0.21873
  0.899929
  0.873143
  0.439434
  0.359507
   0.59747
   0.68711
  0.579757
  0.929972
   0.44079
  0.972112
  0.679062
  0.695196
  0.519976
  0.259886
  0.739659
  0.119401
 0.0775529
 0.0996368
   0.85531
   0.51987
   0.50683
  0.718555
  0.295549
  0.636809
  0.798781
  0.258207
 0.0346069
   0.36283
  0.251495
  0.351954
  0.519419
  0.984319
  0.703055
  0.102635
  0.590246
  0.906821
  0.630756
  0.420531
  0.972299
  0.431304
  0.535811
   0.74453
  0.635281
  0.628594
  0.768136
 0.0495372
  0.925414
  0.738554
  0.349861
  0.920749
  0.208563
  0.617717
  0.147048
  0.511556
  0.692976
  0.694244
  0.567023
  0.397621
  0.190095
  0.303729
  0.616042
  0.818592
  0.209003
  0.776701
 0.0525485
  0.159361