  0.520753
  0.500959
  0.265427
  0.518148
  0.797765
  0.549302
  0.910265
  0.165973
 0.0976001
  0.376031
  0.210582
  0.369725
  0.569755
  0.166709
  0.926418
  0.588889
  0.572515
  0.867286
  0.407014
   0.74084
  0.397318
  0.737595
 0.0344704
 0.0940488
  0.100764
  0.294076
  0.226558
  0.822239
  0.202269
  0.075152
   0.33623
  0.804422
   0.17864
  0.857286
  0.788225
  0.362851
  0.695791
  0.264143
  0.786182
  0.737963
  0.844134
 0.0606973
 0.0600036
  0.840151
 0.0341201
  0.847063
  0.448242
  0.450701
  0.543395
  0.427805
  0.510466
  0.112921
  0.098864
  0.795549
  0.554342
 0.0137051
  0.616062
   0.55389
  0.291624
  0.688739
    0.6448
   0.98932
  0.120967
  0.503505
  0.750846
   0.93006
  0.105903
  0.119897
  0.893173
  0.155896
  0.660871
   0.78268
  0.100303
  0.720776
 0.0959418
  0.524703
 0.0782265
  0.467012
  0.796109
  0.249995
  0.571071
  0.561439
  0.836894
  0.679352
  0.150574
  0.885588
  0.104915
  0.778309
  0.656731
   0.11164
  0.489773
  0.799284
  0.852268
  0.676981
  0.514598
  0.880293
  0.766653
  0.619557
  0.580874
  0.626088
  0.879026
  0.500865
  0.567032
  0.598938
  0.288365
 0.0526147
  0.277507
  0.285298
  0.915944
  0.036367
  0.775287
   0.83368
    0.4112
  0.576758
  0.810771
  0.284691
  0.462127
  0.419504
  0.764959
  0.269348
  0.118208
    0.6657
   0.82862
   0.45597
  0.506848
 0.0492519
  0.484088
  0.265393
  0.846163
  0.614057
  0.167523
 0.0112903
  0.475304
  0.450156
  0.122402
  0.258865
  0.160942
  0.863356
 0.0284193
  0.919719
  0.209319
 0.0257815
  0.889261
  0.437079
  0.150342
  0.823801
   0.54222
  0.619563
  0.904756
  0.446517
  0.965515
  0.675961
  0.335728
  0.990241
  0.281195
  0.159569
  0.132918
  0.463231
  0.344205
  0.111041
  0.306262
  0.306763
  0.411114
  0.805431
 0.0854976
  0.844746
  0.613064
  0.547845
  0.380134
  0.168981
  0.703385
  0.463616
  0.113485
  0.723273
  0.664305
 0.0870572
  0.162916
  0.644768
  0.218671
  0.778474
  0.345532
  0.158421
  0.590529
  0.314062
  0.726714
  0.354855
  0.507528
  0.383157
  0.745076
  0.830583
  0.993799
 0.0319995
  0.200398
  0.954304
  0.253718
  0.623152
  0.215949
  0.636656
  0.234036
  0.584285
    0.2726
  0.399082
  0.995762
  0.222083
  0.291276
  0.546727
   0.85839
  0.492813
  0.707966
  0.881946
 0.0192877
 0.0250484
 0.0657426
  0.969584
  0.291806
  0.551887
  0.688852
  0.737088
  0.582899
  0.396972
  0.126002
   0.33732
  0.861288
  0.940034
   0.78926
  0.200186
 0.0371599
  0.120818
  0.627503
  0.782289
  0.370591
 0.0964188
  0.359229
  0.556532
  0.504959
  0.550523
  0.942021
  0.877148
 0.0175283
  0.809644
  0.516072
  0.126107
  0.018614
  0.977679
0.00100265
 0.0272121
   0.09502
  0.544151
  0.942996
  0.115842
0.00555744
  0.962687
  0.717821
  0.236172
  0.791261
    0.3803