0.210640769400542273366420330409 0.650149435154633827965278476675 0.122641106996695498395978729634
0.378634589503661890445352391332 0.097056291156982441873510403201 0.959068334106801378018445926387
0.558897851076293692447926859574 0.869995405744002889466595777450 0.650233182710492911430225170386
0.762191262424413511177543547324 0.107026723506836113329331572273 0.629275453122606854593412724667
0.039092820637550009428021671670 0.129659324506004321274855178568 0.411818557755306083769681796136
0.698741445085917908265275750046 0.354969584450261962779714382420 0.110747359678564603968387568231
0.357159654915882497760184611651 0.984111713286554643038422813401 0.180148954884559505966314816416
0.566476201125095514291685259757 0.579208382763494416379653241382 0.109988350209363678105948578900
0.623247094172953396888817756804 0.263156985748466106970620326349 0.111216618103245975631504224149
0.052482452767169291700219286401 0.946326904809691449622518810846 0.810112977955102238122243033984
0.563170440714708288697671814712 0.327721411997388368179384847204 0.016842828772042450289114822151
0.238520411913769080967580262294 0.123959323180006356313905758249 0.470919553334205861946657814608
0.191438869768067888203899777527 0.063557198672440071349661361388 0.162510857765714179997749301424
0.881868094085335485776804895085 0.217029046465300117137561552420 0.680057650307061414716768852993
0.368531238962391143168516785731 0.337693307231405949830608835023 0.347572884831144104758427361135
0.676481914248392921887333209714 0.070044242842046454143075565027 0.873405718525318141389178246350
0.468458423421471838997135387174 0.497559240659824173889015328583 0.998900730790148658747159881539
0.196693478375204929379949770019 0.503526013328659516730490824466 0.322435507530709404654935427416
0.700132472017034689842819571326 0.632089145166873907734665799854 0.804367815873907000588210754147
0.018138470748980110332791578420 0.995477751750444956685029808197 0.976201212206236500982567856651
0.201116778837976458184024452260 0.073629289370176049059731625482 0.562206751879483914139617949367
0.672370087600560226900320997746 0.024936453047801025618651853750 0.801147548097429743480466447582
0.707412263324739035348149258519 0.961806789222200917332824562186 0.243141736284798026264424182352
0.759166031376712923716676045129 0.474411395445269276613352014477 0.682268152634787625815594929330
0.378836692328511776912559285096 0.681611396076707928285316161356 0.692249926519941380826190587947
0.888455292935652488344311615690 0.792804438126804739469127236945 0.375673592143179340755602061690
0.587696917757436842397059429498 0.800820804640573953131651275411 0.800663567010896498273572755987
0.280456459155599273673672400378 0.836567366104922979577574599882 0.681691955871899795662755588883
0.858250675490239728494140983881 0.089200145234840079188725712933 0.621579219604800913350535102205
0.877525442072862423751861591835 0.933998709466466293228587501840 0.333013531736585122353892997596
0.349415573091401391650648027717 0.961353286246261389539324471958 0.836537616612168843322435089565
0.169778899335265770594470302730 0.074181193197721495031311550853 0.276056491708675834093134356540
0.764856845088686382694854079871 0.048274248323394371895957642333 0.973675229647912527613237252970
0.919542938563385181878487250262 0.475573639754803844453821973075 0.368071033410511237463341726612
0.775181844934185226818913294394 0.316790421797218894386678108698 0.065474811660259813198193337797
0.968019287652646799778737171220 0.479315085566951956611530973395 0.866865466696850073906621051770
0.466981479602033256216001950463 0.796989415824327391761149973131 0.580236316421956805895709718820
0.590208983147913058813506913315 0.296863063818138817037559021796 0.781097996961697003817264369841
0.083423725291610214627511042822 0.619561054832793540623468961955 0.489016035941435279153801872729
0.707678136084321217225693266222 0.439876006207237682405764435224 0.857088229320858462213302850368
0.824877793963754418888750273274 0.705023670476251598785294957930 0.167942116469235410719558575075
0.405803156020324653574081063604 0.802895836267069638127522669596 0.034663056645194284662023033538
0.620821835943390714500389238003 0.725819661951043981134935837672 0.430538500708592131876435568538
0.559780707278220379046176136965 0.799086914632602158101741371503 0.999820957073985197364033431853
0.801661977264962621810199580899 0.626525753745908605386858635585 0.338780959179709302791245534635
0.481994412218653847967872522225 0.034449430553476926503663590048 0.169380455480461394574675131267
0.647521543994987007317568692572 0.477740631791710364655847905516 0.541070989462797501303975347865
0.338415675374486745561085181257 0.034611017990030809731311516087 0.886923827812082808322622003893
0.315350127007686459071804986170 0.974892005439958770939965195785 0.968936237711951439174965598960
0.961642926200563530595231696807 0.608721512717893461470292050200 0.181746664556731181157200304886
0.104155544716048709522821358070 0.967265434850886555434732308709 0.495766520716503874883617167337
0.555797449562475382075812680940 0.140434316944099961975638011753 0.495551801658635089102636667437
0.898592088210068589829943115791 0.399388183500854799928220232746 0.624213263349111062684934829392
0.328884147568552934427722760103 0.317902652975565626472330479131 0.013908461671466279140422899361
0.664136619319329154510248701777 0.912013400940002571890084921697 0.128798049484315411381223245677
0.778650907046060192538326168188 0.942093297892491076265341653548 0.325005701807401387070714836307
0.047441999927091930357948941175 0.933383046739295371138477743098 0.353330736425617731457673744657
0.800554701800966818385399039837 0.857010204364924133490919988951 0.283757376856803825939373337754
0.653706274106271842884409351411 0.261037570880267480227273646839 0.068502607734887027591125456101
0.629077784471023462953281776828 0.257310552451126613770262228287 0.356997186891320905724741542086
0.247464623121870049408755062171 0.443390134875365495231540995267 0.863418038215009882227525855013
0.545598514917152884369115474971 0.675491279532881634823526710065 0.226526723269962908083065291617
0.772766544925764145031945125743 0.943411189291758730708511670258 0.358020488078203244598445218555
0.655967741246990381944755277149 0.072753958562907999626127995957 0.124461001107249987683136067053
0.825077857700935327646432527477 0.150479459593410906581701954313 0.214455669955848834244606844721
0.048174100753116235040573184842 0.064890261771886020361845361306 0.108677512994709174135971265918
0.675673108833565705513310571528 0.317371251017167242423198513272 0.804152037939310871327109534772
0.419918052660047519961112364023 0.690076316525903783386304689100 0.225114480446030905748625887510
0.142542044972448300134410992908 0.922744187952595313136080525955 0.864629242277704357734878191339
0.410522811947156125484388291412 0.461496097858793939703802720186 0.234826944553875311963873797500
0.477734648638465496535994240477 0.379572535879826320831010035029 0.353356533331511216400179417250
0.157469785974916061190396711653 0.476212566580889100711459730238 0.449343633439897670505016547446
0.121825643099845285974911253946 0.880858685255572244293144762231 0.796423543954845942613657994154
0.180256277447006149864699484618 0.815309994993203658659152363679 0.023928672394471531960763098496
0.434648557706279776831953768528 0.173941825928732012006898817878 0.872513532739888384506758702870
0.754196085923575712289835903571 0.513057747246719836787378067625 0.898323783740769856125589538512
0.124049027718868244586724544136 0.501518261182602734859840530490 0.339784374578354153635570286370
0.147075082621709233779837221814 0.997004440407033703361857037421 0.899533203529716483016136327545
0.473142251651628814063599636280 0.901668143902290429537562567046 0.677685183399115880132549403787
0.956398229400854152855587176211 0.738877647094608190676759179033 0.457076770830338782653002951802
0.597619311136656507148217450243 0.692938997573851800830369559676 0.677393959663068317193070261544
0.867180894302599318683045573343 0.588102333993149999773425958236 0.160985721461893651353216972829
0.092634578636616148319628110721 0.254063224680463874643794083728 0.749670899899897639699367727353
0.996816645085538752891938877253 0.527692475296382318537570017081 0.742089511684321218304937217031
0.764684480879594182562954986488 0.423594190233774787935226880069 0.622123053538207060424187878146
0.028101298905702564455848077863 0.332197985212865967547318362307 0.810631426496755697636131987721
0.776688576479044904726534464119 0.410078678404052140024891408873 0.035675027725981058765026606925
0.921740153788695533219003550138 0.674788014041153252100213698167 0.198484034537217818624902207049
0.847055579398788156586816257561 0.216759087522797632454414822739 0.384749196526519759189763669201
0.748207184633661024494258083750 0.467922409432476222219045930083 0.643977174124890480388333381958
0.386976945820341864126404784416 0.628919634659647151650228235422 0.591054562314226960030954352237
0.227061766827165015347638671194 0.786383095397452998091894905641 0.885073383644003039257687905286
0.619940603200961672169970064307 0.265484698565691272830950300453 0.527792889952054426097757567469
0.559155074287632442428697750113 0.414953701412200159527802539528 0.747791792954010913996187365723
0.843481830728564994479846390850 0.274231404749303635225126669478 0.121350258355442752381803312367
0.966316287170816130722954680333 0.731537799569512475381633457177 0.137485076183176548924688422731
0.647219113389573002837380209500 0.632458238992847458137337202737 0.517570016183098200005264931631
0.032611425356390307444659468790 0.637519297549361159055062632376 0.697921367719420221838232639612
0.288389641135066868272635073129 0.688825993113240277996051132877 0.218549189275293408474816079022
0.899411249360114389912089048679 0.330735192994840134855198677746 0.515775569601182936109397279281
0.036286282670132885714906906189 0.966268383784419077482463507546 0.516555169074248930452899731537
0.094480690134717247652087042346 0.794086833307927771758740820828 0.260496776048559728458253011049
0.324059263122623913295527550921 0.805926160821201579157649512588 0.220392194038527141205785281756
0.055191652781236315686606577000 0.742149913299624307188038216336 0.316301744106289837374850524485
0.164367485587413015446115676467 0.547812972747052127843910819360 0.066143221511716565109884061378
0.221286742407278459979424192742 0.644873526731673082118805035887 0.438754460188179567982496467485
0.892428348810913248992676707011 0.413343613958321194622158220854 0.458261803753344115702243435982
0.353797352368011478005452315686 0.628332549837200603319700292629 0.046518039313949585827428307667
0.428678564799913949003272371641 0.888568408602896657333996002390 0.027006207349576264566417078311
0.106570448681756709139638144806 0.537652273218318127006142134186 0.376295750938873068760948770572
0.049398402517084066087300594894 0.412058696442442868167191529553 0.003323895644148775943387796788
0.229098069946072137954070465880 0.385307378013193004539028502783 0.613418636044212942966459992770
0.698931958602521461119091725634 0.129346352791310001040147107732 0.180066224463320927093149153421
0.094592355920944336154999555115 0.006502371456072948830117456799 0.918457526698188122520733029234
0.875187709182386945552026822965 0.373931844195670437169959605655 0.441641774412335871531929419762
0.258545812088281767153898021828 0.298058685543921851753488570619 0.026510851938352182951665904976
0.333475193080497269133267160795 0.102552340649967203255444956741 0.669722685069032637403439906889
0.199162136731612660633889286286 0.479051974254668790483624379285 0.066562057699590329979792806473
0.164620080861240602742244009117 0.350636682379809521979189291406 0.701590292013726947607304315179
0.260265029906886401402872158274 0.101723213183606013144232085580 0.047681793455338619826236341674
0.283768596757573681710621097692 0.416022462142747030734115424867 0.662057999489234447023703618596
0.044578217922252101533261932180 0.951337245727845417000107800969 0.293579263849341434109296434092
0.261587350362064688965140209056 0.145838431781469614349036746908 0.534515651758829181798073391377
0.008839208070675312069845144145 0.082321447216445332414381687731 0.948305509367434426488888045463
0.176576438920701744133472634088 0.507743378666170376538898960721 0.660640796473922458868353652374
0.274856883579031465494033336938 0.920507459224711995725191622056 0.558745690259754544899770725031
0.202362023354730468243768221309 0.659093937269940487678187402837 0.870775366986673076250460630947
0.745960257913020495034110131790 0.725752180115462421750217181351 0.974955876158436665226608658184
0.838796954750002813723061652868 0.434863741227709106024843915913 0.642275837759731434897599486293
0.290721599452310201591698473348 0.147017436893675558069050759615 0.297684811842266697968481591314
0.683314079487019903830358440168 0.435669292791217640474586058511 0.625463338760336625734089840896
0.040019078680058622836162690774 0.348036530869575479564872124591 0.506057326075350458736619539267
0.905056899823921397152030497959 0.149247610316316165519203453893 0.634830185301597180384707486938
0.118554287283735899235287241222 0.988177829795646238349566634803 0.686136277362435142510910942489
0.396193464960973997647439428888 0.671278295996715730921022297208 0.860458436738955901975902883596
0.914072457341494835529737820283 0.137859035460724649805950887084 0.619637247963944793203351727899
0.975077168408184636417665678207 0.628084249990577112963217752420 0.195552177425975184116851161185
0.994457133563178202775246473007 0.325877748300760429187364525279 0.461643179966765321182214942988
0.875319817130880227193686559693 0.255412511665277119893342479873 0.544460370535098155109921746484
0.962342333532867311658101764354 0.964725175955181682606091949164 0.611211350417194546426074187600
0.131937304850566104547463966231 0.749272905156797209317962719359 0.724018707177569582641172438889
0.628099256085295736277766097378 0.372099410074831239253863937899 0.313601636713668293908389608101
0.004337283766185617845427925446 0.361237117403805578872403683227 0.235528905220129363947727468704
0.625414997207437325203121956622 0.209606590070480979389623324239 0.224974112479101919604933212876
0.013097489806429527347557813646 0.083952132102023081951718619695 0.065789470350468246355984025558
0.024555851222477476163912350445 0.791139487218799635366303986769 0.646374474304399746085734428310
0.841162508187508975235013944670 0.620446579871593937565449880999 0.807072074220829669407665759935
0.455849338694805421123428436885 0.904908021136718572848120531610 0.748658852020788532317427349549
0.283629686166387684345833103625 0.068147481881178816228685241753 0.042417827311395553456352507153
0.767596008073813974356223332559 0.134233473951040544312298124147 0.321927637143911080749538148067
0.891403537783180239607408554697 0.081372697602054493913041830115 0.863052744885133835346081167577
0.638543318300630671997159998900 0.536191186277170758375480611899 0.971370016574583011283918250955
0.306287057871301791498152946574 0.086885822532048634850344135401 0.680533771382692980117668501622
0.201746635629843240438549665395 0.482464163475727301887216334164 0.125451446204034896039631294730
0.510250819898581353533803056238 0.307733469043542930653358774252 0.149254015158574061734518541415
0.976124596868131311850019261334 0.827500744407495119925782281728 0.188431858395564982604664576263
0.363295117611041881453525282952 0.939435393087256944351664852914 0.989359033279337312827504371701
0.629952264798994883166148091407 0.763287622200748132171291620581 0.568490108664527960923005727686
0.314307159245671532164236942685 0.059061180000772812648348515739 0.564720798661652875975489803598
0.253271848835562457873572943317 0.326154886424786267981533981985 0.170724963411055304411976885411
0.243390288422772293469650780050 0.495767967238508039114382803585 0.892269452957610286970315034151
0.204535739493284515512344124414 0.275991877312980525427827782664 0.715259852507389322653643184622
0.022517449216183133570305342701 0.599951822980468411347460983297 0.321742748038150180008950475380
0.714422438866228150881353813093 0.452474744501383802108403537239 0.280491067828073043789632620475
0.110689552601376506572698033150 0.247761897470401715430207313352 0.898639521160881454538571286252
0.980800664387367030268101586533 0.449794454901228448870187605884 0.609773579247470319318576333168
0.007460395474206943675823913579 0.506258925561100403735136810659 0.370761438220417914356965555721
0.595286473128930837450038464423 0.091215708104043246857489107780 0.471446727309201700661989012644
0.373485567899563437556159170144 0.972367331617691973441739525725 0.266324956561815452988385178001
0.684252388368909780082855578986 0.370681982876501741002076452979 0.773893251021437014494126309431
0.107535290352012671425036622782 0.068566698566636036487000601456 0.688188432312499529995921641021
0.888399218636269878609721432863 0.844028912904592475275398792517 0.654593988198699881132054060265
0.394897342620674654280230884500 0.849180584946723278793316906584 0.435858510638427418801516738558
0.573498505438708791015734304647 0.130487446119641285915536239656 0.836160498862915272142171174969
0.630921000705591342901261656022 0.144387415221416154094272160568 0.677659924216533053124424930147
0.290746761020724996226195060622 0.260818835117163971927828999360 0.742178532767599290879360565788
0.041351121746305164946343975292 0.305168992186449001163186928123 0.737846088582721326558053077127
0.855144861135950544027482686298 0.185876367927393286301022678001 0.959360546844404170395953541116
0.472983871807280689171409390271 0.418071317926718231561360315584 0.448123959373542922377419362741
0.747224497474875811003716178377 0.344701418375407126682995171487 0.921750855147229402548485624511
0.702217364602517999635115661258 0.812556238765573011025598392866 0.804674902724182483977057874791
0.462232623912966735788439518677 0.461339406760853377501930892378 0.479157034920055820674249266268
0.878674626403776723820485042426 0.295112118532244694147234264355 0.848794976235261516135236975393
0.286390965299279920827992720101 0.342110787670402025730583190496 0.231003436193084306780867994127
0.956246882050607387179828571453 0.640375003026368437468134431929 0.485985176155680605502517857911
0.920699768347824011973115382453 0.063283276402588110796583818193 0.785274131216008824893827049276
0.576474074873162561345237855891 0.143476722077754767153787365773 0.807906342489270140058202439633
0.165817795477410578885349794909 0.140009499906096431256508378838 0.771041704184309157809016826992
0.382312193554284784463638170410 0.954979564190998384934643416845 0.323766909989821066718505578637
0.157513087208280280157806131367 0.615525137178280704064811448668 0.096735926469445057183180760633
0.665209475206903878282358440640 0.303495419284759972662289667950 0.414881751457822250212479761579
0.179080653731025253983664668326 0.356902211155060805314598699764 0.107145743700085349271682861317
0.839912653824813693817702449852 0.547873873631370817771874456729 0.082871001474214475054186328194
0.048470930089332447855182016871 0.460119178563046494526462352782 0.200956349439792983256455059636
0.390017289518157505908632316033 0.637064051765941780437027246323 0.777083223263151993617215578154
0.988763570066603547836994662366 0.919052537504055514762912986250 0.980764908699637082766432311132
0.371549431096084482737294122550 0.108437946115944099900672262050 0.871923713974302946364976951988
0.044081921049564226461336954292 0.284280773605806231606075488758 0.875319240240167240642297717523
0.072771347980525311878480965060 0.307978660895954523974063153441 0.634363510335280537291328753502
0.570342458157193463472061433321 0.978584359431065978125568013709 0.842491964710233662299769010973
0.350868539762388094101828521099 0.972651230766186074407182876402 0.096276327598398996953268033169
0.678309307651473127448351745781 0.142404044393321900645651858805 0.686025187846932049827078697895
0.908910624186528925056122536771 0.199500112880234028188794669303 0.341751523471654262485455610223
0.316228567154113889663745613547 0.973431574454684599546724203415 0.093545228642626197965445824387
0.776873865613476038018253755732 0.597940728135077736627696200841 0.417369859702845533040975039865
0.492769513090191575730919454060 0.502521656917174217119939619285 0.337780132217007037728935440239
0.594339552878319242102229159506 0.393523614937256520502180189164 0.063446026304247788165628136873
0.337764524728859529308705693421 0.205692794821663688342563435913 0.176154844902416850897162961857
0.818695427735785621487550165521 0.126156899971721293443825961303 0.194015968575852791012805745573
0.628313490994784551433654153893 0.828593118855320838989846486384 0.601821870458191213470400593266
0.668786472046745325566676056790 0.765093586787860867248769061592 0.389670556512461488421044690144
0.384264185362862863955659917307 0.543422607961285899087635402806 0.499346499297511124107386903214
0.129802686897514271854048740702 0.155551327602621313588123168825 0.569953717021793086009140780574
0.841667860896036910149547706815 0.696428895419899597733647337035 0.964875038002733438762503617324
0.472407461643089053722038333716 0.111137332748681581598779787894 0.613131252043464225475588550991
0.088641307672324141920573653884 0.941339697658196793496093034471 0.726848636809551750614772121159
0.597402451750037160278047761439 0.371924516409989308194377063004 0.013948152999086840235750965463
0.847636328304561746659367153335 0.465095417881149431396184667324 0.029591118656556589871100898051
0.891850219507379110060020263728 0.262914674525170846072500553542 0.531477898040009357870489782692
0.520739254894039292695148324813 0.379776090862408250770660040880 0.004958448479926080508236572437
0.800667798544280182429734424900 0.124216967901439325189969195133 0.514673107882741891315044187140
0.964594488205253328525647294939 0.150650059919226321900709163321 0.808972735692481704523937494111
0.503703660203343763939958998794 0.062623635358843267891796755764 0.326829062800042140445589610883
0.040400330938435822063589429988 0.070796455303169458425699352265 0.715909675485013846219879775428
0.453592741807890802942770245854 0.941023686869852436982720079627 0.311299090475446899483198986925
0.361709608905311141486707149699 0.677063149034280289489133977446 0.285012918592324103866662249491
0.276594000348128150943673632862 0.517950418092796702284941867779 0.347105773193536654814298518555
0.485619074409921352700727216331 0.877858683696298885198989091964 0.871921591119350970531568047018
0.609006925774141097597283743120 0.414678773373045813510448942560 0.308649675633042299816480821552
0.330570823843857929899319490884 0.750686928053300765770600083716 0.125304617841388478573078235379
0.514415842980563471850906145882 0.212298632382791955577744044574 0.397839458186313932004103871805
0.400593464027944857074637893476 0.941984412719649072757953907133 0.637660789588779429477210221092
0.309651801142702280977911491631 0.768682188514080011812787514503 0.064193077108210866178975531504
0.048449863264657971921596923727 0.246375463134425072497877803698 0.285255599017613848542068501102
0.441467188340255324525575577600 0.888087205358737564097062868577 0.929725573107775043443499275550
0.494812157050363350776804036252 0.252650171083812627197016764643 0.014131545706844098327387503359
0.675695198045207952035689733542 0.899806458070153430206921052753 0.612350317741157764377526821666
0.010877234457349626583787496291 0.302900351388240749268138082963 0.903037378936554833285500807953
0.524040662227106947811099742492 0.293470403269518659111879808885 0.846592251006868708803846019822
0.032589566947025723266199027029 0.231433501208398514538023568203 0.422006608993122326678076236680
0.474522762192122305537215742773 0.171227063494973533479623204276 0.890412288136975310951537687774
0.304922487884244526124001912063 0.533691351689299471917442721118 0.747328071256072774059130790366
0.744146205957691928671133208578 0.486136648434060623045834375237 0.280895045606145728810821845013
0.004434162278483037913452407392 0.765340905823247187506411752891 0.765625750354403582873765786714
0.184375366750991575319891315431 0.233376593260481044638852799556 0.417015768770022052622320367157
0.003831013337049125120971076457 0.637846263583741430040099553383 0.882745216313816907006224171047
0.597925635257992173040932303173 0.558243752746049939339271273609 0.804081090149611319016142985927
0.905252361969332580206639373699 0.288447387898302556593836255322 0.620266700517171673738724999423
0.856635884710401544044902764785 0.501971380148117511912408099770 0.332026101672608482502547411925
0.349945487653526932254744365872 0.632115746293190501573958081232 0.628080373721878791244024035685
0.183660630644289104511541264793 0.403968514754073940144114058693 0.763068435780962145116261288043
0.679354917843610706470190405359 0.771834870056368107319178651278 0.486123516092693833720412025947
0.194770432626329189368098804611 0.298637635788107012920579536249 0.874179217202819462887056863621
0.494157650116385599758315767359 0.319656679100852288152480250237 0.383412251418032247907064251526
0.341900379266434112140187309047 0.040468160343685779619002842363 0.726565801124316083673047996821
0.318898037772291880118650330430 0.513965437070373231143740270246 0.219535551056548063186092696749