0.381691472346139569103036942809 0.904410689308220614044831574599 0.135770335611203478243236328051
0.514307682300593646155834154926 0.919423317436216156259509192596 0.397362041118656506233521879989
0.148963997648294651949574200733 0.782084974464470747048644776273 0.206069525627008453573464083031
0.316388591349989519056172648189 0.740265023908087171898303563225 0.969594691914921083367453333561
0.271884259682787280309197254336 0.818113266903450106222655908528 0.293571824942688055293987794586
0.748956965774959403703392070274 0.374248421481364747087921507634 0.999995027421995834024143134794
0.004436649548962559265629559706 0.691888483668616151449373283414 0.438994612902723693641705889091
0.689187017623231966985975976345 0.565661310501878870463990612366 0.345748394328461737475109802924
0.092676275708368523254185920715 0.492717097326239079202238674897 0.042542540971991303439871381657
0.203937748861311578265844557113 0.051886265929329704733400883358 0.452339039217623565692987311858
0.556468908726421894636603426660 0.563070140496971692930621031798 0.833755959235902212285696420581
0.595290570723581972494134137266 0.608175829473638669023114879308 0.761758676173457707446820757231
0.036645704247665714130802793980 0.777534122059935538750304958821 0.224297015850332076416190429943
0.912020340035178568843133768566 0.950697636157851262758764076475 0.825244413801671960994573146979
0.726053329456926659259338576871 0.028994156854541275125733936918 0.254156690640087912270596502536
0.641110214147043504970247816398 0.522220395561614600872316149669 0.130822353939564088937163398438
0.009085626466309962142583306683 0.360666741068663406761493026105 0.505775106187920458218079329564
0.872463937967430937406908730237 0.490162353381253812347826515978 0.917589890373048033200177930682
0.894931865180492923948929892007 0.696244006994277467895897854854 0.866233202023602135061985970682
0.236828962320593587383924020857 0.393758420400528460628343543104 0.087807115938919770701581981791
0.416608401126279046922864290688 0.172001674552013772453673541713 0.886718125442421357829822226005
0.235454273036237477811390805433 0.805161000322198890335637841077 0.855480428138173091559945822942
0.388186479853109134258891287077 0.269713335411775161524077433246 0.013775206092439331192900606723
0.438665018665174376697326807404 0.134742822730060221070333140472 0.655935134477943467648374809349
0.843197558361368385810612103038 0.046733329162702208400069347974 0.806276368419473129303301746423
0.204188024995482150108101089487 0.984228622911916425877971938132 0.217807094872128119395108681903
0.922183924828251669352903389811 0.830311995882009978509965847940 0.891259402864716925218755688033
0.723654964919826471448856780190 0.396633253866170119052281555402 0.492923022254751544267890809487
0.813311718374825213856801123679 0.663818777811576795113493052309 0.114000729522072238525941050544
0.630127976101789352573529580412 0.994786760730925973367999015029 0.858510998168423266041538738899
0.728498298818223393745061011181 0.140148139024100965906631739526 0.770954941047845345108425335040
0.122933997892337823176271203153 0.247078924618550783665474577035 0.138485297049105162069070890230
0.371799488594729765353451372377 0.191389016807260027803168413466 0.266496700756307284776934214722
0.323050392918175368041116293277 0.672248994331813099354740374659 0.148353781786475531519453357484
0.988363040931589265478818567832 0.750466715912238145031513870780 0.650829267798687139306678282445
0.764718254377504361758434537993 0.716870565337534656398279342589 0.357873900695541482141696840482
0.833902550507458339061299936263 0.923566329975925359244036401322 0.137220588350031381957172132325
0.148064820202219523318310875300 0.970803203475007669897428309970 0.716224312383281053213224287162
0.158046538726044091760334821409 0.895441035692185127236035659864 0.081311602192924677119825814723
0.359018495549900107241284483330 0.354573842560283608209197457451 0.797824237704752388006559862898
0.848318817967539905492781556318 0.093656093161301910697552681811 0.281705695269045076513605789233
0.930256066602698142076958120479 0.337619934568265878888378078769 0.286219430558410708485186920170
0.401025668340493175788005581350 0.736027547904093861232809400686 0.578667085380259585391052797895
0.539883324386809464027398430827 0.974848695860975061276832011093 0.091682871583680027184111265471
0.075640096105956104679141204120 0.641811282271969320290569316237 0.339045973415659074857342402747
0.066601935152577579498629624087 0.721342280939816668280607123387 0.191777884866152720171475727849
0.661655891820899895957687073842 0.626850539562375562620162167700 0.175336784135396541207483397357
0.398075789207047912931551677809 0.297266042388848585813112483291 0.124899308141408845422171408748
0.116685746736362645323763005533 0.100583249602603290913992750333 0.513587305635067625468672838524
0.588106068207218901665752933886 0.860231355695469508116757430431 0.498684862478867590986665258438
0.143075462699848781628058693100 0.998407823068022712562743525092 0.287192674158914435614283187438
0.483488981932407227810987348692 0.267534229237157553892538800301 0.004862079526920428714042970843
0.136459251255715515127685105058 0.749888149616229212991731323719 0.100441595248241567123471901954
0.574800741828109763657147945120 0.407683498013952883449904862010 0.203874763173541552259448202931
0.093847768054129846370721404682 0.208279788096464055630452494995 0.532355884301174632469960931345
0.305228569545079454361564647231 0.042312993496165291206333005049 0.135846957403120212859488252296
0.396115885270483443100724893502 0.228424329869054600494245000466 0.379888947200773534608287145179
0.493802408128811475427936147829 0.081614677943202916084080645859 0.626785740073652171197728738572
0.440601345241092445627913097478 0.897563009292239874954026878649 0.891814477220198562457410901665
0.160110898992876358971668540781 0.139482537464418937478084938179 0.608041195582125653238208250388
0.925866263136689905613483258700 0.194207326087716203169291307309 0.307065621497202163565253688062
0.868127943758012071605480597550 0.900676356147426038354757961470 0.341388567654907398617471517056
0.671959929043177607674102139726 0.774005361972474144116457373358 0.451514938262375620442360089032
0.084836519408393430393262834312 0.738006294067354132693781526967 0.183840141937828117682939002957
0.706703920383725539347392555294 0.504383479921799703344588900359 0.808152450368203785626654391154
0.857256381034042039593405799044 0.638486182082169993939819989765 0.763634719321882860367838753700
0.643132024242380939599096851059 0.172319129318703889177411691059 0.641631643150101316360075290239
0.132787971203776273663289274454 0.577477496305801015465061419275 0.099343520635207193338427030082
0.260515972679362074152779081191 0.455846036285015898256070007974 0.955752507504677671856838942754
0.794803450153543828383591276106 0.689670376489252220631800529201 0.617515039644210454504002596361
0.110926128839645836115365041307 0.314407781949752692716732750261 0.971393651529016344151935910407
0.049036990999379144054066920793 0.558697274009990681413661663571 0.295581774822161567946616577855
0.508172125546407722152469187255 0.562534468205230653394134624169 0.007120459251590147588778820174
0.627417095380915743535889125568 0.728131823508759390067536866307 0.069500834559285186637050941786
0.948023674969100209686317965402 0.924251028538063862149501867630 0.589893129596690850295235226817
0.965301256013109655006320691712 0.131981298450899930468744689040 0.286561450522390124488404872854
0.079239568158854051562584352162 0.242274474449193479940801153867 0.526211628096769849798773532597
0.944167712828665235627817370143 0.258742616870816771815135020182 0.835211230573406392909046551795
0.013603282295865295799992891258 0.251787929060776189875278253183 0.018847429292941377359508135504
0.592837041309077824287365267026 0.346464545194670976233717736973 0.057232818749601726599187390175
0.625249201913959486223794256143 0.771900662261427523770647357088 0.184675396090762657960402059004
0.904138178823690201351574900776 0.143898635422384804207220604055 0.832925253257134179148340891630
0.345352114971109992109658503219 0.506093599830027206621965886962 0.186660155964981646469066435103
0.507056104507480694410184112661 0.119920707023952751662746316487 0.542917386415334756577711908087
0.696013783354905763107826042529 0.279276027077193757980009184525 0.001996522794005063107434451734
0.706318974305756478189610285332 0.865826612301653572157149286992 0.504950849200770283862695031264
0.694571137394361480274550427269 0.578472917751665255608085105016 0.430973277677284531022271296252
0.574423426960015655799992725121 0.336617409411319002651674962604 0.266069818367400329330129970890
0.949858719104058352806234667058 0.839241217778211429669434443962 0.993839158373622133132740618028
0.587208829652351426893632247272 0.962343456272598519717117195458 0.185341166911868768035009826043
0.969576911715625896331347798046 0.016363778082605040253878632441 0.427556206680209356532857325052
0.997874649901498807055008348735 0.795942660932798109333542268954 0.738071417380230696782305460552
0.135896225371260703481246561782 0.811149663886620573332286079642 0.953257029242012408571927559230
0.230842482296237765707843497276 0.373287954153880346964448741428 0.999354661531286019737540422934
0.361897128912626473061491065873 0.167850782201146564149274000899 0.773484827787713338264991084961
0.599753684011305221714983800910 0.758359822698199737291480519797 0.842849469630640783025152486317
0.885700378468117474572966640294 0.147090990416748224398838751281 0.629649490938654849973562964055
0.834873415345580904206437384980 0.640184750181771494850751116951 0.786643619723706590838911542716
0.053332061448147072858102480948 0.183994393132290201278176570736 0.639734138777941032037760874336
0.958534944862582362457010076722 0.642814514169479575815648097703 0.929138470820488151448184490935
0.845959303748041564719323503919 0.631963485282977891315084441196 0.711058973109413656232955320347
0.456213232323394089323276679763 0.300456000099299610403991554633 0.999395657719482153184427420124
0.496482898745475263545954574676 0.294692303682406539355527055862 0.440659904552759578172652062782
0.885418321097396865906530870314 0.878444509642608691842233426348 0.602258647529068799146458732827
0.826207595041909971661093774905 0.252009497223811156374563175823 0.867297935311573753430556010189
0.651821607531957126236264720935 0.325998649533435091375339698741 0.937106081331646068534311334755
0.573243978650172677382631652556 0.229705972734522576373445950866 0.619179936469734682302072929120
0.128172688199316921817205564851 0.377794680046015815245637324643 0.549278045896355851158388247919
0.961888867635197258744292891089 0.163419882450448977503179299042 0.584503051350505679726555266033
0.975423907867072323440511500713 0.518980882888404041619408567453 0.580743743244934806116674389198
0.867349767057088970910287557577 0.739035744143310514237755192860 0.757230871304198651253322355523
0.452320942414789669510624500959 0.956603566097712660443925070104 0.735947110847251897438987966607
0.217776702896802743311176761817 0.763716758882896340151627378614 0.483891514547053746047561549231
0.490465577228696628050738785648 0.352430318182431145961552571329 0.740402851913727381982397825678
0.624095890095204736914271046496 0.833109028320794967871284933847 0.687170302847284630397206728675
0.289536065525242105584384219201 0.095837244850202890167865822392 0.622844355634293673867965936940
0.411663845775845089542269521099 0.357547930009778983856042772601 0.908195170888453242697930830479
0.364014894658264242306601075716 0.803871601965988975623561780196 0.000634940502378677707356302619
0.949944383771651441687799813810 0.605907382873605269910707288231 0.989187610400498651404947576834
0.215930052242337660582880072287 0.073877742084666525205355041071 0.739222936133527132208885527598
0.894687874790795339226411437632 0.371253828465782661185682315582 0.276039679883202825329863857178
0.295619889639783094237473986315 0.054877407244974753573771856375 0.916247601094028549040619623467
0.618384043406511008863459054928 0.982283498502602779943822277666 0.145571385728599406161704050305
0.009851867376662641053020620657 0.645441694919844853016897588452 0.236940688012055475052986315481
0.385764527659078949325380611521 0.253153205151462121019878490345 0.011722667016779959000705173242
0.858209746098375078714412885399 0.771342807466976067668472073588 0.075820507715788843425022196900
0.106365983873854393701939887489 0.750840282189421458982034945112 0.956172674159988176131835225533
0.389723797610046067595137027214 0.000386758960900879836964032304 0.088638855954858781595870009953
0.019949399722895418346028237741 0.668904149442863369142056048160 0.493221087303159158782194430789
0.597737744060740044882794567940 0.681961127413076515305845796872 0.421672734527661444951579078998
0.993213553398355670836234644885 0.405638005358669846687903892687 0.880582537470049416452841840357
0.532674536930597292497131732204 0.457849610461576357067240837528 0.590369466216261772173370765153
0.458080325188089919892739849084 0.542030294452810374554427663914 0.944248847675061965752714474493
0.646427326531732036194820224021 0.627459013231793809939756748108 0.196153812546541855092599072696
0.354083031125658613528586486032 0.394357362498831348527820369357 0.368171749421315294895497962083
0.507117513233207263565346605137 0.785771682085168880342446599731 0.915306187944387225030566746360
0.450505247840495018352065568505 0.019939812071730700017222112982 0.477707804329276490509708998471
0.211512170652495647570066453831 0.039431530532125018787848837530 0.826623034052943478175314858067
0.102068006799783746855274580522 0.417310553201052477385464825938 0.064615553061329254018565015332
0.842533186324611495221906786912 0.991449427586781637453926228085 0.678805290903639257570052999286
0.207313408202522771745391934342 0.115161795126452140084879543893 0.787892489951113193823844750081
0.166469080315641906916114578387 0.571872730753283213155171251245 0.024408333049694900097822611392
0.927137157936041553468527878699 0.872179051198350830223613217486 0.100828322611670351701238217148
0.264186404060654249702949267111 0.558131975227455534557460156944 0.172254808155081662232806272389
0.584132612814215999840359911694 0.241064018010228988084425603128 0.420586072778024524457081986718
0.208309554811829701908723573809 0.747750649286759172392859500144 0.664735779032486433565760188508
0.664830804403819552861417984072 0.363470016628847739646319395614 0.298010560970097204427298918740
0.983732581945885564878699724551 0.510610767777398980375906385012 0.712451385816975488982790435963
0.981070952216035766846637559739 0.577589529212167977425676065921 0.266408479793151171964602468154
0.435944866270668588439880547256 0.751808294346799355205949563454 0.833632227561973515917547686001
0.149308645938881624095902547325 0.004109615889780887492402015412 0.965882979423000836135459446223
0.359800461712159876037396573536 0.132482191087492704386898997452 0.525220703701510505007240311301
0.837216184806774224323968643150 0.203596928532074830963983685559 0.153592615474730981078696113362
0.482190021143754865786349603764 0.362894852196488631105245141525 0.765998415403337684462161424052
0.312565055040617873655010538528 0.647314491780093694472672475495 0.827992811757957068829145792753
0.498860158339742895880707519792 0.692248534686078002995668514838 0.998517613739083605840857655850
0.026492962730276459077677877957 0.968608820205024420509223459869 0.410776098298040094520670202093
0.042328122439900921875268738839 0.855362215515684684423024346194 0.271280537785702206204412570941
0.741947942280249722762029898285 0.573748205969932598203339066082 0.977370356695553432318016613642
0.091875920277573513577390360468 0.244425687648635286565661693326 0.633014920592653864880079289437
0.722683678544968146947063108091 0.623492884135734846632242259898 0.707613465228011839664081595077
0.433880136276963390346142477498 0.398268500410295851679725192156 0.906424477208999667954681915881
0.674478191753254967399245971270 0.065652080752497751814434279609 0.855594881429339553672940077310
0.086473210987466088804300229856 0.488201609723641697297514917209 0.440499866285826033575118241627
0.898489222472608236873439841609 0.895672372583435540691714969123 0.669401009783325665912998431085
0.195822979487779519376433847436 0.773300176546278697891716234456 0.209303949264203011281716099347
0.431241085912831859292231635396 0.984627538197676692544105620460 0.538077091145033249587972350640
0.846638061588002825204769950849 0.600154230231550842794577825624 0.260809422600340424494561020273
0.347079375584254390333058000027 0.169545463526387293342876711006 0.820019208285071229972903230408
0.049904271187229197884589750675 0.549492337903278787790596070953 0.170090450546335031101639373527
0.695819494037521494665945657851 0.970963217617268727713521921565 0.594015776763703536783082913642
0.694302669799869541886430251465 0.489695809449522402595204240454 0.125627435056787300207852396441
0.589337856698197996760783116515 0.530615207093834753842207790781 0.915835647284624654818647514477
0.867806143395932420879367674079 0.293004225217624706437376004609 0.379962132093996554872311933460
0.532018757595095709894053700556 0.169453852278533795085013418216 0.311986488738246776756134924127
0.575739413233261294075092592064 0.344379233509825741807401605225 0.282170005658568214521055385033
0.878586321048788504631950784901 0.683958831268631972922388771248 0.828270976804011612944533130159
0.874411101992740258416103121263 0.770626466986251177086061020674 0.902472011098457004399180918464
0.166279521838696234888929442227 0.812471516860935338101661510461 0.328482646758016880264873169425
0.175498459064737482340046097090 0.101214293873008943177241906312 0.569510739723725927739985638688
0.892219948337973488087444064299 0.771696367508228860365932089597 0.225371974312380495716163594851
0.472670537085097713442542868434 0.368561033387172750215241938454 0.953191638202079723334669867899
0.168819085191883203928102996339 0.521482488002591581871408557776 0.292696580917183058600388982666
0.878282104449970303589780797269 0.778848529416340144657415197447 0.934269419001680722863534969781
0.130655358066814320286593907614 0.445633308590314875823851693491 0.801890849299478239170996580219
0.030511393680296066594181616048 0.923767474617629693854454870804 0.830914742484090865639420900476
0.016012510801982977172803815786 0.578212144123355167696824229203 0.323954996601052189444712302212
0.002719201972428351659175842304 0.563626782450576569413070725571 0.716254037912489553996912443775
0.398350717472276316584196460030 0.699916254245480141193317709195 0.153405569024473622079748532456
0.353414916559990011230279642147 0.551894735372676326381768834007 0.183376122032468925451054189631
0.858026890217270527450829513472 0.178611584755840397240378237970 0.899574949324543712702655055158
0.578360180817081538742365735543 0.648670756460434145286139063941 0.767676785334354083485764343113
0.267815648585407900632731946687 0.786526385351380625131722563285 0.819762546751772976380454271453
0.054544219241720297293991086249 0.911609641043344325757444465199 0.684531073753903343507185562280
0.173342171522717769141078733831 0.117536079563535931910128061696 0.587002910227552316692211962103
0.830989946620099071926421721716 0.247066735294408907827996404578 0.501258377748922055657331251160
0.763638251674858370547117906343 0.316987139548702832265389282244 0.899684726154361661719505861230
0.681100364902960246146252257763 0.642588608217874160935520262223 0.573602276696506893693811342541
0.106608677083376826207434181799 0.997827323476509639615748410497 0.132834186723140843690182938476
0.112203618197079655842250516467 0.096346172354662595735996738416 0.434977473180941701906492499268
0.505660666676429457727737448182 0.966182293410374441876904459061 0.934553598435343081244996573266
0.544635237161343890632867053517 0.916245635619347496633833596082 0.039019439292056166534033612722
0.942605213256626976415978576858 0.598985197285957720719832574386 0.402304444962909811890383007871
0.808205084604443784419727091010 0.918651755541827166073234837021 0.450660606983309811184847146233
0.164498048589856942198689069780 0.268980648512261677110833380645 0.580799224238082126251121846851
0.693520658981182627054474783558 0.032879716336136856580673057289 0.511382931553507041728733097145
0.528163608649258535110576056761 0.956016449744296775877901322384 0.035705532748764022644542177014
0.022967513149335771559011232959 0.571213784978725597061974681600 0.796200196608317159139241318918
0.035453404397767201761603700048 0.685889089966065802295534066509 0.727790516115539842846648555717
0.634003617137791989106910626043 0.664988237102499677661162055032 0.892851384859901075752895305450
0.476937262612331852082038255962 0.537923259744211095155732480474 0.860029900548933702808185256218
0.336350608353465713889433654631 0.308939731444023173255739822272 0.950792573989054897341216163801
0.579929124040023668463419674236 0.038471780871233542145317676973 0.923785657531543940780719681896
0.752357985593883522428496323222 0.352002119201452442292348397452 0.837253389233799860680972694733
0.753161707324423271106635787238 0.279068257249461418894498769812 0.252439448578748804575919450881
0.253837645183692233426427246379 0.365305518006538085873217150824 0.348679503873372354650461773673
0.109491936478252229788106075910 0.059885595815483859884506449838 0.855772973544463631289681077477
0.231759568600411148379069716919 0.877291116857138179595931524712 0.526378271217574824901166562148
0.856648475681042157070927470264 0.806575980879374898656693730613 0.994894938217531819352265175317
0.938242677520046915470831922278 0.361829935727497685629489256130 0.506194848528429143028451940501
0.859524746981947346964202235337 0.978327194874638762851210739641 0.714930380836489864294649419434
0.059601179693162677411280444262 0.898249550703605619362956380418 0.977757188015852080862786836050
0.437742945224312638762556050840 0.390905123857763926404477722992 0.705675243979237275696641753330
0.796424033899425210849179636143 0.537033231974030950893651214792 0.841064102527769692170381560527
0.337728572868468965580822589074 0.675621937596243340488797164126 0.797763364205201435835771554060
0.311035485554749475352316257810 0.804417244156351102968714495685 0.650600863208671527930638300437
0.776288399316943398214305904340 0.608944453861728797192957004162 0.211116533882441907056647535667
0.498162301136184352513542157649 0.385516935225394001570396561863 0.123815889610651907394476623610
0.999758567702784488014246196043 0.282464105432584147763001233065 0.643825884623098932903814725959
0.853257995526133393600678975768 0.612234399558029284529163271082 0.485318967998701715190298882014
0.734467462697964014474582542007 0.102431066859381447856348473298 0.734953850894756767269395718137
0.983867794803355391904775973060 0.884267222097828355776416075171 0.365401351056878759407559470165
0.416091574301608980363829466808 0.579142145125317357586366128768 0.042037648117853192406944450981
0.567474247027877393015180825325 0.871745303038670036755463769247 0.370260555726697427990162903985
0.930889046301149656475107648656 0.453396496444795461658889784577 0.139691362987932813545307142854
0.553098986267291941542882125683 0.023894510169760780905195474889 0.141368406782931584311193491464
0.174886035718769615666149862684 0.470953857228008135882105688789 0.836052156858188732290398060072
0.298075854660084273888529296713 0.257550690828535957279414746991 0.829500452049057771504372002255
0.758439256152893696763184876199 0.010966090727383845898162260355 0.600918133060041825073326375349
0.648644906235972715068554377043 0.513201560477838983979449126446 0.414757759354700866173921667263
0.963923483479163514399901517983 0.800557633347172757978317824644 0.476939895692425035933656344364
0.882011565032247090453458507415 0.316394579584564891109875939585 0.307005241925703173783977186952
0.325253596095520601507359518613 0.331358308520213394259271047447 0.303270094254676082503474834123
0.900240993298459933704897932020 0.692174382781869852104211348584 0.157328219608510882881281402216
0.411702871720910547341958582231 0.799666364386127447167050680736 0.401598432664240033283163380701
0.659590922162341927652800397075 0.134154842762181960682839064675 0.402694246862158751552718824353
0.965089784196880001928342553029 0.958143915686475016202724042446 0.189260000001849708843654738129
0.564382205896982367125543929784 0.259271799537514627527462503175 0.590897757440497416645524028506
0.776764025593092466549162870434 0.296242162682859346221351966463 0.122549504517565504909250264468
0.396114799446988539963912527881 0.794256583167429110032367168249 0.010073460313178390681959486279
0.352352557296481658597142676266 0.849113251949580504959389370342 0.165159642020721059867411636162
0.141415505483135977486448765939 0.244525701938289924001079837752 0.083375248248079621528132414957
0.384853122888345715703512954043 0.129193600502792622950256081863 0.034257307764929598174857339246
0.183069395554898795680415995754 0.397074807327639855233593917622 0.676926372938671609394688429398
0.760666868987192039250628886499 0.348873616489531905663215451186 0.493008347426106276246660375567
0.922958599998014174852321425540 0.733344259740597141744061134304 0.524375175834699244891708715356