0.373078527102609858179249613386 0.743926626275942193267098900833 0.895715773602100973072026590671
0.263561055520478648706017565928 0.042725143205097099174949448752 0.020862330789534713759714179560
0.142168254523871828709502551646 0.737059748346993837131435611809 0.547757799592438532343408041925
0.391016175994942205562665549223 0.627422993012589302885828601575 0.246241272322352322543537184174
0.182919609136685895611762475710 0.377598866480770956055579290478 0.206295445168484498088545819883
0.090972966318952783182361088166 0.168599790191124143667877888220 0.303719959015370022381574699466
0.578221427734876725068602354440 0.989769224708958894609622802818 0.471413304857658865820724258811
0.919877815067400073090198020509 0.760657201329586030169593868777 0.135111526903572892743810029970
0.731713568213854026467402036360 0.371417429654004205286099704608 0.788875088117013345545558422600
0.364725232849506642018866386934 0.558666675080428887234518242622 0.228185097493620953068571566291
0.392424085262749078317767725821 0.956264132667142385813008331752 0.230178769205084537974315139763
0.148851119929276853870447894224 0.269466970505017500148170483953 0.009144656313879654177534384019
0.448396023190689940740583097067 0.957764888952180704073668948695 0.988763448180342230386941082543
0.486163526219354602542210841420 0.238271225269974323834887286466 0.545948954579196787939565638226
0.371688293588961160551775719796 0.002473704495274816131389350460 0.707359354648657623343410705274
0.179998386824873179978823145575 0.881774860695322626469305760111 0.366027037886314132730802839433
0.960997078076147648317828497966 0.726496633503043720558878248994 0.803747516755048518888315811637
0.705773234030469209798752672214 0.002441941289974317984973195550 0.397399680866641014098661344178
0.236934927252272858888559881052 0.835845181892042377036489142483 0.003034494633758855284405564490
0.757928745888426291799078171607 0.173350649955243685251815577431 0.284961996841800346835782420385
0.996064644454567327258587283723 0.100616505630065300458397814509 0.928112705976669172258652906748
0.314908083492847379325496603997 0.338973987062955450788592770550 0.853363725010581775087814548897
0.727840190609142623223704049451 0.538682797667688118004036823550 0.016847072125430167383042245888
0.457267574905150075981197232977 0.407083793216234779421824896417 0.798431644828447972805918197992
0.128936720693924034009114620858 0.267710301790817117861820406688 0.618858090223501799975736048509
0.011957531006308287635508946778 0.775448472216294537595615565806 0.229355374194240652085952092420
0.741590449580278421315426840010 0.387433439952756197843797281166 0.068604593196361321472132033250
0.966078705132757065143778163474 0.275538864401850047691766576463 0.311727621774646079799708786595
0.717512031654506832190065779287 0.502055095299474896108904431458 0.344030822483254228316695844114
0.149061796153697273537019896139 0.503670101417043158953390502575 0.251102674681535464884518660256
0.119991725564734239006803306893 0.930560750885860210601663311536 0.860833486679806303421003121912
0.976613098060248430165586341900 0.079945084351807832456771052421 0.479613915752959418803413882415
0.938248533134119266918560242630 0.924787346932755771611311956804 0.477934052020161592722047316784
0.469551277119431176299002572705 0.007222584580095013466471964847 0.555750471465703554940773756243
0.093130373655520501396942734118 0.361369189511120680879940891828 0.425524398104106194029583321026
0.302358191394555664288645857596 0.904738654307646106289553245006 0.413885477405521062799209630612
0.894919146172082902168654072739 0.718537223421768289632893811358 0.442659811296934879720765820821
0.662237424439541477738657704322 0.042745258017458431787360950693 0.237651407882294413154156131895
0.061312384582192465398708947077 0.088670632226695966782159530339 0.170620355374819898663929507165
0.995904451949847113745306614874 0.676059816715496864070189531049 0.704697255079540507693991457927
0.990693487403188965956246647693 0.171140290763746427682434614326 0.735476200385306255746797887696
0.984620728487105356663278143969 0.111879247865719844146070727220 0.317885251848816718922563495653
0.469193364428552917022585688755 0.603057996749634894761982195632 0.806325606008112427680600831081
0.634163843689357742405832141230 0.273666250536520272440554890636 0.613014171365380833300662288821
0.457613438415970186223802329550 0.574871196291128483402133042546 0.790335566104697018197100533143
0.273006431597818233214525207586 0.543204462928747910943627630331 0.360068616646759320776283175292
0.935084102834684127714126589126 0.610447199724090672212639674399 0.735954605599908662227903732855
0.307498089657641027194756588869 0.769381483653211017958994943911 0.264945807448625558766508447661
0.665899882092862771543195776758 0.049995279790817616361042752260 0.863685832746182935437673222623
0.659518075053935559637352525897 0.315869222160698959189772949685 0.590612779446129554372646452975
0.540904519355077884057436676812 0.270825328900142159316288825721 0.259922483971827933402209964697
0.666471234825014913205620814551 0.235416170133551289067597167559 0.566179750984657226275942321081
0.706901958600592683623631273804 0.542192997493706307921002007788 0.829183892077080320071047481179
0.888266859909795147842714868602 0.722467654993326990897628547827 0.912382562338000080437439009984
0.058395217646349056872523419770 0.448440921339614773089010668627 0.836677792154792765444426549948
0.025642532101673224526061645179 0.692384831221173557835868450638 0.175851089245988828624334132655
0.996129512614818191096333066525 0.810099164111255487519258622342 0.699551734981321948758647977229
0.212450085146969253058202298234 0.195917794819516183357777094898 0.408000636364039437342654537133
0.618318570542307099913159618154 0.727419948136443950126306390302 0.727975440126342521196534107730
0.395449538469301475895889552703 0.087774990863413046571217535075 0.771891841308036119606583724817
0.261163242216344293478158533617 0.937580454165812038347382895154 0.704719383254211573230918475019
0.005538204171928266458801992655 0.631264925876504845447811931081 0.067869164612586310725284022283
0.716311491100589892155880988867 0.384899100804819316312688215476 0.084953071251386166884422834755
0.577862949384742696778971549065 0.558228523252148556288432246220 0.706262928482318308454068755964
0.792900886800146031951896929968 0.534379879562281390192879371170 0.796049984755901163246960550168
0.130644536850375442282867766153 0.499280926882186060211665790121 0.619782833583554126910541981488
0.287478245397817855355526717176 0.050760492048866241721061243197 0.203872977852108394625219034424
0.432694098328760712313112435368 0.123696838656250626686805560439 0.193023187557444353412705595474
0.892194825437014893410037075228 0.720077115905348508206884616811 0.814161185982244850478650732839
0.151990764049825782810998475725 0.082397206630142688643658743786 0.613916827674359844024820631603
0.206056894038218335607481890293 0.293126880482730389765322343010 0.674897049699956785850929463777
0.277832477070056094170524829678 0.944789427666179015830039134016 0.471206650083893674452184541224
0.231167106021706675322846535892 0.794840344974996004800971149962 0.170466477160194751494515230661
0.393896196078262816886450536913 0.767212372040045442744826686976 0.770058095352730398452933968656
0.045805281557297156114216818423 0.908238182698835827544314724946 0.014259451447141455182610059182
0.763556752147263151364597888460 0.147958100216023513695517976885 0.483106769672167313256494480811
0.894667839770436623680893717392 0.884943321232438351309212976048 0.009708811520170609193902677703
0.278659961513020471013390988446 0.233145661487376115728054060128 0.016442479001667700128086480049
0.115665854659323760755818000234 0.747219108237689777496370879817 0.501685226080077151245006916724
0.011303419493252642169522914628 0.437950257311082891131803762619 0.647542802092513358758196773124
0.230336128287281394211305496356 0.572982166082467880841022633831 0.376813702640497738549640871497
0.978422396495005952665735549090 0.740290927232789108813904022099 0.513494474581062454454638555035
0.499593478522277589792821572701 0.351859363514450185217441458008 0.046899691116403713353477655801
0.647446819792160122020163726120 0.343784141118904484901719342815 0.954986023935283423469400077011
0.984419975337539998605507207685 0.769876778117870030904157374607 0.165023156575036439308590274777
0.218490248537648062976401774904 0.705469578766262928049002312036 0.043529330677283095685226044225
0.011048020463429827908719005336 0.422890370864319298238598321404 0.559990199329234106251362845796
0.745324978512373337302676645777 0.960616021917790940953807421465 0.325796341149301338369070890622
0.904563988701136634240640432836 0.305264580391008955029263916003 0.714727164382593982416835842741
0.999486387972084888708934613533 0.422336583814409194381767065352 0.873489776496573666619838149927
0.038951575814727704138995534322 0.627693543015563348852481340145 0.266323921721632272952007269851
0.525499688260441799592115330597 0.744181705836279516752540530433 0.375697511477066370400024197806
0.216562244789433949732071482686 0.393949382902362199576629109288 0.146130881002546730851321399314
0.006329173542006811398197285712 0.010192652806098509085663827989 0.891859933335094057227365738072
0.350058892356153672498209061814 0.043411333827121957595895906934 0.169019709843354293266060039969
0.167702543011863464128552436705 0.940171535812186043301608151523 0.552038868137439853178705106984
0.077853578619979824093633169468 0.472421196906464002651659939147 0.747719145014018149453249861836
0.323484692061850043209858540649 0.651466109841949969627705741004 0.458389348596349499587176978821
0.805466335878658679092723104986 0.293259157173695550469005866034 0.614746592563570226630531578849
0.580755006307968946188680092746 0.721278598540561644014701414562 0.325801957756822968548249264131
0.759193919183306253906096117134 0.870061529498117880443430749438 0.428886805809150728485690251546
0.405566594566478977323953358791 0.372769178347362895031835705595 0.561640035410502003188071284967
0.856311115849497039853588375991 0.908731643405848110717215604382 0.089707705330190845582905012634
0.022146229219755300676730769283 0.507623321083018663735231257306 0.056962497857651686605784391304
0.648678471179540361291060435178 0.329094405329143802063640578126 0.455492180355698661475827293543
0.691687227753956079823183245026 0.814204672342546453833733721694 0.275899435205760379385964142784
0.662374950332214496029337169603 0.586376242758773980057185326586 0.089276465461688991887001520809
0.207439486798122102451102932719 0.792695933530325080873524257186 0.922052766172455240401006903994
0.310602379296250841189674929410 0.033814448984264430797530565087 0.734288146177020650817723890214
0.816981906585078077043249322742 0.111420395832697666227417698792 0.052891996431222894348156415845
0.835507809523312161559260857757 0.070376907920296633003331976397 0.596894902113652148223366111779
0.657168213507530629691189005825 0.276793794941717075097642464243 0.794950692867822716891623713309
0.787730362730551747496576808771 0.680474680598259329400434580748 0.553773307986897611598919866083
0.011588063664486893469818262759 0.669275341017343983196496992605 0.907482729821924460900106623740
0.316087961689393126540892353660 0.957450924919638013399492137978 0.915968077784338863267521446687
0.675111495110492176863203894754 0.962297795121737076229351259826 0.585449930758044079226465328247
0.907638349670783162181919578870 0.753666426862649285745021643379 0.115979527724165365487607459727
0.731814978014849404353014961089 0.346502381638406575792288322191 0.982054054363441730757244840788
0.308793788084639531099639953027 0.800542570941605746703828572208 0.338603743051381744777472704300
0.910332389532005459287233861687 0.826319253313343327072004740330 0.126963165818709783350115571920
0.875422967701459886491477391246 0.979824634135731287187809357420 0.493684610892865749498525929084
0.578744034373890436917520219140 0.174729837503672630338868998479 0.634663818193048179239212913672
0.853024752435455835275490699132 0.432989712465314369183033704758 0.835963709907271645960236128303
0.046861779328940408873016565394 0.493631107753729925224916996740 0.145134404944509964874299612347
0.466872019276389271791316559757 0.268693341998402612791352339627 0.896412695371960666079758084379
0.972413529296805356771926653892 0.137979274180639599478581658332 0.939548694237907322523994935182
0.957312615273601785759183258051 0.124687498679064798223770083041 0.343416239506821707738737359250
0.956478642076283969153394082241 0.482524981225843363485950021641 0.789623106896178983404865903140
0.181544633939989541460136024398 0.210374521950060122676973151101 0.975584349173696185886228704476
0.674620742589952748780035562959 0.113276060778100734482976008621 0.554498023302757658825612452347
0.501492560872603299060301651480 0.011307526699065480885186829596 0.900942627849368515846606442210
0.877213637123776979187539382110 0.939598417861537194006871231977 0.865033803895127739735926297726
0.162506121790473495591911046176 0.229587582836539794151065052574 0.311096198833542780803895766439
0.463837187772772496785478324455 0.240591132368980303857242120102 0.302883897736667073719019072087
0.255805261152859675366499914162 0.690562149257362589693798327062 0.661821974192605133602285150118
0.507987982660700221337890525319 0.039720199922878902942802170628 0.829391349101638808427594540262
0.367762818898678289780690420230 0.178376481665280167687726020631 0.293956680094343947295953967114
0.218274903577985596170307758257 0.326451463941849651106963392522 0.156547603838563448297449554047
0.305530625778555664506797029389 0.653942642981718336159246973693 0.206115827126506723221410766200
0.436041206639736333983137228643 0.179195852206598449374297388204 0.457001360558836555725292782881
0.289653548179901909609412768987 0.797315198801706870312955288682 0.389981340082246219491679539715
0.734629329886868243093545061129 0.895286963600605334434590076853 0.721653280528721463582542128279
0.133704866549323342361788036214 0.188573233317409549858467698868 0.394519570899257709939433880209
0.124104332892946186972515931757 0.706752997032092378226764139981 0.554664093090875942593243053125
0.950327181999771841702795427409 0.376052427422773505316655473507 0.856836245216617720110718892101
0.949792635758064496265262732777 0.287501711268309145808075300010 0.110501095418292144545446831216
0.296577042785341860042791495289 0.678915647138931266368899741792 0.588101715108576006407758995920
0.362567773713189545059520924042 0.945705365589197932685294745170 0.167732864602395337350060344761
0.022149572453182112680147852757 0.579318401161721285852479468303 0.600370716944640281376166512928
0.192841095420272196081512561250 0.240317575325110888151414201275 0.639349025144548277488354415254
0.703859073500221366082030272082 0.827537440015276404281507893756 0.364764790248738146605234078379
0.722322193387683886278693989880 0.736827724982629161942782047845 0.171330103779341963443627605557
0.854913835099959218410958783352 0.375143238569308423713266620325 0.081695332228389511142196965920
0.475743550246081114973861758699 0.699924325858715778991836486966 0.247173826472144281263254583791
0.037676567160125719324614834704 0.634384677744288416612050696131 0.473468886632174679185425247852
0.641772454850425888572829080658 0.208002444077188736182293382626 0.009461119312075237652859271975
0.002398745256051771235911163060 0.622918331833797078722625428782 0.755360789542852129052619147842
0.072878094747527100150108481103 0.478452195434158789044687409842 0.416148142364849704666340812764
0.077751664384385688055800756047 0.402481243540801503222326118703 0.101362203387222016282009917632
0.861425278963163898460209111363 0.816196646643372991647424896655 0.607295094924064304819921744638
0.403322209597007041992355880211 0.872409307340750617143498857331 0.795179367796682412539155393461
0.022815824691577106519968509701 0.773992970610114849883132137620 0.673975482818378379690216206654
0.386128014335000491197291694334 0.758784599057316877512846531317 0.672270470537314479564372504683
0.424361168178752801161124352802 0.252428459763639478907748525671 0.560516773966199366441287565976
0.072130232761149798426103529891 0.416228655387088308792442603590 0.582047629237034014337837106723
0.756133713703313281584428295901 0.129060742988257454166856064148 0.819551132685487626616804845980
0.823722246558106774294572005601 0.493438270314002835892353004965 0.614487246520573404673370987439
0.845763985558746655968320737884 0.243380649142066196599643035370 0.989244823906560433179890878819
0.863087593642007933070203762327 0.871440480704382847143563139980 0.715000403317584298790166030813
0.127509571394323034665418958866 0.200670926464756260720889713411 0.593381502860131804233390084846
0.949161629736374967691858728358 0.154550897116531332775579699046 0.563355981407012817996360354300
0.177391211976441087738720625566 0.240942366454509837581099418458 0.927542345476633611767169895757
0.075999733133056981970732124410 0.842182755192138254862754820351 0.316479261975641024129402012477
0.813643822535420113695181498770 0.317097338051139432391067884964 0.672629441926955728980885851342
0.320506145265352981876816329532 0.000273505397746335709302512029 0.689252499695478304531093272089
0.020758091962848231049054703590 0.047018454118138326702780460664 0.304521066497782544324479658826
0.703501360151083110494596439821 0.295904379274183559900279760768 0.314610312921384582818262742876
0.478671049170164397690285795761 0.590423607616816892296185415034 0.569688287590906283774927487684
0.733404521337196135810643227160 0.133671241706718985087221085450 0.856652409959605232181445444439
0.992733287437890576931920350034 0.657043023394427438965692545025 0.032932265001154731320909263559
0.456541713968073026297389560568 0.366571506690359039115634232076 0.855796634283065404957824284793
0.794387726073435329610106236942 0.042372167382369825550103570322 0.287035146657637463274426181670
0.801617237335814913912201973289 0.778739474740072656899769754091 0.090832895636774241276967245540
0.489508543034430143592317108414 0.562433689618996313086540794757 0.289130993440515460246587053916
0.050455561808891456754277982100 0.847822637028762815525340101885 0.771845440140156435759877240343
0.164818327319443763689932325178 0.907076060615471968517908862850 0.806236168922332074870951146295
0.264707802105391132307943280466 0.603349186009891069737420821184 0.618253472163149297990969444072
0.228029807218861707562851393050 0.134170703941625807376070156351 0.159665544770445089195476384702
0.266217766384704512816483656934 0.219180337220233917294720527025 0.345805097172854070119996094945
0.653643289491140366820332019415 0.361880671937254538850226026625 0.808234973468139772379004170944
0.002000267429090432473592908735 0.967194160478771824962507253076 0.740211705923915608273944144457
0.925687600456131076676058455632 0.046251690818213293809879615992 0.694167438828742877632294039358
0.951464974454751866161927864596 0.042131621584326033047585013946 0.773950776644020232986065366276
0.575620038957669888368684496527 0.245855068536088794406424540284 0.634775852242718596762927063537
0.532737870176086980578133989184 0.605824536752134212846954142151 0.737277669015185210810159333050
0.809193365126135488729630651505 0.338581037465212286718951872899 0.687956895326640172072529821889
0.387239645033385371242218297994 0.114844690940651000810035498034 0.822046124439960057550536021154
0.004682202418934021045937576844 0.402151619508939683900194950184 0.714151703213773858536228544835
0.932057625992349092491906503710 0.045764489817613204780677449435 0.870842464665535054280098847812
0.039894948270721930505544605694 0.705600984798378849660593914450 0.481856071533999619216359633356
0.083781440253468925094537667064 0.533508464573773988348648344981 0.561134345206425466656696698919
0.282116257150479055049174803571 0.309047168496131674508831110870 0.728336899550035221651000938436
0.894619350324051820777526700113 0.653873845656670171777591349382 0.702805287934510025671386301838
0.463266124081365138209775977884 0.078948794504518096659673176418 0.194142779554838051936371812189
0.720263310105905829594519218517 0.149709856948606445659066821463 0.870588237094628514256555718021
0.093130505518790748786805977488 0.523183280695801777859799130965 0.787650235186729719139009375795
0.140366340189458482790030302567 0.570093180928915033156556546601 0.774325374753356610035837093164
0.456675862470151294747466863555 0.082360046499949476905833023466 0.076874539221232093821889463925
0.700791094254704094446140061336 0.036332406866265737344079411741 0.536301850194990770148706360487
0.699875692163790308342186108348 0.960277666814510433290763558034 0.605362877169820512435194359568
0.506545757401734353386757447879 0.192649312575084386001122993548 0.103613492473258309023442791386
0.342855573049076767233600548934 0.299910905668146265945495088090 0.988153427165938125220634447032
0.638465927464857752049454120424 0.067031068291304091166793455159 0.221868123518772164537438129628
0.720181220444055858465048913786 0.081236128653129971444180057460 0.248814563921230413878760145963
0.023980031944005521932217206427 0.283958683066112715920326081687 0.828398264771346481971647790488
0.053533456707181278910745447774 0.188101308681972195779863454845 0.837235251502323696293217381026
0.033651577448774838696721189990 0.064162815254761071392941573777 0.117212292706807524877987702894
0.313838399154826031001164210466 0.255760314394787080516380228801 0.214520823762509776910789582871
0.786554205701644026937913167785 0.171303527436579949849715376331 0.173203687645873238842852970265
0.852791265217087368633031019272 0.382935296978651085186839964081 0.787043838628317393713018645940
0.895266438088648364157506875927 0.972493931383606846630129894038 0.851207953234225600525064692192
0.758527131968158463415363712556 0.532998683347176815949808315054 0.291510951224982717278066957078
0.677858249451546712727179055946 0.978564662194040479903378582094 0.457076615076872472265279157000
0.162490743273825344328287201279 0.322832365964655532142302263310 0.029356260605063955876348202878
0.412414728902926408515838829771 0.794702931821803404410786697554 0.122642815518282127795757219246
0.936470775380778497343214894499 0.826351834388121764263246404880 0.731153794165321779807698021614
0.940565247996929643115038288670 0.728168270156935637515971393441 0.926367883228710442544695524703
0.729617735269551870302962015558 0.015177048610514368501278603674 0.380382767982230085568318145306
0.894342055624907761313124865410 0.396827222518478683888076830044 0.685014371730949145344879980257
0.879621793966736342795798009320 0.389423041139652259534642553263 0.877058616991272743668162092945
0.046291035008125661076583412523 0.030052263934437623699169606084 0.226116842567950393494413674489
0.000791179573576762402292716914 0.945865164093689925195462819829 0.714568117787243495264704051806
0.402453644590075931830597255612 0.819373074757570263315642478119 0.937165808013524115338555020571
0.608114356590805815727662775316 0.313517731186564174716835395884 0.414230673584447262047802951201
0.966717700623988873687153500214 0.761189104754658951712542602763 0.048134170380994420468390160295
0.862229414636244029246370246256 0.733534023582004146568635860604 0.434092961752563732957810316293
0.894447335471685645025274880027 0.366798689255178000934165538638 0.095362696319707951353450425813
0.981517353522938007515108438383 0.720872071576023065730964844988 0.751991834489115551498628065019
0.730147258276418242850525075482 0.933455920531012783847302216600 0.089496720346343844321168603528
0.577538242209349683697894306533 0.550277410846728320947818247078 0.209646527041428998305860886830
0.164332557980636395633666779759 0.810125375897491450949416957883 0.009049230427678882013320382782
0.528814532590490271601879612717 0.923643920742227342302044235112 0.440458103473283790751935384833
0.113049724001748425061819602888 0.461166247053910849373892233416 0.155176463217333082678095479423
0.825818126291014475981455689180 0.284364645086822742658938523164 0.801807266417344122189092558983
0.134171299253972420295610845642 0.144878366317410772756701931030 0.284413473350462631117352430010
0.079244450625373483165780896798 0.034781103865401875874230341879 0.322633161795220169132392129541
0.546278888199841716755145171192 0.379758551736674443422003832893 0.578545230402491283960841883527
0.354507157964353059043105531600 0.401083220228946379926071585942 0.484522454182047423998369595211
0.127219913224402625395725863200 0.795059923530118894952067876147 0.313406474575201710042193781192
0.889372539089583025173624264426 0.799062768958545222020006804087 0.036996582944456103680952452351
0.658110700223237810035925576813 0.185511226330870082623647476794 0.336380588948399228410579553383
0.327298610692226321638997887931 0.009895818778030623236174889712 0.297811083447793167877648556896
0.460557104256367533245963841182 0.913599148097872681972830832819 0.390058416940344876433499621271
0.954967660459230760494619971723 0.931087606531009970289858301840 0.431170785036283255031719363615
0.330086812727644229870094250145 0.653371048945990517964332866541 0.978647615713335694564989353239
0.117673866485307990203956762798 0.863981958371972447174869103037 0.289980612490086109289677551715