  0.0251063
   0.965323
   0.379182
   0.413399
    0.87756
  0.0625754
   0.348886
    0.22052
   0.169001
   0.520401
   0.417083
   0.416127
   0.171944
   0.472087
   0.463772
   0.138642
   0.758743
   0.552875
   0.677384
    0.83149
   0.945214
   0.746185
    0.13097
   0.360968
   0.534669
    0.24098
   0.674994
   0.661344
   0.685122
   0.442412
   0.835062
   0.134921
    0.23237
   0.538274
   0.373474
   0.392298
   0.508287
    0.62514
   0.907386
   0.368981
   0.794315
   0.208375
   0.275487
   0.436305
   0.392769
   0.275291
   0.814302
   0.289852
  0.0454956
   0.392388
   0.979624
   0.920298
 0.00773624
   0.198133
    0.83461
 0.00578326
   0.751922
    0.38462
 0.00546196
   0.525998
   0.316563
  0.0669611
    0.62545
    0.14214
   0.867526
   0.269822
   0.847672
   0.957084
   0.836577
   0.977707
   0.924973
  0.0920415
   0.843104
    0.59905
   0.345624
   0.394149
   0.613778
   0.167067
   0.944055
   0.558409
   0.983676
     0.7564
    0.92876
   0.680375
    0.84126
   0.442192
   0.556621
   0.717782
   0.759553
   0.122607
   0.376814
   0.687965
 0.00720339
   0.732872
  0.0967628
   0.302476
 0.00897984
    0.19949
   0.375757
   0.178581
   0.421461
  0.0240119
   0.327618
   0.806078
   0.721394
    0.44708
   0.420795
   0.142782
    0.84123
  0.0266523
     0.5433
   0.284353
   0.785805
   0.644388
   0.149812
   0.554773
   0.363693
   0.350335
   0.648538
   0.236108
   0.778128
   0.315973
   0.416376
  0.0408577
   0.484283
   0.261966
   0.475966
   0.691207
     0.1503
   0.314762
   0.519269
   0.749453
   0.351132
   0.894833
   0.758575
  0.0285877
   0.873551
   0.963584
   0.828803
   0.639245
   0.853723
   0.697868
   0.200992
  0.0645615
   0.357811
   0.411899
   0.204768
   0.577207
   0.719213
   0.862623
   0.656662
   0.843668
   0.933309
   0.201008
   0.807692
   0.261641
  0.0338771
    0.16592
   0.819265
    0.14682
   0.371705
   0.407188
   0.712152
   0.911768
   0.844732
   0.181983
  0.0492987
   0.318444
   0.462978
   0.254892
  0.0038277
   0.158517
  0.0226174
   0.870524
   0.199545
  0.0826213
   0.397629
   0.166968
  0.0838811
  0.0291182
   0.704852
   0.124304
   0.232687
  0.0558888
   0.743545
   0.200825
   0.140596
   0.285722
  0.0519937
   0.527799
   0.897509
   0.391068
   0.585114
   0.703077
   0.547516
   0.451657
   0.109034
   0.126344
   0.360498
   0.187698
   0.576837
   0.365916
   0.499962
   0.581714
   0.175108
   0.774769
   0.911839
    0.94115
  0.0535989
   0.950205
   0.120523
   0.239105
   0.565026
   0.547149
   0.215259
   0.208878
   0.848948
   0.657071
   0.523421
   0.736868
   0.765243
   0.931687
    0.35836
   0.924174
   0.241648
   0.931439
    0.15686
   0.217565
   0.604882
   0.365734
   0.985718
   0.691161
   0.325464
    0.54036
6.55541e-05
   0.240876
   0.312925
   0.576831
    0.46544
   0.742796
   0.285336
   0.946998
   0.186995
  0.0263033
   0.506572
    0.44495
   0.566137
   0.949958
   0.968823
   0.626504
  0.0793387
  0.0714324
   0.323526
   0.262557
   0.416294
   0.196134