0.213941669249189420076717738084 0.607351012022163017078923985537 0.823489940580626300636879477679
0.054207490450990637731454313553 0.782748913111915189944056692184 0.398866231410243243793445344636
0.401945280349871980618559064169 0.655323548185206328220431259979 0.711197207759661664816519532906
0.761893494413107275065044632356 0.843875430852941366133279643691 0.722195260306359276825105553144
0.240022102339069814957994708493 0.670665781410917594129728058761 0.379236944769805683908003857141
0.568511842141430578934091499832 0.992466840436917574486130888545 0.042119301317472802870245374152
0.757319928349887261376238711819 0.429200545234613928258227133483 0.747973262812198669280405738391
0.176632935076715708033745499961 0.353365529652315990549737989568 0.668587485415412241529509174143
0.143613664101297278108404498198 0.601920719749516441865466731542 0.093211436889469520550299819206
0.725506984056967674234783771681 0.193179902886683019236357949922 0.677239105024243892572144432052
0.368208102398111303266148297553 0.167242068128224147249838438256 0.299452471536040709665371650772
0.613206194273015370299617643468 0.126422315352203995519886348120 0.473142702542575011026571019102
0.193457040082192777141756323545 0.369670071502215036307603668320 0.948489404777529965251403609727
0.975655668004394738268558739946 0.632328406948712062884965234844 0.992843057211122648197942908155
0.282722647901722468066765259209 0.227773370569039845801029287031 0.376675749345650512367456030915
0.541030044035575419236749894480 0.999792933917492909756674634991 0.972185317475585786262115561840
0.162103734068640842336250784683 0.405122109684920850281031334816 0.429701937563105262896101521619
0.586226864434475691822967746702 0.293707469708582746825697995519 0.786713764346477439914906426566
0.646711364741466065986230660201 0.338012072884797010186019861067 0.619557209589831292539940932329
0.504230351155895650805405239225 0.813709459934197187891413705074 0.807103104983544206163514900254
0.395184819113727769934740763347 0.896160636199488713771188486135 0.808805189766032994747035900218
0.667747087134036743094611665583 0.772275648939559578032287845417 0.760694007623864520972745140170
0.235418801389034731963434410318 0.691313616083956472557758843323 0.645546966530915367066256749240
0.101826325761143643422457216730 0.992502750023079860497432491684 0.557651815022802810339896950609
0.363297546594089582061570808946 0.063325916847093904893384319621 0.351466286419429674303671617963
0.057667040181696757605855907514 0.973040319996036684457862975250 0.910410088361999658701506632497
0.736998724522064607711513417598 0.725600029717406558305015096266 0.223667352835428878687906717460
0.930812099077658161583315177268 0.999655320295066873725886580360 0.033321694154932662845780555472
0.022036255945066831468670542904 0.967049838799865280059009364777 0.190361013310602011916472520170
0.735267697480696647005515842466 0.623110391707029642738291386195 0.022808438564395884518010149122
0.587044503899267544611006997002 0.294111533564932137174707804661 0.421410836025511936764331721861
0.763782798355823855374069353275 0.626196692937980747828419225698 0.838414017495315300187996854220
0.438792930987808249554404937953 0.820976458224607519298388069728 0.208781206074283215423648130127
0.281805656769659795823912418200 0.185060259960566297898765242280 0.035653883240454625758175666306
0.438456641528904067506289266021 0.160436191461922755818747532430 0.423474477013758898724660184598
0.751684270470387105866905130824 0.684609843828787090203036314051 0.215090676775233469175674372309
0.136891210127511597782756780362 0.182441935646190073194716774196 0.864610959381903576570493896725
0.046383495572480212820742906388 0.491529349898944145635937275074 0.095009151383677284408157959206
0.822752817858540153039825781889 0.187498116236573558746059120494 0.020235598219434457190057941034
0.529272202599006647005808190443 0.572163512599668022673427003610 0.521376285861119392883722412080
0.288400667863101367593969825975 0.213125671413510464624607720907 0.350669641062855697022371259663
0.210765110358755780595174655900 0.370278368327395079884212236720 0.758594088363188534529513162852
0.067082540696920281431125943072 0.640642155398502999297249971278 0.127602592919666107951215394678
0.188400938078096241712344749430 0.660506125892882489658575195790 0.297191074339763272593728515858
0.009303669585793577362364814576 0.658279575690891349815103694709 0.954481299868820687315462691913
0.171791440307958925837183983276 0.776198529971836692631370624440 0.656182538320876362902822620526
0.435191332314944168135895097294 0.410804529874178925297201203648 0.386744869233573818068094851697
0.479140812089739354107109647884 0.460922628600195616321855140995 0.587642576332491950452663331816
0.871292578098906811412405204464 0.246840928110640067671965880436 0.173762298105495205380321976918
0.775063250061144848324090617098 0.806566459311680139521172350214 0.159593372754378237665662254585
0.526383354075748433054116048879 0.660746413060475212830624514027 0.497619161930103692803584181092
0.347655479021121982530218019747 0.454387501602891985541532449133 0.978044020351057530326954747579
0.409408992164319751605461306099 0.397128784166103476760412149815 0.503096382581751377927048451966
0.956599030887365753272888468928 0.347274874785443221636427324484 0.356627724309982629957715971614
0.444706552176853397995159866696 0.196889909252641576165032688550 0.261313631763350928682854146246
0.188843133322012080022034297144 0.973482117356759935056231825001 0.529027689542855505955287753750
0.906198778830541007422993970977 0.106195678183695726981561335833 0.144573555162320538380882339879
0.976901746853788721658418126026 0.557144864749598900388605215994 0.261507176286062570369495006162
0.054242820133129546200656534438 0.249087388117564229039757606188 0.986467104200426381233057782083
0.578209484373778392907183842908 0.402811270479661254206860121485 0.569869769709263063184323527821
0.598013827200764347402639486972 0.586238077465847329250436814618 0.377813103986928355837449089449
0.296652826121076296228551427703 0.859852596753545306285104743438 0.873850581335598453058821633022
0.628263270549362706773877107480 0.792026210966117805156727627036 0.728379532560337716873277713603
0.307518061634245831736933496359 0.399287073637967060424358578530 0.226513382266787716146083653257
0.107723981194565346375391357014 0.465350828312581676904358118918 0.899949629740446899184291851270
0.874495828114112083717657242232 0.084645332992680455408418538354 0.941080897667212146195936384174
0.752281631687258256491190877568 0.336005373136388896249115987303 0.925990317231542459097681785352
0.541491971432696228561098905629 0.912564990104631656997469235648 0.511379863622183683524724528979
0.158273419721374014601522617340 0.258182542521756819287048756451 0.909923118607676606472978164675
0.176812283687872329185353237335 0.507328621180096583920260400191 0.720887648429118121917724693049
0.552439745696774009431351259991 0.376551173567940988817781544640 0.463413847395680977836462943742
0.826872542022217493773439400684 0.292167160223830324472515940215 0.481128973060381770476823248828
0.231361012243037317270832886607 0.782211658214313820813856636960 0.397589331944769197590971998579
0.349985168458831985560664179502 0.799940022308627818325987846038 0.862564310624945318473066890874
0.591497709884134192925841944088 0.804873301609161595493446839100 0.562469056294032654363945766818
0.434046929620542421002227229110 0.633758516112631786754150198249 0.487622117794562659476298449590
0.285306649155667280126635887427 0.856883347975308962141127722134 0.624375117949116820170729624806
0.408964470726096651631564782292 0.131110000514925800763066376931 0.742528578159765806354641881626
0.453642531155415140720066347058 0.440637787875364062006866561205 0.442912640039693106253082532930
0.075393708293676031662045033954 0.254899202305825578473985615346 0.526532267840953638327050612133
0.917991548620901820498829692951 0.834120400266563311042489203828 0.922376994757293955373711469292
0.803102671614910779140927843400 0.701944522986433838696029852144 0.692390401051334425375216596876
0.898122612189146463101963036024 0.361667917744945555114099988714 0.128314357068191026156611656006
0.986625285431539600367045750318 0.890411881978419361693966038729 0.527626762891227230056756525300
0.511082771408338132346216298174 0.242862826956018712509788315401 0.120627442376487106767690704601
0.284607555125835576248505276453 0.951291282221434775223656288290 0.840022122540869609075286916777
0.014487013528020290659137359057 0.319596231496239502334333337785 0.008148755566495148247585511569
0.297671400323731516479597303260 0.278921088723871113401742150018 0.604360807479960904231575113954
0.475126861576463777048218162236 0.087042458804148140072420858360 0.483020787554649000394846325435
0.431003145474206039722275818349 0.165324012165416506237036742277 0.762566652940311673347650867072
0.781095072787904687316995477886 0.122626291378440596679944007974 0.628671017120453701210180952330
0.060576786366163738739576416492 0.133175663758615142606700487704 0.647641517058552995678155639325
0.142283792621107962883542086274 0.306853351528471873788106449865 0.724147450752177124222441761958
0.652040327224448823528746288503 0.370987159209426931028019680525 0.180000050765829228138770190526
0.777406176662210679495501608471 0.304216480281151779863080264477 0.262809404386750433690878026027
0.220922142532551435412102591727 0.693524439353452315515369264176 0.361901044628324508600769604527
0.758939107150974456850178739842 0.774483520807334402391575167712 0.791003445851645836661703015125
0.871378338866564017273219633353 0.389412684329210501132934041379 0.752387563029535244574219632341
0.407860276707967150944256218281 0.152308607188594347103816062372 0.264961103848342760525014227824
0.665198272237644827598046504136 0.885440259790125749894684759056 0.689566556169743716253606180544
0.859848714110611700434105841850 0.772941689393819020281739540223 0.518114969076769460443188108911
0.156766561967414147504840116198 0.417066477356283216160193205724 0.724557027947190568362145768333
0.704665482971828738278929904482 0.814274204675064838809817047149 0.895089082073483588430917734513
0.635108921438416240690116865153 0.713417419642348393793440664012 0.238223387317013923780706363686
0.167238374418043567182223796408 0.264660670012200505141208850546 0.578712109620298398304782949708
0.452415279164987749194182242718 0.015083975479092534208169773535 0.948298417215066580254756445356
0.277297320130410696048528507163 0.819612668134753974413797550369 0.934983974588433186525548990176
0.355829113541076602622581503965 0.627959927884742752368651963479 0.220249463958812091712857750281
0.761278424285597998810715125728 0.384547319670366150035079044756 0.400325880743127637817480035665
0.610573238128008011216252270970 0.473079900130495334398261775277 0.951335160051412942472381928383
0.548686315437504346093078311242 0.257044773603561704788944553002 0.779339296695012895277443476516
0.034211266651025432072863452504 0.149015337123099916860624603032 0.731397624276877045268463461980
0.047017598240397605324769614299 0.367181607719946401235944222208 0.583035365017362749995299964212
0.194867417984260715702049537867 0.641359497550237689367236271210 0.936843217466512445668058717274
0.941341382037899299106697981188 0.415731533689270349452016262148 0.577681671598714863158363641560
0.793248050367549750738760394597 0.590169212582327240568247361807 0.728157779766482882166656054324
0.998168352254759971842190680036 0.780530746178028755899447332922 0.834825438755396276313547332393
0.544807948075783032848562470463 0.268794010799297766745041826653 0.654577399350566691005326447339
0.295591220748316285682477655428 0.245256874243892586395787702713 0.602053839015741054652153252391
0.401216770455445070897582127145 0.989260482938163487887095470796 0.663838205287624161243797971110
0.980836186608986859702952187945 0.424822135196643413390660271034 0.766731965444869545400763399812
0.858489028044826518737409060122 0.489164400742334637417485510014 0.740685288371091266057533175626
0.630117252359076340795240867010 0.766779560470639331981601571897 0.053180664879907649233992117388
0.004298705752579369369914541466 0.938201516929666468058712780476 0.081887906608914512451846690055
0.260890046982657497487423370330 0.212391490740336391640497026856 0.771681183816129823149765343260
0.215054827889619604164295196824 0.594179072595232615761062788806 0.610159219904792826660866467137
0.933530156344791417488693241467 0.438246763524090754415851733938 0.362456488853681590978084159360
0.955912492089983301113420566253 0.565061428593570225231701442681 0.353018890848766864198893244975
0.088561916822052194619985243662 0.620514369590940306764537126583 0.103603424305208524636157108034
0.250671556919259685969336715061 0.289845330651444965663898756247 0.692928891836396609882342545461
0.138666150404232607629140261452 0.306143996381047445165535236811 0.669288665749591338283153163502
0.057822192073867878514548124258 0.370659927756589513414553493931 0.675636107919315720415909254370
0.155259857169603748827668709964 0.592266276757348331116759254655 0.814447413542260134633465895604
0.788640737096024335706090369058 0.792966897152280636440480066085 0.093729029992239462631964386219
0.550794165065318752638745536387 0.272841739839186747662580501128 0.892605567445855840880142295646
0.541254944675207738669087120797 0.768290214066688736949117810582 0.169448275818562310579551422052
0.076482697199912783037056840385 0.788212533009761462388098607335 0.856676338768395551070966575935
0.790187241805571871644531256607 0.693395492014059811047843595588 0.620706696793963841329855313234
0.762791352456700932904709588911 0.593264627814144684947450514301 0.797487986275682958492438956455
0.984863981057897297510805856291 0.251357470333236632242801533721 0.581926311848507626933724168339
0.609511007765666135149729143450 0.277848011691716800797280484403 0.276265858148276421957234560978
0.584941398594450490122653718572 0.811444812340826993057874005899 0.797008352470154668445445622638
0.720032549667761201384053038055 0.178616639781849911861044688521 0.142018308888374189535852565314
0.744607584672009825688121509302 0.662215412522382584903368751839 0.382419181126822493865802243818
0.407623979730598384740858364239 0.537565766358630958698938684392 0.170004486251324193890610558810
0.176085387562024048291320355020 0.269930192612795494255806261208 0.123260162301953607455473616028
0.260313061285062485872288107203 0.692853218834281525673191026726 0.526318457977298592709303193260
0.905024769509907289766204030457 0.659754931177780612472361099208 0.077452770322618436082962034561
0.888401602937644252477866757545 0.546466627085939293806404748466 0.056742764921018692958476492549
0.696040452404301901445649036759 0.301601630098085604636537482293 0.484092722674498432411382964347
0.208848088543263199490240822342 0.676611656310911468992230766162 0.344025613724957213257482635527
0.072764128503625818966682459177 0.213468974811545142422630760848 0.221264015005101871702564153566
0.048502907209323008197454640822 0.227631130682523691310947810962 0.435771056151685043378307682360
0.161414943706947616730573713539 0.697342410029725634501573949819 0.142966819640873626928723183482
0.589644865423316733021863456088 0.950564217512269160614835072920 0.129528219406179173622817302203
0.285386919373373904029733694188 0.916311619013683187340291169676 0.002372786734909247598895865039
0.086300613966168976398662948668 0.500047691764094692778996886773 0.568928058772436684442652676807
0.653192859550316029526584316045 0.423579182023354983144258767425 0.951307643786978407440813043650
0.031133830051477535266757357135 0.519529858405926581177425305214 0.289880076234194483664197150574
0.442620593478812884846718134213 0.261052859679511972679222253646 0.263620305615859085168750652883
0.989205207597921853945877046499 0.430579961948467038190813127585 0.867541814300724190012203962397
0.449453780094166532865784802198 0.177373849786770287906279008894 0.980320994935902079170375600370
0.551678780399473822626532637514 0.376907809584403397096252774645 0.600386746057757991756886895018
0.575356359118363358540193530644 0.734362246637454085806950843107 0.196992656507412544630852835326
0.134977260653530634071373128791 0.452610121372353124691301218263 0.791337080776781776059181083838
0.293657237627270750746077965232 0.849398984018341463020362880343 0.073237610612324949288520770097
0.680601363264814351872189490678 0.821248901143360687804317876726 0.087588800232099209286396046537
0.090701562067876065342808544756 0.062169415465889048266756589101 0.041777686904851937810256856665
0.429455230091979556217296476461 0.592624802627365498963740719773 0.551321197405574059402511011285
0.269032897325346409544977177575 0.452718986244445564803839943124 0.526963210144293814352067784057
0.565920656741801142430858817534 0.329298448142389565962417918854 0.655298143441724656454994146770
0.592286043923362370833274326287 0.584162127620697857466325331188 0.909618021355851458231711603730
0.129605578130656096114137199038 0.653453455586907039354116477625 0.582472007364400634621404151403
0.167129272398491318663005245071 0.085026632532796034280586638943 0.542236928358834968655344255239
0.375576640427265961985625608577 0.574363439131474917687114611908 0.159445934986548187861643555152
0.416603372865789245427237119657 0.318406682654460648773664388500 0.880904021063580122685721107700
0.547068349537454423625604249537 0.951629571698996312711926748307 0.604014973395607501771564784576
0.750822627976761802770511167182 0.022035905703650899428724940776 0.377432290892453337072254271334
0.013349792572135404239430656048 0.863944301203040332381988264387 0.781735033477056751038958282152
0.610638695890487914752497999871 0.618574469225756540247118664411 0.293377665712963586752692890514
0.110358830033518554025739888402 0.324145749293546225899831370043 0.756195262881060092929885740887
0.541019434368011586933278067590 0.551797295417543964823892110871 0.963518571522527067507724041207
0.490913276895129702115383452110 0.289497854510442631514877120935 0.834776753804763127497778896213
0.771432666043417314405417073431 0.030475908101329399202406023051 0.850730302194184551112243752868
0.900620567705757046894632367184 0.216777330074343632659861214051 0.039581812539301985953699158927
0.369951593194026318034417499803 0.169837481228638842445377576951 0.506860437637650762532359749457
0.820381563998574314666711870814 0.969747788886029193911042511900 0.427458800360615009950038256648
0.978636414610462357366316155094 0.447954856867189443736521070605 0.254949297222175630395213374868
0.644853777343219691786657676857 0.292179051757226471153217062238 0.632247179968030037500170692510
0.115023258822975746329397850332 0.842685621726332656500346729445 0.864702354188755961672541161533
0.547173748417047245418132206396 0.387389727804359318419358260144 0.411453372110179071974300768488
0.799263072702453447604398206749 0.087807304003840014328119423226 0.377751801928994102031111879114
0.202709808731374035994932114590 0.194282233795917080865223169894 0.473159400914879957333880611259
0.878117568049031960164541033009 0.750483710328964215285907357611 0.728213065909472878622921143688
0.081986556064277807398532615935 0.536694856925827190607947159151 0.022563320184572199095240918609
0.132076590902210105893388458753 0.076560058883875972690624678307 0.502201742371917281282378553442
0.392844854554303068994158820715 0.357563869620575458529998513768 0.153852816733678759986148065764
0.918368231818344704642242959380 0.710701007282061203440548524668 0.284460360783831300857116275438
0.220592315043557363196669030003 0.800161382296898926469452817400 0.425785316038435224239577792105
0.722196863162129276680900602514 0.871477714030153838287162670895 0.796182470588348789597432642040
0.476147746043396435933203747481 0.830228432031003937829893857270 0.284360246608425848435786065238
0.664065659243274541978507841122 0.117575973778001177660890164134 0.553701768054803311613909500011
0.592764261385552715388769229321 0.739939385084295242478447107715 0.385871273243093559912608725426
0.371222970134478746917494618174 0.050192629972088738388169559812 0.170219250354144785442045417767
0.767532535744274380107299293741 0.410800607787926763680985686733 0.203390406067182755167621621695
0.094004486744478990556395103795 0.683338581167952430206469216500 0.581526092096729452229908474692
0.167351010397617516733959064368 0.964583492286264054804689749290 0.010423763366749362602181605553
0.374485892725117952561930678712 0.989183442535100265757819215651 0.198100174818595403669618804088
0.078833218788942324706248143684 0.001134505652692924075608527090 0.469433027246757506034668949724
0.776768547572143863710891764640 0.214643784895486466890446308753 0.424112089199573605302617806956
0.969844435196519860653552314034 0.944143066778961315144158561452 0.458110191654915732684116846940
0.828771990600526309300732918928 0.113369867114492386961366321430 0.518491407740730436692899729678
0.987706492322641405046113050048 0.213382413396057096788283047317 0.166775942160375501011060350720
0.622796745305449928054031261127 0.121568149202792741281342614457 0.298033648433635500740734869396
0.268801115328976880647360303556 0.357235279161906671419046688243 0.623145058063605428166908950516
0.804405927558255573472933974699 0.242193999943268567509591093767 0.253943790645503875147426242620
0.043078528522520337373791221580 0.673942922095510432711762405233 0.079005901391121874377532208200
0.741249222042615674155285887537 0.782592866039025447655319567275 0.141180963657994429372166678149
0.544865977144916469043778306514 0.996779631788240805256862131500 0.257271787971840359965369771089
0.533919843167155128149659049086 0.530319845574585779779397398670 0.278999702447224162682459791540
0.119837255224997024649624677295 0.868418276606397143702054108871 0.604629070011651115201800621435
0.207270881502525511352885700944 0.565186058351011988420964371471 0.789362057313296228144849919772
0.657693943716712303704241548985 0.642961122383079786146709011518 0.023768492188294052663843913820
0.917768956298951943395536545722 0.541036653290428160012481839658 0.148578007907028381007208395204
0.224548364909509412523647142734 0.798563694105584032101319280628 0.903750260315574704961250063207
0.139328294826462834032909654525 0.657835735117947240091496041714 0.601352959646812568195173298591
0.226799070741376201931771561249 0.515486024076829862927695558028 0.129078376557210439123934975214
0.037009077049357505528881517876 0.910472489129483197878300870798 0.607338810294645092824339371873
0.588719235897935733170527328184 0.141852045441013846494016092947 0.690055443130257573081109967461
0.099609294356820726745738170393 0.742307065463884585554410477926 0.596346412518855117923521902412
0.955818143520861807083122130280 0.336485879167777168774478013802 0.759117773854679933620559495466
0.180902692570702627872236689655 0.243708342412397527265710550637 0.914834144453844699818034769123
0.998464950327921374473305604624 0.294810923915390543648129551002 0.216904060270820486788778680420
0.642674633692926322581229214848 0.074287167108831125839074616124 0.334842330802458731930926205678
0.120099398318401842655767097767 0.059201977187480291087151584861 0.206279733242887675093157895390
0.395821054373768799194976963918 0.586135434529113097390506936790 0.713126085710917512194839673612
0.075216901818271383883818259619 0.754474604639398194194654934108 0.248837165649722913407515534345
0.758413855408423098758419200749 0.569437176089212626628466296097 0.330500848263792168513219849046
0.740436549608572747160906146746 0.982811354220627486633077296574 0.358191705791976178208102510325
0.421939003772959952964782814888 0.420083976303439687871588148482 0.393683714086657476904917984939
0.248877133739667188994104662925 0.335040428003907764242796929466 0.303346246932943652829806069349
0.549222031406396582475792911282 0.791484351447304557147788273141 0.837164257930292809994909930538
0.886939536578358556084822339471 0.614058721294061027329291846399 0.439846676929963043001237110730
0.423462021213597883395607368584 0.532590107887732755465037826070 0.780513289124952547304303607234
0.664414658390071410920540984080 0.382655721176562602092730003278 0.003393683256555657563879879746
0.206750021187114774168236408514 0.163195528660789568320410580782 0.613716004340737253386350857909
0.034078115851319916440598234431 0.834525839766082855319950795092 0.956134855501212799211430137802
0.783757950846632800434576893167 0.156622398649812172299888857196 0.268738073017247725005063330173
0.491596231933853711204562841885 0.906522823127956400846017004369 0.847232048530833670163531223807
0.048327392644680805533496936732 0.393831718129054819677037357906 0.376323283276730702340273637674
0.839020923999541645699196124042 0.958255874087008852058033880894 0.500210449862495742934243025957
0.630642907426982701757367522077 0.291891482551661363142869731746 0.385322164288475210724982389365
0.686798083726167130080852984975 0.138494598267523555401581347724 0.622656739201946973771839566325
0.001503371049727444475410664815 0.215924341323718571583611947062 0.432918917371457601106499168964
0.462327301151983283133972690848 0.446868741610815467524275845790 0.332973816059006277878751234311
0.167294658167269044701797042762 0.848617004839053779008395395067 0.681144712508528815675390433171