0.620087901263044916078115420532 0.365786349075720218504415015559 0.408348817670460551010336303079
0.962725170638017657687157679902 0.940731687239812042200526320812 0.061283075169286389816125648622
0.871240962681450348270573158516 0.446839059620557588203837440233 0.598712105938520755543663653953
0.183093750435281227284534111277 0.585619498292804130379352045566 0.585134341265903912265855524311
0.621528006372198293938424740190 0.716033561893329451031320331822 0.079340467842966347356004064295
0.136040025771251932296124209643 0.808723832093086736350073806534 0.945676785598357105833144942153
0.014774247734413211569082235997 0.946903357543244394989301326859 0.333377789515142297638305990404
0.989961641794698921081874232186 0.956587329882693349070166277670 0.417969944139946647521099976075
0.391584378134866128995383860456 0.907011515877959695330901013222 0.355552215644877656064437587702
0.138926678695474092872785831787 0.193624960506879162380755587947 0.854799640168768304349100617401
0.181783848425170257989691435796 0.428392940812600542255239588485 0.610212327897112438712667881191
0.012473159103873270384110760745 0.624640635599485238849126744753 0.412827506914828168405051656009
0.719691685204827624744439162896 0.616644569613301940513849785930 0.941850988152359680505298911157
0.676572230972681154526071622968 0.931752393493228470155997911206 0.200467046821212802054645862881
0.592121103957802596973181152862 0.694554741489663007847354947444 0.353781250300215899251554674265
0.839956883768947282220551642240 0.543890868132477556251558326039 0.191154977719521557144588541632
0.929054988606160647712783884344 0.295682132772303651879752806053 0.277100133521371083666906542931
0.356009080788405651851746824832 0.496866077236586933807416244235 0.621159090231601651588277945848
0.434598571084215123949689996152 0.299280309614999240341859376713 0.954627200158846944688662006229
0.487832977130867706527794780413 0.257940847560159225437814711768 0.220378852545134867879639273269
0.450763509079069479845713885879 0.100114450953712352809787944352 0.058961672870967977988510000387
0.254072254096694150060642414246 0.776484629318148211751804410596 0.529465383472969230993498968019
0.808960668173929642321695610008 0.811141997973415573852662419085 0.992724679399213383312883252074
0.820348227869177382132193088182 0.081313271954032845245663452260 0.563407853050305829079036357143
0.478456295459957992033395157705 0.916346652940067452064454300853 0.677214638968838267274463760259
0.618990284894522124758964309876 0.005911787465362710117244837704 0.629913339051074716579137202643
0.048134267186230837720639641475 0.245913278498591236775894230959 0.898171891191519078390115282673
0.029460676968721569851661357120 0.449382974726708350754478260569 0.215148172388331476723166701959
0.462127359911689461480222007594 0.314183747226630116777812418150 0.748804599910054990985486256250
0.161271316325260427593235590393 0.804795139719482799378624804376 0.112751878911625885715253048147
0.894500867396545551457620604197 0.594118398882201192989782612131 0.683816229512524631495296034700
0.403830295384706716710354612587 0.948320242683230896219015448878 0.198007830426835090831261254607
0.626929764643441189697625759436 0.651116330351623973093921904365 0.350490423153344166085076949457
0.924519757969787692175600568589 0.944502969059374031246534286765 0.130395920146361699032411252119
0.107538598070329671774203461609 0.936237338438734356671488967550 0.613141668770136427646377796918
0.211726654809381353850028517627 0.927344740754892482570426182065 0.059609121094547350139247754441
0.284464767121643202774095016139 0.671016861756343563349958003528 0.278017266646992222689505069866
0.289708066629723037799237772560 0.337151176148346942706979234572 0.924447961248814786827665557212
0.584375883658119654739948600763 0.463867293852102513529445104723 0.016927299640531426327960673461
0.689743979949214991442829614243 0.513498044398286612732817957294 0.716406919254735874424966368679
0.602796131755109043659501821821 0.749145166453802135997364075592 0.063879540868358078431477053982
0.925755530482193611518937359506 0.680611569125684212622218183242 0.682869851061451926810264012602
0.461123596777374245014868847647 0.033735585070890056202941309493 0.050637568291606906145663202778
0.613985373041932458448854958988 0.565887843417812064217287115753 0.274532328341354880940627936070
0.645633930893685814567106717732 0.721888120317233372702503402252 0.021247640262739845434802887780
0.550067545447871841801656955795 0.120754969916581619826523308348 0.009786442684565238928073860336
0.859123207471615746300130922464 0.446212819940780214267306291731 0.768437363190005218172018430778
0.563702725106519197950660782226 0.371387331195588088483816591179 0.315937989451513356886636074705
0.574866106066486803882753520156 0.842407111576218725623732552776 0.265376717760195446338400415698
0.211962538981476933397374295964 0.143220726554840721567174455231 0.284285286516816337876178977240
0.298717938022087237115442803770 0.524768545228862182128182212182 0.980935451858334750419032843638
0.753922630743762089977622053993 0.656147997921521231035058008274 0.497869955253477047829591128902
0.401550657870876848143382176204 0.129444221646158152960737197645 0.754021472879398024780073228612
0.584524021797685588985871163459 0.128075216863677732170856415905 0.592067043753254362847826541838
0.884442956370981359093264018156 0.793897654621787407513977541385 0.268113904621290588536908217066
0.749347900872634586910692178208 0.235711605638991600342180277039 0.362685515764942567606965440064
0.603011055815483532072107664135 0.975164599393915754177442067885 0.043213092233858621526998433637
0.280303206983764985338325459452 0.787292712356773560777867260185 0.602535294315757696814728205936
0.072349371165498874147736785289 0.307564563316848837981609676717 0.336300095312604352404406427013
0.712997515698343353740540351282 0.513336578840354329500428320898 0.394426375603805390301914712836
0.404322049957310858392389718574 0.292855123260623850800499212710 0.870697085880403398583382568177
0.397412329194572977453248086022 0.894067873249958400272419112298 0.471087674052804383784121000645
0.152223399773596196338232289236 0.873598471692964562151928475942 0.204263830512983607379240424962
0.693755145982158816231333275937 0.679643544405430177768323574128 0.888328359138660705873746792349
0.692680865738984907764574927569 0.652798138889594037337360532547 0.157538517847412795624961745489
0.377819613334464787790523132571 0.117337346725986099715832722268 0.201689885688235093219589089131
0.050375038648053330203602229176 0.304210442445712991865747198972 0.465082604478072481057893128309
0.050490358275239149987712039547 0.607006164576460949255931609514 0.037888829216724449755471226808
0.858620435553050787014228717453 0.472838490481288231670475852297 0.231323602699609054411666875239
0.352716259940918985815727637601 0.733456914045665486767688889813 0.740789032380529066657004477747
0.845114207621945445758626647148 0.434376037522535118906574780340 0.883379786169577019272480811196
0.108941012486151858618121934796 0.472927748740860243170658350209 0.170437493884001561861296636380
0.866240108313264922657026545494 0.733294497601042372103563593555 0.405041034428212098905675020433
0.312014827086048551763042269158 0.371896777967736735792669833245 0.872788843199219788182574575330
0.132044413910203939366283520940 0.222214027268284070038006916548 0.555123835919506980474125157343
0.541679002863263425737727629894 0.578580019565008374371473109932 0.635955302507709485659859183215
0.017466887818818995631309221039 0.909732113920376006532819701533 0.406260284376812719209226543171
0.217966063964855211176896432335 0.490391466355682648092795261618 0.674226070713934810818557252787
0.227025428653048311211648524477 0.622153962135614357897850368317 0.375909867653630991313207232452
0.991162671464052236203201573517 0.801999183429969231262646189862 0.325709281418618545878018721851
0.740928031370374995390193362255 0.727998408070563485239290457685 0.103658506776373407487490396761
0.610243666907302473312313395581 0.806438696783908004483976128540 0.809148637676645354765980755474
0.730044682921935028652171695285 0.569710324938525025650903899077 0.912713302338371335054034716450
0.808132318206006061700463760644 0.977902329814535953289578174008 0.862004781486316540295433696883
0.441074492611697899224765251347 0.499903444617236736302601229909 0.782499206489710941170301339298
0.747170956473740877079592337395 0.263738794870746529053207041216 0.719041569645445410863260349288
0.036375337624232333133544869952 0.658358836371992217628701382637 0.165287941270264526760769285829
0.118682627771825352502865769111 0.176789312087680505758413573858 0.174976348739825732225838805789
0.822321743078851086217184729321 0.408123517727456919246264988033 0.877081619267348289170627140265
0.236716199166494278838257514508 0.432873663085396265248760983013 0.741892521113231007134913852497
0.072932196620652617324864763759 0.822585917999929749910847931460 0.709982467712228504375104876090
0.354699398502058449444973575737 0.529106950859957070321115679690 0.637924908014187441729347938235
0.028619894635653057857194170310 0.716752926804953061079572762537 0.349062386359283882697468470724
0.248062806186686940490560004946 0.734306989079021699140525925031 0.134504499640956037831429625840
0.954605235715446864830369122501 0.784706926261992787630106249708 0.480202905710461147581469276702
0.087649632957951778555738542309 0.996201037160265423509031279536 0.837651059801089004075436150742
0.147762618113075949732859726282 0.033214127359492869040469287256 0.404036035512816249504197685383
0.207013947290359545672089325308 0.651861097331065009186090719595 0.046524466064518120445026028165
0.082239650692152957422997872072 0.431598224915818784452881118341 0.801523557801304020742350076034
0.395680466298707067540618709245 0.987654573649464184725843551860 0.391787983470260947616026214746
0.153573642318040465282180662143 0.426475263223062062145629624865 0.717518347311693283074873761507
0.081426969173558558234837789769 0.281471323295876429959605502518 0.098519028483685142094650188938
0.230605065914647189284636397133 0.436686381676743728963430157819 0.873887042929097246357628137048
0.944409759253456049243879988353 0.793779631285409292829058358620 0.822260216905639107487502315053
0.664891741354321830215212685289 0.541367375879078793765586397058 0.086643494513222396591345386696
0.973016782698308047017121680256 0.881098169290227217764766010077 0.703439714741795674157742723764
0.569438440295877423835690933629 0.012678176280687059734875177242 0.402909258708583073449460698612
0.344614813356524885001874736190 0.024324746657060143661954754180 0.254021569183465134589283707101
0.399214595748742795411345696266 0.458580018544899992161134605340 0.300248822387549796353312103747
0.937300082876715179303062086547 0.068727219751294393867979692914 0.579283947116670860921772145957
0.868157610403523349873466941062 0.065714913911460684503573759230 0.567490466298849804971382582153
0.195374274931513658426496249376 0.940105026823625400389516926225 0.724140186265947449761881671293
0.569207493233966688173097736581 0.041380113232998470829127057868 0.878886611253783200936595676467
0.584465543647542551397577881289 0.133060317779440218100006632085 0.998874228324954982483063758991
0.970047588997482890249557385687 0.617714708314421656609738420229 0.445790453829176092082064997157
0.917631096631579268319001130294 0.042381748279738853946163601449 0.989610517830475489020614077162
0.936223020278901696400453147362 0.002826110392204976562435803089 0.310754991790877510560164864728
0.016420113078078741458698530664 0.350314331731469918995713896948 0.256707962569871717128933141794
0.237715547597003584723296398806 0.039028940474757155276730458127 0.946845192029345472661816529580
0.459491156647615417440988494491 0.324420077290109964973652267872 0.787595938142472085097267608944
0.923477534123744892013974094880 0.059948069074364840336244242280 0.764306673033653516391439097788
0.704965698065087353896274180443 0.926573403968539821562444558367 0.010720400388367513216936188769
0.225572243456953813733889546711 0.986512585510459949489359132713 0.960437315656698875621088973276
0.334455169432090526626666360244 0.134602558489362311711090569588 0.437422813396006471275967442125
0.251424674164547556909354852905 0.316492709343821232437221624423 0.119219777742204366410838645152
0.674987981882164023161863042333 0.229163066112268914986671575207 0.748378331742343250176929814188
0.480957098897608847920537300524 0.462532917412528665757065482467 0.614981857940114728933167498326
0.433910542796601184090121705594 0.586511850807816537134442569368 0.235011770709604689288951817616
0.143058758581264683362732625937 0.954981632703691740715612468193 0.450411291431351445968545021969
0.795050431227927734134652837383 0.303754237383812908390723350749 0.081606036069880719119318257526
0.755986591170884292267828641343 0.451728683708793543605253262285 0.855259412370143246029385863949
0.657777704831051579503764514811 0.070910377028147134059743450507 0.601756573213317658144205779536
0.782602491042102998974883121264 0.157780068281488661252609517760 0.444703246177061195520963110539
0.908890602539293324113600647252 0.220002073490061511584769959882 0.055599101366997139006542738571
0.447584369930008718618807961320 0.989009393340228526447788226506 0.064189743677724606096823833923
0.452577276303716302674473581646 0.414679588455132142055248323231 0.340868883291062185758590885598
0.071217033298488122139424660872 0.415223753867104916626118438217 0.138667565348074145470391727031
0.986630066155538165695304542169 0.948773162975115713635432257433 0.918755833292442147808287700173
0.413426052693010415151064762540 0.690378364961333756966155306145 0.222003957705197568772703675677
0.954728497548523513671625551069 0.864974306314825414077063214791 0.600688282902647086025638145657
0.195412082325208097399737994238 0.962438114286771950744991954707 0.795038065831281670625685364939
0.665415507664298133683189462317 0.505164288697656060911356235010 0.361219455671113742756261899558
0.281597623584927125861554486619 0.766853952620496381875625502289 0.400481275330085040309313626494
0.006948519642255629978622177845 0.401166418723996498485462325334 0.762361924998537832109946066339
0.823161422739268400228240807337 0.769043573304159400194635054504 0.500811682326810392318350295682
0.167296344925090878508200376018 0.278527153308093133876610636435 0.481328028892108794600801502384
0.949640922184319946630637332419 0.005807011426343859465670771414 0.416656880302377186087170457540
0.112198604159735357277405398690 0.460634076189584074079164111026 0.805560472225666179824088430905
0.785511843087890571091236324719 0.075660441643512904574819799564 0.058246759855060753485744839963
0.568775420089331795736597996438 0.727101489467138595301776149427 0.146600616023602137172332504633
0.345207612349900716530726185738 0.492237914528078690512558068804 0.159520651622020198656670686432
0.467832981929465152592939602982 0.683923845984189981983547568234 0.875987297085666583029706089292
0.072828942778312893979730802130 0.729607404566488981778604738793 0.021592330127603788503254378384
0.135323307220740346457077407649 0.809460749699550841107509313588 0.509714130246959107317650250479
0.829962449021195980414233872580 0.991962604205276932134438538924 0.268140079460930214061420429061
0.284146051241936037357049826824 0.964021832930961330987429391826 0.486478639362301734649918216746
0.396595771530852014841173058812 0.161204776379525488438915203915 0.493542546653548297452829274334
0.245232219876475338038446238897 0.899436476326461953334501231438 0.874357392332111293953289532510
0.525578127838292719076207504258 0.647184921394174939024424020317 0.062347219013822452460260592488
0.391465823854765138101186039421 0.405413857379440967232397952102 0.153458451440476040250615596960
0.139030456042584682485596658807 0.207663886386925178317852669352 0.895509999405064149868849199265
0.959026333997668012365522827167 0.167274503062137369635564709824 0.188262932369147900635297787630
0.604881276624131603014689062547 0.015137434764573753226413188600 0.325657370666487644417230740146
0.439130200799376035902810144762 0.832500634017000362696592219436 0.238182151867918717735861378060
0.387196570945608942171389799114 0.426130103454527286999109492172 0.461139345530267918960021233943
0.038141170426890004530040556574 0.386716206184478439311646980059 0.189604612521897142318749729384
0.514981590290674917653745978896 0.347649200318003892551388389620 0.341096025830586624394413775008
0.847194027847193442681827946217 0.423307149238185465023320830369 0.531375197498518470062833785050
0.518844910592758279399561160972 0.000213076641475474929179889649 0.492687686093711940671369120537
0.283179867253043504593534862579 0.696372274433755156231029559422 0.055693395479765137046079814809
0.410675876858527300061751930116 0.292390798114179784050747912261 0.983833763857849152856260843691
0.484951964279554059711330182836 0.643468184570163859170577325131 0.122463983332361581179981158130
0.816837210911419475678485468961 0.496134382881875224402534740875 0.143725552438746767558441774781
0.509633286187045286830255008681 0.194975636965665694022575848976 0.079497024300810792407645521962
0.231041363097438279261552906974 0.460024998721348443719847409739 0.220797529302027062403368518062
0.496945926657693770600587868103 0.078430760575275190737976060973 0.384476420051513390063746555825
0.839893684322644218376296976203 0.132026806569425725346178523978 0.907561225536638205291239955841
0.686893444124436869380190273660 0.120632677976785118723057621537 0.789301200042091255504317359737
0.162256545734969115368784287057 0.174304531570979748256178254451 0.814939665681018943210744964745
0.533659536368935039085670268832 0.794142077129806556179403287388 0.717398746354827254734232155897
0.015191488197209312635549416370 0.449406549297722057723092348169 0.759614658847969193011806510185
0.037557220416597883461129470106 0.112199852281387443819760107999 0.360411216930154210125181180047
0.247702571685894518127568630916 0.091968858285098570304327836311 0.201194356377932398460828267162
0.921701871158113861248750708910 0.786600416342338681907619957201 0.912683685934294497421603864495
0.669991415320320804482889798237 0.938400095877634066177108707052 0.450159768677152405391694856007
0.579512783552542654064154703519 0.915206710295033531998853959522 0.866650469210700213906761746330
0.944334320335665777790268293757 0.254474848467109049376944085452 0.643040832314835997252089327958
0.162166606773608723557345001609 0.849510270869895833811824559234 0.335504531973220221363618520627
0.283516624128541117055846143558 0.753066185886557049045109124563 0.007477693113057837931423321720
0.142329969484598334306113542880 0.980390715395439205082084299647 0.539077611611709528460778528824
0.918270112347512879047428668855 0.080432700240062576790833759333 0.051008727510331912380348029501
0.225485242583836148488884987273 0.747837397161271399959048267192 0.612532775734171197612454307091
0.169964121988775446192576623616 0.358963096112442980878398657296 0.577174846631845372968427909655
0.341589636867319190738356837755 0.204257903674727930853904922515 0.655835329677460276975864417182
0.876240954058388421543668300728 0.736371016929653565696867190127 0.377814433922847747737705503823
0.701986664733914689229266059556 0.929322790367239415232347710116 0.625028366253472578151217931008
0.440718212332572301104249845594 0.486610443414253301952498986793 0.124400438512209998709323599542
0.370255550346838768760449056572 0.235523791415607447463642643015 0.403114980330556593735025217029
0.536888204367464871857862362958 0.618764768422963018501548049244 0.374021180599737879113320104807
0.309219998986910493687929601947 0.846966240028541150763885525521 0.265716379696777804664264976964
0.365323842781421104231043273103 0.646361946715873769697680017998 0.701529443105969874316940604331
0.675377938860210358384961182310 0.959855237822844875594796576479 0.878206368348776522658738485916
0.646989864998173347387933063146 0.164622436586901843558194968864 0.702982349063795197707804618403
0.248357815121082126097462605685 0.236894109616332199097499255913 0.648977791116926883141502457875
0.651197537813414051299787388416 0.991811505929238834688987935806 0.405430941003967038049893290008
0.635705778818059230594883501908 0.152149289513119484462677633019 0.852762724283061768204561303719
0.527859737898258130073259053461 0.255861424339668241945133786430 0.768385506491188197131236847781
0.210685212225206364156093741258 0.943943931419363835289004782680 0.701889119578922304754087235779
0.221669878060547581588579646450 0.418945640093686511029602570488 0.839263163589283767151982829091
0.143116945779951598716195348970 0.437802600653832085786376637770 0.769268362539851646708655152906
0.682416592900089713502609356510 0.171370127599972416065909897043 0.452676097245233999277758130120
0.016992073470124831324756797812 0.007590867944496799621378890777 0.627238555479323500740918007068
0.240155691142430433027143976688 0.429627157863970876583437075169 0.911115357029324890447696816409
0.581782275639819990153966955404 0.613448612162981188333787940792 0.869252526527406588208179982757
0.911898037665700433862525642326 0.066844812879130147131867545340 0.966154117958765379370333903353
0.503432823999502065959177343757 0.701407534625901551983417903102 0.116385336493883898012491329155
0.959511770583366785380974306463 0.986149354030279923222224169876 0.773276477375589132989830432052
0.119788576853336006799999324812 0.572871302034678842041159896326 0.848232358292914323527611486497
0.407606569610991842367297977034 0.145931156970576569875674977084 0.595085576144687489197337981750
0.068334233835121202527140837901 0.839526602774307795229447037855 0.143562332037954820673775202522
0.043203921399157511895605665586 0.505095077580752449541989790305 0.314361681564876094263638606208
0.558384864505180877891632462706 0.330141838314294389089553760641 0.962243936273565858563472374954
0.637930475669720276066243513924 0.761615966941380340138323390420 0.882949269255136170997388944670
0.194868565140877386676621085826 0.940068534433475377909417147748 0.698451582926605252232832299342
0.901421638859713603153522853972 0.836345002641570300916384894663 0.768890730988313508831311082758
0.346244430907841460598461935660 0.796848159296071889556856149284 0.252188289722353187194414658734
0.910978190903517281995505072700 0.323109486908782272962525894400 0.876084700011616757109322861652
0.824566608117095589669531818799 0.252988644163721076996154124572 0.035220253766967628272777091070
0.605983547306087277917185929255 0.875784405628145745659196563793 0.532422420274007213158995455160
0.786385652479167029937912047899 0.534962743499554860271416600881 0.724956150539850963099297587178
0.041542729506196952871110994465 0.809264354187488432756936163059 0.349889152625700527998731104162
0.458595120978535386591090627917 0.812649305076155181737362909189 0.614722921096211072367054839560
0.321323691365130892361179348882 0.246916305072258090991255130575 0.295963735337771149946917148554
0.858096183737232509614045738999 0.022758930946056476346539554356 0.670800263033535681955754625960
0.521535385493862579942003776523 0.751804645820965178337758061389 0.909854316193973833293284769752
0.698803620519448331904754923016 0.416108733559841903471010482463 0.149120305816422910050178529673
0.931597924635642060664508790069 0.924990187823978349257458830834 0.584664360828210716292119286663
0.981276797589185068027006764169 0.007943162172693165462566966539 0.811626272301415152554682208574
0.711992809046755881219326056453 0.170401968393378150379291469108 0.932488170937516902547770314413
0.484265036340374044332435232718 0.883278201260627837676508988807 0.355241807254999375498272229379
0.517452836077957667448856682313 0.376289682977166972666083211152 0.018985368213286699795583345463
0.395746641592051418001574347727 0.170752743096044046211545719416 0.367564668782315806527805079895
0.685090502339504747730813960516 0.599402331382952735516767006629 0.791116275775429755867662606761
0.338403159751330229187971099236 0.685165726720395440452193724923 0.837181546544649046737163189391
0.510695954232851412335492113925 0.801532125596761013675006779522 0.085634093562527463516786951914
0.739887472384705646710756354878 0.930104945963754259352640474390 0.545704654969407787490354166948
0.676135923785290526843994030060 0.256542954049089610979450526429 0.904037293044594236768318751274
0.423838700631498699333832291813 0.106204729286559940160117321284 0.634015859809586301842898592440
0.764623106169450506008899992594 0.491565067110568465480469058093 0.817592880361828422408621008799
0.762358766733801984649687710771 0.541788681095959234745862431737 0.269560181565434431316674590562
0.311740696498177816131658346421 0.193717451234559301376236817305 0.694390561392181915323362773051
0.044232091591236255556651713050 0.630972556667696915511100996810 0.059828493993131094674797765265
0.872172035707341475330167668290 0.122631025320320399818463386055 0.306004107395437208172239706983
0.779841567998792672966601458029 0.878612966559741082051004923414 0.501247157150461863928114780720
0.893529074378114129828531986277 0.758743846318687631402610804798 0.325136013677910895580680517014
0.408513479701630488616359571097 0.034885489755580985360428059039 0.338797187455684156720536748253