  0.944458
  0.719063
 0.0967215
  0.920767
  0.581751
   0.99442
  0.456113
  0.693817
  0.243185
  0.241999
  0.295268
  0.462053
  0.477089
  0.664845
  0.569025
  0.538162
  0.457529
  0.256365
  0.961164
  0.669481
  0.182271
 0.0873003
  0.249155
  0.347489
  0.705204
  0.544947
  0.771908
  0.378781
  0.736845
  0.404468
  0.563979
  0.568092
  0.191246
  0.992327
  0.583816
   0.18069
  0.982442
  0.745088
  0.340345
 0.0212104
  0.628568
  0.485981
  0.247876
  0.327101
  0.862211
 0.0299874
  0.256519
  0.345167
  0.875946
0.00613164
  0.256461
 0.0809607
  0.594555
  0.746093
  0.459819
 0.0603221
  0.146741
  0.530677
  0.658032
  0.321992
  0.534794
  0.274845
  0.219067
 0.0791028
  0.141946
  0.140234
  0.543383
  0.148904
  0.404625
  0.703011
  0.657903
  0.932525
  0.898894
  0.515198
  0.407508
  0.518441
  0.818308
  0.883395
  0.639453
  0.916673
  0.202394
   0.95938
  0.899665
  0.527634
  0.804646
 0.0660038
 0.0826397
  0.631069
  0.294735
  0.628991
  0.944041
  0.157294
  0.221162
  0.516063
    0.4636
 0.0068016
 0.0638153
  0.548459
  0.590639
  0.839409
  0.813068
  0.632489
  0.652271
  0.823856
   0.50426
  0.956956
  0.638154
  0.149441
  0.444144
  0.490038
  0.865509
  0.534231
  0.223275
  0.813338
  0.604069
  0.507413
 0.0936065
  0.874285
  0.419191
  0.679898
  0.819891
   0.79597
  0.526413
  0.681031
  0.585712
  0.244173
  0.812004
  0.429598
 0.0224034
 0.0552994
  0.456165
  0.672417
  0.424914
  0.927203
  0.211767
  0.684542
  0.565074
   0.14931
   0.39844
 0.0888592
  0.974705
  0.211543
  0.598468
 0.0591291
  0.408862
  0.520772
  0.774654
  0.494077
  0.346912
  0.326578
  0.348287
  0.499198
  0.443425
  0.214104
  0.257124
  0.639141
  0.313857
  0.342177
   0.10286
  0.690302
  0.561201
  0.505599
  0.753954
  0.663984
  0.207924
  0.385074
  0.527826
  0.985979
  0.177302
  0.472667
  0.913057
   0.37837
  0.167168
   0.54946
  0.134701
  0.111408
  0.994165
  0.364178
  0.434892
  0.530229
  0.371077
  0.185617
  0.275075
  0.649582
  0.776864
  0.487951
  0.663978
  0.996829
  0.876698
  0.570661
  0.874503
 0.0197856
  0.441635
  0.733813
  0.735502
  0.402126
  0.224508
  0.611062
   0.24902
  0.512692
  0.331019
  0.684032
   0.16351
  0.454835
  0.775728
  0.608613
  0.372226
  0.284157
   0.34003
  0.833345
  0.321384
  0.620926
  0.742503
  0.218564
  0.764484
  0.964529
  0.378807
 0.0862861
  0.780479
  0.237034
  0.484452
  0.375662
 0.0914378
  0.892796
  0.833017
  0.259219
  0.239527
  0.728516
  0.527919
  0.407112
  0.890953
  0.136896
  0.500081
  0.488024
  0.479368
  0.466074
   0.61865
  0.679741
 0.0679974
  0.369394
  0.132807
  0.385367
  0.844445
  0.117078
  0.482594
  0.709981
  0.834828
  0.199135
  0.457335
   0.35465
  0.658111
  0.146597
  0.173429
  0.276192
  0.277813
  0.267019