0.296753981935757248981507267782 0.104011185393127289976573793147 0.357213777902072968605589859108
0.740151385084221891961003541600 0.683863905738822786381503468561 0.467968849593959613754112030001
0.917499860181819132016206363631 0.675813181195088578842318386714 0.715469010507697197880724793669
0.526922757888373941553397395662 0.917687439601480172175204796441 0.566126598860285746289502172544
0.433483237929244881228964560682 0.803750917210907204013612363792 0.973544219265323148375097049751
0.034176175106499552770334069192 0.690945811068531702752888039046 0.399307904777046186646119147901
0.670051617873762769727729330722 0.792690198820539090229666044972 0.159203599960037427702573263508
0.083633999871223242500410783882 0.928340542105116043435903605619 0.019686076251303829536445111719
0.850087783652612828793799988353 0.633906334529283140244097866573 0.660479651281128341479148336914
0.149920664748545912550965825241 0.525317550447953884455240419030 0.343572473737364872763590284882
0.469061148638791670964831390161 0.576074402064747964644899283717 0.680700234369161925518922343286
0.201041369999533334637377431600 0.512277345153873591145463501346 0.167943088728939723413103441691
0.274672684549217057046199908241 0.791499915906196128679038954150 0.932730392265348135591338210105
0.925120129746591948487774322226 0.232046693761486037517512232117 0.539615929422996732241075199734
0.415422907655427263891404430318 0.444277537836036450045536928534 0.082112738455168801983170247071
0.214782694680301019700712554455 0.798295568725315823311905222900 0.590830935390931851312596597367
0.968028835856888621777545483484 0.583930889790488819083667760179 0.928083569210668850111324582414
0.973883924174134413571221626759 0.258623029115730698468850695875 0.348027437271404448627335458232
0.728123811258049420853315913869 0.551361817397111464835118592188 0.103214734708754862132271536389
0.996525086333452059796130851643 0.255599960631117689986890051157 0.044269066694097224624751729222
0.898207370955045514371124378927 0.775115990032630083053190002395 0.956785501023561866595725874126
0.976658393292967000839874205903 0.708485124619276642638082815180 0.973365205841078687155465391473
0.646113433576736751060384128577 0.302345524850095810719476958079 0.966580576417280865510406030333
0.091212218409174980410558921068 0.392294723841885144838821166314 0.699913034137860707546663609704
0.841733911181098658370830934549 0.121993655346788486726425631280 0.750316924963274249340472398876
0.157688314929355752755193379422 0.394160758417574889037152972943 0.671315300518859574661661270722
0.742156600918523614553529868364 0.132276355078805446892737330625 0.206380658705461849381904206916
0.428292735830971133375005864305 0.232394090380730494443958221061 0.140073370734023236997594839218
0.710430587094201112039563441205 0.469824045005694964054785365042 0.373529023469024405251032248392
0.484979013870405295265479415199 0.093888139485047921971140396363 0.539196603614663286796279021807
0.876609388226511798902169352891 0.979518661161858116606781919694 0.055953131073017487705511360450
0.133980199588237776039579448850 0.046408764805897695118749064432 0.943599952101622538407320899365
0.217463904074116514687005114067 0.851622968341029226709038548192 0.510234363635175845555483879080
0.250938519417077602186927915046 0.827345582063624038778835403105 0.635751722902036520176152023665
0.594704075377142061055005309304 0.713557356746106705771334789216 0.589035382490305704058969744253
0.971052418783031934620114920997 0.720466498570682458184600871020 0.107866122702653457017129057433
0.145470441166413606599965409202 0.140628384168053851387740237810 0.190466909786037982492150891724
0.928882068609503170424195003472 0.354005487284680410574097004801 0.677249640515623491566947742731
0.654883485358975453146552844823 0.631500123290812441162029397173 0.830708240227588817603870523146
0.704963805634672332735373727753 0.020520289663616425081587083899 0.210041387603570160356586822105
0.258802531871063708097909984138 0.956502987226717478763896428725 0.079021597415214681253560843439
0.000409811990919218366550434201 0.433268343725952524288427600013 0.164395194215830223629946109157
0.498787789770078181263926812624 0.785660768328520665176490952587 0.177526293440384538422506528125
0.226414028954278294632540912600 0.011033309980118647126965956171 0.874389894234876348159081032955
0.823250052839618240657617965313 0.246264521310813471598080492689 0.764522868066357621871518325018
0.389304448259971455893974415851 0.048934107378294689934514583621 0.508322445019348980718573173483
0.766234505033446414775541819105 0.535847650971060342465375336014 0.127881595524255908431970210694
0.034701045101424005499155009072 0.713500488816120123076029649801 0.779844691197643501321794807233
0.152257327207008959563958530919 0.109352531855114925946463647815 0.354237131536309087133751667579
0.599296618528754692038552681397 0.289990120826870867291478700842 0.508402046132171857276610742305
0.610166161150504928502303077202 0.228458248378851419509308705511 0.360746207547325992513905968002
0.371754869800843874153002864840 0.975228051089913710564277156437 0.289449341765662040704997443713
0.147888691059398852730940082869 0.110625335112469985880326991380 0.383290764211923530490449963751
0.842162605111308020706699160901 0.864276740844651233496508996026 0.502596343616086708563376137546
0.641354701837526892822065636956 0.319902983489263989931976997734 0.083017811826795921106140555896
0.504359334098273117098426564075 0.634536622440199009346720695325 0.485038783045120984219699542482
0.467082177734968883663945948497 0.452610987528910163731112382265 0.826579721311622749319490308943
0.467993265388552514795369710240 0.733332982847693397286352834851 0.039819330281642668470481470893
0.419534765338217923968753899468 0.773269750663084888005365092582 0.719197392693990662641262878377
0.488115517895959895087863848063 0.164414908484375203575924884745 0.153646264225533662913460172870
0.873586728675291591043292060777 0.890702798265729678201088278583 0.424993359524011130075962502219
0.416667512490447615684236953800 0.199054176775797594327878333411 0.572133075122941922611711923938
0.774061763151136328371252843784 0.283004325844444393680644582882 0.490605255493174792718288868450
0.081953388121146438051433015510 0.043810054179758563664604387262 0.595930813126514028141619392527
0.257127671320134227430681744922 0.424777773702204891044039418797 0.611308737712109103001544202841
0.584772963360158376800932263808 0.769143943761045327107336900088 0.544901804258724016000221803474
0.761844616834713815073346828712 0.059209065859516831815236760194 0.441717105466927459350902100542
0.969840637327873355108986957586 0.683099665567587490435187253585 0.078672362994230666947565399362
0.207401402346564371600599885354 0.800495410982999021037322227950 0.146387933813561828683654452413
0.154497550417835632119099905051 0.391902570275299039376828234412 0.031449246367216392917971151851
0.272662112631470987612606568048 0.286788638415646388731477393796 0.275569052449517365348546307543
0.904795375964392901388455696014 0.807756989384873400972666886679 0.286588306857885006102447923860
0.132651509422261926706899063136 0.953392758033897527826702954471 0.535829084797229609884890667641
0.653880438784817619716689823605 0.133500119441452357296986243132 0.616274660607074829327251981985
0.077114393530879718978067706452 0.413557006454706061352569585604 0.409943010687205267841935046712
0.000445952618085898568432267662 0.691271510632678365725493512344 0.497386479458499921907855627559
0.057560581915579356764745025687 0.471996133436369020371488470689 0.867851564537959144249193152627
0.973342233230342012895036289605 0.816038799410161988681359049308 0.050203685913415372709687567516
0.483159837288548268150483693045 0.583675806392053630058201954098 0.575203442772172785680834489789
0.875115816224973280130864851497 0.595598245384854714940841456020 0.432425925168363329854935598002
0.624649305345821445719231190906 0.136989161673497270430813823439 0.927366250808879432131252105559
0.665946255044405726941183111538 0.784594592104099228227345077714 0.093176132551796592591780718492
0.188494861681909524999729334996 0.603352530330107766394487031150 0.293974185671685963329564173988
0.801540022638354466393064459704 0.557475509634044640276036955674 0.830050805490529497876132737144
0.656391103542046299644938428884 0.937739972624665392544772358529 0.605887085462500609910801129207
0.167233188145069228148445519667 0.454962027175003500604634358661 0.318543365369203786446356265082
0.877659068313154373472112469573 0.500897002449160090051237806147 0.366710458528201788837069888706
0.675471388293616944758726172351 0.112849321227057163320969119172 0.266591683482890422528098049326
0.700899003858295296420685592316 0.932580226808584419880220777585 0.329212581235126203242614482245
0.465231137799999412501121491325 0.816414834538459924777846298211 0.042302042377620310160377291154
0.032105276656695354807209020727 0.247413326349954756998746771321 0.534761083749411879334649334921
0.666711009572080033592890251932 0.152162351275166246748653813014 0.184609227952494510235751277074
0.488490158742779461537888206253 0.387177526982425411807172968828 0.545192799853957276572625215721
0.399591493568396835209031192410 0.401221272389876418183530025228 0.154725159349261338951979195395
0.313268205102617205790896958005 0.289780925002407271534261689994 0.522764342857736053057658825353
0.935619893831262780164609021297 0.016770215521591737611575425451 0.700398532880109619950144228031
0.985698008639812685533327470902 0.411314858297539945701630823058 0.342740531667016955657011051083
0.864779670855626727572054390454 0.012086113292850968476352969366 0.990752294419380521431023227696
0.177273691805914703015826837986 0.414969701301100172702791502145 0.038494875482213872291182035184
0.875549965288951629863935065267 0.565905490465718971441827720546 0.098615861530320187727226893665
0.755241415961331552721998190622 0.343928588010160717960160751165 0.818493793558697531500623769507
0.765642914805548063770832711182 0.386386257169953854139013677601 0.433890430678570312796608352203
0.065180601466304004612502141798 0.966754991077146356079499541681 0.624041183554496136266182812166
0.816501387329349404773862320969 0.385323564365436615132708703273 0.700517269619051072099776624796
0.432046893162779875055693619108 0.093574222962375146615123468809 0.898499090952710015934124361988
0.812839241424365216446508635420 0.511863057921465345891876680280 0.744473672541655665081231734601
0.383218629539326769892982093679 0.151747138022425790542115015405 0.456734049766369412491928030244
0.436808796742020451916349800062 0.960642826554304156124755694258 0.146051030580696094621838358405
0.217618335557035306250120219669 0.444568454654682426047405338272 0.017346288172999449948807565137
0.025295934938393398861977787914 0.086572416008919823273953757797 0.991805403654139539689851218250
0.303941632674996062319847239454 0.989879834724329980807022239293 0.657543902867540783789835595810
0.738969418796044395075645361413 0.557317039364460677508206100949 0.149405387964239035074323149746
0.404953081725798960707856930760 0.783248549367577308395134033623 0.080865686998057654660340079579
0.951243981154051341681640060034 0.542206390668550693886196224215 0.484359059204285080934092369682
0.621600841517869672340476475450 0.762935413729693124878865114578 0.654044139660986646578669690017
0.028663852032780870614658278301 0.815283466198631400581866016670 0.247945213937983110918254332072
0.679241292685706396030875917457 0.977267563852671015198227124530 0.270133886640877928920012757321
0.185948343564894881715137440392 0.381216061761078586970887297472 0.812849002736546731122517635726
0.060994041285433560819461723407 0.638586186170498408144941638418 0.969583036212538039769806284142
0.086885706575197323457612237306 0.017800545468308928456158781385 0.330981962830074527447681625436
0.742136336582155476292780936981 0.352908221041583178596417162062 0.944197733915868404799161459402
0.037732117401691548928047561366 0.841174619185231400471234098729 0.265807748631255630333613126271
0.982882524993928561651308969384 0.694385476053673274373447712319 0.218081849020558090387146884551
0.421302092513377635990617199980 0.123614033754974934828283827164 0.518242473125115824359887488904
0.370811425033374919167430505635 0.088895083847699028343563847623 0.248283687162198070035130908180
0.166136581031307522924897436171 0.153048720125145740754530195897 0.217345665607351379858630954197
0.408104250920102717215475605419 0.510445340388653780332434530695 0.164413691294881727241019326968
0.464451269014928919114361954253 0.247395031714612871541000984457 0.392784741327819873867325339161
0.004663478243850040565149918144 0.478343270332590212167625115189 0.550612179905946120298708539820
0.395625727187993232396887528045 0.781265541215703221615997844167 0.444937399356426410427220084438
0.814120861144438584164008651639 0.583885163253900724799700607926 0.243793545183139069684174596444
0.918521282878049171393253516862 0.856360428305154328058927197859 0.779033824703577033885839939516
0.000681638840610099266549910320 0.872294846809999697512721135015 0.363248739171662977427156591160
0.732479661950419597383306258058 0.616554320697148409630716772610 0.532156617306103571441374149364
0.475675729178566012479452157085 0.826210799227845861146606515632 0.287554094405479579169441226377
0.370949294356503546697774068891 0.864879182678402934043383023513 0.405977086075710143064535600125
0.195012844067476634999997031714 0.924897559825543364366818153469 0.484158108157401522725336484725
0.350524757187022082415609986877 0.589544795466148991518546317801 0.809136223902862691938812076890
0.584370340744366036048845170571 0.244880329282020591441680236975 0.919697688042282963574041069224
0.786202524635711982797442187037 0.016504572042464840920551879124 0.967377921515956697953578573469
0.367746525402328809625854988982 0.106750591468412439609619971918 0.289929890679379030852319827614
0.830175985576470265951208471765 0.360147651622024081526978971940 0.820242099041501030921025813186
0.594851727892067838707802347744 0.619863990433526936470371094451 0.405575470821694549287607981305
0.082359779363981701574986078445 0.473371996717840196003155627539 0.930506483334067345231134271936
0.948929266567063491721206366512 0.562565600830056200559264862280 0.233185991952441917946979336765
0.267605349866256210270481929153 0.057931941727150626438871433087 0.947412183358616770966020054144
0.279337416196149807974826931610 0.776430565703691001564604219425 0.222623544863978286608841209998
0.817091947652172275773381583044 0.171172627821645258362163194555 0.302696672365211867156201360506
0.702402169425322244440797389057 0.540734840241421536711186629035 0.627028821310656455814565525146
0.494479889552732288079365787643 0.923573317372108599185076951093 0.044233752740431060553440395460
0.467082927917579234151561909088 0.785607925429133770563148812131 0.769648676585985274617974768463
0.252515644931637292158780794054 0.261528660328371879175031244720 0.186692834857196575232855935647
0.398303020493825496254679105063 0.281755350493161244638010754758 0.620662735116695888157716974229
0.512935129567213904508533421457 0.097005431411063027140292961926 0.609763759202907768048929296381
0.471635163493405838729844672433 0.878340226826663671089182809404 0.811606422880141754390480959359
0.563504084891304479557138332109 0.382590375773720499067255259640 0.541538455091255251487137595407
0.938857965982436405496235701395 0.014362380550162909627343777103 0.631458089368597069354400622437
0.250806601037065820870252834346 0.598834586990077479468354998289 0.767854004449795740014719036524
0.332650672456817484105552907075 0.128859174505911327434529522549 0.546782825003090193614466239590
0.320416228317866481749744250831 0.909202121051653333109068811493 0.817583764937278794672116371310
0.679890669571981818630054462810 0.774908006275493547423372215907 0.167107636487653871144715196092
0.765451916921345779148702095344 0.725492169453844699622703912475 0.313994356836554082661723336563
0.551068794326528806572629299434 0.535150212696564357622709338238 0.359318570399568997308693130577
0.496651574401700452791432964405 0.115209638057552938114386257282 0.120129125164022899677235426328
0.416794354516580745728112600738 0.841100001416303130379597126105 0.154078212302351181378552204121
0.582326209859507082364696650233 0.828676724987245549359123375541 0.236073044462896939322673080223
0.580125269403490526253563066756 0.085571922884645014170235246809 0.750956936304007558852955888208
0.369329290837412936913822086853 0.040460648948935932110294511610 0.156952281212312959537855770507
0.374478081523272530153328343467 0.867792731470880148968824198187 0.637008166513975319102001872686
0.502601188852795101339113160001 0.112171135004609669694430646645 0.265386886819660833167192357003
0.990884563561001009522526102547 0.191857059077539722156351197006 0.986415558856220125652446296213
0.610302261092109325179835502398 0.065210064776493671308767859577 0.559034575424114433861844736031
0.553157640293595889410031179204 0.824749789059255137236600623077 0.956735967031871882296580452041
0.717836398876227258232961257387 0.621646380426615651394357197541 0.472030984223318783747618431972
0.233646217336136362312179235069 0.031996775795464191747799913109 0.670612261033512531856192562252
0.642361667231471574893033602249 0.881908171904964896342547108774 0.606798466531756429342111189963
0.575465585287178242996631722894 0.765349798193823326685357434422 0.624193500882323481322249128955
0.336303958416580223938677879427 0.548084236994944800501870504791 0.623114734844692318912803532885
0.795962721979367123594869320381 0.938238852130864019197075950627 0.872018500903360192761868032516
0.524665305425946002984795383077 0.435280158816398297174498225571 0.770096251362182144952461673175
0.067791421863610740290758298102 0.553897337481222508145741599579 0.050668907866968071252812988761
0.355142821653185748661036974909 0.459057238065148278603888016847 0.775129573854698773655863204957
0.395708484949458415936191676599 0.617888338688612556211445933387 0.049703041095892111198797015449
0.116420153181284399283602530119 0.742103472047859628227905780955 0.814825909515916507230782676995
0.080652774246633289798834539701 0.605895479161696868451755459033 0.731221526665236361875531680211
0.943981838778715382732779425806 0.525799846942656267810455558125 0.343995704992733889042295519968
0.256692103896606531338536685596 0.900553082579160453915951290726 0.280288189633993296699889620031
0.396368185437478448377278663453 0.728869484400211777935505274331 0.151954742835543190871002847310
0.896502091345195934054224886012 0.097391297756667546748177590621 0.279650085862282235434654115761
0.581581603110320108413988661298 0.777678709852650987010458867565 0.918060763699365939663910650183
0.612017331443117115804869098076 0.779092765339475633803940607127 0.006834379645188430646542992071
0.436532065554207340750330678649 0.648593460892434030998626853372 0.143695783726698077101868585791
0.524169846681011679624260644748 0.950544896870171651289918616088 0.396689303492032626410038239958
0.552336156612182276650532994735 0.433818186821978219404254517164 0.723096603896585166074519814198
0.732539184099772880539835576532 0.912160513913854491182636459587 0.201095079594798521298356583948
0.252928573310478325345659108582 0.628438776076188708981517728217 0.182318061463962942757643073861
0.889224841547591925791566474395 0.633606512979392166246761602610 0.008730100076980105079801070979
0.723413497675914646561674459214 0.118146142789250120777011198367 0.842501522837015051955978756622
0.321706569426168325148197257177 0.305196573568002567584915292684 0.417281168055232994260369377958
0.066812239738640831183090803589 0.956398373689609437947313048087 0.689762814785229205242193538181
0.679979767324641590802546076451 0.767995370708866354651184726222 0.419542599660420293033518088897
0.103392119216780711607366368741 0.179804459534905244447941362733 0.894359222003971429593119818494
0.435533818522419257221008359234 0.319133273659699948373175463960 0.107710898834742242620939892257
0.602986765763925580980328310693 0.718104727507226978379687998879 0.200127563283662793603335521008
0.386623030625628527486731608912 0.929872387887637755826336856406 0.112365142873540670377178012935
0.379108229379264273183813166647 0.209264675983943583352273855508 0.950738966107838297790675728812
0.525576581762283295482518481969 0.624309545636851450069583691757 0.999922107273725063078533819465
0.316960490795302715750494735105 0.077348894093787846937623166722 0.478894817692274928992278999409
0.232204825935019832644259738152 0.499313058275930082776053879447 0.514449325698240309669956513857
0.710313693054673252453679882741 0.866154658930934034075173091422 0.428451521925115627880988906019
0.881685429994926230503465050121 0.027496372300546035291117797214 0.676141735117747593258243883225
0.152729604116019258771890968147 0.296941114717764053817062367895 0.025512847340004747060902966990
0.410766854689690877622378602153 0.439649480479175745757551540194 0.563625938039579497058327619656
0.094392476692861657644103566627 0.348319825120476183642539675687 0.634156712062658614721628003525
0.495881065429439529420156152416 0.551522083264755933525135144169 0.384870070633287894866755202764
0.013583654407806690730003764742 0.646563403435108174078866350104 0.448724317428096367868568353709
0.636111165770129965526765227857 0.183326424820074721634664583739 0.001841602482382828868566738061
0.224331598586666438593868323266 0.905093426789325208575555940157 0.219203097515901078264530714137
0.349229600014576086781649118275 0.860387824068034115602444493461 0.903705865928628636974262639437
0.511854240265178098349656598878 0.616314200318170873587117878173 0.064188920525277617121758737722
0.691504395329853822684772412380 0.367162348719201422750621893344 0.692049842519207187795476350897
0.622662335769882506096823169185 0.078102404308919640109724683453 0.240726774363926144888084969826
0.405235565191281576536163710570 0.889172014483624765676175009904 0.800785406623709325707440211212
0.136160051891317334207299572172 0.763478583273660540016255066309 0.451913634107226674266857572596
0.807369690819813615102749294084 0.131770969769010437700388279554 0.671373606953710181888109262886
0.712197593269503590721599550672 0.153474915553417946281857843294 0.927985699825717992621418932080
0.504526846792345320051950614430 0.806196491593661168590576482698 0.849525639345677847289918923943
0.175153005138297320562540948175 0.983028936786716309985393482793 0.748810071285463010050624161014
0.075239481858999284142134565926 0.646658404163288617221345994994 0.774309933111721839953194897183
0.901507867635395260622136658997 0.685468254186060764843400859773 0.862989606420965143738251736639
0.646754050242032907827385480556 0.248507303586133449619748468319 0.563440263416891264327355088383
0.820341113821245964466297926099 0.279123417853140743701850947490 0.687419454480562792996498135938
0.799326106703759954285765612785 0.009607853168361972957476916853 0.615669046022583955948350418733
0.897552731369709256682927786860 0.148621656748127794242811700493 0.733365268794891572682006517609
0.052940301350596375375273078491 0.718453081518979051474543855191 0.065453877074620349517342013150
0.681533659352438877283267552789 0.887159320267193587033993723980 0.444375514971205253958286172283
0.212820278765669115572688645946 0.847092624845281209194909411096 0.169116539604122787254380646126
0.695204017057175489416720693634 0.503303612391598114894092984713 0.785951278189584494156136732653
0.675203561502415476813299201783 0.986915788894288081303641927152 0.627454627184254984165161186614
0.800341251799060310139688645255 0.133915852495110400697963870514 0.293144214586874247406636104507
0.422199622174019009933847064383 0.617276001211612703738237227320 0.479569894890906894291110367433
0.305315244392234749649017234085 0.528315974740558052268853557242 0.405948072072486027022814708494
0.070982080529933764500156597690 0.589567621432441069684104508640 0.376095341784378870098783515534
0.570692942178154225515870924983 0.908690291533538269855522271929 0.872726408160843190663453942550
0.897979257312225700732529116508 0.743434224108256540108468434469 0.088637999304213449446358984997
0.012333638342314209867156021391 0.047955310460422403885833348646 0.058719008298494051435071243572
0.418017584660087221928097476859 0.639558838457295881276026854762 0.684771010048110192297018683779
0.142356886108341824200861359921 0.204423906577740900278633677554 0.414924886372962030391139894316
0.341058353091055830953274602576 0.817277165712086901663014010674 0.163366084774737990988655711228
0.509489508406537984830618872716 0.453519154217630643121894632808 0.447698282744428647301128254660
0.908765357006544009224174039039 0.230525921385550855463752897062 0.306414273857038829449338950201
0.641304175874119345383483142742 0.889738814521967822937222215063 0.422862391375032556626623146451
0.182516200800009876874140464067 0.803968134511848669100907651340 0.703557645257203634551863252591
0.944668343649334988213691154263 0.814585573793184421983378292716 0.799207349287716920242130896559
0.175532801316638227658609249221 0.722304374345684825121854760438 0.076801434835778957642893736983
0.112515627091063071911978258882 0.910849657608735773674349657889 0.053108462602120924984168884610