0.404216804926645340114754829942 0.335091069693473849700429211547 0.397621700788981142842872897091
0.806667533943059813335090473780 0.083896665258494838192099118210 0.616077329352376121454319829889
0.079055016442895997311958926390 0.718959241773530085838089809415 0.142095454005723357999456270413
0.264143463102836327096345415269 0.457715287612604016002245153786 0.637498362355453651997546870900
0.866197241433667202111862649096 0.994110867183214914154912168350 0.998164367298655850165903404579
0.283010499521510355702879712122 0.049557547512690309352328498675 0.285255897120494058184038516383
0.921918680316775855215379434678 0.556651085686907827835861217694 0.763205719204412128452277417844
0.693380043792091740241536645541 0.919067788010563084666747974659 0.964103361190255210535287200237
0.758530947741455578285078702389 0.185674159202140852150253597172 0.693795087065535346521046267205
0.420932297559121124635376826660 0.409189134340940045802399925766 0.747138428246670808397580443598
0.606084084186548595363285959655 0.680113403142896137202778799906 0.348270810425344874934012011086
0.201494840474047820518196388131 0.562037949097767385772124764378 0.176741354755089003004353739388
0.616075788317893481007650944050 0.059270724317729889982475345506 0.114824391617179880832478099364
0.828008757430922510442025511072 0.626195934520747556383184790520 0.911579333195978029184250155861
0.528617633633951764156527900241 0.548916551893218179388738341455 0.306452881987675210601912847267
0.540187655840468328226477004774 0.705309631928108442471357370744 0.037318382870216514731296511218
0.912753184519525790917662119996 0.671451935407126281599003788685 0.524051228408058012891040671626
0.980348136090009234499510417315 0.680784385706950107061825238415 0.701090377299657425862460266172
0.704081600252926176006320806872 0.937573079649730994960834747214 0.855566344959404618128039096207
0.180411261486972941504914486643 0.660786281464035563548005292264 0.222454599827163235842161466486
0.209041359090589230762418730023 0.392555516450177333412406779761 0.781944086479285666691664691373
0.547754791690226701593078424030 0.588501629605451132836329940429 0.835826700498195810339445595968
0.016891084261538575170190007198 0.815681761618550043973449792930 0.949137780605879873904804080230
0.665472040081694353127733128284 0.568124401250190305252391554722 0.846089362376572998715287185320
0.257618720257750109184047867532 0.483442719294887665908090785109 0.563574016377903961597277342079
0.120090399111414832645010194334 0.151028989662973741273341798732 0.940958652821151124814975000197
0.634265357532771822139259801768 0.693263484046035910269382942208 0.929352241705426707124500135523
0.898240942741460668939629580264 0.673463744241799918647701157882 0.086271890278232090003309822406
0.345052281592545363468310395807 0.571918775891920586990564419378 0.676638527332762491099947736274
0.890016954589493164762265016811 0.660964419936694441800108978364 0.208949396106837663046972074523
0.202595023656198481144447277999 0.007275860058526421852771237354 0.692775088879508457038794827115
0.161326806550052920118482641211 0.569266057540543714734128873327 0.103921700823513737197900394166
0.947258506509835019138937002965 0.668496211481634336705974093716 0.250285891783112446395008289553
0.382556407077640208460910863247 0.207874199712336181659756828872 0.640666290759278801241013892263
0.973185424143047091319249610463 0.982207034460446302662894143648 0.446945674703955825825055633684
0.369919225326704063094485184544 0.723462515019383741170766022905 0.696211261815413461437146402089
0.046694628549681709676900047634 0.306876183436793428892788049446 0.586110800387814521361973638570
0.291744834179695646373851512540 0.236542817162732504037351403834 0.623709866638553094874025586593
0.211642638242253934399129562432 0.631016575417131965019173686258 0.920193384719584554855553572792
0.279226361030893814334768901360 0.899449110583238512927537559192 0.897533547232904216315161470818
0.813702160863678207545915876900 0.850468562899690047319472305050 0.017487747277276351796026107875
0.688215527380387570644760106935 0.435472264883788738825200865190 0.284526716606723202260940517297
0.525563938667143825610757293917 0.607410151891268866818529923339 0.810739616838963725652025073974
0.734713621028853963738624712594 0.317962169846284464826212666956 0.373015595587076707676137604267
0.245219119479800774723205827077 0.180897614272032840804212389219 0.596082823989728003044912090984
0.367718532764238286973642246392 0.779980637667070217826904319480 0.579295927702173919390213787070
0.150535565158992010047045632265 0.852989362575352303215504116045 0.813205364832732380182127078614
0.214111481290679783745221374537 0.202135838531971367573615027519 0.401908689552054665416108044125
0.262973759327365589018456818056 0.318860886091019283353147463046 0.252377781625449734900851258965
0.951188200708200510131297142764 0.412755157045010838465763047090 0.048759398047659178641281953097
0.658157822289407994092099533391 0.912660185714534166167294588236 0.264190571824392956981764462064
0.809747171343079874527440475277 0.205126504058974548776915400209 0.598968895214253594057408834175
0.536235064252946027423683831403 0.079683581782289238440216227042 0.725643916469711332727424122621
0.446546101478932606441863668521 0.745892421633496707156420507298 0.436590497146522884780824143627
0.569011149106298155722604222104 0.733776063420388912783161658716 0.197172299772168622849450075908
0.290623125249003853116458033825 0.003266871573471347305193941430 0.641563445076509408937102467554
0.780481204040332053501836998746 0.584335179290007951362112640045 0.498349203973182900717124836297
0.773950411222344274232259286735 0.949516261713447835766622265162 0.811008568433009407066616920155
0.338109909310898616264188475301 0.658838860178599660028696824081 0.907530446442025507874194438421
0.162142368050077860393074172785 0.759471579043048026574272366789 0.322129947899767884357147106766
0.895103505649268199857817724372 0.771779011765895610469926030654 0.136524718506243066677471145790
0.272254868009258880395510692715 0.703103875574792763159197656576 0.814986045560337578847860056931
0.582641597774085511207514294039 0.933601828961892492772087758449 0.936523831969362066612283183010
0.504851056632709584778636694385 0.563083402610965551099669847235 0.024693618710606998824075860172
0.213585819039494984520351894943 0.079155499778542096407461906294 0.419766657178612449989692295822
0.587217168764686063989111761582 0.265039664395714716539717169700 0.976272686985158938733137242667
0.050924111272827587721060617585 0.731550338801076894820277854924 0.151325425750313132255700713767
0.466966940839347222102842321458 0.030149075711232421215933726149 0.833226963263271806981202637139
0.765108865885346273340228149529 0.629015354296787600823154804032 0.155127974465338956592291128663
0.584173687128607097223765155148 0.874034098355827912932132663622 0.643290363071214129178547517631
0.145346004928402670856269503106 0.601821371722784105870677024313 0.177390730369005587258429713895
0.931179621490145433718650390107 0.085376020001578274022026455524 0.393594626722935519181751735325
0.827051544340716174335624773374 0.517778043101023722799930873975 0.480633689245055307949136796170
0.574852632338334987732175361617 0.513594144656910309881224765400 0.708206726082355614154972168592
0.305483881199482657766235027931 0.684162367609324227377713222630 0.372135268209989776993934683903
0.932761781245700868120353591833 0.764761404267530553147821754029 0.759684991291592326663046794673
0.639785623403328843678416040812 0.138037161395032767037080509822 0.919225757669455970213520074106
0.626606314974195430439034589590 0.808780877170422862084002256982 0.825787369689010403171067227483
0.267406384368464857561839288190 0.480256955076469365443236718106 0.296677969647326707888593932456
0.794969331519670313295502039982 0.497124785333408590933508896074 0.057758399058278201556859093304
0.314910894677241759788909834109 0.113846368198109153112685627239 0.435861734504711907000482560488
0.289069756221852977244750159631 0.189601831379442681255546253235 0.773831970812276317316033914937
0.155304374166879274271178182756 0.472529164067991350109307453152 0.225112939632501050171137417772
0.973711522835206525487159496109 0.854750665984489017191558461591 0.933820306595260981113801615010
0.603255283557662198396989174261 0.585522006776004499323902003709 0.091721911520357090251199518282
0.794058661583892158030869781094 0.475106837912656079989464120950 0.245458020149984750286519253604
0.252790530318640539808721765253 0.623560189817425123755186864399 0.546021505230051367181115026445
0.933978380533283846121469864720 0.226764603976137882017359679213 0.434581931135986108113349038241
0.302503510624808795796381819579 0.333541631273288586537470228859 0.046142220477917156788308566374
0.379284019258776246239960139696 0.963133065362893918160529929523 0.335659248145675347459014009827
0.109493537404952044454926715280 0.753432897330897045546281445772 0.104855486652351643755976242629
0.493664218144243553406312813123 0.527867014628752211608785764305 0.531740554552795201450920183520
0.237296066651720741851213296274 0.676452233341994021336771156553 0.244850823779725581019000025392
0.864464735256906368176592807685 0.052231653504531571079068851848 0.950508587308334164807426474540
0.711485471442645596078677408737 0.495936238915081643619023304478 0.429460337010141767319071057352
0.885838801529264507525362880646 0.691622310184217655119364150479 0.846926599028235354604061555741
0.545077014551734194988723631985 0.662618557716778534310571234808 0.831814974973715380344457356480
0.008501680128532092320875482096 0.307807174061900941805999025411 0.533967231755341402217562176816
0.775090766406445508118932633604 0.226341711702015333755171913932 0.135308143209151610005562873467
0.230120361980722262016033508456 0.285550413904047949119692787916 0.371532237449108230054929093341
0.773680963875223887807369572414 0.605233920022612042161473307650 0.539319180580359279193741406091
0.818664282876684741495493812096 0.839956227950115128962188721748 0.696793188588639756654496811323
0.069643553599761101928713965526 0.653618181154282066311160971300 0.279539252882089020581490236245
0.999178618141988393137598157604 0.347393723923966486215678745075 0.870406416769261620790864020866
0.162519793105335761290568513226 0.285354681040022539288938373505 0.211288373598155096023709323125
0.972892844771567355465492280905 0.638017251410875936887090152798 0.917688020832770089510449457984
0.087151866969182685306237945087 0.248758917026336371045866458741 0.637952098915329737239118117958
0.581992074345633835766972348557 0.744109771233320235638551044112 0.795104932599665869167295776883
0.423305938544826434430843625629 0.470420262888736838892597816401 0.199768875129818928506723590386
0.741430895428366490842163099207 0.209714062986876105016094273873 0.747699817225256505252972173887
0.418952964413075304934263770930 0.689359541977646283789525449366 0.668030179511189423541872305354
0.164839130641601899032867297857 0.858346872264313160553473672435 0.540789868482660629449736089588
0.904127961080986768566494355096 0.561146339501604513618082906538 0.466067673477749857478179887898
0.931389192521719258218816903386 0.093466046849519579446269534695 0.604738860360379811951443198610
0.230672094999967939204552162022 0.595341370544056221207241927759 0.918439275318433919953906116146
0.905634276977979702978525541661 0.071917331446765615065855011304 0.728972796935998422401142888816
0.130272257511800620007008648300 0.736672688554593021193441981336 0.137905980411571971430004688999
0.667955654946119876303771907145 0.033653753517531940177753567549 0.527024353661174954649648266774
0.992914392046638254105141999420 0.478502573302988333599233759875 0.837476652513366728836750926016
0.907537794579393775448590626829 0.729269922559170364755418149357 0.835380705928024786213215594224
0.253738153146867120232141710775 0.712923463151203495139882772995 0.323360624161950137562582085536
0.247494973612763353704304121847 0.302880424437341384811498219382 0.404439920992994108304723176207
0.616887040874161443107833116243 0.071629499443443299282682219685 0.219577365124807767988624887976
0.364409216092084076338012999965 0.540354324214430892961237666804 0.711508452502970329819255411399
0.461389591773677817940266097121 0.353264347024564496232863765504 0.629196219851069190546367434159
0.977034824857629881344886116162 0.611199044464495282671632260413 0.047952870855897605279052536304
0.319996673817040955498873303053 0.925065805770042943952725491171 0.304682144243365647136785677595
0.583857676838643483566183153523 0.264481314791011668914981821671 0.828425576411101900945765889697
0.529573025982130024325595684385 0.562336139415532323172951728164 0.077386302371261314990043479630
0.309878351734438926200101718436 0.495716167323649657179435641294 0.800686392980769480125881396167
0.438592669413838647457747982405 0.704260951912828335538345087882 0.215443951239303331099534385225
0.234229705447471587133866525575 0.457783709753336034996406439653 0.510588209761757742255813388426
0.614033334117304925881069642175 0.234751007575475079431820470982 0.222740656502240182893389175022
0.814770577302952992120744597510 0.996836856896223912981035046280 0.176725850270900168127835504686
0.202451552284095489144041011214 0.611562447083958936802632960276 0.563019011752156201974254845388
0.262418594126920113463188774975 0.516711504817736816036690572972 0.322138782603579449513797348957
0.655013189448227619328422041120 0.310281023062484334919180593854 0.004268415377970657527922802397
0.507443764224696476153662838031 0.867339306582781955665323804949 0.049738686858491328374742987097
0.091455293384946897791020037468 0.220211352915312430384966790885 0.382814846893352369804778998876
0.752044173379697405403550184885 0.775028126175511359300975253369 0.338186436302768900354895193798
0.877880116728522912862487829205 0.856752992694894744673667194532 0.450398726626234711752118035986
0.642965159982302290012108260584 0.152040081787299386506044849993 0.497578522115934715708554954138
0.731565417220615234984111279835 0.494428975031308102795023156746 0.641118671252753203245432290718
0.136295953784306598266490937054 0.384909874457585930691054089288 0.246974626183313460785219699101
0.688073891215462179535920568697 0.138892565963130777825078333412 0.841224083062460500050594301546
0.048459869150550487822028065400 0.596944143014788033204206386869 0.012860358967344389258294386898
0.648681567614963632273482502733 0.594213030686988391845601445089 0.514108210313317099236741389684
0.450757987127346342182166293235 0.263763593156866678964931988484 0.189443914679172650147352315838
0.648556175302881620272863880766 0.146915650189898841761529718779 0.727753315341564446014986822172
0.862639301327384165815411314110 0.311160498829638951691187102222 0.043129615542651369739478228397
0.992907742493633473859321287941 0.127150981113334186036658988000 0.237724391106745736480545839827
0.207248791219780178456540160101 0.795330951789185949564568012458 0.741687367614379920545010923872
0.525264849363309552448099415188 0.454911919381933162050270851632 0.212340022051594750472662966485
0.281716531526795670685598592601 0.312435383034290599848154917694 0.173000501480421875641599925361
0.085186555811994669998768156283 0.923021426782325152758626168212 0.881665857568382288576118915941
0.912691776197644297988559049200 0.900553467128049783378363399006 0.900819215209725687684125250215
0.667404507484748662333167601151 0.629680643170529619851355407822 0.674961829668090874394277698403
0.356907633482221554278360031727 0.819502326802391378226619268018 0.665244602789310927332570091178
0.400165256484375373306805681076 0.310174313033294199212629093804 0.968637437249319910555720862507
0.992473368543922037752712761833 0.116886027005169460379556965984 0.057742515651492287940911030438
0.247073518642545227475582379646 0.755275990866778150016277478206 0.629961479960892264877896049928
0.860843047796898284710185166455 0.448102887084908213416439248459 0.129178523439252433439834175838
0.674479397000934682055936917815 0.708072418768706671519069332874 0.643236855848388061500840427475
0.857595873236079785612810180864 0.109617363808997076513247036883 0.243303669460143703053528455683
0.871640089086593354646080426185 0.747744736203180658849580327573 0.149635562212057134820333098180
0.622352584013000934512870222795 0.602043334180003519138101048277 0.052634016842183973714814013100
0.138608628557907468949881486274 0.669847519381111231368832330237 0.655516804360990885805154277466
0.513033127913680859923785099261 0.003978478146418582068678712441 0.841824920585695131746952574084
0.841044870177977533252329461448 0.886795100877664591452729545699 0.755751322969839643822188707972
0.849294405209868637423711345796 0.818976075292730560218123069728 0.174362967524119162838238231523
0.483606707877511411503335729391 0.714803225170264152314288308806 0.184588893639270255487177764181
0.849720178380061497278005004801 0.227450632648190680988285011541 0.317926512007003104888296005418
0.682915087537876884142354765079 0.148026107877371074879661445008 0.211650345293748029409820763273
0.398002819636423690100669440471 0.065577295663094839962497648520 0.407467207568469538455855785816
0.629114498076216142589519152839 0.670284090236499473952250096589 0.953327441958861775046674937575
0.364631599735563333445283910136 0.641415938511761001014343479647 0.423185486742001179467992911528
0.841239547815222870901093329139 0.482549519041279725384957696005 0.670071085609030391577168101595
0.855635106784511622206302859146 0.524366927035933823195238225208 0.601615587545555404282948423268
0.809118365412051688238489864989 0.271289017062987687050252223748 0.043260050084158509512218372911
0.190059701226325027405796366436 0.992772928991490087641435960299 0.062954321361485662357579291684
0.237131759579731439643216243545 0.112301543642330079837373514141 0.006319571708220702329611663459
0.553611549311615550986750745817 0.562245226663171786517391133955 0.259286965181963755663301840228
0.862612174356773072436377133844 0.130497208263398398275636911573 0.243567566985363497415993625405
0.146045202681402084122285059064 0.625626089768893143303669794563 0.495021548675474747391035015007
0.974833697564563786053678960948 0.727013039860538437860054126662 0.630684084975849114948301320575
0.806815442153646457070334112582 0.990496413452541761939672214114 0.558731168274837440874381878450
0.452630293135318024615123826935 0.937873299970063157531263007855 0.211362050553752890743455793398
0.780502082608385284727686295223 0.378919148586360628518323656252 0.706803000340216062871222808385
0.056923575083940524126050806486 0.263507260972251230029398136773 0.141275177713391141900595042890
0.664815398330736189395402051490 0.277973649451680888588283400958 0.384146484818727511654033537929
0.987018550030191306409812560859 0.715563642837830203886880085978 0.773303955960347012769747304316
0.501092589146462866233708373990 0.437576091491358230838606919821 0.142889461839476805715112632316
0.401479549580418971623630687735 0.967228739483438703699611458888 0.484082881784411121237750660361
0.450502164628908886780035066860 0.885882343356290539167688956839 0.393458402217335581571715773415
0.954113833405788711380405717648 0.894971610639878651957498928113 0.304204567590803283141296388196
0.182512668858442484933802514688 0.366133144103219830310883519234 0.360922447485880324837955094386
0.387277637940158125567770758395 0.694172795325061616451944539446 0.211357086283546581152680560057
0.444925455467059368071141676173 0.979701639296651812325453811931 0.144226968873079798311098702686
0.587751482539574402055609690870 0.545987081538011129883757545346 0.635322138087167957321772890214
0.787102420504851981653145574087 0.354375413323072286629123896242 0.224663220420027625925349990496
0.112349987635343833085534208600 0.918365913425465301860425421256 0.616473068150276185883242372367
0.137632203777018767289307250003 0.316693434862629223600222730596 0.635251631396231264944989315090
0.228701679698196873226910595740 0.379956621536934539571973012450 0.660610256222890510811390906686
0.439828483835378101725419180798 0.290404333208925633859010035159 0.997750831134220629332689028499
0.902569356792303593754755736482 0.858077211641878503867668235489 0.619383569903542730593450949010
0.230051051742909691951761507008 0.004541238698924279674655995428 0.058159601743897091125523874428
0.796142538640144331262090995005 0.192387086961788140384750431564 0.786419804670732092602897535526
0.954764774441785000859290430133 0.163974319129817445611749470927 0.221977783799099797588022330041
0.054917122058956335003549436268 0.009599256385466527430318905830 0.332476709358595592921303714383
0.302934258005616533295942127686 0.842597482439541744452007869250 0.584715477781066595677314396608
0.218986797846849545793134901273 0.786838338892331807915546827650 0.801444024254471415554648603469
0.659386509166284168184633482535 0.365792069809158213642190878008 0.218855997461288014149548305615
0.397948013126765550769556883185 0.536020819330873885804448602389 0.445386729813091830154104163944
0.776910512110245211295099840414 0.552154118091146389181891127091 0.683890148176193876491915432333
0.517384733339475946818055856224 0.135124283604601011537232988482 0.171302888245668240479385510001
0.789835350449717889470480197826 0.504257416815929731603683245050 0.298806795582412383036460867561
0.095686090443071838853020658813 0.167777920857468655361886444938 0.116598444251484887962048372339
0.638094729626649702524996873797 0.589639481035766980889700090078 0.633089294487574408066892920056
0.476579818193776769006175102768 0.822188952931408357982922863281 0.012630821695689052149297474067
0.985477202448592906292843914591 0.729471778669521117401860559492 0.517516721381567818733143843996
0.939734711784604530385883749209 0.419006343417487864659655077814 0.013129630947689195016884698964
0.781960172046996854534207208725 0.958532139048036188144245144805 0.802020293905560610783240292287
0.310674066059079909067893764230 0.249294853686474830202025562879 0.906410474830145187608498081069
0.019957564076678625287246798769 0.972883977103615371817653863129 0.648812329720377702888202376316
0.427769724563694955554380558703 0.839815814377020339015523779796 0.907256541758527401112540441552
0.896813514004522306582367700828 0.255974048979806022350228545635 0.906747901331387244651436878548
0.735198285655999535756900662627 0.376613649620487067493601618441 0.832619929921538697666656906901
0.665855936206954918418839001082 0.017475392254816442959130183177 0.457637289375383484292263306922
0.359667765602173368369501593181 0.165621360015070544914048339226 0.098977027900185046040442154026
0.059840420742104801249600361759 0.574793781111022316809794676176 0.446419940567310249205945913364
0.298252146773034638327483397502 0.206185604428690415256239549907 0.112224190073638846919467401976
0.883082309578078070878614519590 0.996860176113225520142491894000 0.480261811558234902998242321161
0.465039088788594734840317159941 0.855473927066268623678095334850 0.302684117713405756602623278109
0.288513797013783950262963814341 0.192354617943822922103081282988 0.972784857578565476629311549386
0.758766401297029245053171714148 0.077904620652934760579850095473 0.275952999622588491407803401436
0.821382754515829849916678411305 0.393222468927332268444993063242 0.009324652006595075127560252136
0.605207023667632311864800913408 0.188671482431145396995026852724 0.535516133112543314218912138003
0.461381740713285053760585720250 0.438587914014217133473009578331 0.180041887932110714521866203976
0.306573749188678274625718136607 0.254184337900089247875059148949 0.982702802927587179551924618184
0.181647960699657165813513145984 0.618917137533507650547855614324 0.589797770280405584670211903473
0.766955659094730647421033276688 0.417607526272364347887005052806 0.052416705347312108832334822083
0.295440660569597176510929278267 0.360540652077312925080386764218 0.630499841557736153027598354263
0.900632900894628709939415898933 0.725051897525927054202629337332 0.649673028882841251889671045945
0.471424503829585519555853397378 0.223627383922117378424955642742 0.506400323042345766385069104921
0.166522818515704018285755235325 0.679671116683494376391581452111 0.379629996802414504534237872682
0.015802169054026007556005892629 0.560050533478498951209070311176 0.970690073645892686425658961448
0.652940775147448427515378113399 0.809461151479387112282299537995 0.815980726547742204947262558722
0.668683774299214715173318692356 0.190873129540636374387714720917 0.586168384488748928736281352193
0.985936871718315610374848364114 0.693187579601352219819886079962 0.807117891765490922468534989163
0.055864617850046074862735580630 0.630942620530190535345310981289 0.695540263174822977625030586067
0.788227842454250349773138797091 0.682336639965385934308413884920 0.016450323653535302520997954441
0.736408493984957721302637663725 0.965897817881877796930755353570 0.397802086556565656734181565030
0.302175510735509541216063837754 0.530951511473967451364026239940 0.704018078841511511661071486577
0.974506284961819495633032709009 0.871452636920773974214979454609 0.314132761546414593745866330311
0.755086173709520541545088149601 0.459426291550027318972364919872 0.403046999918446532852607958432
0.078250513323051327229767574269 0.004771078812109485396663734646 0.875483856900058196658746315043