  0.318177
    0.8515
  0.208577
  0.240012
  0.488452
  0.303387
 0.0748117
  0.524667
  0.253988
0.00932745
  0.153988
  0.235065
   0.37533
  0.485805
  0.568977
  0.238943
  0.998881
  0.769927
  0.989901
  0.384929
  0.730503
  0.304055
  0.859091
  0.867991
  0.832873
 0.0748786
  0.881154
  0.596799
  0.338475
 0.0700699
  0.785296
  0.600778
  0.699455
  0.512265
  0.205545
  0.139571
  0.674269
  0.766275
  0.198758
  0.532472
   0.20534
  0.552298
  0.542419
  0.610731
  0.257501
  0.203683
  0.721579
  0.487603
  0.399083
  0.427031
  0.596806
    0.4166
  0.745053
  0.967971
  0.552249
  0.876518
  0.482099
 0.0688039
  0.533079
  0.521328
  0.261159
  0.123942
  0.915808
  0.319723
  0.852246
  0.419665
 0.0715608
  0.443645
   0.33636
  0.394816
  0.500322
  0.736129
  0.160872
   0.43611
  0.626134
  0.387826
  0.639251
  0.378971
  0.394544
  0.595088
  0.418765
  0.621518
  0.440694
  0.818123
  0.670225
  0.649305
  0.147808
  0.497419
  0.736993
  0.514758
  0.765665
  0.377235
  0.114903
  0.669407
  0.531275
  0.117907
  0.915862
  0.390407
  0.716711
  0.953464
  0.506432
  0.115689
   0.29671
  0.295881
  0.308095
  0.313006
 0.0535621
  0.583987
 0.0950736
 0.0126374
  0.639568
 0.0114509
 0.0428542
 0.0922125
  0.688373
  0.748736
  0.264391
   0.44313
  0.048461
  0.572076
  0.298157
  0.961105
  0.635168
  0.946805
  0.674649
  0.803039
  0.196084
 0.0956376
  0.883327
  0.361159
  0.848571
  0.406136
  0.544987
  0.344113
  0.970285
  0.454556
  0.696619
  0.357402
  0.755395
   0.77812
  0.257974
  0.326254
  0.219457
  0.764811
  0.460085
  0.833686
  0.114594
  0.350631
  0.579812
  0.345403
  0.780066
  0.765128
  0.451804
  0.541854
  0.788615
 0.0973822
   0.14184
  0.324943
  0.894885
  0.233074
  0.524019
  0.639453
  0.221319
   0.29686
   0.85669
  0.926823
  0.297297
  0.507813
  0.279789
  0.980085
   0.62002
  0.863384
  0.304521
  0.268896
  0.173284
  0.798125
  0.611287
   0.97691
    0.1819
  0.149611
  0.624971
  0.955053
  0.339389
   0.59929
  0.643568
  0.936136
  0.403288
  0.823315
  0.641469
  0.203354
  0.568519
  0.462917
   0.94196
   0.47572
  0.820158
  0.884341
 0.0809449
 0.0486023
  0.410844
  0.349939
  0.130967
   0.84287
  0.038731
  0.892552
  0.445062
 0.0292372
  0.107807
  0.567362
  0.916631
  0.555461
  0.777616
  0.640667
 0.0394153
  0.590515
  0.333561
  0.620395
   0.41635
  0.824021
  0.138148
  0.544476
  0.164985
  0.223704
   0.64206
  0.622943
  0.901605
  0.165062
   0.75722
    0.6638
  0.423917
  0.655302
  0.818839
  0.743778
  0.627783
  0.198014
  0.311219
   0.28256
  0.466001
  0.919813
  0.690169
  0.224313
  0.946318
   0.25537
 0.0991386
  0.843075
   0.68916
 0.0780627
  0.486573
  0.500524
  0.255789
  0.767718
  0.435753
  0.597967
  0.908576
    0.1668
  0.841927
  0.351171