0.672074368884374551136318132194 0.496844051500603567372849056483 0.463781585402605112111729113167
0.337332147971706630684707306500 0.962840229074123366004300805798 0.522344788919002933624824436265
0.498052762726954367789033994995 0.155886177101028561287066054319 0.300658608735822563406969720745
0.866025203831136125565137717786 0.951885846303807903190374872793 0.095617079231130275296379750216
0.586304142609570422273179701733 0.194060080066565665557476449976 0.112503021826483723399903169593
0.261703737409579195727360456658 0.096003870122261358854842683286 0.389590940232808269350073260284
0.186058058241835189150492624321 0.331584829975448025507489546726 0.243303647241985276927778159006
0.599254188445507485205610009871 0.717021416747238737876557479467 0.380178614437408968207421366969
0.528698721646152058895040681819 0.972538643700423977023206134618 0.882864325748049849629239815840
0.831077898162880246424322194798 0.608282538176930231976768936875 0.035272520154921334356590278958
0.639860665256335114925434481847 0.956490149653968835252726421459 0.520993824853742126812505830458
0.674938492661798949967533189920 0.536405830980120956752443817095 0.145595171360691527651098908791
0.025273881303067447651189425528 0.458568824660962603978475726763 0.474211839521616940196224732063
0.919158775611455092224844065640 0.569931611058206999409492254927 0.578931168474205670726462358289
0.396618890402119173010930808232 0.868306927773820236282631412905 0.677722473917302337120815991511
0.714979351527107120922721605893 0.821288770307840532147736212210 0.482321524986995264772104974327
0.062613474685472569891686589472 0.244279412837717258000225228898 0.538760905394705114090925235359
0.151207477354642766398384878812 0.700397486268960145494588687143 0.884637572380941317184976924182
0.013014522476359436861659268914 0.894332391832226347716527925513 0.143563803535751877138437748727
0.699786923801458238258987876179 0.228987110320366504812028551896 0.537569303933225994818201343151
0.211723850415409919900611157573 0.224789036301202838075141698937 0.766917626321871659378359709081
0.141641993250987141550467640627 0.893591075410141821855347643577 0.316431838410491828028625604929
0.245576724006260127541878546253 0.548378528164266576538921071915 0.045426444936379740957566042425
0.259509722639918949393944558324 0.007429599838554649601785051516 0.061184912859559160980271741437
0.413516484559926456032741270974 0.701735432825898119979513012368 0.392097642588497385940371486868
0.384531812534239458845064518755 0.111501639751842171466300612792 0.356040325541331359460173189291
0.869900661019411991503602621378 0.826282545892794040298667823663 0.616762370604275855789921934047
0.858969357748572748256776776543 0.577185106762845068217870903027 0.124000150084663515737126715521
0.293236369392683271506427900022 0.409069599818034534965960347108 0.862988930637987983196524055529
0.421801320038255267430571393561 0.335604076523228878059512680920 0.219664320204941865277703527681
0.419879046661913946092425931056 0.157672980934952244869151627427 0.567933974467660918072908771137
0.643299297098798184002532707382 0.427491903450990640145334964473 0.055538940676529355289225975412
0.930870739289136217564646358369 0.183932970048386268402396126476 0.570672970281390856683856327436
0.581332401239248341973109290848 0.288916677147922185131534433822 0.285614595213207422830237192102
0.307108778162903661712590519528 0.490051319699214060765513067963 0.038314873076779568106253748283
0.011593661340045555846467451033 0.135609149461856343110710554356 0.103575874743118093168625648559
0.861268836347715116552592462540 0.095088120030911160718289920624 0.707909804352721550024796215439
0.464950556703494777277541061267 0.363941184396454786575958451067 0.135844426573600574048583666809
0.696376810112883104508796350274 0.008938153863554848185812851113 0.498200655182496510153811186683
0.800650292705689103911481652176 0.406053793126699313909000466083 0.795120169780702323869547853974
0.917703377073068371494457551307 0.046117307762454907982263563326 0.927217689108097542494135723246
0.436538276456263640845634199650 0.748272195231151959760040881520 0.635948723456750131255432734179
0.427065100045718515353598832007 0.892507570184100762489265434851 0.854736831149957576592157693085
0.725174994886713442099335225066 0.408793577772221083943549047035 0.261053510023707413534310717296
0.679746737947772627919107435446 0.632928024340413175607977791515 0.548928458072285407887136443605
0.199546551900117691280556186939 0.198750862190568117204847453650 0.974983470024314402557763514778
0.369889705473409602376477778307 0.153180725583834775882507983624 0.909070384209117454687998360896
0.571779796106390070242753154162 0.793158932017675843972881466470 0.962008339924908639773093455005
0.816070869959313105468368121365 0.230923111884349108180458642892 0.661632641049216152495660026034
0.957720912226196818828327650408 0.210407059080803371386991784675 0.884461909350493402648396568111
0.153048752238412077986140502617 0.512855887313499625435042617028 0.650967821640706878483229047561
0.619921797523507289717770163406 0.720886671457508509952560871170 0.333797883619706303726104579255
0.437113463222898401827620773474 0.911163203228485762963373417733 0.160714909101507485988946655198
0.636927266223265120537178063387 0.351223406490931200352179075708 0.846954422995731315282341711281
0.665809999829260479309311904217 0.993254067206534529965722413181 0.588989981946610452467893992434
0.190714043380170089614367157083 0.685211673355018535680471813976 0.524497975332181121110863841750
0.727207527903564576732264868042 0.607239527437577697455139968952 0.690573306989444413162004821061
0.503713904650808896867886232940 0.156749367145427032088633723106 0.741428038737636518895612880442
0.207340657754608470586532575908 0.236515046496851344404177552860 0.431620705836835483193425488935
0.638989263597498746705127814494 0.584673990818844191430514456442 0.770609196264461671077583559963
0.307728569881319691248222625291 0.863735132301351682393431019591 0.185016110075451351013597900419
0.894034580608617401864535167988 0.635797672988686835005012198963 0.177133731748433109753904091122
0.369683808445819717114488867082 0.618067193145541482479643491388 0.147469172111828639160080456350
0.274236258798659982005574420327 0.961652403577173520154985908448 0.754787763081980811463722602639
0.776818237780528497715692992642 0.975313554813668770471224434004 0.916792773928749915590685759526
0.477478334324896225293599627548 0.571173239262042775621353030147 0.936128744385993916132804315566
0.178373483284733291842627522783 0.039641295469246828897524892454 0.217876690323609678578975490382
0.520821817284549792859138506174 0.292076684468992375798279681476 0.834808412007347566685666606645
0.377283581279847013423278667688 0.209837108417916889946397418498 0.183108553312461758144635837198
0.276736776089793024002716492760 0.414619532922802569441245168491 0.116861133090925994881814631299
0.263892950240962653740695031956 0.539604993433276725056657596724 0.117340700051463367459270159543
0.754413906242999754425682112924 0.454051919968776918068442682852 0.289024433117578083418663936754
0.658804654416500046210103391786 0.598907932875857751398029904522 0.006845176175831585961562009146
0.353809115222393166799719210758 0.513992590957560113729130080173 0.922735535729926281689472489234
0.882725159902198797112760075834 0.136233925443046632874910528699 0.566038147128753665882072709792
0.810485418911549349019196597510 0.929178034480764303282285254681 0.840223984101549303815659186512
0.496302937337840588405413200235 0.439636049921688254471519030631 0.799878987050293144278612089693
0.575698845899880518039992693957 0.585187076291294072660775782424 0.204569862152877368632886145861
0.269012452911038590919190482964 0.947633540270158003515632572089 0.013692469718176140600074397469
0.461743452487248906557226746372 0.172852398879251079044649941352 0.356816539152600975537410477045
0.572063060509184651003522503743 0.363631210342631072673924563787 0.328830590615399986909039853344
0.196966716148648940398757645198 0.528709979834498966511091566645 0.730213145952467224120141509047
0.543520389721568242258342706918 0.663005031137212763603372422949 0.211879943085414079728678871106
0.753825298092430151619680600561 0.657870886790908659946808256791 0.987176864728732339493433300959
0.158427224176337561045713187013 0.657700751016047191477298383688 0.561756129339476717454715526401
0.103189750200815222314076891053 0.040550558799058604442233644249 0.330496609453952538970611385594
0.249495322460685647891764915585 0.846951793208658432199342769309 0.877454170286656509603062659153
0.410648493170285899811489116473 0.839267359899440679171789270185 0.177257348796038466387514631606
0.603740841022903373946917326975 0.215682325373495215048436079996 0.158022851979071954353628370882
0.765561970599206609300324544165 0.869834326413898684116077220096 0.179525507026363440044036678955
0.270961890248038406170394409855 0.728950735856381037969242697727 0.652096939066683312091754487483
0.652557214531844786975511851779 0.786290551025655815031711881602 0.780981732880677070873787215533
0.574903825647086308414657196408 0.224785239461831681806458504980 0.312804399135221455896527231744
0.546829295316616614819338337838 0.319719958379574564766301136842 0.180267216309407840579837056794
0.637713604114727661276162962167 0.986229422877011430159654992167 0.535822529362582899992162310809
0.434984198731521998215754365447 0.681779639908657308922101947246 0.710385966411858804647749821015
0.745521616109047657872110903554 0.248572537947232996558000195364 0.789465384165020211959529206069
0.157915960879873695787978249427 0.572670856634431291176667855325 0.382496040879950427449074368269
0.297767576324606986215570714194 0.628509348421269375961628611549 0.135906040617639084500112289788
0.626866550730605709418341575656 0.769892288163679716639364869479 0.958503737609603390090740049345
0.562777720216291021948507022898 0.812081468116905513809911099088 0.727564902454371886797446222772
0.582652181022298654156088559830 0.624867530169690654773262394883 0.064570420947973883318837806655
0.213554274261690824054937820620 0.241406092717326714591763447970 0.764626024488708311288576169318
0.632682361793841629982182439562 0.636827356270061817333782983042 0.479301741388974855695437327086
0.027904301878064436542858928192 0.526362720900122482703409332316 0.424464025658875254709556656962
0.847187719488316726135224143945 0.520227321565719713625242093258 0.391335739744503641190931375604
0.914236675882842075857581676246 0.468851561980902553639083407688 0.783972529385575378491068931908
0.864375715296658353459235968330 0.495639038850512914091694938179 0.316250748267358661180992385198
0.584673022423593424790055905760 0.411866378611471128934340413252 0.968215240438045188220428372006
0.694085690662997190081284770713 0.021757541718191497626122554720 0.395086188906309143664685734620
0.891578357760669071296888432698 0.824278907669718785555801332521 0.581742972454380447011601518170
0.154474012171382929503593572917 0.076709804074352003211423323137 0.777410648286484429192455536395
0.371629593079215059248099350953 0.938648265710716689369519372121 0.552000847792255666668381763884
0.517112477806750070463692736666 0.706113844836740445209954941674 0.176715960324286103233504263699
0.077272444954314845055876048718 0.265999229881372367678693535709 0.917274275865572086274823959684
0.439807470952447654433115076245 0.917703580756300874021746949438 0.734816475301306226697306556161
0.328433025671717448989994636577 0.434164636473695297880226462439 0.685312800769222962848914448841
0.812097537098291022417129170208 0.257394343166069461403822060674 0.467422377782552467273546881188
0.727732267823897438496771883365 0.979748781598103302137303671770 0.989640207418723494292578379827
0.724596297624711116469597982359 0.922827055448989241881463385653 0.739479466123775908137361057015
0.632657146715284390836586680962 0.912142969348579968347223712044 0.053654685884328846834367965357
0.581028852719486454958541798987 0.477854043166205222359366189266 0.745465603811601207340231667331
0.880936237231219942955817714392 0.270585955800434596607573212168 0.088802354403003880278788528813
0.491888165148798628401038968150 0.915539452899786110329216626269 0.262754947575647268553922231149
0.012986894447295832880073795934 0.063016061570297154936781680590 0.068692668196363312893559793793
0.407151394236637875767570449170 0.892282288241753152036039864470 0.507806694744814990372105967253
0.777845519562592402351697273843 0.169921684139871465024640428965 0.096192341363746033944259750115
0.897279814099442907249226664135 0.832984280066291771227326989901 0.076858210617620367766100741846
0.134755374561546431566583237327 0.178616485268886737713955881190 0.198880531727648940387709330935
0.827914810567576320288196711772 0.392786090998958614672886824337 0.569723921544312505993445938657
0.401678405662033832790314136219 0.499361619447908022806359440438 0.661835193619128459019407273445
0.274029607566170729793242344385 0.382847987280531043552400660701 0.802770655247621145456093927351
0.546476898878861527819594812172 0.363405463831960262588438581588 0.914802517534268222476612208993
0.764395925481961779901496356615 0.461298693141569404740920390395 0.089382603983886116383317244072
0.196919913403913959815128009723 0.051946114608766344455936803115 0.451490090259677789852332807641
0.197627092695361938901044140948 0.605569990358055476598053701309 0.714312830370153362125051899056
0.929859543567683077824881365814 0.734231359702455899096662506054 0.949746856504516956398731508671
0.195131872568690245550726558577 0.685232765818995837037164164940 0.574023022555296469349173094088
0.199496086631407221201328638926 0.879718044693949208223671121232 0.515543616729347120575255303265
0.925942596454168653785643527954 0.943736688359758324473602897342 0.323526627850971582045502827896
0.807787618882477964632471412187 0.759125534681014735305382146180 0.466959049523753666477432489046
0.924002303432588156795191025594 0.706847815294667558561059195199 0.975496449690409384025713279698
0.184532732474828653490561691797 0.941819198751535413549618169782 0.707496670946543115832128023612
0.135398464835762732949575593011 0.357004891883280051079196937280 0.326537862534613643195058330093
0.050148585185405630815225208607 0.514709627336582875578585571930 0.226479301983813080534346795503
0.446669916464135952072211921404 0.747793087441475434751225748187 0.905787654636362793425519157609
0.559380666706139617616599934991 0.256616737199514777234554685492 0.576138548293662178245710947522
0.841158888329106679826452364068 0.440809835369620761635900407782 0.418790803717192905430977134529
0.727105367208434771875147362152 0.872869949839849890160792256211 0.062685366683904078510813917546
0.340476263777967580459460350539 0.055531424160953767044102136197 0.486605942148185977025320880784
0.210420490531945808543312637084 0.697473792361399724804016386770 0.323053352111132008328553411047
0.101022080781756867784437758928 0.086270101538624063830518196028 0.178313403740352177662131794023
0.206457855384542476873122041070 0.329109412810641044355719486703 0.961141060502950561605928214703
0.547618044238684875679723518260 0.562178789495175079693467523612 0.094767223116600088350658381842
0.250340967594205543456098439492 0.378080017621234110158923158451 0.106713946344611967931292895173
0.905718101870995662139307569305 0.973229816856698848326345796522 0.876768242710844636356171122316
0.786041205628919326109382836876 0.132029606214897315963341384304 0.555783436376128925360262655886
0.286470744783729969196173215096 0.851976486018584888704197055631 0.532578077079378542357801507023
0.786531947177487200661971655791 0.229323820179884535486181107444 0.875093444168493550527898605651
0.872234396839163150794149714784 0.351955115967435394619400312877 0.340793819187745594678773386477
0.744274259029589213554345406010 0.222097444181877767821475799792 0.369058120438236769711437545993
0.989709554780539679796902419184 0.405577110911672367166147523676 0.850345630335011981593140717450
0.106422259066570212837632425362 0.594629985752754053329738326283 0.671019819517151616672379077499
0.309341123008605944910698326566 0.211662189548641299641218438410 0.856044865930229104122872740845
0.892410878178573896413183774712 0.097710243840950866678340958060 0.335448138462408451676566301103
0.002309182968486463670421127148 0.597611679622905400677268517029 0.429183884147586069968127731045
0.098693518407935429403998739417 0.472510182736287032145838793440 0.595074558969471034686193888774
0.389735423295617111616451211376 0.879248427693247514014274202054 0.834566639998179482518025906757
0.128614991116643040403033637631 0.257010268838581246164665117249 0.514142146629150142977948689804
0.969607800089302473978136731603 0.589658970381605973543059917574 0.884627084754191495008512902132
0.102771497111276796654344423132 0.953226325553136244472796079208 0.490006959612135972736979283582
0.068833460635658191839603148310 0.969025749704006233997688468662 0.065197439925881284228381673529
0.337975322780739162453755852766 0.093112415904607295780159859078 0.425520385015528912475701872609
0.065170596623889964771336735794 0.660153187676881358925129461568 0.872148858683282623971422253817
0.388090845144124008125885438858 0.216142278905201018490700448638 0.285957615225333527941842248765
0.068328469915295980685598919990 0.805750554392381079793494791375 0.461697523361182471379748903928
0.652037934782063954841646591376 0.173360997178856862666052052191 0.794606519680658540671913669939
0.672899046023652025461103676207 0.485243502171398444211547484883 0.973445200747326211399013118353
0.924950297388175468604742945899 0.026679019235406591786796681731 0.309258105265541038964016706814
0.602377406203740028978188547626 0.663517239749792042680098802521 0.360429515681306378294124215245
0.424460966353269908424294953875 0.729484843868225540930438910436 0.195162984823728874461679083652
0.453811149869943086798684817040 0.452270860205763181038918219201 0.145082183145264775880889374093
0.317130550389528698129737449563 0.259569639652164230181341508796 0.630550860638905419364164117724
0.637279588642680860921529983898 0.532357591654819661819431075855 0.991265345101590034104788173863
0.565787637895523998210478566762 0.967844032511983587419024388510 0.500983233927493665227359542769
0.985737943141049677286957830802 0.312995648386678204655453328087 0.578315930429404323476205718180
0.609120702437268235485134937335 0.329895465345791505384909214627 0.449847906277686337972454566625
0.177726742298384116081066963488 0.309539222169351757596444940646 0.189078299810742977982158663508
0.986556317200895649399683406955 0.754904763477453499831426597666 0.105052638109099802377066623649
0.006748493010985648528354818865 0.719739105502511633538631485862 0.899055825884345405363262671017
0.177424920218598791699093908392 0.300812240956264631552841137818 0.518906599373506915995335475600
0.290111546894080640779378654770 0.960345008612292660998832616315 0.095858155668653341474616524920
0.986171370803096025703382565553 0.718897507160772608614252021653 0.183062945831428458554057669971
0.503324834675540566664153629972 0.163904860856728007423299686707 0.817869213092224156547160873743
0.271959764923313140894123307589 0.112658367048927704479055478259 0.227786370187224418426552574601
0.878745889048771267049176003638 0.641575302052241891459516409668 0.984707947374446224131361304899
0.187237848414952473552474998542 0.343845556592134782292191630404 0.076763005073209850115389940584
0.645514800576352576477745515149 0.941837147952501174685835394484 0.123192650239917309007431356349
0.451180802281113901841536062420 0.156275630415326161060107779122 0.596592660857672818508490308886
0.216538773213547031115666641199 0.147332511092281098763479008085 0.280123322708003608116911209436
0.070752920461943258345627327799 0.111401792552578968176213436436 0.298969780357206449394880110049
0.394285244076134633317565203470 0.827588076033535902098492442747 0.760957980457939386909060885955
0.154091340451130265343238079367 0.054904452292968891624624916403 0.217774257403060694793239804312
0.833706834102362792648932554584 0.705066185275134538201768918952 0.022310693085506962118902407610
0.709287712738807751833292059018 0.407396209963522826225101880482 0.469127629479540619872324214157
0.047971487854024011387998882583 0.977888758106822297833105039899 0.280255911864373985498133379224
0.440061355711502011356373031958 0.283638869756585476622490205045 0.797550359168775035989540356240
0.741523761803632219802295821864 0.924889103269476708923946262075 0.200484191761201052672802802590
0.968270716459587954538790199877 0.803718622210526922877704691928 0.405490839683264769899295743016
0.638730062936425757591507590405 0.106174888082618379403498920510 0.747171728013508062993253133754
0.594059765918913740279094781727 0.459068765980625126399417013090 0.509961612111308193462377857941
0.462562268679353627565120632426 0.628758823962517143790762474964 0.519519722228184654966298694490
0.089580085420011196228884386983 0.245932989995102824209993741533 0.543757534976664236303633970238
0.181625674898556327407916910488 0.120495746730946512448312546439 0.836886076556527136460772453574
0.620860726714554500560439009860 0.161780742739883465208805546354 0.524881314679332189321314672270
0.664965228340126168760093605670 0.243406363035825495932940043531 0.293310190891146960190383197187
0.276363478492423320087567617520 0.207298166387778121100282646694 0.435740498246424579065205762163
0.936589939750939404206064864411 0.264923660024757090525326930219 0.395211918194871059117900813362
0.689607878425103848485377966426 0.796254176055600004779932987731 0.107570370454290326067692262768
0.013590612790570739260020971528 0.780610966160734331964476950816 0.340481508065347993063909370903
0.738417299576344277056705323048 0.134303508510562691347089980809 0.229592734226212624726315425505
0.408619358494697382244709160659 0.468923534617943671420903228864 0.416475933709563428397615325594
0.092712521497994221375549273034 0.176104142487108900061443250706 0.544088063973088287283985664544
0.078815137735605195201671335781 0.342513168376270882298229025764 0.923685613975695707367208342475
0.697932257652463694519440196018 0.673271556999083142791562295315 0.404800341156186183066978401257
0.187312407704705224942287600243 0.585156275895013844312586570595 0.674121572631416698939688103565
0.546006117949489833129916860344 0.359017239127740195314686388883 0.255810352650069072755201204927
0.549416868219951171070647433226 0.688823082595096836122650074685 0.395065814332451470392015835387
0.785882802811253444730255068862 0.159089112342073457639912703598 0.922041723536817681150523640099
0.325149114136528194496378318945 0.589790618542890054953886647127 0.054780097037692723760393676002
0.700898632430434265216945277643 0.487807596436433288378253791961 0.399861192935300480133520295567
0.153282702658524394578876126616 0.978438188790576757192241075245 0.176794376927077001582233606314
0.156616034149137522968331381890 0.997334105179956575959465681080 0.995487972592930092652352414007
0.512079185711301398953310126672 0.271298780544038053985644864952 0.759188172668463501224778156029
0.221171309605469768033714217381 0.727781513483642505946136225248 0.916920920279842954769833340833
0.858085066786975492192368619726 0.641985607374947142567123137269 0.264067427710659718975705345656
0.461029344480341385370536499977 0.822041935044796834297642362799 0.680056679705961286686033417936
0.288125850895288415642880863743 0.023102821840473259512593884324 0.338308173207147844241404754939
0.976790429284960626254985527339 0.536142466154095109764909921068 0.716160021096252541461524288025
0.527850057088630530977013677330 0.624960583334056796189770466299 0.019173373141055424784262584126
0.253104409937269458907849184470 0.799721448455781525055385827727 0.763576809924124022543878709257
0.453086249271687557804710877463 0.531598846997108354095473714551 0.821371082547311837096515318990
0.114019339545530271062823146622 0.025313773928443788346909215647 0.750132406340379809250862308545
0.581258995654414301057499869785 0.325355609024164438292103795902 0.900470332268526352237358878483
0.469164157281803828603017336718 0.990389622765049493224864818330 0.216254502615719268465710456439
0.532371552200739839300069888850 0.519231266425248749740717357781 0.336857526331552803444679966560
0.843057663006707369568459853326 0.665565576923779822493543179007 0.481713866306803017991455817537
0.163812369794517159737878841952 0.215881476969501967522191421267 0.312133364768931664823270466513
0.480594072061934274309180636919 0.891556625132216229445702992962 0.690780704503809683814097297727
0.290016634468121814460772611710 0.466704196558940354044864307070 0.297317173563809711289707138349
0.707475846807210317912506525317 0.829295895981273623043250609044 0.903818777510252857609884813428
0.726845201352534719951847819175 0.425692087987810607874195056866 0.839763708216490489810723829578
0.728611497260012286325547847810 0.747257641994739985058515685523 0.734892024281892819459471866139
0.781498039315943526794683293701 0.604438575566090485757797523547 0.794254092334023220622896133136
0.265012556946868205187683997792 0.245173259865539866497741172680 0.773821311188812810399895170121
0.172372158913012912817563915269 0.826323594312651010795889305882 0.607790766901461609883483561134