 0.0352281
  0.825339
 0.0800625
  0.372229
  0.805216
  0.849775
  0.244229
 0.0480109
 0.0909997
  0.753631
  0.275114
  0.514229
  0.865481
   0.21531
  0.724586
  0.302961
   0.52326
  0.451942
  0.793913
  0.952419
  0.912758
  0.217491
  0.599482
  0.179357
  0.471789
  0.681864
  0.130958
  0.102298
  0.355631
  0.592474
  0.516153
     0.215
  0.170279
  0.384708
  0.692833
  0.496221
 0.0731475
  0.177513
 0.0388725
 0.0436534
   0.87063
  0.341591
  0.178202
  0.689513
  0.796252
  0.750242
  0.953241
  0.256158
  0.220351
 0.0903876
  0.985833
  0.661377
  0.590015
 0.0056131
  0.214446
 0.0319564
  0.277792
   0.87424
  0.714231
  0.325297
 0.0610103
  0.792802
  0.172379
   0.30168
  0.053939
  0.356499
 0.0740761
  0.458658
  0.431007
  0.651557
  0.280474
  0.982856
  0.201959
 0.0413022
  0.291549
  0.711654
  0.246863
  0.914632
   0.60631
  0.817839
  0.340051
  0.742107
  0.599953
 0.0348487
  0.372315
   0.38569
  0.326073
  0.316241
  0.552479
  0.809809
  0.398423
0.00706831
  0.820576
 0.0634434
  0.170245
  0.745979
  0.174161
  0.481319
  0.278997
  0.638339
  0.635231
  0.985718
  0.803197
  0.863652
  0.190001
  0.724788
  0.265716
  0.963503
    0.5236
  0.831069
  0.654231
  0.159888
    0.4864
  0.944679
  0.942348
  0.997662
  0.694887
  0.137762
  0.570879
  0.656278
  0.455985
  0.104339
  0.318517
  0.480064
  0.731921
  0.170538
  0.123455
  0.922753
  0.442185
  0.463247
 0.0445227
 0.0582572
  0.742342
 0.0111191
  0.658822
  0.569104
  0.366317
  0.584292
  0.755463
  0.446267
0.00892846
  0.587573
  0.563082
 0.0927227
  0.955833
  0.389794
   0.91022
  0.714436
  0.968635
  0.163398
  0.816231
 0.0617586
 0.0710873
  0.366476
   0.36712
    0.1128
0.00156691
  0.600472
 0.0890358
  0.998882
 0.0546919
  0.688258
  0.135736
  0.976205
  0.776551
  0.703084
  0.115086
  0.648075
 0.0344726
  0.151806
  0.705637
  0.520847
  0.682477
  0.703771
  0.825148
  0.201019
  0.832864
   0.29064
  0.315075
  0.942562
  0.417036
  0.939638
 0.0220994
  0.904891
  0.766276
 0.0488547
  0.484005
  0.980394
  0.580507
  0.853814
  0.628698
 0.0375186
  0.629983
  0.734728
  0.441737
  0.499493
   0.21538
  0.708369
  0.468109
  0.538817
 0.0131525
  0.910935
  0.214391
  0.344272
  0.203507
    0.2146
  0.597604
  0.918735
  0.458896
  0.428035
  0.753833
  0.548492
  0.942827
  0.636088
  0.158427
  0.732056
  0.890616
  0.185031
  0.503707
  0.872617
  0.972845
  0.654556
  0.583654
  0.806716
 0.0233034
  0.640645
 0.0762911
  0.938458
  0.371604
 0.0380246
  0.791619
  0.852557
  0.202902
  0.695269
  0.534166
  0.527623
 0.0763734
  0.141118
 0.0293423
  0.890991
  0.272619
  0.139955
  0.141315
 0.0802978
 0.0729604
  0.464902
  0.455732
  0.427666
  0.597172
  0.566352
  0.855186
  0.195353
  0.875736
  0.885773
  0.534261
 0.0794868