0.250902493011062821537393574545 0.125768012382422134098902688493 0.511817199126373023609914980625
0.791452361598713238777236256283 0.742203779160268473091832674982 0.631308103531386666240621252655
0.168535582533784950021171766821 0.621750967253398956202659064729 0.607754001799863163846282532177
0.032746224313406673001036750748 0.295950152369167329702293045557 0.408209649270939778364919447995
0.686097543657823161211695150996 0.170679522746273543143402662281 0.250539333890384685599173053561
0.392312746185944638543929841035 0.501181357992340203999503955856 0.713157310870998650820240527537
0.263884027271683696547199815541 0.941272991589953811342184053501 0.654338317734141083903409708000
0.107078435825509396539523265801 0.926633623593719812916447153839 0.646770320382307639661689790955
0.460759688737334027752723386584 0.697611099447726701328065246344 0.862885154662372033662620651739
0.984257340037366423857179142942 0.353862753287502995735991362380 0.650872879820019067942382662295
0.067550189983399774873440435385 0.689539662215705728698367238394 0.886192428634576701007574683899
0.581287762081216241583092596557 0.611767943365583488635195408278 0.123581902717118496948245365274
0.151568564119503285114731738759 0.292704236354231650540924647430 0.930021157710263279838613925676
0.580300169151913514120622039627 0.324992339556683051959851127322 0.443876985628810782902320397625
0.038400741164595381116342309724 0.278666192396189449365095924804 0.057333224034758184517457380025
0.343209916129524783556803413376 0.484097721250864865272234283111 0.718628974418807908719486476912
0.563590719634034953422485614283 0.079739564723559211434356086556 0.793921364830547093838220007456
0.307819734499611530331719677633 0.740045992837500499206271342700 0.262498928899920602741957509352
0.273884010322615334409590559517 0.415210807474256482496599574006 0.975108070446400576614109922957
0.128922102574003577535322051517 0.796755562332252642576690959686 0.953468725216181534065640335029
0.983420582266048004527192460955 0.994383515960934771804602405609 0.295741468617869707191658790180
0.645858000190736247780876055913 0.752473158526107632759760690533 0.606909493493167584432512740023
0.149959114181687364064643475103 0.545369561135205960233918176527 0.862025390638251121089297157596
0.925953779144465527473073507281 0.779887488188548694267865357688 0.585357153075717895340801533166
0.414769202080984611402669770541 0.026420918934679883671723388261 0.833812517156104160420682092081
0.845947806469774077342549389869 0.578794059498590973689147176628 0.722184328036386324889406296279
0.345410688764303808184763511235 0.132829728867558755078803756078 0.940404695024789627488814858225
0.593430755069646931332272288273 0.201404814071691029564448172096 0.291754030477885506478230581706
0.156346005221747519353669986231 0.126816672962834442461854678186 0.847068975580298144656410386233
0.867734904006826623934500730684 0.311063418011420012021517322864 0.704622671036069347927366379736
0.828643280924371672391259835422 0.317185692300914090502317321807 0.773603132307114527144165094796
0.246712272717414887734932449348 0.616608049568731941825205922214 0.904656964562146059805058939673
0.909427512023949446984261157922 0.389244870791206842852716363268 0.979010200466441715683174606966
0.385432612700592314158853923800 0.246303694891865126992414047891 0.012263507514697962949568044166
0.510046034372320322702876183030 0.299906509325255532516507628316 0.923975405234653490715857060422
0.520595740123128813969799466577 0.856053771602115154415457709547 0.643722463896677310479788047815
0.795903134559647673640370157955 0.376488739301962194172546105619 0.643530064728827011499845411890
0.143827132801816942597739057419 0.326006942094756557715129474673 0.372795450336925404677401729714
0.384814546283271885496191089260 0.326709756496931347236056808470 0.962728506467251277101127016067
0.596537124536351326398175842769 0.732583511186820635074923302454 0.636679672453955958211224697152
0.180374828270725567902488251093 0.000142743192613879841135898774 0.070790247088133417818767156859
0.166515346374349754166033221736 0.932866962871193527995217209536 0.657065179530163079313354046462
0.350107312897658895511909804554 0.384617606518804666659860913569 0.083844532684384312504199954219
0.521242059140781366366468319029 0.687482403777482709017476736335 0.876654252346534823558954485634
0.411528925725353100784076332275 0.490653773614153521087644094223 0.661060583046210181734636535111
0.415940963756816772800561921031 0.943680548887087411458196584135 0.027828957708684813610044983534
0.624831504841739548972157081153 0.024352645161863636230625829171 0.742568453983649234828590124380
0.000794906270538514071744007339 0.030372229701451595312855502584 0.181527843468110711144802849049
0.018878520727110971455520171958 0.313416049546786368296125147026 0.144958292170042690738540613893
0.995152325677348015275924808520 0.178069010505572555835840375948 0.097702093810936654905141551808
0.727831532076431808597760664270 0.839572379297906068451595729130 0.550487561805699243677736376412
0.832923954432109092671510097716 0.904158459268899039606992573681 0.405137057608489226101511349043
0.758826155542406621812290268281 0.285714751005775313696943840114 0.082366015524188804231009441992
0.429869725783525891138481256348 0.022620776382555454753209289720 0.222537370478104762350213263744
0.277098465266565285869404533514 0.283719702203745149926561452958 0.149323302957428516446469757284
0.189627227727815594882088134909 0.376020632349475414368811243548 0.463645292271383568927234364310
0.586937701929886257445900810126 0.036904600026659982459076303485 0.722910139935507678465853587113
0.746342739294303059160995417187 0.166764469597916492604738891714 0.618216765881636431956280830491
0.354331135569290467390857202190 0.323926388045118140990297206372 0.511466273273686877764987457340
0.380005300905797593902235576024 0.521480331698560006792320109525 0.756045215153804739394161060773
0.065825155882762539927277600782 0.600139452811945917076741352503 0.105387494871077722069507842662
0.016642357334697863158190500599 0.639291898942538017180936549266 0.690804374298078727179017732851
0.155724534924545437997167596222 0.529351001954639466262619862391 0.816354057167113400517166610371
0.199576506357797889279481751146 0.074870848911583423590521135793 0.074775587154818787261056911575
0.918855656223123817838427385141 0.038751893975491773225439118278 0.625540436451787251748157814291
0.312067514285988167888064026556 0.342160064374912031848197102590 0.300697951645481409421734042553
0.048747184095149935501023463758 0.619146661654291885490408731130 0.710585511123677182609981173300
0.035974971774534937607459283981 0.287366665200528559331871747418 0.017750146055073724726813821917
0.247863521874155612323420427856 0.819516913023357385092992899445 0.917127614685635195179713718971
0.629196172759370675464651867514 0.077722095928214454674254341171 0.715937925588045365188349933305
0.217668552313563690159270436197 0.637876304142286243425985503563 0.675891885673887027330408727721
0.839542380344817429360659843951 0.881027753384899914301797707594 0.666121087728956728923890295846
0.358369192005004721934824374330 0.509818768191316995519457577757 0.188446441889839805261530614189
0.307086779619642258332135043020 0.688234920038925723773104436987 0.427192879375391521001859018725
0.737297461918904550870479397418 0.994993668551423460222338235326 0.478846523500584375643285284241
0.158496097474293190510152840034 0.109155831248022874846448360131 0.701553301843815924065950184740
0.344639483841278959630471945275 0.665253548785145532029616788350 0.241248432334663864828883106384
0.195294566197059704659722001452 0.418915440429482976991693021773 0.132487006135631191217072455402
0.559321381905301673320707323001 0.927066195183104513333205431991 0.367915436053357747248071518698
0.867289401279512706111063380376 0.993070840564295842511910450412 0.972756237396585343724098038365
0.893895625157529405413470158237 0.936118324349485275703841580253 0.035911595410459171140438172642
0.925009970351345911510065889161 0.959044650310818425076320181688 0.818701724654791296309497283801
0.792963397131217551105919483234 0.818312142571760658960045020649 0.315296033078571014129920513369
0.045381899188915338083649686496 0.130753786738648153376018967720 0.697989263258682601787086241529
0.551434150218407692634059458214 0.691788552414533186585288149217 0.203395824506773709172691155800
0.529625063178796873231135577953 0.662007004693374700998731441359 0.098891069256869940096166260446
0.477512353275808099084542845958 0.021614635255470159014290487676 0.843870733646221449220092836185
0.396072846063162564700377288318 0.045393991954339948935448489920 0.580854134924055798272490847012
0.771706200164458788748333972762 0.850263679794737714523478189221 0.103935681491746700899625466263
0.633231136378305747847150541929 0.037262742742272259022229263792 0.300074976902029832981355639276
0.156381181458776302717339490300 0.738077224000284304317176520271 0.576353509399909591515154261288
0.612798948786581920700200498686 0.887131537931905023164347312559 0.168167076167997253666186452392
0.957110613667834786433274985029 0.186193233257222756638071814450 0.330983374854790846075758281586
0.405130979386802980712900534854 0.249914570996898982579992321007 0.863144311055194735082807255822
0.896546166477968364816319990496 0.781833364430371657860519007954 0.010802780266315937726662177454
0.223254754732205684675250267901 0.055544632918644296082355538147 0.569784570864205641704813842807
0.103398370535244754631065688955 0.367768158762507790804363594361 0.825915923497781867546052581019
0.549298995161621395055817629327 0.904585200567056824105804935243 0.109057603428186489225026889471
0.109016302522764188531745332966 0.732669179328791830840827969951 0.940721503283113991145114596293
0.194808366750630984620684671427 0.707725201601970277387465557695 0.973449473270616816300560003583
0.023693491297541752205191301073 0.534253234983497748977754326916 0.730539779072032824380755755556
0.236528201501141760454416385073 0.630621757994391685109292211564 0.439388411226884600946362979812
0.519030377336869741533575961512 0.213507842839407352419911489960 0.085430721385443567084116978094
0.921769758721162846271113266994 0.334677594283860402324393135132 0.517615291876955208039134959108
0.181538028603197482135911400292 0.479851420977014442303953956070 0.049614886025616838916008077831
0.895327263005719298227802482870 0.348710658797295403044103068169 0.006130566341710599539971404681
0.602799642716384309615307302010 0.728044972062793616096598725562 0.115973353059356590333273118176
0.482064752086716619139394879312 0.427967947725360453592458043204 0.207639469727511100094474727484
0.867903438841481689181023284618 0.674908941718993959923977854487 0.054568959199268150805917088064
0.269342194352100494647572759277 0.603391479105949368744177263579 0.561209930531916811879966644483
0.762605435108816620548566334037 0.197786411844825288364191351320 0.760693106899595572478744998079
0.747863333300298527284155625239 0.189016652255931588699766621176 0.698593828689135776244256703649
0.586077285127132641129321655171 0.367478124940367356643378116132 0.331643325352112661175141283820
0.510312240971091291008576718014 0.445077207200367364059445662861 0.506122151025568123294817723945
0.535901427801749097312722369679 0.379115953600763722075583928017 0.719301238069768200666942448152
0.888909973551352927678692594782 0.212989773499297596615065231163 0.409615559282741237279168444729
0.399845630186156653085305379136 0.836933545783358767700121916278 0.012854955252054860864729946002
0.448736412936704853748892674048 0.890332405622672573564102549426 0.348621068965039970777297639870
0.513661436026928264197977114236 0.905917386546564284977023362444 0.418697261199947379228802901707
0.827906154823409567988790058735 0.586645439317301065074161670054 0.224599841420008522474560663795
0.734792244885252743280545928428 0.378862528646330909420925081577 0.442093830927486719506447343520
0.903167480337484729346897438518 0.035131854607888771124812876678 0.215094076618458446281678675405
0.707934919554530917018553282105 0.214537087348066313197136878443 0.191265610290886511890562360350
0.358771958412838043450676650536 0.104884806371485839182611243814 0.172265235742252276196495586191
0.791842231305033616983735100803 0.233401326899528638314507134055 0.337433973827689914770644463715
0.447597035272941701222748633882 0.551156537648551991814827033522 0.706581428237260444902290146274
0.489034406354616202339258279608 0.610019552589514235663159524847 0.571359338926390347701556038373
0.401840731585899058053712451510 0.158914786437359206727748528465 0.932310449890339953959994545585
0.370366467791050313351775002957 0.414595520458200972324647182177 0.308699432608538215649929270512
0.145659566808675755567037413130 0.035710550138879401660396695206 0.327683650701613093936259701877
0.408015912666090052596246096073 0.996403258072765196651232599834 0.548359036862315907256970604067
0.970641331369466175971183474758 0.387707106823895475411489996986 0.869089169738564537581737567962
0.710297478330456644179946579243 0.443095079215360676538892903409 0.260989320431491034213422608445
0.130188841570197472163883389840 0.725523650520947360753609700623 0.746588777446446472119134796230
0.654718762818713329032505043870 0.426774438751438445205366178925 0.059862733511295992960832279550
0.302397450129897771287090790793 0.556767795459416570125199541508 0.060135903882791968966259332774
0.772778997591159866331622652069 0.737344712434479854223923211975 0.674563961868252737197337864927
0.028791862806206436342648657956 0.082447522486366359162346384437 0.863562533112167796112146334053
0.478403180348349388317785724212 0.829739342525499079528117363225 0.065424683746645020954169069682
0.703387917930452410963937381894 0.250447503463764098441401984019 0.366507355627989528379373496136
0.066738366129525425463064891574 0.652363693618795648099251138774 0.468964099566571313015828081916
0.168955249734266371719471067081 0.999753994824274072605874152941 0.355428558290702634181457142404
0.865372730630187714240264540422 0.237240868329665399727446128963 0.177784431665326148053196675392
0.399644755165511456063143214124 0.745358428329963240699385096377 0.242498093765384864495260330841
0.619519147604721931443805260642 0.763966927294240538692804420862 0.281660575270487933963181603758
0.759250488074579510389128245151 0.740776392281244144832896836306 0.406644610839549447423024730597
0.975474256538542694450200087886 0.462936224700523923925032931947 0.873738699951620456651824042638
0.346220272558720232325413235230 0.575735170915969707294834734057 0.177244546037291589302142824636
0.715711635236445764540746949933 0.994711317179920784248281506734 0.709861522888669105313397267309
0.096051889130980255826486313708 0.168261477743260001727065855448 0.151759718861302100867405329154
0.144182687158959238482580644813 0.139361306670548856789793035205 0.007043174416194257145273915910
0.206500733956585053041621335979 0.332723611737605062810274603180 0.305041699243192410140324000167
0.502714149801729681676931704715 0.192498727344857872845196311573 0.614821909285529155653193811304
0.089705340658450302693260880460 0.009864972765294304987704343546 0.210955993217269877071373684885
0.495048874738826250041512366806 0.143050908658469311252048328242 0.934254491252944685442116679042
0.957180249417242556830842659110 0.472642877385772264275942688982 0.069876468810332964531895072469
0.909338890694302848238805836445 0.478329201760781697050362026857 0.557087724762300395831005062064
0.641030423646046010333066078601 0.688061724705982702410267393134 0.090886195497157012956890298483
0.356649411858790232887628235403 0.136892709315845545470224919882 0.965579819149977036651932849054
0.019604412560383803476593556070 0.790339915937585568705969762959 0.393212841643511501477092906498
0.979295551492484706024299612181 0.698992580526843210186882515700 0.536780050742374670313949991396
0.297652536281742929880067549675 0.852442257790601343181435822771 0.315586538018082840562072988178
0.246846099022590831362222729695 0.846646927128192339218060169515 0.208443333706440081520838703000
0.767304784522747862496316884062 0.731152513050077113021529839898 0.245567897131349660577726012889
0.066926113609850262919920282911 0.165207112336415079534290839547 0.111847527862478854365768654588
0.764097597056516919522550779220 0.702045242472992381266294614761 0.217745675637282365411095952368
0.267071405905944636582916018597 0.446928447614287349676231997364 0.807231849113755450808582736499
0.382905714518133433177382585200 0.621615463629613729246159437025 0.265289221346661663325505742250
0.291004654242939864161598961800 0.563909912945097069325584016042 0.471335797771962272673107463561
0.968092330083890062475404647557 0.000823353343527273334907790048 0.734158910208220660820188641082
0.271907610235150143385141063845 0.898999717231714678966625342582 0.456139320636396450314720141250
0.875892894019146384110285907809 0.148039221597163705990141124857 0.815697036747801362821519433055
0.237627765748189639927190341950 0.575079846828919549750480655348 0.065213724531961933528201313948
0.239604128530501364613414239102 0.356843252692898849076641454303 0.138071130216478321628414960287
0.565841358648062398017941632133 0.600053855493672960719209186209 0.235555786436270536698955879729
0.767317204899124361006101935345 0.075539971546071768560004500159 0.418217815957816818617232001998
0.850633072819216851101487009146 0.746139567192862118716334407509 0.673699903451279835664422535046
0.322955639464104271585398464595 0.733284674041329354032825449394 0.870607952399568563173204438499
0.816285477920456692402240150841 0.690441717140998112434147060412 0.291093352952917938658572438726
0.663096551988536675459329217119 0.289015608329775963714070030619 0.267713658057405490264812897294
0.588656862932652180653292361967 0.955126802881272163325832025293 0.527168439500502628014544370672
0.767993259032944575182000335190 0.978622530773612830934382600390 0.636631862974411766309401627950
0.270215801454427584360473701963 0.675831219496125901180505479715 0.282816521302215961863879556404
0.440470288346181793048828012616 0.295122592857575805069814123271 0.924227429529338118108228172787
0.025419423271397508651281427206 0.342892921565393138383370796873 0.651505223916762798985757854098
0.857243494130735972369450337283 0.964343697689471812672934447619 0.732821964948469295464406059182
0.368594526011554901590017152557 0.788694376666836949318906135886 0.822570473193413365109449841839
0.818950827776236178756619210617 0.466016116673983460394481426192 0.172390845499494960169073465295
0.136322399031490099075014654773 0.512153619782793390058373006468 0.441161468110757459815118863844
0.005630037594931779250384540347 0.515301017837152208755924220895 0.553126440951945741453243954311
0.759206010650249840665537703899 0.851223337812790248335659271106 0.867029553359480509300283301855
0.319439417104362077814982967539 0.928358444625061896005036032875 0.879679572103572282593120235106
0.952663738473104482196163189656 0.437664317634506416787587568251 0.941068052824249878796081247856
0.391554990370998556858950223614 0.468112673779011723151910473462 0.386631801676009689838764415981
0.091325642285975699996569687755 0.184573483968266172094985222429 0.143012009113034188612090247261
0.895140124954304172710806142277 0.090657064837169551441142800741 0.141266035018347307916641852898
0.966522434702996258160112574842 0.860378617313788174314481693727 0.278928929087472299297445488264
0.235839053881418431179994854574 0.714510934342613701630853029201 0.776294104176810106920925136365
0.730104299488962604769426434359 0.095062311960752723938306019136 0.516231042206876766798018252302
0.682298387469658651482973255042 0.432204222014690997433206121059 0.546404590748935992117196747131
0.956819081659872061607075011125 0.531582733881275082410411414457 0.840195630558043027313885886542
0.426392973661104679461431032905 0.263184279442537361060061584794 0.464300353506350738097552266481
0.005651066023898219069232506939 0.671578737632291034032050447422 0.899982185533502843099995516241
0.343177340638376626724692641801 0.651345071879284032156931516511 0.293904235192978591229007179209
0.895392969240828562327294548595 0.322980253578163345462570532618 0.776962031043717415990101926582
0.568422826297594885325281666155 0.254670850645451085636494781284 0.873266693564780815961512416834
0.677282199117231087370782915968 0.080673264672471989289448401905 0.080151095232295077597228782906
0.290337977075606601395918460184 0.839982214111337999185025182669 0.675052831480093651350671279943
0.526919476639160277997575576592 0.053012414374603897271320818163 0.479962581646198038765049886933
0.103459901526563938234382078463 0.615672605347103774064976278169 0.794355536596723643683048976527
0.211666049623857682737693153285 0.999187458386346594174654001108 0.218883199375618092696882399650
0.836166424210660452764898309397 0.756295593723706804922812807490 0.778183779856145285691582103027
0.531725261977275431846123865398 0.457693584450044266276336202282 0.145678456959405205894952928247
0.322750746115527231694386500749 0.085725446683787481783056705353 0.675487956627803809439569704409
0.913335066197817568856009984302 0.086028416865351953202178947322 0.431579198878793146576526851277
0.220562746440418788740345235055 0.798656519243354456882855174626 0.095672708521288465921550425719
0.385609898522151273159153106462 0.081432867819670254339037285263 0.555402211980769777710520429537
0.948560471664808280145564367558 0.679726740233126514034722731594 0.672127945299394236045031902904
0.358425302164116277303662627673 0.309300418619553429966373414572 0.522531014022355355663762566110
0.683187839536508745297282985121 0.846718302448048243391554024129 0.839992985746888409792632046447
0.453347629834537857451692843824 0.711031561487934782306297165633 0.249449506639172785549263267058
0.570871614632110779830043156835 0.517429263235126835063226735656 0.200661675579371617805790606326
0.103144598717626170825134579445 0.966208318158777834661066208355 0.505100628569293719216659610538
0.783000979924343143423470792186 0.372076847194873994162378494366 0.412592175744952327498538124928
0.455244188279006312125574140737 0.252967051681447174793504473200 0.117547825621511448090927842713
0.585921851007027316704522945656 0.591862884927103483079235957121 0.792482644734152197329990485741
0.710434013159366273271189129446 0.040337261682225969416926147915 0.382801974034543024405508049313
0.973541812592863098352324868756 0.198370999987887763893468218157 0.646520763272976695112959077960
0.518214331718125142955955197976 0.724666675462833698162512519048 0.746500576627442624655373037967
0.297916048265019106633388901173 0.148569919951576784322710977904 0.793910279425075637860231836385
0.158392730879958087975012404058 0.337963202255419759012511349283 0.729232327623698939333962698583
0.249014615750757756229560868633 0.642820960640802741004051767959 0.913058858540672924064551807533
0.495585811196496806019240466412 0.077366619711499620692940482058 0.316200578771173357317536556366
0.543573883665997015235404887790 0.773673567563045172512659064523 0.072239538750108911457914473431
0.010066398002927304938802777201 0.853361323629538537360872396675 0.080309052940371911111228087066
0.787495131631000377936402401247 0.501328557653836215379783425306 0.528620414052114018232941816677
0.280581651675670562529063545298 0.755501426384279750614325621427 0.295526785932722801941707757578
0.150699045546366316994379985772 0.664803149900865308907782491588 0.785614743786659075475142799405
0.129835458421696636754916198697 0.541326405973329705112462306715 0.546434673560656669621948822169
0.969335448386577369639383050526 0.990513035818014420108568174328 0.722323632716010077814416945330
0.425068356755224696641448645096 0.837423999619759884538439109747 0.434488765584674418995803080179
0.778596508513535345841205526085 0.281193583933943447306091911742 0.002913586760012633683492033754
0.560728445075706072309174032853 0.854776145542207044236704405193 0.052219852773039372728636209331
0.643282586844905246437065216014 0.100185749760614284387116867947 0.397271192571274689431248816618
0.553842771700762570574738674622 0.610918924799487617072202283452 0.631279684645194349990049431653
0.972246259558319114724156406737 0.709188296225181646903479304456 0.510032290415893041490846826491
0.139047658781029204178025793226 0.103371368190633708405989921175 0.331659409355877732306083771618
0.404474816002448223084542178185 0.929465229215494903591832098755 0.294829291755484335091352932068
0.084405397559492376102774358060 0.095519164499108105692570802603 0.521375657957313332069304578908
0.076261190652673810363992856765 0.555655772817387871853611613915 0.889310582889718093113629038271
0.264293105283677498551497819790 0.283230177727871068604770243837 0.173801856830779227758299043671
0.678036847506605866442441765685 0.461184376877856461174332025621 0.374155289798403900558554369127
0.221302118783411633229363246755 0.178482606282835742916859089746 0.933466441139590985542895396065
0.030778361010036541650647379242 0.476862545688908845420428406214 0.769334723748919868668849630922
0.802953912100503486293234800542 0.333372039296095323823720946166 0.305553163034820385313139468053
0.141634170780509077713915644381 0.371423915957912909036053861200 0.074197251102224082153213657875