   0.32304
  0.407355
  0.382009
  0.627932
  0.678608
  0.647497
  0.199149
  0.203829
  0.233461
  0.519048
  0.658773
  0.771142
   0.88319
   0.15043
 0.0212177
  0.786839
   0.51712
  0.775479
   0.91255
   0.55617
  0.558309
 0.0624369
  0.800725
  0.545933
  0.308461
  0.633716
  0.537427
  0.953145
  0.501327
  0.668887
  0.468981
  0.161502
  0.248691
  0.362636
  0.708995
   0.11769
  0.711141
  0.597108
   0.66723
 0.0267838
  0.155095
  0.973685
  0.959442
  0.699046
  0.541191
  0.165435
  0.975626
  0.593003
  0.497759
  0.511485
  0.738935
  0.651448
  0.274521
  0.554949
  0.822377
  0.376885
   0.84884
  0.502742
  0.497869
  0.426641
 0.0234128
  0.714784
  0.218115
  0.156299
 0.0957597
  0.956098
  0.554635
   0.65233
  0.398155
  0.832365
  0.899647
  0.460388
  0.756345
  0.141237
  0.312267
  0.772553
  0.381648
  0.303779
  0.663607
 0.0959049
  0.994466
  0.798169
  0.492884
  0.962373
  0.952768
  0.768053
  0.165123
 0.0769694
  0.104298
  0.223877
  0.706878
  0.945101
 0.0532454
  0.277841
  0.132926
  0.231886
  0.544467
  0.890065
  0.295641
  0.399508
  0.488575
  0.208406
  0.850988
  0.407672
  0.462674
 0.0196766
  0.629643
  0.281979
  0.963064
 0.0656704
   0.44087
  0.527701
  0.404813
  0.680327
  0.476226
  0.747627
  0.354939
 0.0483578
  0.787318
  0.840789
  0.175868
 0.0438386
  0.369409
  0.411405
  0.322269
    0.2969
  0.592873
 0.0659752
  0.293397
  0.519039
  0.488533
  0.895487
 0.0831472
   0.10079
  0.415267
  0.401614
  0.460868
  0.750478
  0.545423
  0.582342
0.00915113
  0.950937
  0.554127
  0.255868
  0.649925
  0.540108
  0.758289
  0.360402
  0.285726
  0.904646
 0.0649558
  0.894577
  0.309128
  0.509975
  0.210208
  0.341515
  0.429413
  0.506739
  0.844113
  0.550548
  0.500156
  0.102125
  0.971994
  0.346961
  0.392115
  0.948869
  0.526649
  0.270019
   0.28042
    0.8713
  0.293787
  0.304206
  0.233498
  0.930384
  0.805813
 0.0787845
 0.0176212
 0.0995917
  0.950205
  0.903204
  0.981579
  0.146531
  0.521902
  0.154069
  0.248928
  0.273621
  0.255189
  0.205408
  0.831833
  0.152296
  0.632604
  0.961446
  0.646183
  0.387323
  0.591024
   0.99925
  0.275706
  0.687141
  0.692902
  0.279909
  0.675482
  0.523039
 0.0628925
  0.971734
  0.778675
  0.299189
  0.667707
    0.7024
  0.452422
    0.9158
  0.801794
 0.0339328
  0.952222
  0.626884
  0.231616
  0.211766
  0.221518
  0.514503
   0.44496
  0.764695
 0.0531452
  0.462323
   0.41011
  0.181868
   0.12851
  0.479935
  0.422679
  0.170648
  0.100203
 0.0429999
  0.461811
  0.535003
 0.0162579
  0.843963
  0.717885
  0.604194
  0.636704
  0.722344
  0.713815
 0.0122296
  0.794544
   0.62357
  0.544963
   0.50206
  0.452885
  0.111408
  0.442276
  0.250863
   0.91865
   0.73965
  0.772058
 0.0629497
  0.508438
  0.528693
   0.15705
  0.326685