   0.505131
   0.527018
   0.493024
   0.586924
   0.786067
   0.781504
   0.175659
   0.760029
   0.224539
   0.380861
  0.0646254
   0.680803
   0.450203
   0.258773
  0.0962813
   0.799974
   0.521058
   0.791506
   0.388776
   0.343442
   0.764415
   0.535093
   0.791367
   0.744354
   0.596628
   0.359986
   0.182319
   0.873765
  0.0554123
   0.939063
   0.247982
   0.581684
 0.00899803
   0.671726
  0.0108044
    0.17446
   0.589463
   0.602367
  0.0833237
    0.23972
  0.0392271
   0.545817
   0.811002
    0.60651
    0.13821
    0.53241
   0.736962
   0.363971
   0.600355
   0.509476
   0.906873
   0.585255
  0.0830196
   0.529768
   0.128656
  0.0597367
   0.142438
   0.380451
   0.457891
   0.948127
   0.825968
   0.605917
   0.362099
  0.0715708
   0.953043
   0.169872
   0.978156
   0.398629
   0.275906
   0.185549
   0.916794
   0.655357
   0.368406
   0.137034
   0.974016
   0.965764
   0.801391
   0.806592
   0.421539
   0.424487
   0.118957
   0.771144
   0.870502
   0.954085
    0.66614
   0.474017
   0.451893
   0.463484
   0.644326
   0.163994
   0.489357
   0.514752
    0.90273
  0.0714131
   0.187044
   0.950585
    0.45859
   0.293889
  0.0635742
   0.141821
    0.37562
  0.0997443
   0.970437
  0.0473706
   0.550301
   0.783531
   0.161681
0.000952639
   0.180036
  0.0812276
   0.303558
  0.0977166
  0.0486823
  0.0556821
   0.480094
   0.618787
   0.414493
   0.596492
   0.905179
    0.24487
   0.230022
   0.311161
   0.970638
   0.271211
   0.183339
   0.956545
   0.329212
   0.998894
   0.506909
    0.48449
   0.103924
   0.799574
   0.325491
   0.294964
   0.478655
   0.411109
   0.887154
   0.797001
   0.105478
  0.0137549
   0.857095
   0.335975
   0.661788
   0.696721
   0.815525
   0.510431
   0.574162
   0.481885
   0.213878
   0.202551
   0.530706
   0.391514
   0.904555
   0.396706
   0.502987
   0.870067
   0.808896
   0.487865
   0.603041
   0.493049
   0.441794
   0.528136
    0.73511
     0.9254
  0.0294762
   0.511439
  0.0805026
   0.249576
   0.724666
   0.484209
   0.415312
   0.709862
   0.598929
  0.0115342
   0.759024
   0.291163
  0.0628503
   0.994052
   0.667771
   0.860405
  0.0205323
   0.204588
    0.67746
   0.914617
   0.238666
   0.915157
   0.906139
   0.720003
   0.485058
   0.943479
   0.181937
   0.852758
   0.525922
   0.273064
   0.484702
   0.622125
   0.213733
  0.0552372
  0.0490845
   0.166103
   0.331025
   0.752416
   0.289731
   0.405861
  0.0555521
    0.20774
   0.693412
    0.60424
   0.455552
   0.328946
   0.667376
  0.0844794
   0.390984
   0.724617
    0.65017
   0.281632
   0.781774
  0.0824315
     0.2211
   0.324333
    0.81846
   0.951118
   0.387446
   0.746916
  0.0873407
   0.117025
   0.731821
 0.00911822
   0.737295
   0.613105
   0.871249
   0.162257
   0.420438
   0.490165
   0.345513
   0.483483
   0.349528
   0.130315
   0.387301
   0.603759
   0.486546
   0.587388
   0.964162
   0.393235
   0.524485
   0.790167
   0.990663
   0.607994
   0.335364
   0.011934
   0.624963
    0.19765
   0.429903
   0.164756
   0.587723
   0.784576