 0.879479
 0.842635
 0.945454
 0.555671
 0.853705
 0.832433
0.0381199
 0.699791
 0.672413
 0.964361
 0.860913
 0.457125
 0.491441
0.0587114
 0.981455
 0.786431
 0.433278
 0.254543
 0.558124
 0.447616
 0.772347
 0.324452
 0.407084
 0.938105
 0.145647
 0.540764
 0.387006
0.0124694
 0.187594
 0.809143
0.0343771
 0.413284
 0.169654
  0.19018
 0.151984
 0.410288
 0.110883
0.0215843
 0.523247
  0.13197
 0.113867
 0.658809
 0.533628
 0.904445
0.0343324
 0.178397
 0.177915
 0.129635
 0.510465
0.0966196
 0.897069
 0.573549
 0.148916
 0.921522
 0.823037
 0.553865
0.0854001
 0.711285
 0.844943
 0.568096
   0.8667
 0.498532
 0.689277
 0.174245
 0.157857
 0.526098
 0.934397
 0.361969
 0.588053
  0.70793
 0.518104
 0.444352
 0.269725
  0.45593
0.0301291
 0.396277
 0.947006
  0.06477
 0.979654
 0.437783
 0.401924
  0.39943
 0.281183
 0.505791
 0.167754
 0.588884
 0.907319
 0.687343
 0.102196
 0.221951
 0.176634
  0.35722
 0.755201
 0.897857
 0.113166
 0.392751
 0.215364
 0.604421
0.0945981
0.0794111
 0.790455
0.0866915
 0.878918
  0.12553
0.0703489
 0.873893
 0.174258
 0.490412
 0.366907
 0.283764
 0.855348
  0.29132
 0.421701
 0.886553
 0.777439
 0.204468
 0.810849
 0.501761
 0.375269
 0.342834
  0.36714
 0.550061
  0.18829
 0.367871
 0.936072
 0.418585
 0.841588
 0.888866
 0.640045
 0.759841
  0.73519
 0.728236
 0.766211
 0.371814
 0.043922
 0.300164
 0.752095
 0.900898
 0.516599
 0.791083
 0.580855
 0.530982
 0.344804
 0.766894
0.0596881
 0.334452
 0.357657
0.0514304
  0.36292
 0.697878
 0.100552
 0.340344
 0.220493
 0.811597
 0.193183
 0.105945
 0.826862
 0.610292
 0.718344
0.0615281
 0.935819
 0.885224
 0.756927
 0.182331
 0.391141
  0.56155
 0.112982
 0.305805
 0.905164
 0.232427
 0.446703
 0.784336
 0.830305
0.0639606
 0.596351
 0.215381
 0.625868
 0.868687
 0.525823
 0.220362
 0.443011
 0.433653
 0.999963
0.0428961
  0.41091
 0.853061
 0.671738
 0.411616
 0.404323
0.0830162
 0.824481
 0.879383
 0.693915
 0.891032
 0.475644
 0.267041
 0.664712
 0.997941
 0.969497
 0.492557
 0.566826
 0.469832
 0.870144
 0.224261
 0.903855
 0.991955
 0.265904
  0.80464
 0.292846
 0.697424
   0.7781
 0.267226
 0.596928
 0.526482
 0.689123
 0.100491
 0.992745
 0.284479
 0.574154
 0.715723
 0.301218
0.0776611
 0.818286
 0.728624
 0.318312
 0.841145
 0.667143
 0.463395
 0.695867
 0.683555
 0.388195
 0.889502
 0.510975
 0.249577
 0.127237
 0.223727
  0.56311
 0.517503
 0.355048
 0.680109
 0.590565
0.0298755
 0.890814
 0.369045
 0.133228
 0.616262
  0.93599
  0.29881
0.0126523
 0.913108
 0.892616
 0.548981
  0.65395
 0.843323
 0.203252
 0.223488