0.324971480150808622600067110398 0.858291667719889739274208295683 0.521505141102757585613858282159
0.502475169331421334106835274724 0.731727630168196196969176980929 0.970800042882577818303957428725
0.506849178256654542273906827177 0.508613802311903007158377931773 0.583121237727732721900508749968
0.817241753476018795154800500313 0.237070883110006180860551694423 0.992515133395769355573179382191
0.996671432060474149494666562532 0.085906035211367706705409830192 0.578222345545031934932467265753
0.068860026251770525829165592313 0.928993469481883105132169475837 0.294173306926121369553328577240
0.278511505527034686213738723382 0.638839602408793671983744388854 0.025708183859225554324101636894
0.895717228926984021519785983401 0.198236531463840320865799071726 0.996921010834894372187875433156
0.171182478698586715282203840616 0.882967036115608672197652140312 0.104392232385559183271972472085
0.159027658999021298535936352891 0.924659172480114976977461083152 0.074287793349831737765853745259
0.792070741611707762608318716957 0.653743292240606233001187774789 0.240206800235341189075910506290
0.380280330480279760152484413993 0.838512631798964624962877678627 0.827758721165597344260334011778
0.397269929114962117022713528058 0.637622691237143435216694342671 0.264440309010337493145215148616
0.233560772867237947947316456521 0.798735772799695209478443302942 0.522706461824189005938023910858
0.790737666215271750580484422244 0.341393266592870281428417911229 0.920536097439531575403748320241
0.726654581182432202091092676710 0.717315022566242688206727962097 0.855719261522614682569098931708
0.943451112523555623923243729223 0.658699576576437850761180925474 0.775703662695381934710781024478
0.629063904974288545801641703292 0.538585501797288035419342122623 0.902900886374670696987720930338
0.521482214726460502340898983675 0.750000381015349604219011325767 0.620822698355964597283218608936
0.045577589901322927701254883459 0.987563790629478965854559646687 0.771411126154998738613244313456
0.175664180123120738929998196909 0.158884816764478103978674994323 0.759970029888455966826654730539
0.010018966669284739418044338777 0.322176149823397373062050519366 0.661991490416322658774106457713
0.974397157985644080113729614823 0.363603469587951755315202717611 0.267140222538267135821143938301
0.270328085996091704856780779664 0.230275045403146694233953439834 0.687530662469106101930549357348
0.331910591932940646220373537290 0.372148248103572332201594008438 0.402840586961073776617325847837
0.916916502244335185345391892042 0.797140448800922940542079686566 0.622699355542484345171772019967
0.119259808271771766685631632754 0.850748719967817423892597616941 0.290656907871864045311838253838
0.327645624162588688932373770513 0.353112151738032398196054373329 0.218724381972563913789642242591
0.419947504065427135166999050853 0.952599919960843033450714756327 0.046071961380403404773264952610
0.812203908070740276947674374242 0.165894017222371570330352597011 0.156485088868344585089076304030
0.696661121057986387761218338710 0.783830244305933065973590601061 0.087456708251848050417187607763
0.022610598924452534469464737299 0.108626769675234699508159508241 0.816217616528556622057521963143
0.467339882218609559139110842807 0.738262419100520261849851522129 0.689973823890858928287173057470
0.711157861611465658135955436592 0.152941381913494683919552130646 0.337490241292485781965382329872
0.442466027393056793304282336976 0.116857905345064988500425329221 0.649141551507690484079660109273
0.013887954671861282851530461357 0.249285552395008935810949424194 0.403661724158325629918664390061
0.782682103818271079909152376786 0.565116387981998924416870977439 0.696452196617962315805527850898
0.910487629095281580937637500028 0.024370814679542503189413338305 0.443788354642045412834505668798
0.218897907411980813252583288886 0.683119814519897228244360576355 0.304572827532808620976112479184
0.445463960392993907344560966521 0.793360245879308534355800475169 0.276722600399661067260836944115
0.668251694777546645376276046591 0.610464681596024849596915373695 0.407035855185958972413118317490
0.771549088664376103707809306798 0.453837772969601926931204616267 0.356518264541106522091951092079
0.247022002901669840424503377108 0.076141067315719498931336772785 0.757911851996668328723671947955
0.880496073271182400077350393985 0.402570515727003197525846189819 0.644954885583144954530609993526
0.857874893882496047936569993908 0.728565001200412454274157880718 0.734568704736429212154291690240
0.797106198653917852325889725762 0.194817527417639468900745214341 0.844097244598676188509500661894
0.612920174460755307066506247793 0.110779759750552583841276543808 0.630293357885778005034183024691
0.388740096866516393614432445247 0.734481230824352127051213301456 0.240310945547751841910866232865
0.810365391819528269046202240133 0.149320725763979478273313361569 0.494873519777224157856210240425
0.188554691585370304274249519949 0.811182396479820044810082890763 0.978044387675474302668021664431
0.878810638271449118263944910723 0.671869033873801146938831152511 0.608394220419468445548716317717
0.109799674931776836128705099327 0.586439130635766914245721181942 0.443290982746800010794174795592
0.122810804021094899241006714874 0.672776210034403021609250572510 0.693077723007297863411224625452
0.556547615597911771168071481952 0.686354561417082287277935392922 0.551861024365693175752767274389
0.963964504028988811157319105405 0.958963251584119213966062034160 0.029539818117637173244816040096
0.652677010227599607716797436296 0.295281211445267754989174591174 0.579331656374184378321956501168
0.566667227494762726358601412358 0.856145372295004869478418640938 0.483944669003802785400836228291
0.642567736710566550506484873040 0.312029551934068616336759305341 0.040637289320027608630070403706
0.672360414930625149843024246366 0.747881042201006596137347059994 0.072259395568477005622476383451
0.944323373391702802770453217818 0.270936902900339171562649198677 0.656008897259478196417603612645
0.872931226047125585765229516255 0.783475052097211244195307244809 0.852432428005511111379632893659
0.421855486316402572555261940579 0.827077154598346631075855839299 0.044458875364476589664430861149
0.482147082227461110104371755369 0.930053892813769045311289573874 0.714667226550117495875724671350
0.312549441858023413498557374623 0.163359760479690280243758593315 0.147510293005835263491221098775
0.208411223547196544636506132520 0.406337686841963807715671919141 0.666279040766781460725098895637
0.521889518388953588257095361769 0.991420132883644389387711726158 0.693039744666165913322686265019
0.220118642281611626154713690084 0.516292554840276474159566078015 0.303368058407034457690798490148
0.054704782844852389844803042251 0.898107489422695581815503373946 0.352817000510448008920860729631
0.615235199009987687723821636610 0.806715362526723600566924687882 0.658630141934662294289637429756
0.045161700799728851651870797923 0.562317031083080731690415632329 0.738003425059427731191874499928
0.454776241349929888357905838348 0.486840521301764694861446969298 0.300381942957047287645622191121
0.004082387728332788866258962202 0.343308402309728366574859137472 0.522656087192111318273646247690
0.435091486597125154389686940704 0.802290655201981173227920862701 0.196899975223012668745781184043
0.357160497158546086371444516772 0.563913355070969735116648280382 0.920524241553995148379385682347
0.371689815811733992312326790852 0.563750954266681758575430194469 0.820736315538758587351253481756
0.888496171744035945216921845713 0.287670360893249987821462809734 0.664558017489913721576044736139
0.308438093104205945937934529866 0.551144647828998968108749068051 0.812952018448847457676720296149
0.589096295087664700851348698052 0.676853884284827067574497050373 0.226698783509995532847725030479
0.986350838077553859761792409699 0.535412528889953387434275100532 0.470937400599067579332057675856
0.275435678306339137844105380282 0.276261513934698443861748273775 0.081488833145821129577690555834
0.379699135894372208355207476416 0.953156702883063422504505979305 0.165531666283461387223496785737
0.824782772715341727653992620617 0.125694409498078585318836530860 0.633526672637176657687518854800
0.517015987571006530032491355087 0.385404390720865130948169507974 0.871155645343930307156199432939
0.132608389789383884771467592145 0.082949539571870456455826570163 0.837729097162997260461736459547
0.316324631455504601262873620726 0.491932688205373058742964076373 0.836203863957887039148886287876
0.917207128555307282802289137180 0.618378926886640423177254888287 0.983990010243518731236633811932
0.023943670316568587547179092212 0.657801442314487117002386185050 0.937341552687263712684284655552
0.066742272272669378452292221482 0.194262888735658056926780545837 0.476234821877197733730469053626
0.055764175871695957631413165245 0.429752101209662895620056133339 0.665081054963558515602528586896
0.698112699881288212289121020149 0.319247761160186438456065616265 0.380355841729299704034872320335
0.953983834424311338828772477427 0.965938903851118801924258150393 0.510794058602319522854884326080
0.998812595163361516270583706500 0.842155001876022768492191516998 0.607801328150583075604629357258
0.983893038744462211653285521606 0.766910213941197294040819087968 0.939815452174375787208759902569
0.094998490514321964894861594075 0.076528412500250789229916392742 0.897545701390321637447300417989
0.378774595216164411404236034286 0.087321468729747150905318164860 0.296024728863385599986202123546
0.885226445953927965071272865316 0.168098957749678395989789692067 0.425910055101715423475638999662
0.944522189628701047681147429103 0.770691780726202479989694893447 0.507528935672195036232778875274
0.616533534970282182108292090561 0.238208879501283915525178258576 0.192738028836675956423363231806
0.708062432373267713892062147352 0.305203375654086117574337322367 0.790231747290441099984548145585
0.513567245982825548722416897363 0.808354374954721954793512850301 0.848298682093704514706189456774
0.806024904061454217085724849312 0.567049490528488742135948541545 0.310888958280467420092207930793
0.499224640904552929843163155965 0.630211279597350459980020787043 0.660862875005373218151305536594
0.626898918049581643785472806485 0.429783696738754605881638326537 0.444755613950367001407926181855
0.506223309465892667979858288163 0.671405467352976681461029784259 0.259218691785528865256793551453
0.501838474106701792898377334495 0.382947956856517279788931773510 0.363183774199131781390548212585
0.322397536193196498910396030624 0.496405101521493363758708028399 0.891524301791229545344208418101
0.287615614880993519797414137429 0.602249963681768973877694861585 0.926164247768450632491976648453
0.932806402714864035807806885714 0.442251582362883532972830380459 0.245810987474949810271951378127
0.068437636525232464768109252873 0.188287318596332242659485700642 0.031801871703038921135320293843
0.985918274359762092373671293899 0.500036523348752592887933587917 0.038735195563900211290775388306
0.017762877880292283344632053854 0.640679166994698290338305923797 0.819774457689674163063386913564
0.443921544591130090573471989046 0.928095485758061444769850822922 0.219176711648831595846687037010
0.744008646185051136789923020842 0.128286279347277570872520868761 0.654853701281108979692646698823
0.646441204689523929438621507870 0.124189686541006275022347438153 0.025517577764848996257907032259
0.227115536285095370727660224475 0.170886877249106394760502780628 0.954779781241896108312516844308
0.194106049669903912846535831704 0.484629764096472570589213546555 0.928987271868346842218500114541
0.246715404356729811619075576345 0.788545934354960564860448357649 0.036990251705173469998211288612
0.933256721492718321897541500221 0.617725812372335481015284130990 0.914937962251423098081204443588
0.986586848077396383338566465682 0.163981251080059287072998586154 0.527127465461449173922403588222
0.929405967134832255993615035550 0.926071172751932181199663318694 0.561950639849178146256747368170
0.314991615235184319043781897562 0.305052464403739787002223238233 0.016952120277787165875116315306
0.131390018674925362907046633154 0.897867286261549768511258662329 0.807454806112327894140889839036
0.954378469023557940431601309683 0.444645724620684523742397686874 0.828278040738558818389947191463
0.311706880166603417237070061674 0.108622971368099036082455199903 0.478106270698166302413056882870
0.846612211990174889919558154361 0.193887320204609719942467904730 0.740155025608859373775771928194
0.158667916442985057479120314383 0.453350938390701063696042183437 0.743809117775186101617634903960
0.284521631638867567026807137154 0.465352992363073592052558069554 0.345339707285395980385089842457
0.514047456978612316014221050864 0.772092950826183899160071177903 0.107655998962019924802824277776
0.157342204630224913319835877701 0.108299635690254025810475013714 0.616933147439814533186108747032
0.187512527921009669595875379855 0.048489876007944854308107096585 0.420077894883235603007420877475
0.227812726571501145134135413173 0.797227889097316122501979407389 0.764659554202973157366329814977
0.296185234746118963844452309786 0.901544770928624950023788642284 0.138552823438627265018041612166
0.010723744557547055730739593571 0.628683484631766265060548448673 0.631324146862886736997211301059
0.693016893024045010918143816525 0.472530526179682552889715907440 0.329270466705000208751386026051
0.062943817543708882600306253607 0.788749762496582351722906878422 0.165974916103051234328447094413
0.284679437859826189871625956584 0.930278749848632235952550217917 0.854645233573976259577875680407
0.427531144311658284351551628788 0.853679651483927770527770917397 0.919600294938162088342892275250
0.256764796607054646138124098798 0.665280497667418035945274823462 0.108325789808479025499998726900
0.954465336382625872957419232989 0.070591164281414695014227334013 0.700190225216058004242825063557
0.754714490460910769620284099801 0.764403500081108244756933345343 0.775974585158519802874366178003
0.143793127372963819299300780585 0.611628781887546546514045076037 0.130787770535616576506043884365
0.403489138631682842106584985231 0.990389591669178503963166804169 0.464587389096574654434590456731
0.385279911221491300210573172080 0.207237635991815855041053850982 0.437070159000832958451354670615
0.008475349225503586367280739466 0.664569605285754150258981098887 0.126285589292977562525521761927
0.545292654657541064899817229161 0.228368603177452555996751470957 0.259257767996227073137305296768
0.401000182312403696816005549408 0.706672636544960708349094602454 0.127433630796309926846987536919
0.280106294720038118128968562814 0.233653884926231791840933738058 0.026635433425136988139225735495
0.539535873574022661891547159030 0.952786408230175352329638371884 0.123930377766357457947066222914
0.666009715317088635266884466546 0.231154180145027393633583301380 0.613597969624447903136399418145
0.076526251827508023906077028187 0.619568910658952365366758385790 0.067149851652180528316371521669
0.068100487272113055525757374653 0.497573537738710436340028309132 0.191060515899017985264052299499
0.961277606299140163770289291278 0.232562506768164256598652173125 0.872219191528678994274059732561
0.634192800254226640710442097770 0.405113820445152428284529833036 0.564252660734718802792997394135
0.157256967518413920403830275063 0.326428906023690845739082533328 0.666552772710773178133081273700
0.852426149067491922828310180194 0.542995814784872243841107319895 0.243633052518134912700631389271
0.169921812421664042425106799783 0.391813794344109511680329660521 0.488544083282818786262424737288
0.807206587577013912060408529214 0.099293754852967958113296731426 0.478265765938929665601619944937
0.920690737483443100153124305507 0.529765033519066674827513452328 0.467297835665563043860970537935
0.841782699410530299566346457141 0.920948452154878194342302322184 0.571623016415380935661971761874
0.043202210895975895477150174884 0.018270854231226610342453398061 0.998990817523445873149512408418
0.443871015228924914453045857954 0.601637569357485690879627782124 0.744672284562849506883708272653
0.741390242503525476180925579683 0.550268762407747580311934143538 0.824799226311249689125304485060
0.205274424660507326390046500819 0.897280392321995079463192723779 0.684323453353841815172131646250
0.022512275465741547753051321479 0.065193602151169399716579277992 0.641279753249732298314711442799
0.293715768495725060294176955722 0.366962997344091435003576862073 0.555883924006776664050732961186
0.997480293333825152046756556956 0.644475203211709146700059136492 0.865292183696802275072457177885
0.743851014973405333385869653284 0.863592475839960904693271004362 0.457608654958912175469976091335
0.458999550432388714327203160792 0.074866043390868247664471368807 0.208852104444584379949745311933
0.786544209413422734655796375591 0.584438430223875537983246886142 0.572893200889562859146053597215
0.549781871975801306184905570262 0.337389657628294648006317402178 0.087357017282000182234469320974
0.673563596675071818431490555668 0.557632744798020052456877238001 0.702492660072847607821699966735
0.578306384828955133414751799137 0.745154369654915771370440324972 0.387715931282913484068330944865
0.446009305527446719974449251822 0.590154985850384394829859502352 0.342693291771040742244025523178
0.863360652632126912564558551821 0.757025591115332963099149310437 0.352336712884869451833935727336
0.578079733805679230052021466690 0.225167440012161379492283685977 0.965274641234126207223198434804
0.325347697657556889083707574173 0.947698165406339332328400359984 0.997692735779054817868427562644
0.969376913921698002418736450636 0.373655558512926810887933015692 0.861935574713050489670251863572
0.341898178489973780802557712377 0.315465181647462900027534260516 0.524431918860287393790997612086
0.673833481301906345173335921572 0.384834640504676250838400619614 0.430058468634123058915719184370
0.378041584167669419969115551794 0.850946302954240896276871808368 0.958410419844451300086518585886
0.440966322188635961865088574996 0.701631141194954510709180794947 0.388869928680252052721755262610
0.849184834346952688299836609076 0.310440645290455619065284054159 0.036468001748941235307110986241
0.054658378994496700786775988945 0.760385910945710730146629430237 0.741934576564497683115462223213
0.818910571089195737926047513611 0.822970520375942649060618805379 0.426115142335188434863368911465
0.325777802721673059860307830604 0.958210233796811250428504536103 0.446642813985067499427117354571
0.453598584147082595219302447731 0.443866335632905284480642649214 0.391893688765540981755464144953
0.216120023133636041112737302683 0.635387179703018278864590229205 0.985434082355773344197302776593
0.053504451387312572385734910085 0.153632524891983202053324930603 0.834207158862360853568418406212
0.944492170127849917093953990843 0.050865095634962817494617581815 0.678856497283722659652482889214
0.963213477127428996382718651148 0.902994436233469643937610271678 0.717878693294262126833871207054
0.052077940196212570145295472912 0.940002759717935343353190091875 0.323801383831006095448401538306
0.664290734919015246617846059962 0.659550922463796207573238916666 0.433131097605171544451252430008
0.890133945120834546571586542996 0.772775901747851490242169347766 0.827285909400648722389348677098
0.018671804785554441119543866989 0.636834309334221027043554386182 0.739915455608078143079353594658
0.576895817315338454989159799879 0.457330358096606826023844405427 0.221596647470405222479783446943
0.205646962492773699437975665205 0.930163078165565426758121247985 0.970858333258686090339040219988
0.937996035163134789236494270881 0.066103638080457396974942696488 0.146344377560537086679914864362
0.574200680226126136673769906338 0.064536940651843635596840442759 0.804338449437286606702457447682
0.656837339885703697106578147213 0.548050440849351949701429020934 0.872440916284766720956156405009
0.510971714239466190399241440900 0.074400031529444132782913357005 0.988838774156158284434070537827
0.510856521001629593214943270141 0.166893749992137380155909909263 0.082075220953197983164706386106
0.900456160476064249031935560197 0.271054018797653673011893715739 0.181218626167741370114327992269
0.048990684769032601109106650483 0.116156299275330027187536074962 0.393556090163585170493831810745
0.361733291856086658366820074662 0.685287805384548809328748575354 0.346254252565405151731425803519
0.545397503395651628288476331363 0.050678520895606100904462465451 0.149114809475079296285926488963
0.289992723247144368325933783126 0.730394510555438025711794125527 0.926149980685189944118462790357
0.433324639773202791026562863408 0.065970277976571234379576935680 0.801528678489525803207982335152
0.132025387643337682730404480935 0.910411466869386454270340891526 0.945696640323305803832454330404
0.168232786695829611423036453743 0.625160924521677929810437035485 0.193019773688380996690128199589
0.822390228579647608597724683932 0.181312907653825822196225203697 0.251402123347845063427996592509
0.842456128371382950703605274612 0.209944441452933366898392364419 0.589154820966970693696396210726
0.343782628642652354766795497198 0.044204332173006365136469497656 0.161980451969115035737445396080
0.288854011853326486658488647663 0.347720862618693504764166846144 0.309184162935812523187451006379
0.768525103108335883028701118747 0.952344969125754392536009618198 0.833128521785362896601156990073
0.471233131415769557204242801163 0.974511658915728440355508155335 0.742129887547583355633662449691
0.968052444554139301935435923951 0.875635428810215277195538874366 0.573072596407876000412784378568
0.249456933168263172984069342419 0.781386940371544325145691800572 0.263566301452658025006314801431
0.332041907712676331865253587239 0.123040350912804227756502939428 0.499868803153276475281785451443
0.186249058716677018399110465907 0.742640854260474325698737629864 0.172359068528871423042758692645
0.821767214180581073712517081731 0.790764917144286982875200919807 0.670900028314990182209953673009
0.403012015833850933965720741980 0.735032451228463501458065820771 0.396608739703593116132651630323
0.301673533736678267658248842054 0.075001143821825502766564852664 0.255495935150756081633005578624
0.009439056018021746777280078788 0.380334231307932035814900473270 0.979843491553559098328207710438
0.897324855109550290066522393317 0.641113533054215589679358799913 0.384645941546960523638176709937
0.265273122052695820016765537730 0.377346392928212981399127556870 0.604692752690369705881323625363
0.590671422908515375560511984077 0.862568798631593081083224205940 0.316915232395497237227743880794
0.851287476658577513255465873954 0.207079565317172642480159083789 0.468727729381327451463334909931
0.159804297981240739368047343305 0.341219169112165876533993014164 0.217480122056072672220849995028
0.786434330479840792982315633708 0.154207347213899031990180787943 0.573000123271529826496362147736
0.944159427632912162664524657885 0.672431432870728595929676885135 0.690166442582543004924389151711
0.388716925821634529114589895471 0.244317388734996393528930980210 0.993863250034783596298382235545
0.835603529764541552715684247232 0.488595741060577459791147703072 0.130979753443377450183859878052
0.520183108629376111942121951870 0.510819899855621262219074196764 0.182674020486219529368909775258
0.137365626992090983371497259213 0.385950547724907555569018313690 0.666765351689646346144968447334
0.803742867035500241357226514083 0.320911681284026750748950007619 0.599621409916610392798475004383
0.397725768761747255908289844228 0.673192522816544403063687695976 0.385321126058470853070758721515
0.608909437312648127438308165438 0.308902820532624189375781043054 0.806265423356046118108508835576
0.591212415892588660781825637969 0.599356242894182433822436451010 0.997259351575193409011887979432
0.171467855510015587672256742735 0.272956586103166476409143115234 0.045002068088452036598301475578
0.613997452511093166904743156920 0.655468438288115406997746958950 0.723776954503993819045604141138
0.987537649074042511720961101673 0.366367527090667166600468362958 0.420494372091304968730440805302
0.662346032243674498474206302490 0.622827655335252416968216948590 0.869709072356700141348540000763
0.223242115477833763526049892789 0.241466953074005535873070016351 0.686975194939830613449771590240
0.799881064143150521950076381472 0.492476155354034772493321270304 0.953726142559604972426257063489
0.451158420212998012566174566018 0.298974319895766671439929496046 0.084998092320537066424179784008
0.128187776019460436538466296952 0.855603318980292848472402056359 0.477891324629291736059144568571
0.500520707661679220557005010050 0.616267148789748309134495229955 0.637786117589508760872263337660
0.424592931274802132257661924086 0.476252480399347921657948745633 0.836821880018259522948653739149
0.988381212290506683260105091904 0.955180494047262240719931014610 0.659410658676310990067293005268
0.278173612623180299685543559463 0.288645188300224730948428941701 0.174214907543974700798727894835
0.551677640737436303375318402686 0.352902461475729289919200937220 0.133829311472342366018395409810
0.826611751633428926133717595803 0.116014392007971395281984428038 0.547866907839202998964367452572
0.317483560384790197694826474617 0.392080120127971998300608902355 0.723952508429409835599699363229
0.219244000020768659009462453469 0.685086578298936044184586080519 0.848262171753090599146673866926
0.914186854908784263251675383799 0.623726162745235956919032105361 0.555218616683626708940835214889
0.040509886780496884295388326791 0.658337426018460347698635359848 0.040047766240355116285076775284