0.379110222827627943423261663337 0.629925686619960333280329340434 0.277221501126804073263650816943
0.153280385030096076342766485712 0.301010291821182467168836284104 0.687885113579043609898831398383
0.932846960783794895607933071706 0.153794836090862066705672010893 0.807356140821856982304072090631
0.743650323966406515709289825378 0.147848350187407089349663984047 0.958504766336668263107359026151
0.821985103192028194415281441111 0.648612506386358724850603153344 0.711456024993388588520752323499
0.704285284177832877723737045475 0.493936532551001733612806652294 0.015548103773937216855815628008
0.759344654624099882562059762217 0.442003075039149455579403970301 0.703657633171064800575537753574
0.343168447698637271654023705713 0.946100143710422435555939803830 0.605694776825365062762932964151
0.904884432339685485266721023914 0.084088709767663582355585152466 0.599359017223215661127700609409
0.193696972226727957585030116916 0.519568270262369507766135973784 0.795987033403865059894592502416
0.640384519171597119575532826248 0.428773891604627459631132830976 0.549225232239989451743572267439
0.469765709537587215296361281388 0.280021243653638245800853242421 0.684976992268877380453898575441
0.348856411586863715489602403384 0.274883741630674326375041894804 0.607696566184448584246666208628
0.745912643573004444422967805240 0.552928578995262473011201005004 0.247911239739272835280959258656
0.666714397041269947682154772645 0.065587759774840959937578625196 0.175611180766871033395849024607
0.003132066230826861646656430849 0.364708148218417596962740060060 0.055553230704737349646481614956
0.653026492028186926092390555791 0.662988420034451954074179492725 0.927905467230360150361310251154
0.619514976088331305988472979016 0.998322804870534542369403175655 0.840887727677051624890528247293
0.714851229135784977245434802571 0.070043976374678584633830232675 0.349522884434206474984751511488
0.747168002186065201400908269330 0.939084584688162569779069527744 0.685719212303760979758004071632
0.267981595842271342362641615942 0.877458126920885344051435771504 0.576978769813885359452839634551
0.004918694804764768373001382673 0.705568991040687183952093112629 0.180089992321783618518190513083
0.710997440428716123065819920957 0.468082257350763598538202858710 0.318329662972446928979795089290
0.291189032638686322339858559334 0.741506069034230199273793005933 0.868491702181966059562601111224
0.659377761853417128239290625252 0.415491645710354520925628984132 0.588085076860051119445190360263
0.390370203844702142580139009288 0.272470044314031482702376392199 0.513317824850255053828722304366
0.126214664180957768859665831369 0.604856813098405520437362157671 0.444469452750157759956039015524
0.144655855819688707268565424779 0.664370680794862325437772433981 0.041376138922739044410447473010
0.060300900997816522154933642218 0.673538270931258820983201405469 0.184172154403311747554023249026
0.097980709639787939263670722291 0.542192118886329450791636650650 0.588028886022731453603465494784
0.949079570105842026942316111409 0.838447344530180198728621427347 0.481255478247351422687970783955
0.130130344895312937928432982052 0.292853905860656102067612272580 0.557784537694030762506051328923
0.715151877257117855357229987407 0.156343999734210972629297885963 0.003140999858562651623362155963
0.150193299336469434893477177703 0.077096157854476142346645511396 0.021806165803103151405391319423
0.440015189425545978615158325432 0.438095489727961436314768854684 0.624244224060002361662794063815
0.125707685544734769470792131595 0.995258623550148262621750762179 0.988365710738315688211029959203
0.770549527713455561007951448688 0.485713989553491833076716422447 0.596924180690124281974634088716
0.773842513890485156266435735354 0.661693285923916622555229693523 0.265563999141020657939030840666
0.843837347541955785004035583443 0.343116346763396758002534504933 0.731758309415850165354848307733
0.505632628085601230284555815603 0.377339911459152903235650810330 0.436094415088544285461611014680
0.767046725018154329572898274711 0.793596495787377460614859557637 0.892552240350212520042106316570
0.591171078485747312558571080313 0.273056303227815886771161949293 0.767332687343830895876915179902
0.638451840233836930084468467486 0.823882140344834477245353961662 0.406704605556113963045724359015
0.293253125916171181828835592773 0.434896528306152100762062415950 0.093178084966424267985738744053
0.501411469314273021769574530737 0.545856876080817552888352890575 0.371284407402707882729649453018
0.840363442909855290643675108405 0.930401682804683346194665311323 0.105263740300393333113000603257
0.237633524280394460315841974152 0.789482632181202072082918156035 0.981378639983439881023773497072
0.133506506835824503416150994856 0.783968052094732474058935248601 0.559896049188961603368756714818
0.570644218214872946709419507111 0.576544930757814987252833753429 0.362957062251266193250559689564
0.220280939333660471032118561235 0.620306642226728696845218278278 0.247958198897854201550857583816
0.645981948011820676113871689928 0.931402550198397745549308451570 0.941756708305899536685944286491
0.289402587326060962189430931932 0.066621760986032110254218103424 0.143585140654055207196493550536
0.510226881874459842143323094874 0.774167845803987527942822537587 0.363949931301755899485626389969
0.887989908455416997932037537336 0.065130697286808407195784039957 0.796513889868861797745544931926
0.625010225039995314197585511374 0.260466483118316837177022428456 0.895886420919488954275505371734
0.077794668025802453391760577152 0.071976042171737763766202349114 0.632226580487694458835261773173
0.724882973215119682738722690835 0.173545645701584029733061133488 0.951701687824042920207453978719
0.695208788539457093915042529135 0.178339985185661472736044246290 0.399775848929617136055975491984
0.109561083644380470116687099977 0.922101011185574231889010789006 0.012208479882831188713941076581
0.383893555361865135439271682297 0.953515114686628990744261538023 0.476807129538659729799786021135
0.097678643777240090652751531111 0.064509459114942462070547824688 0.087354451744717613681730873791
0.186418636689333120375550629400 0.972641655076158019615120033737 0.351453440691247967314403383531
0.330034693485961627821632425351 0.175412769702829986299120915578 0.224296566098427416483864589876
0.704145189651637866618916327030 0.024367107092682785195764199830 0.949252611138807424794313617702
0.634715048693082795274060384264 0.728082340722099225921169695556 0.494114583495176298342711982314
0.803935502704662950473343577064 0.732888195392055601788939008239 0.399767159982248801551277969705
0.254163635033153155375480135945 0.216633022497227753968199659676 0.194565668847114568738154487928
0.891999747598121672034881664376 0.736024696053828605097054740538 0.605208723335460989564168587104
0.920541286362490180490916864915 0.028369876309051857821982617625 0.753716811491583100601525090841
0.103315834443142734830566339338 0.095770340044328881167257319106 0.590482810338586486119805219767
0.072410813427023712162019169457 0.756387656666794829719538389137 0.519953840499165018913732071501
0.255607511884907615077669772237 0.086369162700625184311615947245 0.213833695481988162404020238452
0.775763475636626370951723328669 0.209983895813503329958457495591 0.398136520699888825684453840324
0.053661705767496341728038719247 0.826842321798657119508177458529 0.892111633733968145015192029014
0.335677111216101014178432226088 0.096556297392884524168620722239 0.293365038362248562835370030229
0.914199673388128697494563067468 0.614744542083858399535805779914 0.967063625509362298169402900389
0.279807594619766323320844001149 0.375952554599619738140243828415 0.631178131346107842715547948430
0.368492005419008339994444434198 0.695563300645611743560111604614 0.615740038848338036418270219578
0.166329943308181318779435870965 0.029195031331172752775674944385 0.137529629590724707978816427688
0.356212054378917037114033873175 0.151222475291491307157714106142 0.171311365527110906265121200493
0.638979364285078941755102875811 0.503340682304500626381538712252 0.945361578239023401015396289755
0.497593364153628699652915282417 0.115871010007596232321256633800 0.174029297611344070370167089036
0.607038703668101900050540985969 0.046153206937414586242189307402 0.794910605944659198945981530938
0.470601780299106201784157416856 0.062660259517598832724544689667 0.188156841641210972278273465552
0.028734410271405437044052659368 0.049192087042239501742134802983 0.896438440758025309984474227203
0.454079530386929422688788747195 0.123640329557069604236546339533 0.008142226523670391982525439856
0.306581108578364403521688107014 0.951539554592769177101769702372 0.862604516292854874767875802996
0.255437232819618392847537868512 0.446417596195749543836500649295 0.398073049452574843069398077737
0.674843871825277499604595799494 0.006736457200934930600876358159 0.699522549099484153290693357798
0.109584258595850203003090196309 0.155272022065589932999601451724 0.493378049652216156049786428928
0.528790925957715903013194229766 0.359341633167582519923617093745 0.167207036464218008287888746260
0.870832757090994793000043741286 0.546132008540554578878950484620 0.752642954101032376275955982425
0.176550737102149586936447399854 0.160450689907852059687102448475 0.226428728461360785869799743100
0.959934338233689895617353797052 0.346151041294194614263571328285 0.396836814980847592564505120207
0.539442723991993994066425759487 0.900732269493805117371516214544 0.824187425534868444839697060296
0.565240276414159824853766682759 0.907938676997937431134456697696 0.809211751639150545336371256266
0.652694230394615210941934721830 0.711154023073894466930275061109 0.547107543853937494620270003390
0.178583843581400955612328814144 0.600064185229566854801547486208 0.087926514879807023835667705611
0.123956711714298546187299446507 0.192825733487149279016131358139 0.643713019197180397936095057234
0.226888056912879141190504752221 0.201432404949553947574460313972 0.875882283381995015885916851837
0.762645730657315017365029475154 0.038839037541562362412143599177 0.233356717497994391245409162769
0.990169450054618846730524973687 0.363577038818293528807873377915 0.261127054606162742050875153036
0.550747637277857849971404958095 0.571641901083511203075383204030 0.374271202728240579350775480957
0.285970393876629930599574608631 0.720706494871908616343455041589 0.026294544378829066471756420419
0.483460416457850186464268475402 0.934097170773476630471020527357 0.386466372892554802413130818122
0.155800285242291592816378062903 0.164461044586126807479191888548 0.559476685669908395085230726319
0.226489741296572772804536208765 0.205653947922438921139257157091 0.784336459359058192997566340087
0.786885586785054738456873643530 0.702396931687709326815425175975 0.872848684457001658327722364858
0.215139203725857691660081851730 0.473452505945968165043074211172 0.603578463544184849656376547016
0.297426940015056765977740157078 0.003296594062580035782896902751 0.023666015771913959566952638719
0.080259535411421934358119930233 0.331176839759589253872614229579 0.278364701198582451809682291936
0.182963584826105473068345058263 0.065427407087999694056875339422 0.167269828347988100439187071147
0.503115482245325405658299405964 0.876292772893993252882535529611 0.583695526876072840369435060885
0.221866336463539591930802836767 0.242509711077373616162624248730 0.232992576585192770667556887446
0.194253316059813444275402075493 0.103196056505771320563435359634 0.851832924703018448866348790809
0.160376867262546086940498177100 0.599518952894129868908288739271 0.860893129115755350526554018056
0.118846266765258921817799496506 0.927993048290393735789407914576 0.779928854102135246921436041169
0.237796476227341008433578079458 0.081885525414152064735266627676 0.692769815350840637779060048633
0.094986246137308555124676133957 0.572011682598711638776997761533 0.085123238185452204330025914176
0.805762199748150317793963013668 0.716282580636849809818219296499 0.048939734334573322737358605860
0.901928303880042066365632445395 0.199925921052225256458034702674 0.699534108686426642468449892622
0.113610744581095053205892854514 0.413583876036774600514603613711 0.147815712313415037804311190906
0.883612973914186280718080790756 0.895384183450308483923377109582 0.822235304538200734621610420825
0.130427291479698960187057174151 0.505698812109677971826774838349 0.317821260468665212095557546017
0.812712049006086445637874574103 0.295978234772179431053341606308 0.140436779543986218871116812222
0.450942333778005433145077100635 0.949210382095090210613409152099 0.013073339440040326853277883694
0.666943611632394473908425268005 0.439416230298259141944213466135 0.414481838638786471560028769870
0.140197550677988113212141555395 0.407670970180820651008722368048 0.961806440669279005969285283294
0.847018820017070727112888299542 0.462745103497786362237102851250 0.509369734124038017671073107715
0.072003937882734809767692032865 0.613630964406814210479103432170 0.661182533815070365629782479127
0.214627707692262202010660782430 0.611853617645537458327639478241 0.777212692907744087936981355354
0.334259743667983590873382556412 0.305450231846025041453268234642 0.128854991759674007990324602890
0.094116387638486363154422968481 0.718337983882105960455894796461 0.133071186234988802533621733238
0.776920217010883094672063864243 0.187512508245654870739335989146 0.043868905586102654257690870136
0.297513404919641846310682765049 0.202681335921864064243199837084 0.701805514697126124816816985109
0.889917368751304128029461241380 0.726776758033570084588022261967 0.947696823281318120297448201910
0.353311167320728077538192048657 0.539868487871500916659720705734 0.765295407834702592168600482105
0.610631318772596111614735608212 0.541503928718353601647061883828 0.525857108586721481753512997540
0.507862712331289956076892335680 0.220653581842548712702562357863 0.295099604301856781488815818755
0.953239408145658695976587289364 0.990948313864297494171193108258 0.767138140781239671798947117287
0.197881243135056463383898205142 0.283839568649025698515369938620 0.940553245299329932494991234270
0.154966077089922273825121320943 0.241037860978112123157437925220 0.557841974557233651886203499927
0.267790905990416925973176318570 0.885929745231185481591396077812 0.566503103171999509303885480823
0.374835959195740557723158312661 0.447998954886720486880394686800 0.649123215355385196420236987269
0.029980424139194360442186290110 0.689855791155422094531264822878 0.218024347963542227432872722399
0.486989363457529613575117986254 0.821992528103822231414351394489 0.217905930239275418945294513822
0.701636895313139613592435226903 0.485262846412540112965895281190 0.587510199953112539858619437174
0.081017947317783116786967273726 0.510498710661157917923053992405 0.057776121800022689073663964265
0.465974957203240522799082821411 0.370100500085691393075599189597 0.320309243220415844246671023590
0.781838012947522383372363699276 0.122385886863902288337584856181 0.202860699908228693424813975589
0.924897780948840057008546868110 0.327438917917001896970330984332 0.013292581642747536820646601185
0.559377704697552647553473725914 0.551841554476566470119963402321 0.171498151690361183616288650090
0.339380138607448000282696557758 0.533505289781960877707443938100 0.450345137477879409811506985668
0.245977326910583856148548375934 0.383758142629617574656720643492 0.630521558257892455409669424661
0.113201916447744648442536648608 0.802070224434531514143248482459 0.999850718442359886415601835684
0.280970775367529143943939566842 0.297353835810018813850320956237 0.252879228889619883465082104932
0.779729989725383322330933835271 0.068028518647400570619362536300 0.695483010478890863342224572251
0.241800361019826101676302098736 0.094805388816102017805726662600 0.549713695767301781637467396757
0.479947406843825009207583217050 0.009499465852813011332389641926 0.329057379822362092285322270397
0.830722619011534205089303972416 0.494936354779413033839991757206 0.843644790860895806757346259736
0.720873754689424848328513012626 0.459885633101090957445432659938 0.341637422735674268672306605832
0.414876564803902273664027776132 0.935509155115052747645439097579 0.464144460944107198837567010573
0.652748782034945002473423780789 0.506599208496218425219365234880 0.787261111145031240055248720624
0.466172040402717298020621330019 0.227662325115915060653101971609 0.700220778617834549447713145095
0.141380618103544696235937928998 0.754862946897106499256889704267 0.202220369183030868413650144776
0.150424514548661655924673863378 0.609229153149816656539657547538 0.194164871812676773615765046897
0.996967069119549481651363932139 0.282870807707412256464136770922 0.013845034644892949993812758342
0.670154328863462592298041229395 0.676785822928506665330138376060 0.560922289499732828344992226530
0.917909786984177432568947593005 0.368581639684482661422499469438 0.120279393600616056764581007959
0.219831940430925128101187928850 0.293072841101649083709784399957 0.333758439004870479409959825989
0.165077540357091261824156757049 0.751545632575982212858430513428 0.447339441913978571526210628559
0.512700904809970970346596965594 0.470452457976161155028611946001 0.069614860855560867681641919599
0.786328564694110136347576917969 0.751647112458477206478516817309 0.727910253539754187818585034810
0.566462040166590810156819107877 0.787857159911008024376508863131 0.230570832286763281242256185449
0.285448608353712846039112273372 0.858037380195853477932667364306 0.997235897344909976595676167998
0.751140885515397121845233429937 0.209001851103807449506476659107 0.065203489361850015628747026888
0.966938945689878093284458739416 0.370305522601952161449807825665 0.200081097689100939366649842191
0.317970947618946809105848613566 0.346882435409935884031559533817 0.593600381912693316904023933550
0.918445644417569797482792181513 0.767893009268320914121885078471 0.407714803533937559583631406064
0.011022978061194045405985659101 0.032441994287864187382952486006 0.770801455928335706678732983312
0.664786458384179346724116659088 0.047882396651583186042779282836 0.997814567359709143602580800668
0.544770270104533841858955851708 0.604532366016223555980422596323 0.451958418867620374078062646414
0.522397613648164962895848478668 0.368172866874794189804304997731 0.006747881476310836802818881737
0.719870446277535284856850045600 0.686140727866109946374837495163 0.783147249551035486740675275197
0.514023827512390411751392573496 0.091128561981334478125298504259 0.316481449815631075251935729189
0.557660686205794704104128402936 0.338270445085641033476339698221 0.217714480521241068606839484322
0.070161847923878862597841121880 0.874859128136772015565632664009 0.155026889327112055424431481534
0.927697974933242297811204120053 0.199960016007348586452335715910 0.174135156482127375695552664079
0.909956714448036174320277321963 0.000160688117024785963265203132 0.526176303604552614762036411023
0.004545882636039232702916113182 0.326198852206383695450397821450 0.263896368033075103133411364966
0.084687215691149274184310521408 0.281692568900264744827514844628 0.463213139413700516643357709576
0.909845572657019091164000087166 0.775097807631893123764873226402 0.600040315539379898263773017788
0.807643840780281276076045234119 0.891813402926724656090605404261 0.819031661372660030090761206987
0.558627557647741043466118048763 0.941596724962841194905790782182 0.087221245705217953768115049643
0.610502651204920688076996933120 0.950015311189641452598020880364 0.508405023860671467131276887019
0.012895493465259643606062948909 0.178730245007474346309543979345 0.122105731684817078221915304981
0.148700763897713296117455330788 0.777517313272819149255476324733 0.248347661706644952161821672755
0.823614673126351596731396977393 0.223755600941542586635925952575 0.003265221428176355601275592434
0.441135766280092678711370197238 0.875177781780971677585036163916 0.942398099326122857312136549091
0.716979815557590450939164541108 0.170636200964575531983548034371 0.588310692505871321334556093293
0.451408145880521633061462515522 0.274172273611180957811108517758 0.652427792992973862207043166536
0.692908626653820782757470177720 0.393697217908889941137940661052 0.323390285415498308135403958460
0.828225360570864841666261629823 0.867508066798480982728575733200 0.067755342500086173985067503229
0.195782534690009289077706374296 0.910092434184551715450771564217 0.040958697292165853086607539969
0.397206305379849773290606862125 0.279767149216026135193015698467 0.695041363847857842503445748039
0.155272937316013822645877652138 0.345618230737007986032712054714 0.575643798642379694772148117221
0.732017599295745368918047236109 0.684199238717465759071336341532 0.419462196450112355355259522754
0.297037131340915782171203286401 0.630157127207507801531646862432 0.651300655391709668271133776580
0.738418512113403019153131715296 0.464290394358239703048063136918 0.804359515962285481474177733140
0.617592674164179856416671157998 0.495792019227649488474908223896 0.866480041818967929002610667239
0.912525365918605980542621616384 0.277674874092439722227847284081 0.536402676018322891748129528323
0.738873192680557611436303720360 0.220636866271083466489202517593 0.892009865942682656603980980530
0.043597514144600805301040841770 0.308221427556650053275926863949 0.100960631697033543309267325289
0.149448920413178626295267421700 0.134163457900151241977248485832 0.019122155713728437957611759318
0.990951185919152528469165454399 0.768830261448379016624721823341 0.523947592275658089098385603937
0.740408377620332784375817689164 0.524244911427420062495016043920 0.261801375130198713207092742951
0.418091947264947282730387317456 0.447899268352388078142219343472 0.325989105701747498632983328689
0.250811923071607293407642440582 0.929717629434232537735539667873 0.036635650187371431597031313474
0.954655476564159599464723378662 0.360553821197123544335068691867 0.194884455269876952791668178093
0.270080688481647477519668470111 0.591851876731713516534121228741 0.252762236077908179321991226659
0.625405139478647114364774791852 0.908649442944245961461428777449 0.715878953003123407006938173006
0.779920973195571824020343798001 0.634631989383616674669255510210 0.537425996083999004444273804167
0.519539864307492373840567024671 0.982191853891595804159381802364 0.500291389282500819776496681166
0.837094339111849563518861348297 0.166775558561765801279350778960 0.573921855321966309362540811135
0.517405855815790088275658697406 0.780159205217979592448000917692 0.684352206849647318023454728612
0.978424478865398825208506645923 0.172038528288275926752915498169 0.604942408207382812334439818595
0.536229164986286941029062791666 0.157284586845277307247244023640 0.068189150880183240981575015703
0.289080271471439912875854294322 0.661762417941715037379304972669 0.780180165141468423055314781047
0.662023629018026983936276177968 0.277026734666442047001059167548 0.158910441602122292370608885426
0.806474164792333821361903941987 0.161898083934623352799998571631 0.356903926630886531722514238393
0.217400150511665691762242242862 0.776033775895847007326335072326 0.905598687953942687631588225595
0.515208978760904101925232393160 0.642891764514718107029928686131 0.730210679993429532404524553682
0.807883793854281566187044889240 0.738976978435140141022586686476 0.117759597942767835055019626028
0.654802020837831690274663216036 0.249897115983774071189107506601 0.388430068515070781868111417422
0.683166173605973399085368228687 0.809147996885405457195594264362 0.793171085518406579030864174394
0.276633646868740798289154893798 0.557580084148827142853502174788 0.197351107878906521496770921154
0.874247905905661535338533754666 0.789737049073689078954699471303 0.329442352910450033075921142616
0.289237916830095277305862556013 0.757166678265281425101637540579 0.237883765985398446458103607991
0.071366872411403775932714364512 0.191867853359093568986882708479 0.003167456688224757386724852554
0.856663619798960676686124234179 0.967158773752512466601929794795 0.799063661209911273739390633946
0.634479523182649564913694976986 0.036772256230696449589694275012 0.037314243942965852972634224448
0.905257251983819552184663159831 0.492689385804215496432880082922 0.087454674874438925314747992983
0.648539906651109105230405060751 0.694131400528844462859307443358 0.257669786967204784596234720936
0.205842963139112384722224954730 0.557043011963937055926350531983 0.814081100300518558161339439154
0.441510012589892742416682718376 0.376089642601410647871480271816 0.137137979370105056075657923375
0.193778212699941593101825322598 0.342636109719279870199055369383 0.928398771927962365884419087938
0.812969608090598242631518733400 0.950567224441264292334325263331 0.112576126295666191098546657503
0.364926789490617353210795645247 0.638597557674042317796723684656 0.583780398948662804808676270156
0.909811157972013098644873778803 0.572302752592040802610719151995 0.009622061480608297700853060863
0.264272800692856626321601943210 0.825077449484628728555381559693 0.030495711542698333527895494234
0.468883278808261506660678457740 0.970077268056159278582214621721 0.263737954826893569507103932173
0.711779356234112333343892498653 0.246405284736399623789481659812 0.674953897251559116499470441795
0.428300616399016765248403296399 0.903645932644995573498826480988 0.920007406867939092909732654132
0.212853781553428154339543058600 0.374901695041417037550881395869 0.950624921836193399872843084653
0.785098482032703489134118183617 0.190468060821300103420294981575 0.388075280519590749083497085678
0.864515904525584895777580449220 0.244463273299726284722634843409 0.815145095483729994419988169661