0.150421738930270471046313218721 0.869186189662993324844819653663 0.236873179987291265780058324708
0.094298799165355426388224202583 0.180264850324272751791454538761 0.514091163081811242108187798294
0.874482366972813895955596308340 0.743917588287080100428738660412 0.169890388658123142606726219128
0.280597238462957698779121074040 0.739846752853324796106448957289 0.605370547922337909341194972512
0.279607021505122177451596598985 0.372330961408504634846394765191 0.138309393623080922886003918393
0.788330749741835812294254992594 0.529412188804788685914104462427 0.657385047121952448279103009554
0.431765130385690421022104601434 0.716187035063315047267451518564 0.413504424101761636212160055948
0.794376629645862530892941322236 0.537549872630755265490165584197 0.385527542419784652327763296853
0.257861643481312796666315989569 0.953061944544422501301994543610 0.441840275628463563517556167426
0.308580392145248516566624630286 0.386918659996816516333240087988 0.792605251089858575674895746488
0.201702643926320812628460998894 0.693233636438093547837979713222 0.156550755421068166217679618057
0.501450849665106224151145397627 0.062151166548514130694158552615 0.376594034155971646438132438561
0.457913465656302920425702041030 0.575074092121847790792799060000 0.000397867328752346462606565014
0.010319032088578374353748934311 0.442154130633231889913048462404 0.747946247974406119851664698217
0.530485649598064101795102942560 0.578505964675610218073131818528 0.466082668202591088313369027674
0.167358599158790005700936376343 0.287002404556820633896307981558 0.379570185537493720584478751334
0.184284214317165628838068869300 0.413742748143799299320733098284 0.932455226967060624154726156121
0.795252860557970508992298164230 0.855733191163285722424802770547 0.435655678178231531294528622311
0.661560048292865299224274622247 0.551703738407776089758272064500 0.881301290954929261722838873538
0.435209305633984855354867704591 0.464580863875325378309355528472 0.891311610761734818275670022558
0.592412484874841660520417008229 0.963956042473352647803608306276 0.930048260415208383200535990909
0.490961818255047033332516548398 0.111574984714781347272527511905 0.123111546265804644439967319158
0.840658886261841153952900640434 0.677618900854224825991423131200 0.317980031749120817252673987241
0.249042688465828443433736083534 0.301975625732788410804374734653 0.081536128266492743921212138503
0.277967316477300829813401605861 0.181916578717378707441554297475 0.315370449154693865967402643946
0.163795800651253209423430234892 0.948860911801155948452901611745 0.843763662737731845453481582808
0.931028595809155534723799974017 0.416575877360122803771957933350 0.235280131437731576671268385326
0.725453127190032742710457114299 0.848170220786787942834905607015 0.031312828023018463019511159473
0.842781300393027232864540110313 0.020136270237196683685620968163 0.614817442107589595678973637405
0.960661566117492871086369632394 0.949930232504198834853070820827 0.981732607491859532444777869387
0.582846688392512857213034749293 0.830396781857120847014641640271 0.418230478228963586939670449283
0.018180229140108448288026821160 0.627476746979220845190639010980 0.210648259774824375689661337674
0.071448149705660324304545838459 0.887093714552101397785577319155 0.407585978916620683687455084510
0.598203136316462824595419078832 0.906475440933105947038939120830 0.175977839496152005382967331570
0.011833334012329447398892412480 0.023264396674764046407668516281 0.445998895453250721043758630913
0.981518957632549260416965353215 0.824228237494261772866366300150 0.019505290830366003168583333149
0.911690701219983190561890751269 0.004998391261204409262430825578 0.539081159703864720711408153875
0.570952811863359666055828256503 0.815223700549810526005956035078 0.840298988870557317376608352788
0.831439581110964609500513233797 0.275503325173097723954640514421 0.994759080295098851998147893028
0.689619734956253283009175447660 0.836862699376128116313111604541 0.000255007302356949610427916397
0.474643336725268871756355792968 0.144394035848930124554811982307 0.796020388334660600193615209719
0.566574375753839731828520598356 0.297839290693997227332801003286 0.115697794939839754269073068826
0.011538698563303318930794993946 0.094755269183600027149694255968 0.022114704459802722591454937628
0.703364246586158481377992757189 0.237025219468737086137011260689 0.982569382818868519713362275070
0.576627318475517736118263201206 0.068470080154626633550662972993 0.480586154068365134506279900961
0.188928944952268723644905890069 0.299219538326325584787213074378 0.545933864043295580259496091458
0.511337490582180143050550213957 0.390838848698623897437443019953 0.416966308713137057129216600515
0.191550801412846721794025484087 0.960570318679114132365270961600 0.271650206607500444011549234347
0.577621421067198381749108193617 0.794224742659256577326232218184 0.605276476768375482073736293387
0.917315921291624758460159227980 0.896737587092274357480903290707 0.473583249031421349428683242877
0.474129926719495720099928348645 0.347123561891648113597597102853 0.102642099218626076106986033665
0.693306376318218120502478996059 0.864310366142760577723436199449 0.511303050348294041427266165556
0.106997694169811738418296442887 0.464977011689328867394266353585 0.938134952530730870101649543358
0.115380971818649896709629842917 0.162388527342969046785015052592 0.073429557690456490059993654995
0.587723505939714452317446102825 0.009172403516338642828764626813 0.598962486516672831804442012071
0.305078906960812190618526074104 0.852789584512763987333983095596 0.021598330759549630442073464565
0.250921921231632871762684544592 0.538302991264684393968309450429 0.337027572952934895145205018707
0.284107791340923065970258676316 0.154544086547326542380176306324 0.721223405527382732671526355261
0.550617668592219722256686509354 0.850844859011573251272864126804 0.258223614944573742757683021409
0.152863293816617423770409800454 0.502197638333419349443431656255 0.209745483106253793881279534617
0.410904749386384438025743293110 0.521712578011175431846879746445 0.644352097750098939954455090628
0.543168451743203051229613720352 0.771230916998879800772215276083 0.649025535734450875757772791985
0.614010353895120153389086681273 0.339176547771070591164033203313 0.227585959661085052152529328851
0.987549094581088748867614413030 0.688985669531098077200681473187 0.121820511540843751108198489419
0.745864503054968985829020766687 0.271463700397193863356193332947 0.685651426272563702113416184147
0.050592085612347507950214975381 0.966144351054846195481218273926 0.897374140584513924068232881837
0.253113371511115792245050215570 0.300884607993648689472365731490 0.666843814757576924812099150586
0.000471005305010113717572445280 0.782945358641309319125412002904 0.328184922844045212642072328890
0.203379513826199315174036996723 0.855179340012762634337661893369 0.532975596589053579599237764342
0.430876660250673726437753430218 0.313437207855029154046633266262 0.036158546167511747271294808570
0.791407875383946635139409409021 0.297904125648777995394311801647 0.048759966356313376445452689723
0.743823242888706936959408722032 0.830550211925903503207280209608 0.683207524368632190814309979032
0.352936686372840702219377817528 0.441835431612639217835436511450 0.925279430758534693346462063346
0.509299189715240352427372272359 0.063428242013616270567055721585 0.968976917499469458938676780235
0.471501502024353980058180013657 0.806204418855297255674940970493 0.067255718348175091980678530490
0.340884019191812603910562984311 0.988135534796366621357321946562 0.386651989992943034835093385482
0.303818890189722801142835351129 0.845642123997903505383533229178 0.496215329410801542220355031532
0.368542256118058464409159569186 0.325010237959658998541101482260 0.231765266600466424140591925607
0.298696388811252877548696460508 0.387828233761951246538757231974 0.273455353075877927171433157127
0.143564636091748021318181827155 0.520607127808872971463927115110 0.417978576331803741705783750149
0.363424482429919093462444834586 0.530273821803425193799341741396 0.847916016736889432969803692686
0.291078729377957590163106260661 0.661935249941279724161802278104 0.278929833518540892800530173190
0.323478902722033612171514960210 0.736160396528055316345273695333 0.289604014867713033254403853789
0.461985399125953044574544037459 0.446324689945953478886764287381 0.094375745906855157407733258879
0.616590091389637384722277602123 0.916436091361259252963122889923 0.564760474492808639546126414643
0.450759943420258157864566328499 0.774803023721195471829048528889 0.705178277654631924242778495682
0.308984703713386599233103879669 0.077207004220566241570189447430 0.460283099347714386162522259838
0.177252871973800713023550201797 0.719200895991579991495257218048 0.144599175877967500714049720045
0.820390342837363784056492477248 0.120811987196091569218836525579 0.088103010032578504828748577893
0.124960840958531466116099295505 0.020297128036769879894096746398 0.600230231011340986668756158906
0.393413045803140404288456011273 0.696823661481395517647285942076 0.502949021255082340253750317061
0.409649302347478816432868597985 0.282558946119604081914644666540 0.786515299775255138925444953202
0.487342239159598511477611282317 0.650985893983732744061398989288 0.292185457831782902093920029074
0.271883997674013278000870741380 0.219579509135442274558869257817 0.235316744165501079422142538533
0.846343706802517026233090291498 0.853351461208220252174783126975 0.172104942377529740449304540562
0.661859482738640370058647022233 0.635061950826545817960777640110 0.435872315550020816843357351900
0.279489855424809419126574994152 0.099605111712617100394595581747 0.622319272431034242742953210836
0.113999456628807060987185195700 0.651849228216711540362382493186 0.052897662787691722419136652888
0.146098238177151784622509467226 0.595698955388577755520884693397 0.592941067054591930407525524060
0.037182845120356536328110053091 0.860185855163006385382118423877 0.106321976927693406800301545445
0.587833430546369828384456468484 0.348797008462945201667793071465 0.104880176446797493405860279836
0.651588607131146191342452311801 0.356467174801061770228471914379 0.113961439160901081835142178988
0.093860215639156210909455069213 0.665839132547274004103599054361 0.195918123072276489926579756684
0.035476449996743354697859018643 0.211913361010286321883810956024 0.817966382886598952772772008757
0.585667221653816016946336731053 0.320422367304181610059288232151 0.231800670936078756501075304186
0.433225199577195851929900527466 0.770047533875658274382658419199 0.350866830897449077930616567755
0.089892093194839775560645023234 0.112981220517710770345765070033 0.329548159872015244964416069706
0.315284104442250190381002994400 0.091881992018136668387562338012 0.088236089093832001384321017667
0.500807887050587319244243644789 0.046821843360379152010342096446 0.465189003912827636622040472503
0.342456109058556723567789958906 0.482573398891632365792503378543 0.795555327518162269662127528136
0.437276244287355286832763567872 0.200077214996047275663570985671 0.308564196537212009907591436786
0.640638837998462329359483646840 0.309493425448105541342158630869 0.965936556537929535970476990769
0.333298987132630064600391506247 0.965057257957677716575517479214 0.524724846530393418397864024882
0.744864057200230522681749789626 0.611674618920652557463313314656 0.898592928459034157029350353696
0.179403410901243814956629307744 0.625434907646436055728145220201 0.905138172591814282874622676900
0.360883138310519824276667577578 0.239862840536262167390191279992 0.866749698794290646119975463080
0.395907609876215316191405690915 0.827402133762887292967036501068 0.502746397963971802802518595854
0.019279037611974820382032547172 0.657287910632949112788026013732 0.438243351095749023027536850350
0.464113126448770452192604807351 0.830569646458888755091720668133 0.579730735492379189999212485418
0.634526490780480512121641822887 0.398850765826070874364717155913 0.049229686783510161196542043172
0.398076026667882498788486600461 0.117910728908039427742515670161 0.929423127729826936693768857367
0.595320137891015788156323651492 0.458877362617855943938138807425 0.713979425043959836649776207196
0.615179900143417945912460709224 0.089124685031853972949633657663 0.640539539392214085644638998929
0.494927443157496316228360910827 0.016442026724090952338741544736 0.209247996446124379099629209122
0.182056381117109478129378885569 0.155281594602021760787025073114 0.071692111135625985474106869333
0.625828268549097455064611494890 0.639145055392923544523853252031 0.345549491872299496808551566573
0.551406741103152464589243209048 0.780426501442876285885574816348 0.478634921671070967530425832592
0.909277628256902170633679816092 0.471260571856054744088737606944 0.949306891193295920849948288378
0.839730774499294008172967096471 0.592006843999757004226580647810 0.621130786350948871366028924967
0.886191226416572663815429677925 0.149882968410662065217309191212 0.126367514897390481598549172304
0.425701755318602270694583467048 0.612384257693047717729939449782 0.332251540583837212672335681418
0.107733875586581970273947206351 0.343169104964802407220503255303 0.740798849696070127457403486915
0.944234728140799672857497171208 0.890564842585237825822730428627 0.947842380615250390540893477009
0.392498013689694502659222052898 0.867823342180145784752198778733 0.891570729288392427314136057248
0.413091117047722389266084519477 0.980315459810471412360755039117 0.986639207881011337519794324180
0.590094270425564837445620014478 0.595897670817908231555293241399 0.966660553540898415114668296155
0.238989324165580802050712350137 0.037794742382277639325405260706 0.751522401234942294401264462067
0.058986851209523391559308436172 0.841400610889218025789659805014 0.628685380838067020548010077619
0.909899130193399185984048926912 0.199158164986461383438864913842 0.434194572043296422858560390523
0.766822998490378049396554160921 0.706864276666631541345964251377 0.858632589337136598039990076359
0.090273485541598488812731204689 0.266215603920998911124939922956 0.572469775347035803036987999803
0.502652233975150464218017987150 0.738064397534064497996553200210 0.222783186859669440904596626751
0.690424784655183199078010147787 0.217345533214037656133399423197 0.832448978449253251810091569496
0.054252591025334757912634842114 0.863801609757318566984451990720 0.404872568440355129482099982852
0.003468118098951796911960654413 0.872030151378315410148900355125 0.499993687707975253964320927480
0.145166541747479560520162067405 0.240330266013725563079006519729 0.432796245250020361616805075755
0.802795481058314219779958875733 0.166242178537136575666721682865 0.328578407526079918632433418679
0.168837238993342408921449759873 0.725188868459221147588777967030 0.663962340197099210037379179994
0.321144963140610750773618065068 0.574786387074868287960782708979 0.014005094452469378854542192414
0.127613439408977902278508054223 0.254891250206265074229605716027 0.379013127707006569622194547264
0.686450769982166031368819858471 0.404092669148966299186298556378 0.363020073959717193279317370980
0.097471076666865122395400078403 0.557741716879026405706554214703 0.507808258822225577766573678673
0.945730933029442777382200802094 0.664423749441843458640732933418 0.019835509887293774344829699885
0.209658736362928505014835423026 0.322157619408023065954438379777 0.214890387596135018499765578781
0.559977379882293235802137587598 0.178490078290098219682136004849 0.262760216222416909115366934202
0.635367718304456041700234436576 0.581720297229543881201152544236 0.483975140249204571762930982004
0.405361007330145239890839548025 0.563438358293235186380343293422 0.153975105355851710209336147273
0.259748696858121019825915709589 0.577723436578875482183548228932 0.058548986936075325671069435884
0.089985782143441189750987518892 0.504524535171020915846895604773 0.342926356772657536797765942538
0.167745561720030605945552792946 0.497552942821853860788650081304 0.857792402438871115499807729066
0.016540940024349973930251067600 0.647608274027275165884987018217 0.524403323437344304203122646868
0.268182245856905532299663263984 0.178777317930807200241360988002 0.371109390409068817806570450557
0.452637708312215614192552948225 0.122778274883276999895898029536 0.215370417789978146894114274801
0.370584672874550991039654945780 0.275216712937218610512957184255 0.231430081682129112907730927873
0.629938575421594704195626945875 0.857399624801124971007482145069 0.058830152131190825703921376544
0.755919551143988788233230025071 0.201090421722847106922316129385 0.323909497148727409943091970490
0.195845227559469786671186852800 0.965820604904663260192876350629 0.269413547190318680701892617435
0.952241964874884105896057917562 0.076189191287763122217846500916 0.167445734077372371251257732183
0.105935865649649255115782864323 0.505953601657303297933765406924 0.874484390964989755090641665447
0.329573205307341521308472920282 0.128031640431070986574368930633 0.191328582740213248847283011855
0.514690453190071561806462341337 0.077411018095424097285039977123 0.221920736582655347968184855745
0.224639485485157330835193079110 0.665381220485654956142695937160 0.906347023470015722423909210193
0.611646749998725480779171448376 0.596650399879165460603758219804 0.307280096224390730785813730108
0.870586407858352506750065913366 0.327929502302262698698598342162 0.747164387717516476072887599003
0.519409712278126822759816150210 0.094353618285866525106087010499 0.334401533403372475117265594236
0.270898474927233068321186237881 0.646962698830299554053624433436 0.992336757732609320292738175340
0.085977882380739695244997733425 0.550172147793527077652697698795 0.885242062043063437926093683927
0.761304245776937227319081102905 0.664545303868776193745304681215 0.340259871271438918416407659606
0.069644975642862635978325158703 0.696149660120659263817799455865 0.172216676024186582383279642272
0.905577889007698422219050371496 0.425466368774445213851720382081 0.563068588177383810844389699923
0.725384547773369137146914908953 0.883287071167807691374207479384 0.485871779097156175630800589715
0.124260633898255506979424467318 0.244544255161298129674918300225 0.324313619850790157972397764752
0.039496096286685405951644156630 0.727720987441240585447133071284 0.587181989748209232082842845557
0.995836103631644986577953204687 0.326811002396162619820785266711 0.771093405925700525749277858267
0.362012823676908457315448686131 0.874323848083778054629533471598 0.216417062804569598766235571929
0.721520648606933212576564073970 0.355148100008354394852005952998 0.535938426604145368159493045823
0.584250213496900316911819572852 0.886834530927478215112103043793 0.144715904368001579971547698733
0.077687083104556894919134890642 0.821131892095151694199728353851 0.703902626604181569369700355310
0.386506175082789671382244023334 0.979875603228643421438448513072 0.238674125576876533516568201776
0.676379718330505141921094036661 0.911592560637193960459967456700 0.042173230468724627606480481745
0.932054211520905395715885788377 0.703443955408776244730972848629 0.160757951369703971922220375745
0.384204203926049203676740262381 0.511600236227098492669540519273 0.477133665813807783528943673446
0.819681025387774542245722386724 0.785447023014758327619233568839 0.028798197883438923783128160494
0.707789242905025872687474475242 0.636792513926586201122859165480 0.507328739360419112003341979289
0.267210207840991476047065589228 0.444476225083982434682638995582 0.304665240987672836237010187688
0.180027051094481360671295533393 0.966560013780659366133818366507 0.639629052590961477697817372245
0.907564957813216555138069452369 0.002966168377179924375841579831 0.736023422719992548302059276466
0.705632505656111796987772777356 0.242669813263953565440900206340 0.336113213557546752774385367957
0.352296462599549387029185254505 0.765721606230874929366336800740 0.247665034912214976348110440085
0.053653526975998996895178549948 0.983329560402707913979725162790 0.005781662251706835842224307953
0.175423888554879087164906081853 0.918764713927738063681260882731 0.846391398417296381140317862446
0.552480955949387397829752899270 0.589508737824128825621983196470 0.157953116651969593942084202354
0.177270459310390232632315132832 0.562071747795434895067501201993 0.398963766325308721860665173153
0.913687090076820696005199806677 0.010778730124616036495366344639 0.349556113588300076955306394666
0.155788503058904043152566032404 0.925432389756750461984324829245 0.959002429621831020689626257081
0.568203750343162838909449874336 0.562365519942602087866134752403 0.276390216351295125996045953798
0.720904030497296677282292876043 0.601297330256328477204874616291 0.263760554571829675118976865633
0.249958758990898061158603127296 0.885971544849109116093188731611 0.181698806411737273647233337215
0.944355435297882572776018150762 0.464293904461122342031131893236 0.277532131372203338948168038769
0.354587211480269448582447466833 0.871233972352038144038033351535 0.171001350120948747424165503617
0.988564576392095051282637996337 0.446806589703305112593056946935 0.225280540999196088325362552496
0.944731290853844329902244680852 0.851234682698935207767476640583 0.206794103857919131517206778881
0.883429745521937648256027841853 0.995979490421189161963866354199 0.148204238746650313052199976482
0.904366825097057236426678628050 0.567687652871974979262859051232 0.571867444842009242655933576316
0.561912092709720312200261105318 0.043379961053074518606553766631 0.143410942356822418419781683951
0.295848190755658879691480933616 0.237959977693288332600829448893 0.190853469492673566421103714674
0.941935751323236591936449713103 0.260775988844939909938602795592 0.228010737220879611264479081001
0.170659797644461347365663073106 0.129851386636810478547587877074 0.566384367928351006860054894787
0.803260998507878909435930836480 0.766898447972316654741575803200 0.842735206492006838630004494917
0.857101935156014294037163381290 0.083468803143425363000318384366 0.334269144277901775197392453265
0.963316889623237693207613574486 0.502103461174703169511701617012 0.389236222659332109508056873892
0.852664269439704525233025833586 0.552943336021443965222488259315 0.851460050827302805664942297881
0.169191801324312107723812914628 0.980294365839714965105144983681 0.218886489996643229805073360694
0.816502725661345629681875379902 0.568675567860794317631700778293 0.664004081174078719662645653443
0.210237783084687240853227763182 0.603062582962511029016638985922 0.474358923612241134559752708810
0.368962235444538932949143372753 0.349142829521170316997569216255 0.419195282781388456339044523702
0.437152514630852973009922379788 0.851326744827458514741636008694 0.222558131872419462382595156669
0.648065266856835853204188424570 0.611553280130936238734307153209 0.577926452764913611837016560457
0.354321916617447496555826091935 0.005738920961833303760468716348 0.517817177074238799150407430716
0.553110042591143047374657726323 0.403170626166096057740872993236 0.127073002596275214104437623064
0.332153031125692721481357239099 0.618481459688103418770310781838 0.176286355770344072002586699455
0.713057976589938857792105864064 0.801821155198206514391756627447 0.037950723707730706080187843554
0.171869013012860644140644694744 0.397177061073865689255768529620 0.394141532338495803600153521984
0.460581429976451406371751318147 0.530267635882237797773086640518 0.917569503698211885733826420619
0.511886034556636060344203542627 0.320602396047511117860295826176 0.017845761297725800526015049741
0.173206456816225151662536063668 0.917532441369540485709421773208 0.296664757616082130908807812375
0.743630815612927542623822319001 0.788655846048928133029676246224 0.313694426404803272667720648315
0.644190813242285220674432366650 0.600919713457320425753493964294 0.758222595237903584930450051615
0.731991659389123694445800083486 0.075218921839860092282137316033 0.378370344586719919988127003307
0.610290757129054450835781153728 0.422528561198245056207412062577 0.991201596332594747629229914310
0.674982563082394126929841604579 0.052625055806877221731276961236 0.805446229760904186534276050224
0.558190023095520571061456394091 0.265616214801027150649304076069 0.617940460343229469586390223412
0.220229641357470501406012886036 0.575093242849504582281383591180 0.795026672937681921915498151066
0.825368346275393238720141653175 0.525820218065339628488175094390 0.480230459461434666668111503895
0.916376594202399363808808629983 0.055882872153216821276000558782 0.927647752133830105769618512568
0.721552347161116713891715335194 0.359004472055601764335364123326 0.744393747554517037912091836915
0.494125265644455802238610431232 0.663042713537948080748662960104 0.679069066746547878032913558854
0.207979261150037508798504859442 0.073072017736240932328506403337 0.388403202572191241781496273688
0.897079408457542304411447275925 0.501651295075240200027621995105 0.947635771204716093052411451936
0.340520334170025640307954972741 0.816582100336589511435647636972 0.653817818376415615944097226020
0.813326026009453473264443346125 0.743538789372910069452871084650 0.564300972174967330197148385196
0.210704327104653865720962357955 0.135198013738318356669054765007 0.179851374893481547045936963514
0.906830763224712232961621793947 0.862217919939966992437518911174 0.529194657230906306821793805284
0.395900520733334815304260700941 0.211267258563025778217436823070 0.597798886434707132941923646285
0.995206956914560847415884836664 0.607073110802562099230783587700 0.258806535777012902688198892065
0.130763863371765487464415400609 0.592410959636160638908108921896 0.865223599444518431944572967041