0.573984985851817230972926608956 0.126659236916573297859756053185 0.194529831911352257822755973393
0.409768052529694837282647768006 0.723814217866449727267763591954 0.360082396396405379768168586452
0.009521943410282465714011834734 0.991519532659149827047428971127 0.488427996381758378063864256546
0.797598785560576839515078972909 0.011658412603954384709203928594 0.051533355885282232378141742402
0.600746000639105548479790286365 0.267111891747709939703980808190 0.452352247235631499400199118099
0.527331462130494865725438558002 0.289238967116777656585213662765 0.622773815455652135497643939743
0.444251920962542901083480728630 0.840330617346993768990159878740 0.494333628645665212886228800926
0.920862854926277063505324349535 0.557040575760195055821100140747 0.071912249962129540237221192456
0.103273508332484179050858585924 0.884556837267629014753822502826 0.612618597330622183250170564861
0.913667532024035611293300007674 0.713320687480972215332997166115 0.007537304990129517316688190220
0.061764037327173129665602857585 0.171515576629653915263773455990 0.341871919105255439585988597173
0.844989596576227297575201191648 0.119493475173830090985127583281 0.217260214918685357066152619154
0.048659330533723905987120161853 0.237858087276013624444814809067 0.441510679133138239649269962683
0.756900333026633953537043453252 0.783476902113717343922871805262 0.769631429062654470740767465031
0.821091646672335917500618052145 0.116565529642140022770213647618 0.803537153604482079494175650325
0.435046627494006354908151479322 0.324159264261317692223940412077 0.441167755928855764846474585283
0.938946003798767581116635483340 0.099942534383984468759898334156 0.520108487630390414757641792676
0.588339785743798637795975992049 0.293024780787590199970793491957 0.463452583643967797044638246007
0.957224261043608581900343779125 0.583366132091165723316805724608 0.531045413356954765227158077323
0.580981353735843808472338878346 0.665001998343248357237200707459 0.372099889103537306844771137548
0.486300478231610266988127477816 0.327179316924401997201954372940 0.524139961152265354549228959513
0.495555882198304875618788400971 0.332533972344014050470661914005 0.636795394543057891034720796597
0.155425283534222441472749665081 0.052385711397714550263682298237 0.290049534013674781274261249564
0.047256171053940240756041646364 0.086305596585449881330553978387 0.823533585871840445591374191281
0.307718021749722348001654381733 0.710444705246752739036253387894 0.567747870966651357882426509605
0.780276748166145894813894301478 0.214900432800032459290662245621 0.287153309026996428343636580394
0.289713974567991305875125362945 0.686097175203947862165421156533 0.990979824385202157088770036353
0.024507758718124005720140345943 0.354245866717622648334184987107 0.990940757738526190046002284362
0.937878020836550696515132585773 0.161153995350107881456835912104 0.569123021451493849021119331155
0.526252556448284725121311566909 0.248396901733951597224248075690 0.734029538930292768661445279577
0.009551100205881259824769458078 0.325194408201380513734335409026 0.582878488187913768037162753899
0.275124458552038930747585254721 0.472621655637277038319865596350 0.957323233544545071360687416018
0.279333474815388116407888219328 0.623180088021235367712336028490 0.908601039685895894848499665386
0.709409410818304775325771061034 0.087887820468568148002397322216 0.256338470249502459186174974093
0.870477893528956325752687916975 0.238142203253558643050169507660 0.140543975507692486814903531922
0.466902491912712880317570807165 0.417649478524460160411280185144 0.737069403886515206458796001243
0.013389504743153184812554101768 0.883738548289614067599018198962 0.852799138040311710540208878228
0.957685365052501014204722196155 0.525127287383759577821251696150 0.401424414604478418944211171038
0.480255992522825581048095955339 0.542839419367123987569812015863 0.946210088313625519162997079547
0.138042293886684264148101419778 0.666591268575225659454019933037 0.695970977155929482194096635794
0.718627381669977527423043284216 0.349981647848383703447439074807 0.428995504597788845924100087359
0.377167142710801095439876462478 0.910435375708229410740557341342 0.058007592394775729649492035378
0.516665075733544809644115503033 0.955222338345855237484727240371 0.863065814875943804196367636905
0.736446248167710204590719058615 0.112886001858241102890900720013 0.969913633454595580651869113353
0.712768695166009491615000115416 0.956362079829064626323997799773 0.105323698682799934966958232962
0.312892824971811256418163793569 0.367681360706169690910627423364 0.796899238236141727043104765471
0.447363807175438887853147207352 0.522201517152790950504481770622 0.789068039143460797646412174799
0.822460759675215813402360254258 0.080122958243832337332790416440 0.137118214603716342958605878266
0.974712339114941817008741509198 0.657667933313974772957521963690 0.649428303359186775978173500334
0.018171591665954240496505533997 0.445193790577369685745878769012 0.074346481250013529695763736527
0.038181684715169174337834334665 0.553548309756262346681410235760 0.071246032496118660848338777214
0.406363244356459540895798454585 0.236078497502030859589439160118 0.465405750828528419482665867690
0.889084299314652048984441989887 0.617146498296650469761459589790 0.700364753872437129089689733519
0.115304255437432348618820299180 0.747104241275460712046196931624 0.604131521634470924908555389266
0.669417978197217711233690806694 0.740912263220287359288818151981 0.825522971036014241441591821058
0.691777282117614356060641966906 0.801739216803461385296714070137 0.348225758302342314198796202618
0.136614474109942124480099323591 0.174992845084865206173319052141 0.709988625464642142404159130820
0.726086929508523382104101528967 0.721154786068736841642135004804 0.986929459690185195697154085792
0.962420200983090556867693976528 0.717829642114553689857814333664 0.352780806606886876419792997694
0.542934195116592244190201199672 0.386187367372800627318696342627 0.874079884487120040148511179723
0.909870993049370024863264916348 0.363638813104326774627850227262 0.586937178238158385745748546469
0.320871115551619734418409279897 0.155561910695629024292685471664 0.840783035172331993933880767145
0.087861045631391132548770883659 0.975697762862620887602815855644 0.378190597840468045731654456176
0.681509788836347496499001863413 0.007550967996931163064844305666 0.602605768798377128270260527643
0.046829067398093171536999079763 0.084739289884377802519743738685 0.295498466889639932464461935524
0.105843594095501189467078972939 0.784098303286886455509829829680 0.029493515495514259494580500132
0.436152639594784174992270209259 0.806377441502536429496217351698 0.678226799363591092983938324323
0.787502948283115400407439210539 0.584662649922346733255551498587 0.357387783623299926105687518429
0.139737911712916301754106029875 0.202618276504746869237649775641 0.661061265128425556980573674082
0.704320796267748239216643924010 0.458664857726168051499371358659 0.002124483084310280038564666683
0.036842016290619575280551600827 0.582759870039684768627807898156 0.704255084014731913555351638934
0.561785795546378863285497118341 0.427522950376062249588926533761 0.643280142167912294404175099771
0.773870102965383610538196990092 0.783676063820759494227274899458 0.617999476201284925203083275846
0.688474785724861204627700317360 0.683126490919460316320055426331 0.757895188406877418074714114482
0.518962426362478912444942125148 0.825866762307460922087898325117 0.017730655036631119692014380007
0.408110730907716046100830453724 0.608654024464815202044576381013 0.157586057504411847229874865661
0.525750742768425705087054211617 0.909524482565390757216050587886 0.338664194336066037838151032702
0.609544112013330141586209265370 0.311353774443486497336408547199 0.178818645426963296340971965037
0.764656929083212033582128697162 0.770650180399829021204993750871 0.078300771905299021424795569146
0.946885821114268333431596147420 0.129443948378136219901080039563 0.914012096228130066499772965471
0.681530064774570343288928597758 0.020039967664881520176267670763 0.207053726405361959717055242436
0.688193608993970418197250182857 0.552683931351137580634258483769 0.546795052704426742806731454039
0.273506346330171956626742257868 0.886893466067490421345098638994 0.445337001545617561237833115229
0.473468498117489311471928203900 0.024772890332267170909741338392 0.320290435416338836738248119218
0.048054645603733792125211721213 0.745430394118736350250742361823 0.211576045290525538433712426922
0.241283348534469588297923792197 0.420252610768820866748995968010 0.332278617600747783189518713698
0.682650182714275244322266189556 0.534878125749690402912506215216 0.646322866897668490970829680009
0.128613931612873322318790769714 0.663662534502305834216429047956 0.830883355512036292367383794044
0.715453478480473692435737120832 0.742411114548201633844826119457 0.919375770402929393121382872778
0.588061981720507165327660459297 0.100413441499666161726977975377 0.318800315646146414927386558702
0.798671894216239519614930486568 0.195554808679336555865546642963 0.302233846431812391841731368913
0.776391677696154358656599470123 0.441688807770353131232354826352 0.443465689885043923279539512805
0.599502965375050766994036166579 0.537027579151915901434222178068 0.716106772995003360016141868982
0.024219525099822825781048507565 0.471123215590048438627945870394 0.534845249995011595700589168700
0.183903883397415923717232999479 0.826110245729082204313442616694 0.429304093305951539605302968994
0.631026197702030611225154643762 0.790412788194576942935043462057 0.061357147909718558198566285000
0.313794105445552751199045360408 0.317309961697462283858328646602 0.161688993981593892579340376869
0.245824175890480445261232489429 0.466265001642991505637070304147 0.899848506079800825041559164674
0.754315842353797783026436718501 0.268523706465854772318380128127 0.443586174994658188897034278853
0.290423537052759528354073381706 0.136943359648480172952034195077 0.616964937652933476108785271208
0.781278436884045301979995201691 0.860732690761005891921797683608 0.036388876554962631959533325698
0.753980369853597287566060458630 0.898036781578745779697214857151 0.248593685821428461713011870415
0.934853878753990841232734965160 0.605938110590066636440553793364 0.017212215859531171391338943977
0.248675367871996427782121941163 0.154425385800366410382622461839 0.183500802387061262566092523230
0.532415971870104809404722345789 0.349908068264164484606482119489 0.932823244273514373681166489405
0.641966736182088104634146930039 0.872431980069313994796686984046 0.219138541477733317375253818682
0.405561434092523320771306316601 0.236742139567667070343404134292 0.573347992267789430265167993639
0.548926904319442909852000411774 0.387592835421812276219810655675 0.503553958152798575298447758541
0.303730269176499867445073732597 0.210381761782321957676700208140 0.171769502751471903057023382644
0.671415265360852608900188442931 0.917004811002781083928425687191 0.241060506486647091461961167624
0.485717172953242848354449279213 0.182436377096855451007684223441 0.166438491996548587614768166532
0.810514566272556580273089821276 0.350561229518209449551591205818 0.138036557396462922220337077306
0.338440875904199856005760693733 0.689095164305136620441771810874 0.198903383633123542750809065183
0.036822344554005077832403713956 0.862656087184179964921781902376 0.100477366853538266355805319563
0.476829982966687826451135379102 0.025793512352696119915851369342 0.709966538276887271230464193650
0.122028073959590394048646544434 0.859066205632650681245365831273 0.018399739586411709146851478636
0.253295489505905302429766834393 0.539844721202214161692722882435 0.249429710827685918728136016398
0.149640407859717355920636805422 0.670393690774302219992364371137 0.828602429253183503377044871741
0.947479325769142399771283180598 0.846253716735517080849149351707 0.291517347910954016665385779561
0.667576303852123520421457669727 0.724009201670901547664982444985 0.772448700777478958201527348137
0.729800452940449040362125288084 0.695029979051694724034859973472 0.360787557812582371230547551022
0.143714681933567484106717415671 0.413775958924899600610558536573 0.044866595653651558661678677709
0.107180508621283698822423957608 0.995454171050391245501032244647 0.028954377004344649532141531267
0.702623362718175492602767917560 0.803834868949652170400099748804 0.361431424639647835839184608631
0.762700688496036005581402150710 0.705697235268751055237146374566 0.416134404488170794866874757645
0.625135430962812432831299247482 0.400828953198766102516970022407 0.531659191264715169644716752373
0.165672058802929206278164997457 0.719153088558222242099304821750 0.037383018331879562523578641731
0.972466053624458814930164862744 0.467617344014698732568291461575 0.665711994930624273436592375219
0.802212463128941011270001126832 0.487057814542302736082746150714 0.209693680537565818600143074946
0.937152215511526498481487124081 0.921880673996426702743178793753 0.779583216682619428716805032309
0.764511873892485205317370855482 0.225329368647714467499554302776 0.427776159101720399036139497184
0.049740501319505414645760765779 0.734286673596347805315076584520 0.472504357875618286044527849299
0.860131372465468446719683015544 0.298248731450278137256049149073 0.505704638466437539356945762847
0.114436905648586953465617455095 0.296248124034934889881043318383 0.026258074362988870903423688219
0.719344869704538369958868315734 0.731067738204527528544929282361 0.176454049868387641275546684483
0.116190292457810678827812012059 0.755797944620591466424741611263 0.025903357639215342234084715756
0.151413457573189969007643185250 0.342805372824188103741960276238 0.141494387792786169288916653386
0.261516472198743910038132298723 0.485709122179120489359860357581 0.882480521259689565383155240852
0.127794067587206738867422473049 0.900658447548920215730561267264 0.871343472728838386309746510960
0.323007806039526834673836219736 0.264484271182702679325871031324 0.898729533749531017683409572783
0.250046481590133373718032316901 0.094386949411157758382806548525 0.938539985689161526671853152948
0.180280567755480819469582343118 0.435566872428223728075380449809 0.050189245681541150290172481618
0.505015198914434804144946156157 0.395168911830549862695960428027 0.164493652766911024887264147765
0.338746747163077177589229904697 0.256624982022706948914247959692 0.191466102138575122726393828998
0.659430701891396187086513691611 0.135233346853042363244767898323 0.208190567851458369075245968816
0.649138611183659786085797804844 0.415967722235360271021420430770 0.529107103320875737928474791261
0.160566740959487641582370542892 0.341731775357662304060113456217 0.942265828402164884458613869356
0.217266943036040077741333220729 0.121563089332406670806108195393 0.902131265759199219012032244791
0.535972691869794681807093184034 0.240864870871692615672543524852 0.272449717437103444694912468549
0.053978257884732601390442852107 0.979527276329747897953836854867 0.894373899791116144797342712991
0.214611676505540305281982682573 0.583487220798626693429866918450 0.018589975344286965158735469572
0.660041279325672913813605191535 0.469871313340682827952576872121 0.657084000671990575703773629357
0.192500458780804795111407656805 0.547161117678593877933224121080 0.624518620280407388278831604111
0.936499255100853633670965336933 0.109318696533373546642131657336 0.921873271114442283113987741672
0.836729614988433012534585486719 0.598253436894514822874668880104 0.181558240932758935270996403233
0.202182976252424512209060480927 0.135878185889255098661720921882 0.778128465302410421422507624811
0.639747764698501808489083941822 0.783591150681474668537873640162 0.020182759196998627249097779668
0.709324717275266247717979695153 0.488867547089306464513924765924 0.350297540199332790855635266780
0.764711119704635011729010329873 0.583737770364954222657161153620 0.077567890158078772744332241018
0.544717878550927014913440871169 0.087387639123988836153955617192 0.970424323666314037062363695441
0.422188351629415203891682040194 0.348125826763329537794078305524 0.026437606763891428190982324509
0.728823173876467889087393814407 0.970314148180921098862938833918 0.410773721093898758205398280552
0.178485503684878421548631877158 0.962391017004376791987851902377 0.423672052195410486774562741630
0.134815608330301178741095213809 0.829071049000637216863651701715 0.009157854861578846455971714136
0.149867762557321981820024348053 0.360308871574147371319440935622 0.559463859271591257282807418960
0.649460959372784696341796006891 0.143754284114472968836295763140 0.607942577240693893259049218614
0.374245430858054894951436608608 0.623992261382674384684321466921 0.000522686001804794232034057089
0.388193921560124277636560918836 0.328705824910191846122131664742 0.751489277119497089962862901302
0.755763272491538073971639732918 0.100186542633321842843407978307 0.648297206949610682613638346083
0.471971201010524754604347208442 0.166864944480360599676771471422 0.289168960142288766768103869254
0.838906120812880962134272522235 0.553789834845798578655262645043 0.613525797216483037566092662018
0.265773708410903974908023883472 0.207925770695095740725477639899 0.278614523991855378426407696679
0.850063451125546598596827152505 0.444306699611372812874776627723 0.616055960032216964883389209717
0.898194486416399873185412161547 0.964280107571008904265852379467 0.430729080020404997419802839431
0.873314045309813824502498391666 0.447408248434970623463868832914 0.907303380781331880733375783166
0.197104333642229206935425622760 0.133151878679334839672421253454 0.217963018587281842641800722049
0.146533408500482659198027590719 0.278491445282897709390113050176 0.671526943489193284264615613210
0.674198400397797881211658932443 0.649957539951722007565138028440 0.006303399266243771281725827293
0.750509212695096517009574199619 0.048365841794394286157210416377 0.709017422173873423929535420029
0.879023624154001592678753240762 0.649701470814517234586560334719 0.420784153328531917992449962185
0.088740129187297150936686307432 0.563380669410717294098844831751 0.097496032604807394972290524038
0.383090654615902248547598674122 0.640920936866669399556428743381 0.010550498406892748828878048073
0.728259452266561191358107407723 0.407092496984235496793047559549 0.678985534225667097807388472575
0.580941176026865679915545115364 0.472788128914807648239815307534 0.538633885024826120080376767874
0.148502104819849933825537391385 0.318928913184716555928588377355 0.921401721198126688605611889216
0.011992115498817158825151096835 0.518554865999441894075516756857 0.380765436972407500526571766386
0.550165813937834924374215006537 0.088795193853146783813379272488 0.007339775435427344993377651861
0.155576186609598099419571326507 0.795065593962561822927170851472 0.367429145566273596124062805757
0.536932525848742736584995327576 0.182080224511961957789552002396 0.437530643450713185860223575219
0.575200061204620749499838439078 0.635256678218022563520150924887 0.973724408824713116850091410015
0.989158953394329576447319141153 0.851504296530608550952479163243 0.528593782504271136879481218784
0.788706365703449097104282827786 0.044925517618900540073312299683 0.840382465514450616161923335312
0.669034981640915571432515207562 0.268745656436743363126851136258 0.617998771658876067114363195287
0.391846471827473119553530978010 0.193606310884818499928883284156 0.380094812492815681270741379194
0.020880000708461184805164734257 0.691837823024371578739533106273 0.408071125826887870502446276078
0.409205741211275453306228655492 0.533889516044526724058982836141 0.634566733959808337850461157359
0.043081520271817809464298676403 0.816320565938032927100209690252 0.154595582561378536157192797873
0.888371218053122135849264395802 0.937382729210694765065170486196 0.710174648800416585814332393056
0.210837442229699106865936641952 0.578175941253455505375313805416 0.616682512015004569150278257439
0.789009936898477204358925973793 0.090044200825217801664734906808 0.447810168785129913970877169049
0.055989417742798579247232027001 0.701380490462532035778053796093 0.527358169593458270263397480448
0.220249241288493158297256968581 0.376349648013716064909317537968 0.512476363129245271466061240062
0.503982267499056280080083070061 0.318430779741689429229722918535 0.547368818580675764451370923780
0.851143961147255989629911709926 0.072851723600970197392001637127 0.934073894410003990884661106975
0.628280515116933724328873722698 0.241404676398023682049043259212 0.895150320199897597817084715643
0.182547164650437049315812032546 0.581688786999058349280744550924 0.816624039895353703855107596610
0.818265705267222087648804063065 0.110072179549157919686841466955 0.329030772056717546458770584650
0.153493720787940352012768130407 0.217980262276133762711083363683 0.755614818397415954898121981387
0.884683785841574144015453384782 0.897415838860760595174781428796 0.680688382492220189767806459713
0.712556536209216662136611830647 0.565896238226955450301147720893 0.888221439997960326984127732430
0.168359711569599335145852592177 0.929714808302115391924758114328 0.490263825581695067423737555146
0.059628583429483378308688656944 0.053545684432421712661831492142 0.302639040731495001512740827820
0.274405332566634185820220181995 0.310774601346524737000009963594 0.307378099574106722347011100283
0.940953968828581066574656688317 0.325021976997931005826103501022 0.819336038433778224288062119740
0.590021164774555573195868873881 0.526059664224434841983679689292 0.303011579145635923104862285982
0.646227695630196441456405409554 0.352900601832990545858592668083 0.875037004417495656305447937484
0.776607576210832206697887158953 0.487063340846745296275344117021 0.577287404280928839739317481872
0.633579097074196684324931538868 0.011630900308137244458794867796 0.352157690991017291448628157013
0.996835150140947034991256714420 0.462101568044985977490313189264 0.365510225884457251588344206539
0.479374621767261643867641396355 0.540174689178945177658874854387 0.339414242582850855800558065312
0.423317841727715138411269890639 0.982408847590982792219449493132 0.990433804017253005547161137656
0.754464761194544086819746553374 0.212436175663051951545412521227 0.765169232998484938335082006233
0.534176316635103010099783205078 0.504013038221682418971170136501 0.008345750022178133331607341461
0.222828096809296521962906467706 0.385296009858509536094572922593 0.434379107263805519512089858836
0.627180596012824942420138540911 0.384743001269597872937566762630 0.508350349184537808611139553250
0.338879711717569587214882176340 0.918127174261733514093464236794 0.453765797973825657507518371858
0.732289695879245083887099099229 0.826285379603087122291071864311 0.104514274986352254104282621938
0.684792431584186234161393258546 0.001364037557980429891252294183 0.676019688174398836189027406363
0.232303344990660326496723087075 0.960980333511069040319796386029 0.624277146684393158260206746490
0.141216026007155326382758175896 0.704743853667851194444438078790 0.358492506874922400861294136121
0.866734878173421430247458374652 0.013864448301861280465896442138 0.702304665055801025097537149122
0.271460097630124241874227664084 0.346374195913120408452101628427 0.664920436956253468885336133098
0.677832642263993867537408277713 0.321385643470218140826943908905 0.344768948811675579602109564803
0.695051147820816561662127242016 0.224654880192593692234126478979 0.646965184776339685690516034811
0.870706163716480574521483504213 0.663521956135238122342911992746 0.745221052600969602330849284044
0.723703499390639715116435581876 0.655569815983227610622918746230 0.370124583019478703427296295558
0.524404091315108344950601804157 0.723760644084105231321757401020 0.985544117032490341046013782034
0.650881717973396778376127258525 0.075172274908125044645679224686 0.846913251154529311826024695620
0.907456462085374671033832782996 0.769814950403993281113912416913 0.393594549389588543863993663763
0.790421126089835945904837899434 0.517185306800546418237729540124 0.265308511793856172111816249526
0.053560896412217409712219762241 0.167146196091553872475898856464 0.628673109325010859294025067356
0.249287931147372354701019503409 0.323660087108693095281353180326 0.491219679440064838082946607756
0.312962140305640679205367860050 0.623672027459139521887721002713 0.769224258432852137090662836272
0.141499804427811487483879204774 0.280509259636517738201177962765 0.751376205573930255887660223379
0.526830669033790166544406474713 0.676976123347381664174804427603 0.851591610268010223983026207861
0.144786206292488173197341438936 0.687220219577462043680782244337 0.169970190710782675935774932441
0.601890611175006862154646114504 0.230767495842001596484394099207 0.453874146608965411964220493246
0.925197637926043259248842787201 0.608201534098735674405133977416 0.889610939572336500980043183517
0.669875973355089082694746593916 0.383311752182833254121163690797 0.994801291569661461089424392412
0.333725370898880491221660804513 0.868872180254488091222242474032 0.009293234200945781758873565082
0.757951147674811531729233138321 0.371922030454308827351894706226 0.166637024712564418837956736752
0.348709544961163075971199987180 0.828195074116821361442930538033 0.581155500917045042541531074676
0.503310678774844255656262248522 0.223745208615758167658427169044 0.383635020944371518680782173760
0.890334889406038665349285565753 0.846762529353605519766290399275 0.397712179832568457626962299400
0.454939131914836425440995526515 0.803015479744946580886733045190 0.105705981551507177673698834042
0.905844104602445465701521243318 0.140980382911993107342141229310 0.386198648619705764417631144170