  0.246248
  0.129745
  0.602687
  0.685489
  0.428002
   0.76957
  0.102447
  0.423202
  0.162397
   0.18089
  0.607919
  0.112505
  0.345296
  0.136686
  0.271062
  0.194372
   0.91556
  0.594716
  0.746862
  0.567116
  0.910199
  0.398263
 0.0178878
  0.449272
  0.871936
  0.249721
  0.620196
  0.257125
  0.491716
  0.746846
  0.708589
  0.373712
  0.735417
  0.519807
  0.366136
 0.0961745
   0.78635
  0.797575
  0.877904
  0.495064
  0.944622
   0.85166
  0.784989
  0.420692
  0.463114
 0.0500466
    0.3978
  0.619629
  0.959525
  0.464098
 0.0205762
  0.737894
   0.54906
  0.505727
  0.533499
  0.192038
   0.10604
  0.743962
  0.168541
  0.189774
0.00874561
   0.33544
  0.132168
  0.453868
  0.526152
  0.734951
  0.758258
 0.0159126
  0.134484
  0.342976
  0.879881
  0.489423
  0.568132
  0.256515
  0.135879
  0.740167
  0.534883
  0.527048
  0.497751
  0.832195
  0.364926
  0.910127
  0.892276
  0.363942
   0.22551
  0.306092
  0.346907
  0.884409
  0.854999
  0.788283
 0.0708793
  0.857856
  0.911934
  0.456346
  0.351239
  0.520495
  0.761993
  0.744282
  0.217973
  0.121607
  0.186103
   0.74723
  0.679858
  0.430158
    0.2848
  0.588733
  0.925776
  0.839687
  0.809771
  0.423531
  0.379426
 0.0348388
  0.444799
  0.904436
  0.819185
  0.573521
  0.264938
  0.861969
  0.508374
  0.361341
  0.799931
  0.727323
  0.293133
  0.979939
  0.123783
  0.233894
  0.271013
   0.11482
  0.774335
  0.814098
  0.496176
 0.0868366
  0.456354
  0.162862
  0.169838
  0.112482
  0.208618
  0.481499
  0.844763
  0.889431
  0.585277
   0.76814
  0.947928
  0.339712
  0.760543
  0.265474
  0.636963
  0.217035
  0.746266
  0.711405
  0.682445
  0.690896
  0.657746
  0.152424
  0.198885
 0.0597102
  0.678168
  0.617586
  0.863895
  0.936993
  0.539382
  0.860843
  0.129289
  0.215963
0.00771758
  0.694872
  0.464187
  0.288656
  0.729982
  0.935867
  0.234331
  0.798265
  0.694018
  0.830894
  0.679974
  0.571149
  0.106823
 0.0526843
  0.715618
  0.825167
  0.419989
 0.0254037
  0.897455
   0.73609
  0.963806
  0.712506
  0.740257
  0.521422
  0.307485
  0.431032
  0.967149
   0.93041
  0.434312
  0.644756
  0.683438
  0.886878
   0.21769
  0.180006
  0.705208
  0.760232
  0.570929
  0.688109
  0.577959
  0.583325
  0.269626
  0.343142
  0.616218
  0.500793
  0.341166
  0.477641
  0.373036
  0.115776
  0.252818
  0.542248
  0.816463
  0.742343
  0.484459
  0.917912
  0.606068
  0.305128
  0.907924
  0.204365
  0.314911
  0.164751
  0.442891
  0.860088
 0.0507297
  0.690657
  0.708682
  0.285862
  0.213211
   0.43908
  0.911133
  0.693568
  0.692572
  0.883869
  0.489445
  0.515384
  0.920677
  0.781107
  0.473951
  0.687391
  0.932353
  0.430983
  0.325213
 0.0724662
  0.532411
  0.506045
  0.717454
  0.816002
  0.220458
  0.450375
 0.0274862
  0.565533
  0.625079
 0.0496325