  0.859637
  0.775868
  0.666771
  0.387638
  0.203853
  0.241165
 0.0902612
   0.68273
  0.995699
  0.514943
  0.165775
  0.652994
  0.236453
  0.639986
  0.341385
0.00561239
  0.916305
  0.997109
  0.462152
  0.219808
  0.517174
  0.974819
  0.864318
  0.507335
  0.942332
 0.0179532
  0.241184
  0.373195
  0.358542
  0.514798
  0.667092
  0.269733
  0.339073
  0.235075
  0.343932
  0.960989
  0.198931
  0.939967
  0.232111
  0.632949
 0.0311752
  0.969132
  0.769617
  0.387209
  0.273276
  0.832418
  0.247204
  0.162968
  0.284597
  0.464751
  0.286492
  0.828321
  0.792007
  0.898472
  0.769466
  0.761192
  0.583934
  0.691502
   0.23995
  0.769335
   0.41965
  0.540256
  0.501334
  0.183986
  0.487486
  0.861239
  0.200021
 0.0912113
  0.981819
 0.0811665
  0.398314
 0.0671028
  0.117124
 0.0764621
  0.272059
  0.204058
  0.989755
  0.333408
  0.945593
 0.0912471
  0.806539
  0.212587
  0.118551
  0.582961
  0.958611
  0.496159
  0.249039
  0.104374
  0.419949
  0.404761
  0.969575
  0.906647
  0.505659
  0.882731
  0.450335
  0.650869
 0.0828684
  0.907604
    0.2315
  0.488873
  0.416692
  0.462228
  0.990778
 0.0539389
  0.137953
  0.309492
  0.884104
  0.279898
  0.975292
   0.45964
  0.444607
  0.826032
  0.643457
  0.806836
  0.159493
  0.971911
  0.216395
  0.799017
  0.100781
  0.352166
  0.195897
  0.850246
  0.260284
  0.277725
  0.117033
  0.554636
  0.787153
  0.339234
 0.0175007
  0.855738
  0.562942
  0.774229
  0.429655
  0.681275
  0.459907
 0.0319024
  0.443195
  0.887677
  0.175488
   0.14201
  0.634978
   0.97309
  0.961953
  0.509585
  0.826013
  0.907648
 0.0458411
  0.463803
  0.925098
  0.633901
  0.868437
  0.784588
 0.0940292
  0.248668
 0.0832299
  0.577512
  0.193247
  0.406435
  0.986846
  0.975127
  0.611414
  0.123225
   0.33785
 0.0241169
  0.966535
  0.491614
  0.626533
  0.984748
  0.324049
  0.333382
  0.292028
  0.363237
  0.445014
  0.921283
 0.0613005
  0.489606
 0.0829083
  0.718793
  0.158982
  0.564936
  0.879408
  0.805559
  0.831715
  0.458732
  0.532031
  0.496841
  0.411704
 0.0923143
  0.892559
  0.697094
  0.806792
  0.217188
  0.140308
  0.653823
   0.61668
  0.701407
  0.987554
  0.246866
  0.442753
   0.81615
  0.887586
  0.585192
  0.343639
  0.396848
  0.109622
  0.179313
  0.511349
  0.659708
  0.401694
  0.268814
  0.873684
   0.87947
   0.79998
  0.083997
  0.103473
  0.435601
  0.765606
  0.405993
  0.762942
   0.69111
  0.634116
  0.805692
   0.18962
  0.446558
  0.228386
  0.590285
  0.562463
  0.233647
  0.671421
  0.886343
  0.474763
  0.799933
  0.181622
   0.97946
  0.637999
  0.494265
  0.615256
   0.11855
  0.359745
  0.406581
  0.323812
  0.575111
  0.945958
  0.775051
  0.885284
  0.104494
  0.344301
  0.783399
  0.527088
   0.47182
  0.821591
  0.579182
  0.718173
  0.626519
   0.57507
  0.845537