0.777552571177320352719332259866 0.561722437952409220677698218141 0.378468172576237952913561487096
0.880082722117189797129686344740 0.541318995489912924723051768002 0.840643755439720004653621955559
0.110473667665666248954525277666 0.903110542489239291255725097145 0.304412968729882017967515465812
0.641935146037307895032638738980 0.547977526338843556044552115758 0.841193650984753949245700366168
0.428888635021247527852589785015 0.127505715395281413064476183003 0.342750091267762135401869682238
0.910153213723761682413509417548 0.636966420870761528799757544649 0.788541500754747718830309903837
0.833157772271561193030191853141 0.535205689999381231550358380984 0.765992833258480783397827924715
0.666902051135675416942863713053 0.351625491208439677470793574165 0.112231901880108815960289234582
0.200169828534421026885205394879 0.152088683372685239812721629822 0.008013634883185300907213577863
0.036043576197912507614535702595 0.870827760528735230088370988946 0.676241957816245336084674395681
0.494672839093344371833148890206 0.662759731729526016166985608770 0.603224620689579317775294802903
0.445594124553451158513587120054 0.621907399349282193452121736197 0.696735406876839235621588314358
0.370392514398230596884005260172 0.899351529884393306722021183635 0.449073017210411789148471043507
0.369951586169582123084727494179 0.198300887215140939534948529515 0.939122172379321631818331305085
0.354924407596849168393718444677 0.036023824538031843945408682944 0.967479455070048664699992688235
0.029974165492966198253789988122 0.148210640894787865970130989560 0.950660796604704275333554466165
0.858951910573418336824325699222 0.121456751846144362011339037505 0.366424743918281158897185514751
0.073166250861080176009676416574 0.155994998195764191917218804348 0.201333774364166570534897452060
0.382235571406986617526595992367 0.189917513518733832321942859517 0.114670000535437583694475093175
0.964728030759952641869545469924 0.957479634954980032535127520171 0.866094650013984930016078466225
0.598985907325819015476234123523 0.309090457909847351136864766413 0.132348176833220508623074610585
0.020398769105800395898372657149 0.866527450884040877789913088093 0.859254164851805139077492767994
0.544077943747027435117182833948 0.352710499778315562370292710806 0.050467526081709768984482393429
0.457888517014367572120241901729 0.657061668713461101340244505797 0.294651433792078531595887917997
0.711638297590059965014223019744 0.109429752425749962804525427283 0.709945836744108309159246432902
0.914153247412573772193898562439 0.043442557501890397831258025070 0.212247572059682004183679482581
0.556261557562758620269645398724 0.430346355277040724154134801310 0.859972940319608515435164098529
0.109870899244785015297083479213 0.017967543871188710502198016042 0.466483231773265197962913273983
0.627683684376733449214051965607 0.658219402184019651625310924614 0.945141729507631789832831964992
0.897947740670020209919197966737 0.109643449306107619262544428822 0.121783417495732076386251348192
0.226476652486863468362947847912 0.865928236131612197608083556384 0.284583858548224085134767294061
0.875551436350989826550281024017 0.889500921520679622336817342856 0.113256717573125326625280169914
0.993448707112019270983444319716 0.262891112163903563113177832935 0.195004458915567092157524116578
0.392466416378572130498048613898 0.264928203331984753421952044989 0.212452081085584826944601545910
0.693706289823931793032191052260 0.430227301022738475587682095351 0.902501795653526393789559119913
0.972252073776563342496941282267 0.095493644400577178474269227149 0.432234097478879815036035935096
0.346879193323831192221562624741 0.383849607846924947219277475686 0.125561952815218417643733924288
0.347429514793403160831450516620 0.859643313470629995757740937218 0.106964751968798713218691440761
0.585390702010690993904821657675 0.146464360360173358796742440574 0.655790347265558203417691780718
0.853390409893155872109016295615 0.130767955332836886591798345699 0.814654183233489932206560770010
0.493002347381610660200664499337 0.091271621007589061644012083235 0.712344940462012759541200997859
0.505311934930055695034786611247 0.118958500371828442016060691052 0.630426744863121149424329941515
0.090428407158890633988154105777 0.669884734691250247851498597033 0.204858556568653014808310918273
0.995491788465568630585411477325 0.564794237711348740715370662337 0.050564612051795228813899404683
0.158620359577646820946868701246 0.545095374509634592690765342117 0.614253734591322732464779122536
0.008230821987419491443026330550 0.012515133852171105301679457793 0.207397118913605333750005166461
0.226578835594720707802480482495 0.687811350439019420858192561706 0.655090389810240463190485227968
0.393662184205765858967780773102 0.031664270822865276767470259264 0.605913350574650344827628167351
0.128188984610848223109085476736 0.438791763228103651360040548618 0.292525782308001087256221263913
0.133765485661184955054207818724 0.237269605631222196901023914110 0.623684038605516419730783674469
0.563441608054705317123709222420 0.986434516577789170728131561612 0.308779452555782851863404203490
0.072854345925135943756026313269 0.696126771012005516235985460494 0.255687358401276180855052646114
0.505584639195459981398637886296 0.645060304166179854702092333275 0.897291315328860581004583309026
0.337387614390878109714144999405 0.496990180425715600459673513735 0.993236780074252665102613389003
0.774895296171787463782306130531 0.233180232237045282067499511177 0.384798173735805158997736088048
0.806612762534458279439592275914 0.207542214258985402552976440206 0.638615501024562538834843658523
0.959624522515285783939107355982 0.257620115596691280218065335653 0.724896896299597930307296465961
0.126839205099093239092238902929 0.537138339721756824186318299242 0.700207589889750177934533355796
0.745392757627592173502591992391 0.817961050472209034848039755565 0.953391726647900497351470454872
0.971927507283826079096644806860 0.939136436380988844844566151051 0.868369888476905151628639858054
0.221794810716934433487557239752 0.336588807122081274216338424794 0.997195956937076848750025732066
0.286217758949108538751297645370 0.412164946305529411324362417088 0.710284675016973190922264290524
0.416238325490167192730970470985 0.548955468013609795814809686183 0.014639569699523942889013247245
0.660958123417162756581936001716 0.892383530712529415717016474962 0.035853041770465277442485910451
0.552578880334092527566674362639 0.736096008689141605156954573181 0.996488170057066566568038830671
0.724045597649831575294043209790 0.803603259105446875109797204609 0.522359362422516160703851266473
0.862655467137568970156809196355 0.075920005087175730016625666139 0.922183713887936100295814450657
0.426931238058341936700796748679 0.032567500526882685798839279700 0.332108297933141696877594570398
0.222082756167526174650266153848 0.233661365389693323982288802562 0.755340667547877874643583148721
0.721223874962767675083865242335 0.121652389101274849987997105677 0.118482199870489341009000152826
0.198036663644262293564172810204 0.878550033538272109719828860989 0.497781971384862883128970016971
0.197209589921949570284626438108 0.568866313885781776811567165490 0.648837233787889662498501389959
0.505929879427600101754615063530 0.032752079392190297870429223331 0.322875951451613906374795838617
0.192571381578072218141039780220 0.463952314490604591956819995519 0.262127161221519388489207690329
0.740996377142933362074808289001 0.215745369089520753961393641322 0.835343934537014418561766372615
0.592833102996023412442623262233 0.396479528266961702624879927776 0.588372223210153260552956933654
0.458149128059006259686663656807 0.787605856456412905147795685124 0.057438690462944336699146543350
0.049421011273906729053108467399 0.661517491637024122001324555561 0.360772780301119927262180014506
0.588778122162437442709254236479 0.040495794082871127612948795714 0.028291577294198113076380649851
0.650690733375994708824341489049 0.320381515641685857787618589057 0.110436158898582460515067487114
0.735779901081701374002900821690 0.808350149335947846851660363383 0.152013177169493287803663910807
0.706350273445836336779414785618 0.455896648679057192515272694756 0.352147449143151609879759446902
0.827969807081696144717788091475 0.638585479141182599539140807890 0.982848203165840935691382948463
0.367595041374334506879197400198 0.890625947076046969549208279818 0.171151371454262438827848998218
0.100879011535210983126135069014 0.191452410190903620059488007908 0.250025729962951215052720101084
0.441140425095873663848629945904 0.791901101220374304590715038513 0.944786175222536482177151234061
0.238896008301157162272234512784 0.011613075045854834986389110596 0.043798946698705397973761605665
0.414653238800861390766139872805 0.931834889130171881786309127847 0.219169524855564530230880150933
0.762180534649244679032016665445 0.231141415098537161666223488037 0.133399455405932155856023181716
0.964844025482584798146114041019 0.892226070552122713520497472634 0.668981568142361004667840789391
0.986370879420146455891527954209 0.636780669420573329646220566029 0.106492643785477756709589539734
0.955814317682146140260349913755 0.425152521135547174624507648478 0.493518823485288365902949332809
0.075803834549172749766090701812 0.099388338564939420061387315173 0.365884760489739375974236673910
0.440301875682048590495872068041 0.413601039147015595832192118082 0.963884999871615434670497464712
0.104446138238531465230359266770 0.017333835090213720867190737476 0.312276004728858255581176699472
0.852150165982267216486657185206 0.641513531856143770701579730805 0.105303200866829448041358668879
0.937814927754124875052910361371 0.106990155847511582457082895025 0.127841242335323871478032580176
0.542652097503646984947823901035 0.405281468940205354659010899235 0.502669466056058725702828982726
0.604712279701422896206004161116 0.097491209846016760516296955044 0.283441813074689583248083078146
0.191819465712689185935424207454 0.497564942497526475729954906327 0.038394551415651892486700704759
0.756946760030084036586195724874 0.552815562026982951980660947398 0.711413833079990025210422467915
0.576811663720308928237821232704 0.895595968144332556630718896509 0.126938920930357240849398079573
0.953128421243720690761428950717 0.025557887541629027789696626854 0.363387942637283637895615661854
0.513772161283022198880082026175 0.800338771215449312333420636893 0.462824743150412760690456581441
0.557025543201062522002195556060 0.123967613936004991193161398542 0.455094277313245686558326074051
0.419368622355350306232641265763 0.757883933119506993216103915625 0.500152348104774700947142191292
0.520613842657619851369597655959 0.732475737335525572918276867091 0.155557466836272229937922446966
0.361365595706520339893038178841 0.677172631281981551214997790465 0.959358076486034529895061346098
0.597152056255660717427633976032 0.701346480137907451244787741276 0.586655814059488828250140042389
0.012136456148071300748626391525 0.750796697178467925938757392308 0.993916897757165683809744250992
0.887904291187204654865772831528 0.006693954925167853471717724697 0.470761748757522948062663989941
0.794518837202546919332913496254 0.810146977380044179256913782000 0.803170290221708389106594919954
0.814410132374453423070226991776 0.279462198234230311109499073815 0.415647231153892379841580119417
0.700275171126796000943520183120 0.169387506523789204038806163519 0.665713732094996131483074661130
0.040180845512801927165159723556 0.524360239198150669099745472237 0.705011997462092086895273656105
0.641645742670660348032606242129 0.051197484422776766969511166198 0.277120563425568654050988581509
0.631175243187840043766012978294 0.402977538354202596323189855711 0.767426167538624351471626225251
0.496714927216571373769100525605 0.299958034884791719733035777528 0.737595568540863109693690333615
0.946453400447343939770810027768 0.975635279209756947559782711971 0.729428403785695471606596826715
0.038688333990524816555762139861 0.712570913773326729483377408270 0.078886802062118046932433701463
0.642155017886429455673631525320 0.045203962802722646127436546281 0.144544818858263694079436059884
0.905855869028233386697625781355 0.942446099798920415082286451802 0.113751061858137195332066580571
0.818914173047248128962302076355 0.733229382481658853606978060009 0.816833203598112366021147167404
0.491139991564686062384070868755 0.646997050071736026670733936469 0.039545421310327298061421046881
0.955963457019093908573439188259 0.704443685058468545569152527309 0.037925355624446337634433059320
0.043823809278990623385939399288 0.493486878586138256276538175446 0.066058258732794913012192019335
0.433905686197149377360140185441 0.732641516756266159921578370163 0.743598871698976572639652523343
0.165872812057278912838276190863 0.447356354518076776022132433118 0.619722766408348162853453611104
0.096159288815434867018901023767 0.480043870517219057193026957538 0.507157626549536178431883333445
0.359112140945909225193101453163 0.257522775626161758844898127618 0.410691384857598635973508728738
0.293461884651717613960387215055 0.646295776988243675022241652849 0.689678831087109481576985155527
0.313534453472304467569687272997 0.004385339566348457841297590209 0.475881014422680805628345448483
0.440919117103262041819632567728 0.358989831135358969758750229763 0.366517317698115554772146980766
0.295713123406335984181950760303 0.997512647662738548212223812183 0.977878732077797793058693199372
0.505002045183064699217011553704 0.249904232635745863019251324966 0.394274225834782406631981677614
0.792973860242930814197028857431 0.699884279856159146510500043736 0.083069579874618401455627927613
0.033245198765661226315196432055 0.360903539545893411229385007100 0.568285835597734357502826712449
0.760910202900432526948433304252 0.891922137841116591873518544203 0.529140348342065943625190507185
0.639913405820637668971022960497 0.953549260689457154131603158009 0.455925307370077718531955987291
0.156490438290597640637945907251 0.337434092115883815945987200140 0.901259313964295950068803048208
0.961932389690928172954460426915 0.616512880901732820175184617764 0.771747255679467729676007697097
0.258032215179454131113653267264 0.803555545523265130662535738078 0.255323214158331734844695947057
0.310074445367267875422021086312 0.534762205589378275033380758146 0.378684570283645379981886741590
0.058800016516434798373488245975 0.137551842299443288860345778564 0.534532715857286512053490627008
0.050181201212416559345011625300 0.929416984383250213624556058812 0.216504953546557665092046632698
0.448933668423221535328298705802 0.909127565788343272912068764659 0.558209151774292674709236530593
0.539666670163803068411061964136 0.988046035481496011549797060444 0.723678717705962498390116323069
0.938730308829990517175306364348 0.415971810876880058053228618214 0.784570387109825568804636846366
0.913945828206364041024069442584 0.460649030954126806000765108636 0.702684699958842437683607462819
0.908092099884604147067996677905 0.527209038412137824511020303515 0.321568053339768473200764393030
0.309904122183587288554064141522 0.545326887364428563139729166895 0.145525374092541474956455414203
0.761208508368956603668570907762 0.994378298497933395716590582007 0.935888256416681404318040974688
0.863230386511092250276509464546 0.873586178114686517363699246646 0.356974564642349582738018422264
0.939869398725161513391524570926 0.935530450883633230437997674790 0.890415101842747257089584119042
0.830447959943533469898660058532 0.347387451461088360200822934237 0.269111254989087984008130852468
0.743790425807803641128944179532 0.359545007338444538316531459453 0.276078100337080189672444241330
0.957488468025227972985860469161 0.877092007037167913303581312515 0.599244400052036330998033800425
0.785779221448197345121606900635 0.838928668082804811438146393161 0.543733918898146426156838530210
0.957876355452728117111154880562 0.069631647409532008035149038002 0.941490756945618154904320596163
0.727581761824561184081656857531 0.033223350147670979294539997151 0.435813040536017719558782298710
0.799536790839662778749959726555 0.006372740066677106101935323509 0.251702769868729912844396323824
0.350409969594713837420133705324 0.895845073286215875718510477260 0.509239323629847224803257535191
0.263762656775698955114074080393 0.854508919147080444638723474402 0.154492297720063466242684812641
0.761209460083457779631866261682 0.091175610521676481320311597670 0.190399249978698595672373989043
0.480918997880530702625051836137 0.230803384323591961018239630259 0.214778962158299792091892902084
0.345885173582169966698761596572 0.445077075065450475160839822990 0.543833246945908459506286261589
0.647926446324387214272372729763 0.053422009353201781000364671390 0.678395333377744363102351521690
0.005048696911053722155484427843 0.930934364473299082129459790811 0.970847484996634092336644285706
0.959011438435487101751355535560 0.787405106793296834871830631956 0.693875312875321289178410690534
0.470646214506550829545397440524 0.660835815729811819182334674965 0.187129521365017066713687104955
0.944565041889682378804476843694 0.516980877655878574133720724491 0.781134971116059671576310300540
0.049844196772944632439086195962 0.929061065443057221184117035493 0.037472852466484580093247395157
0.219518689576625708117075021287 0.463657366725140905306675160153 0.297294319398631385186316963723
0.439968885108410570747660908477 0.081326669933026593941076397719 0.052862338923994832983192458284
0.584803373773567992716764777238 0.955642791213659881904295471909 0.816832888507923980957159564912
0.555231664181917870142666073409 0.485033191439668373093019600784 0.207465451965922133222149312110
0.447230126133038980708127472125 0.373766299250808802339100050420 0.333660028211702814936472218577
0.226669651654643871613781011501 0.511372256522489469412701195846 0.182101033212540023505952761741
0.145564384955782267398997759879 0.288594724828521115686520452975 0.164320469207078093530462063912
0.861072291714247930276855142211 0.926472695574945251582112774751 0.470965556143007790548881992997
0.674738119444952816828461501339 0.609593884941259146308487788467 0.290132037927459680760592345923
0.643809221767741249879722633617 0.134901477442111873237548017509 0.679276829982008001118380375576
0.728962618017229675348606858984 0.511265630564197947634892616020 0.132798066057214974877819298904
0.112391350148250779041902422197 0.826640108364916582009171997460 0.375066956479300722754764889448
0.378190990268409217877008453819 0.149164008121549386155394633985 0.359386833387849801834431070345
0.053463137480399475509736442520 0.646505934561766241148867632153 0.876973410137231501581092259270
0.027152855278306081784591046188 0.493114356716947470931276131885 0.110828583733730037351127094783
0.901294481104847973850362983084 0.021212657738779614903727739992 0.848997920234344955790550377778
0.911852524815245935416381768787 0.068239696954963396480503268966 0.307583761613184509630328121060
0.361426285078828046221092442791 0.404156812980780027388380670760 0.162107565454967201770270457142
0.336189077431110892990874985016 0.052287361824699452694163223680 0.834785669454072407373640031174
0.441784849702227354612793477141 0.772790191254115993279538568775 0.923830599012446631589062341568
0.914814634949249806036998612163 0.223617296112615770760160456145 0.534482122314717793059695019112
0.367811934874434908685829388945 0.010539987807470446074048381280 0.301702530753307979664184947649
0.128375982263516936885834871021 0.071896449935679072787169686483 0.693834792894489178911376170339
0.671375401977748478311305829077 0.151727195726236108100768228791 0.304786707856325205257598573851
0.581110471103648883989650627723 0.375721056251142526373327708628 0.280804670044284930268690717307
0.681397329561511211430211647924 0.919221923892147555827844011639 0.108401811332374081996998628973
0.672756408522761310259560728619 0.398747845824642779196329219106 0.193433318609777667087073916156
0.434525657341532302678049844833 0.069415739350183985620330525085 0.593529401729382068324718967767
0.714489897766993295812733404589 0.362524353650844995334567237968 0.095051302843559639146380269982
0.111066342876756891445975462343 0.715829047952465290791119857693 0.254732387314754993535320504339
0.031790886078858728636537023214 0.571733869548913056596780218737 0.463646666563682633921892514909
0.125257779985996774879272359255 0.436763858480202261951601788769 0.597494343798546831328270793328
0.679099802542428772306484139786 0.175367634150686000967314611645 0.230819137094442048809331187694
0.872622667493569955290558237030 0.393574358646733096303468188862 0.842087288378813440539010251344
0.286174128936905080144893539012 0.160258720327877197346516283595 0.809604418707559611927969047873
0.749007982869475045041610239376 0.303744614343712436092252551500 0.900920965594311312195750527921
0.512469468576687723743054218526 0.888459805846813598257509502474 0.037775883380904233754043951356
0.665124154299440035158707228379 0.630622751324759358664196461166 0.578100987892742639678002143573
0.698522083594957763114998906476 0.369154883158238028930247816262 0.408357263626326918311162198370
0.982358799746854598124429755528 0.089549205823911845025497984014 0.237394274835265544988597256926
0.107561284169576404864681067364 0.505880147644651087825805307571 0.457368592222340846403498728722
0.495535178369438292438998844344 0.509328135547395472965257965941 0.578897265808399631556226882624
0.846854952280453736052404287996 0.473272614630205854512297519111 0.788021524570855559776869218190
0.944886481873154016233645904459 0.823242656275952136229735288977 0.823832686617663195287071018148
0.737523212674448759997735007120 0.811429482434113746339081227235 0.255132100004588094058017524633
0.188854690606521060163661996890 0.056944208403689618581513984372 0.124002072721908147669304189247
0.390091283506134718582667748740 0.521769815617721500356146736138 0.810511698643715126165345096598
0.496656376850769588937425980219 0.457098074855133033668924648383 0.440451524483638511176420515076
0.960266700712964188328788175855 0.632692932101804247221596465843 0.891211239542201932443210610944
0.984223659646494041489069284956 0.395901705643367527613373809877 0.221726013244022592525970939673
0.493523115712728375995626515724 0.426632747337647621893604841963 0.864256077656623822613105729199
0.715247677872517554847009007762 0.512420979156254461431157127240 0.769287659730046644880361263744
0.957096580538281641343966658697 0.159614968434048846502088205123 0.166462349204317262237068212269
0.506402700922938253311317394871 0.518422261335473598537209306456 0.081950156572627631161484025261
0.919506547524291346443542050223 0.748409751099771571339188799831 0.265394377706396491360031156517
0.495631149108158817042240166720 0.348240263985202376465667261070 0.772882184897410053692360957557
0.741370182138933260028967924443 0.936624047870237811194151367112 0.874533455995255968459073241637
0.546471792661846420370993971946 0.062240963561140150104987408476 0.799372901576913025267121381072
0.336012646328171494178029997320 0.785401328345692003450376450509 0.807441603227594187056825032854
0.762259088130391216545223732536 0.093846288556937443875742916454 0.841412486937660341034168430801
0.177547973417661460226304119008 0.201884372040310931974958682456 0.176848110703615849730074934339
0.377813024695252858974635039514 0.590855745054109883673169683618 0.349753787447140965972751106339
0.392177195020984096193552790626 0.547699761081586975020902830087 0.743247768339773729626085026233
0.172831453470270306073631354349 0.619258190914798569800568581484 0.484274585193910430550754342067
0.579249640964125424516626415712 0.626691893970927268904977091359 0.305603294222404408087628575218
0.741442119858101963582720734514 0.768335827052856111921595835057 0.424132234001409123562253252309
0.495239461433766626646443382555 0.771287035039932838622739763560 0.253542344240891610806358830882
0.503096266458557005696531459208 0.023773336697730638369475656541 0.915202795630938365828811458657
0.938934199390726706031323169439 0.607026857400205412579751624113 0.533291615524748217813193526979
0.066358952000843619633120284259 0.562180853638574260245728058314 0.321266358558592093220123172350
0.133511175660043700744474518737 0.070331242996461442167773671237 0.055023047629852202064631609387
0.088523743616860313049496491845 0.462976751305632840558948947448 0.659386264231858138981628218103
0.058963947207802871829563188103 0.107248425744548265389716071098 0.973525832219665078275700079552
0.780683971662477813901961435312 0.212383737012881042934371316525 0.038979245256129912842938432887
0.072643005322662750619430010765 0.376581403982004115955051940221 0.878924633673532254389126437265
0.923045466391540088659716179266 0.387048048011524394396303526303 0.929871869939893292081771058041
0.335189158538923973481601694841 0.078780078660070816577610550930 0.816405035019380728484195990362
0.562917187924627564432584759085 0.475534573930047542979396803719 0.793843037078191602859673292205
0.284949726887904665591903158521 0.123775159150101390990456186343 0.753241011300045575319780604683
0.963473672814209660055042428889 0.717209012749255120126454555419 0.298395117309232040155977049834
0.514605656991561869656644200623 0.673791487335593278132363239659 0.814225048635384757943871172241
0.527767652216418464269071647791 0.346085881048976914903673257000 0.059014944755513921153609347941
0.788361073783643048623108108222 0.930307392671824953603633871132 0.693584402598248363035012382128
0.355027879266850869559718751136 0.377351290369912544723912911275 0.297568319498283019669411048265