 0.0840506
  0.105849
  0.697495
  0.651068
  0.077246
  0.482325
  0.443735
  0.146247
   0.47562
  0.659465
  0.477785
  0.869718
  0.911958
  0.972305
  0.943856
  0.621013
  0.481485
  0.128976
  0.159684
  0.938403
  0.500011
  0.921889
  0.806954
  0.817873
  0.965552
  0.261774
  0.944965
  0.977308
  0.529904
  0.698546
   0.46267
  0.988245
   0.90314
  0.920747
  0.910097
  0.213212
  0.785128
  0.739184
  0.147037
  0.771987
  0.476465
   0.48152
  0.983142
  0.886048
  0.714609
  0.467968
  0.623072
  0.948515
  0.411968
 0.0119391
  0.446451
  0.708161
  0.756962
  0.764963
  0.141988
  0.425325
  0.207407
  0.387127
  0.127224
  0.323487
  0.992705
  0.796026
  0.221943
  0.900224
  0.283032
  0.175892
   0.58877
  0.180726
  0.511158
  0.999794
  0.696353
  0.653002
   0.57241
  0.559166
  0.703723
  0.616891
  0.294455
  0.430423
  0.804262
  0.188448
  0.844004
  0.850565
  0.765142
  0.455753
  0.337854
  0.557652
  0.508294
   0.92633
  0.492092
  0.728424
  0.465349
   0.49985
  0.672033
  0.216281
  0.659698
  0.237437
  0.218835
  0.317909
 0.0797269
  0.828456
  0.884075
  0.693503
  0.939138
  0.773396
 0.0545624
   0.94165
  0.975801
  0.186158
  0.184322
 0.0492668
  0.932644
  0.962801
  0.352846
  0.536237
  0.573695
 0.0229452
  0.410677
   0.31897
 0.0993142
  0.572936
  0.951832
  0.213853
  0.430113
  0.747831
  0.174556
  0.349356
  0.271016
  0.609016
 0.0961883
  0.707935
  0.495777
  0.814028
  0.958442
  0.894533
  0.314631
  0.818201
  0.919032
   0.73846
  0.244109
  0.288591
   0.46001
  0.411693
  0.358973
  0.471927
  0.947002
  0.193135
   0.85781
  0.493053
   0.93779
  0.703138
  0.352012
  0.500026
  0.513272
  0.955881
 0.0612608
    0.5701
  0.175812
  0.347453
  0.809598
  0.105307
  0.892769
   0.44351
 0.0695006
  0.990786
  0.215116
   0.27066
   0.68826
  0.172315
  0.642529
  0.539115
  0.625865
  0.471511
  0.217631
  0.361338
  0.642174
  0.113718
   0.41077
  0.116618
  0.127618
  0.234526
  0.700496
  0.710856
  0.961966
  0.124597
  0.534331
  0.891091
  0.497432
  0.898166
  0.899854
  0.120524
  0.339525
 0.0712537
  0.981722
  0.286365
  0.654212
  0.599663
  0.491493
  0.926425
  0.140254
  0.487667
  0.397032
  0.907454
   0.74935
  0.676441
  0.452671
   0.68131
  0.837755
  0.116982
  0.265671
  0.692512
   0.77677
  0.473826
  0.851663
 0.0959856
  0.384855
  0.167532
  0.867549
  0.375439
  0.824914
  0.118897
   0.67634
  0.752174
  0.420795
 0.0690657
   0.85097
  0.379695
   0.26972
0.00274517
  0.543914
  0.283103
  0.403195
  0.896077
 0.0510523
  0.663842
  0.527667
  0.570145
  0.427908
  0.363754
  0.135491
  0.666481
  0.849994
  0.626763
  0.700587
  0.692349
  0.869901
  0.728385
  0.432184
  0.572146
  0.456769
  0.538218
  0.554755
  0.555858
   0.15407
  0.271876
  0.900719
  0.537887