  0.719055
  0.384941
  0.951809
  0.748593
  0.220422
0.00767237
  0.081622
  0.171923
  0.264957
  0.701809
  0.883284
0.00614071
 0.0466201
  0.158844
  0.744528
  0.133434
  0.612653
  0.149736
  0.159982
  0.971462
 0.0145196
  0.318913
  0.612397
  0.262327
  0.544906
 0.0118043
  0.654102
   0.58308
  0.571162
  0.218819
  0.218896
  0.690914
  0.386573
  0.308846
  0.833787
  0.361208
  0.500427
  0.393151
  0.115414
   0.82149
   0.13862
   0.57105
  0.429917
  0.342251
  0.276931
  0.188109
  0.525394
  0.873364
  0.983469
  0.428563
   0.81557
  0.433568
   0.46328
     0.614
  0.365461
  0.209084
  0.161743
   0.45135
  0.583151
   0.86187
   0.75123
  0.557829
  0.217284
  0.389685
  0.632345
  0.453622
  0.913721
 0.0346442
  0.517916
 0.0161118
  0.840543
  0.678079
  0.443706
  0.558603
  0.180425
  0.474855
  0.871461
  0.308386
   0.56792
  0.546061
  0.634953
  0.714952
  0.259664
  0.618249
  0.196059
  0.608331
  0.643603
  0.725331
  0.378258
  0.284576
  0.744887
  0.622733
  0.465805
   0.42275
  0.893806
  0.757745
  0.346595
  0.619313
  0.926587
  0.399427
  0.602985
  0.306524
  0.337971
  0.691244
0.00299666
  0.793533
 0.0749616
  0.152615
    0.2102
  0.235186
   0.32905
 0.0956945
  0.794494
  0.885332
 0.0416095
  0.364466
  0.066546
  0.396821
  0.874887
  0.769932
  0.473949
 0.0723447
  0.508034
  0.818973
  0.768017
  0.879764
   0.11733
  0.722128
   0.76809
  0.765496
  0.488619
  0.636375
  0.249689
  0.223948
  0.918804
 0.0737183
  0.722891
  0.546787
   0.31239
  0.907182
 0.0437891
  0.148005
  0.647494
  0.333024
 0.0752125
  0.325842
  0.124607
  0.703387
  0.412036
  0.102015
   0.47606
  0.148682
   0.41205
  0.337179
  0.750644
  0.317679
  0.575009
  0.175148
  0.273755
  0.127008
  0.804259
  0.555053
 0.0243556
  0.771035
  0.229349
  0.339186
  0.852728
  0.997741
  0.283103
  0.259908
  0.916859
 0.0865742
  0.566119
  0.261883
  0.374927
  0.258925
  0.403452
 0.0595265
   0.46274
  0.548096
 0.0778042
 0.0318027
   0.36891
  0.470026
  0.280146
  0.707982
  0.963465
   0.23475
  0.247242
  0.700762
 0.0384153
  0.922651
  0.737251
  0.429921
 0.0848261
  0.688796
  0.389782
  0.157851
  0.273609
  0.874106
  0.176472
  0.637204
  0.844429
  0.833244
   0.80059
  0.966959
  0.309933
   0.45454
  0.500487
  0.517256
  0.225192
 0.0596422
  0.628303
  0.289529
  0.154943
  0.255267
  0.386744
  0.618307
  0.507737
  0.115398
  0.695196
  0.723423
 0.0831939
  0.408744
 0.0316946
  0.605586
  0.631165
   0.86246
  0.222817
  0.850077
  0.431778
  0.600668
 0.0744274
  0.338829
  0.752056
  0.486988
  0.653739
  0.491032
 0.0131825
  0.707746
  0.434683
   0.46808
  0.241738
  0.947862
  0.632678
 0.0382187
  0.820127
  0.447134
  0.498888
  0.536008
  0.679465
0.00345341
  0.543086
  0.491842
  0.267697
  0.264077