0.490842731303276579337488082182 0.340175249852091676987938159515 0.460850453264680069501144327449
0.111758705333142243849295351093 0.878243227213573536710377521573 0.953219459548523068209055842439
0.595644713744427752448022717015 0.070339720504723566252733725369 0.248797669276232307712291490894
0.253061217229139431194681777321 0.131388540815234693043776080975 0.256348390309898765020089362017
0.413337824824255139838677482795 0.785608242106302314828704111334 0.599441926278205800766298780335
0.412050184121466232944971007789 0.757161509345957340314753546841 0.116967467814842536557880911057
0.645903490766613918469223707715 0.875252147440102353261567116381 0.988724983536398336956798694733
0.032143133789794688390681286787 0.008817392275701653429482386658 0.195652678163020170004446611962
0.164774924992532137605340721866 0.868080512692977540711068423916 0.477912268371157205299990001306
0.446408009199505257950034310929 0.047534832773975802572805743778 0.643500690299233807735589489228
0.803427919952427938529147893514 0.750276427021326344385748492526 0.373699498111873101351744675818
0.634002805444136667047501243797 0.866995368399949913879358465664 0.528489954271547099120254205252
0.837311722491452862869808460544 0.256048569106552221584721013268 0.954373318716296512221892617265
0.735551730750674868989377286338 0.667081710195139581235467081849 0.123596923740408314694458094419
0.233270745038156324311877145428 0.204036482114783251612229067326 0.588434545424770350950170903514
0.648890995467260778384280395947 0.974531152979847818479578914777 0.498352868019702052276174974250
0.300276037943380267239334993773 0.114149620911652059815375343199 0.474787386551031067330624544719
0.162572162544664502948084449320 0.609437974954271123100558496503 0.670496757855183217641196661640
0.666947058957123836596922639595 0.524209650340698605157064179880 0.320120502629290425226545192776
0.644061842844847023001161967443 0.305177090185914649102411556444 0.245963191376274390175222910653
0.844273012270668843338268112414 0.964909334362580391142877986534 0.767991525522973369283622855232
0.193971109416144100555920336547 0.797497044878502013520788913682 0.972569186427912353433995199123
0.825625575379320586960056155551 0.970019184295309250767377767049 0.695355576674638729410415691470
0.906549393875226038827429717851 0.742254023907319160409906949325 0.319192163586534154590672338494
0.629940553256453045335773938663 0.681665228772319382422667231252 0.783651455009443671198489231059
0.463821872488851037173444095046 0.726224676909345515709411129072 0.871008936969972252846318378597
0.297118426929038137288158623148 0.406737002418369032889366379947 0.997305343676522357477082945669
0.114571480320981703414038524877 0.788825553864173060656264257311 0.368157501843417800837865055123
0.157402991421510106100725042616 0.847383218170061222167906514489 0.673377478603039433434811440208
0.926366824197609888564687944297 0.837831590401804700318831353003 0.062541544528871268551269207156
0.025781931174697783610100197109 0.300578815781158820733816969894 0.702696201171079087550272878357
0.937697571539086894644750588725 0.826389738974606394894647158837 0.321893660874426791411167193881
0.500388790118668733682457379612 0.461310282639176420267115816505 0.142424933855294489999283145749
0.593091246324842097292528564433 0.679877754193064391809990565887 0.775613392873463276062945160889
0.511870370073249876025792434164 0.275053253096655235353084974677 0.110881045721767201670396026632
0.139854677062828249321072987551 0.372404703859575427708652586453 0.262997561848686337016382848209
0.494218900797728143576448932505 0.905706087278321848286274525940 0.076678076171487082714476221075
0.605937867265556612755677537349 0.837345388828538762736813334056 0.336703770509408487039647991868
0.036253673547831204667618723688 0.078829009270137620032472506963 0.247913550569254248695945115398
0.523942670465412600051328507211 0.291031360004826807691660368850 0.757586746390175180008708166468
0.086576090938639651043324925632 0.068625767617079201808877345775 0.012664618659933957995073874205
0.851792493929490342960669666247 0.654352906108844292803354269319 0.650140042306488745980485472971
0.679418711611299855025958191789 0.805537660679424050272575775062 0.413100721489313808394507602506
0.606196420331891314465525406804 0.385447267514977537468646786835 0.838090981724501369124494937880
0.131581688159455654931375026142 0.601984180714817679961756704750 0.583345175011123697290582223147
0.495257213657881714244561213585 0.209620439194987167432378537137 0.346783147485455285052567111886
0.989316764089972253220482757403 0.356410676065595037184131441604 0.115053385565526549805468067084
0.778511573752872779924903712582 0.399266702724586267053843974416 0.770366014869123335645425867686
0.158644226882955451398826655131 0.857996154466759663956758857623 0.361579652303361802947727008234
0.450516799809415854787736886708 0.256721367924182985784947231802 0.724465374041317231829703895202
0.093160829124877740320065354954 0.950464255557551400209773308626 0.726955010767520507012531528208
0.713162551044030692742856068280 0.846842800402132555477953412384 0.379194005589039338929980051629
0.973838148270447866811873547419 0.339772119009496815474292313003 0.415063309962897786378078677126
0.905709671882590329825199115838 0.655973090351618927904407564790 0.690420543985839211954464295819
0.540569525051974300060351953827 0.135584861652217213440893523954 0.244072648417689849991379221250
0.232016756329845659483557159197 0.440701747518685837060947379184 0.571477891150519412365876211734
0.218417125700987577542449750241 0.666748230014504125422943435122 0.324234103786293192003458134257
0.400497522081420584633978785742 0.412325635952927195134332484441 0.751325648095214885344730665816
0.338846901424070116025577094609 0.588644346125295547574911532435 0.081134484059429977642079534110
0.072645155228689632470968457042 0.753843117443935955078934686027 0.546648803801989392058026285493
0.274122212487392207189576957758 0.229296977803858707672081064663 0.501115537945806073667013136433
0.050632905119607679591033911478 0.259612973750006937631499294616 0.228126303561293346492504466429
0.660602612593988560113228490220 0.689052058627704611345740187296 0.035634549132012026643078728334
0.038521237482445033874430197041 0.030769498337883208759490104897 0.069572538605746398956037224328
0.871822354196992143296626930778 0.526482998971279332745962810017 0.121555450119877584283485200580
0.443170100387766536522996357392 0.221363433344572799916579494624 0.969083155670144001503737330990
0.906648259906612567125421034870 0.259405827937778330678247480585 0.299283802736287083392776534523
0.373052097983779129114652792516 0.302303355500087529764982864990 0.504756899050144907655811963125
0.597532230376120220738259810715 0.383141129329123221485493746648 0.238658575932115025992106338967
0.517240968054441354316453148194 0.223641874824366706570236728761 0.837412012333906393286422387653
0.208291839833869485225410058280 0.608202600257265033066053765309 0.645403653063035532591927177991
0.711761340200959386400772019066 0.023037181238073386209575593474 0.222694274180779432839816384482
0.174483629634371724452588108367 0.564944427276650273661814995511 0.724251829405511817960449205350
0.112606102657400468718853610629 0.148279463042881522105052776827 0.622843539448275542660908572731
0.508812489958438449351255124486 0.938777960887390474168548756811 0.745209459865484116576589992790
0.493719383689798546808384035944 0.377201042262678937264331294188 0.683409538534291426790987599132
0.030618648415110790196190417812 0.755938099862549928209501058149 0.167114690294011070158226916630
0.786385301546144923009384545793 0.371705659165745399883912561358 0.307436544983158660259056838410
0.457838779141376681271269849278 0.226562855464539534913847214726 0.841795772000235959649249664354
0.817719170321521516431382750049 0.983601260876785294767193721185 0.746030455501568510816929529274
0.823037432473422484988379191807 0.957341031324707043010908143574 0.491543415317846222825012875798
0.576004249755748370393481817825 0.248290160587279950818416021144 0.486412200145837843000437980896
0.212653935211496681882454739736 0.550049214908316065899318352495 0.814051323971868751181015928334
0.437970276686740087786976771111 0.009097555071901175519338797404 0.788518806150192357871423232811
0.671956764104043068159385941184 0.355055767138095365500989059397 0.911112143210969231713725744516
0.294795232897231090515253309719 0.187178463678510658708168893535 0.448454058704716722126617703808
0.303069137429772187734948986433 0.778985431537910905977995806076 0.001679614119890759347668361387
0.420479788600631276711836757613 0.332298424633317646835640614389 0.307805728124681656190447629734
0.807513669534741237417649838564 0.986057589352356745617465516887 0.300560288882060622064077055030
0.916381976768629272042352459950 0.036843599244854488438443732716 0.624312511159374584109261286239
0.407793578628454135463225071875 0.173324220683230950859226347031 0.499044745829789103104486132429
0.094662180139417853787599855169 0.637553086113650245105933091386 0.241547646180530775337879614640
0.873676954144051216835861941057 0.460836652483047480067201130629 0.557565170596262037474813364389
0.245339113712001053292574383749 0.465219905699309232698015594942 0.042146276751505237963241485728
0.135267371452448172926851425613 0.718279572771306770345350439756 0.381433750238400544861532543136
0.160181410087520092650940751734 0.084311777865153179260851432116 0.783630404525508732930363528991
0.262999225060772282238357388907 0.027907900821458478030507497785 0.693172917534251935753003671513
0.398535319957062929936591198328 0.245274924929658196192062254315 0.836184504178492765800916082944
0.307256038540182649228257803185 0.756659715472239794963718463804 0.395177813650514010357543206845
0.027978778434207502176133923741 0.951051952923471125998563955512 0.894592130188639827144010772237
0.243594278171675610204919044516 0.653142065167035998551506774486 0.251711778005673922956129379583
0.846408309632310323272626087205 0.626612634870931676817502965620 0.112076826975254166428777059233
0.453574447417934891866987668749 0.633077889511490393012913000421 0.310467565596944061980110204290
0.918205192766039861351755951748 0.361195965420645695615437552352 0.627919829134998776636217842465
0.287191936878806961487041635187 0.299866521420837634470732224538 0.661969577055321375586846039106
0.738408657765364204974363419284 0.079240000262639202447666291623 0.823930970408526290455100717595
0.053927030010105255791682773540 0.854697193221265203815401998895 0.462433168206170247592416684072
0.620844414969482471555037302641 0.036170052654976714807944945078 0.995814278771885126324835987750
0.135800801126237530715801980290 0.730265267005966174016460396997 0.923881730423884358141582885683
0.519496351190760861477756743767 0.956755053286702138841754121381 0.705425498244004425404511833997
0.028626789353597031439770031473 0.048575933518493506541076451440 0.726996673326119444276059445877
0.763518205294208582407663224151 0.680034560605852387419496502184 0.392879685880109575580511640253
0.815774793964218083838832634665 0.727114096265235779242878597228 0.596696682921593106248247119162
0.007746932290240749674523092209 0.566114469268023069334890797409 0.142514819697541493824756226134
0.455086758562287568346455444494 0.265002704791800387433375310766 0.469731171489779866920725983110
0.925813722831137854647433462910 0.257170657018978090259364120184 0.680619496442449629120773392036
0.076854496178193734489147879981 0.692349974275313739227566222125 0.523153054248593940235827988575
0.988453324070294915566471002912 0.853789624851495090593452231441 0.941107283584166668817416723897
0.768297564772707746409173866677 0.988206019077168127277537603659 0.952600756911886637313790184090
0.082374546653151869831430592141 0.163781728915962691262581204530 0.827748399509765722383556174475
0.251955624004880069214532020672 0.034744732000413865241606650482 0.307752101193925714363770236999
0.263412090854009359589425491289 0.567724752838907099594032248935 0.444797092419502430823558951936
0.287849080248845825702527794998 0.481732707860608714683086709942 0.529898529435370942766375395557
0.047377679548600145097287665725 0.022727436929691545113759146585 0.240090826626641460991099719153
0.871306339014357644254324071092 0.246007701241600026346829096689 0.030202204807601599515613225887
0.463343375226290346113371568680 0.054070498515640740246944541125 0.516558497124246512658678094418
0.227239359102413058519131459010 0.765385701554555046798108682534 0.546486236147316559825774101669
0.279907085791270399215977510979 0.094569395144684385077310301297 0.096122339104245173095041870566
0.982135416560350690800162387023 0.252632733115258512820202706308 0.400754870129111243197712134667
0.375090810740216560099781567184 0.326224282031607845726001377564 0.213058805468938904198358497555
0.413689829687328154603809541508 0.400991039703126119523526608239 0.879648259787596817676650503985
0.869156480471382332817944153978 0.788672710710590541544193051299 0.860808242938848784231753144953
0.700222412394024079536229050355 0.296993516187061560080125166476 0.389853056432268535500281951998
0.870520588771338283311240221761 0.370096434756835681281670038271 0.788306162122657420051755969120
0.100262307191442237763562118028 0.610514700905642539286116520507 0.463796744768522945288210034831
0.525618703402495312898222271711 0.183861367387233614281901951880 0.240660137994321704993879381209
0.592628883346695534121017728833 0.488046520670478009988062065649 0.328287786299251075119627246042
0.349736266564136143296019949132 0.653722765913026797470381457844 0.965138155207057091939971576143
0.457249749401154669731797402279 0.370065999217906297005328200185 0.065271091456918740155787821888
0.061600372324353224091810185244 0.476974819953494341169070905232 0.931187372332884961380899177284
0.062738508346481659100228965678 0.395390045204078578977067144295 0.425615196711534754836174459621
0.708083272112657177440565826660 0.511195290257794579810172624901 0.350309369600974224983984788046
0.078130443538685725566741784718 0.233069501390872081435304507175 0.796314434507227258124251957774
0.758835150584545796664197876058 0.505874549113420866364848920112 0.368570920509587094720638213099
0.664900759009860549376200290860 0.641826351694279052844712424675 0.082538312590106060838889065331
0.209618629734108146327470339504 0.311863125402199479446125000537 0.135142186552370177188522797161
0.913134479286657138796907125372 0.261258929054413247597411241989 0.000622647640757269916736056096
0.734015377399861339541334730461 0.860963569188263161060460321188 0.824670896249229014939802744383
0.655257881735182132756160748517 0.987877629235082183308279177737 0.983596430329464692633539702109
0.957330870068301325111398504484 0.883261373650582088873536108515 0.961947068571813569185477628870
0.044228183276975940327038296968 0.584371103669634491393251470539 0.069051280141037388107659621952
0.120202785355989716217249319875 0.550282358100929011164182804797 0.076609246837979146475631716206
0.217701217783752185138959276936 0.271617180397824176730812704652 0.189431303744884078808246487705
0.686871425165985991754722004522 0.972899829035253347508383875295 0.213514844213142290181589120984
0.400919404919851610671509288318 0.962987569030464883498143060811 0.566970678789376672574307667053
0.649161909740979798195040236403 0.192489717295964140276600648860 0.540986300775160537257262408451
0.382408530060637886636289968711 0.940357300677649318605377932391 0.458950666312813676522868034668
0.770272817926447180824488281316 0.991352073531907422454400989021 0.845586688008781571636969755169
0.993991582685513426610355527609 0.833878530499427582078588640178 0.424046574479067390885102035606
0.166790636460208809490756064168 0.581325640151338281171616461803 0.385594097084256821796564952103
0.815467701994267203746374268924 0.566379503474028238877361634310 0.161306703125398183577373078780
0.618723933366527484958336620878 0.459295418977449766715181578929 0.343480519077115870869591806885
0.466697760822447911630680105024 0.937928881732497762543275814008 0.777663172565650222738594936508
0.577879362039874279100123632043 0.923494544426284499100022514722 0.761295876790065946151705272951
0.894321268052078438261791308553 0.537589451939324831083970145455 0.563181810043487592619961432775
0.419237628390504603846271886131 0.866063082632950956050516208897 0.592067059478098329215846204063
0.108891291535548576800031356073 0.715777683091405923992830559687 0.259483564542088558057052282921
0.846859048271853882145985616637 0.349144887391813728515927198575 0.747860426109679318777548603483
0.376077445582862482270099877594 0.522154597759457378028775639965 0.552960370347986950646197006945
0.698776552548667112876725251706 0.455322014285284404674969420793 0.589566044586900259900729796520
0.050124752521482840171761550962 0.017083903404370450808121753194 0.161304890757793303576850510929
0.883736143533316950486858624160 0.676266425180424971809869140660 0.510951023406316125262193797778
0.341556298528702107792786494513 0.732259549568618968104032526731 0.184992150108254953936172799161
0.029066616612878645352293287754 0.121257814584840083966042377610 0.093939084039149451640519503094
0.722121244245846364530332077656 0.066746493972188424779893857518 0.631944037556235331972075687844
0.400212536488036940313219310685 0.306805231411193556741908201363 0.832137601686529560373824130225
0.069529174715680720946305896795 0.225842032580888000514821087782 0.001904179395543229346401298872
0.516186952612823953373386160327 0.612006255923331721541441019075 0.786057845102859644779790173852
0.781136348579067287642790003956 0.590470707596162087239688913331 0.235741447325993704547086186165
0.899329390165253346657522319194 0.485196443507173399724825908062 0.376722925964714750079919450639
0.764248148269848170176782053324 0.090793145107315985465008574437 0.410344900843723770846528885897
0.911903094479651364856085075762 0.855348891216211586403249072403 0.317968745749976580440916235706
0.299862746345860907714313907356 0.057169969276461036389128509310 0.649963235912272655084149796306
0.817843556921692341324072097097 0.638473287486788822797537539956 0.685543867350288751809200799119
0.923142850889991507845425852291 0.392626706516197967375583695116 0.325416984716408337092909795459
0.851854494013276649629759570715 0.039622627824485437275617893649 0.454699664683427175626774736977
0.512892527601117935947946245054 0.929691376171839383573502034329 0.487915227262144621954793292227
0.654298907748884821308177884547 0.138025449447729104684429020485 0.678542161351385530351418504140
0.659811075402103854763952213050 0.508448157870906597572424528770 0.953880786951928839835430457109
0.221933040529418145618757964824 0.814828893303424718199787505824 0.510220215962146988249547193079
0.737878233117735562684322355517 0.612226859112116208243882773430 0.081870422075311632501617698185
0.932865259324848794393839538026 0.217347702566980705452940067943 0.988808783820501077848238527890
0.554002728970477750367561143645 0.534953321118197415047214268932 0.803603805594528301249120607277
0.780499906399577275374818093161 0.993781250286907258598176361762 0.861820519921274316716848412833
0.615770386737799804474244948324 0.939702538948452779898139389970 0.314994812764500223704279014315
0.655217127508835171147331270338 0.159124209445887986729397150071 0.777397076392114985105698224881
0.828363029809989646922337621821 0.648584501844412952013012092473 0.490440833967938937033212381662
0.173851636734287056016919463196 0.267710083697138250704557768639 0.380264739528816056368353800749
0.213364846602854384428155666040 0.436759820903461504105064999245 0.176368109031908248826940609993
0.905766309785505997703110828406 0.995225742123444472812360104356 0.760012593016575892804098979138
0.540667321912313821553336885752 0.063396245962478184061239302384 0.670855574344141842217726666461
0.166142510542021428336948188004 0.224508834253257250944578763083 0.643797752834659403210615434641
0.754177427860904552726598341760 0.802486931347507676606213665982 0.372836650829023330232470044102
0.354946310742485985570890273851 0.003244698409647262896224205476 0.684510292153507895971037054207
0.874786808667898983405130524625 0.302982393262139023812637659257 0.518769079999110786984337123972
0.356152077352677667018538557310 0.157236047239418030892959521109 0.276632234393716450536754732201
0.938589840963147298101510482902 0.480280281607184319772058797175 0.282564191386740493778569332128
0.431341931031032750900142267369 0.589105921578369176574402936072 0.824735121752307422546276649400
0.013728353450664955627936375860 0.107711106945678901171564601285 0.303239497669570503415771572925
0.430565916485610124747242036386 0.712752057238806165103064252904 0.703093508030794608434104707746
0.379834611498942218107120940768 0.251037014693560375578892741486 0.271070163625432988843365627536
0.647559599645304150931505101164 0.770580913283817215881784359357 0.806245648687721336597983936218
0.865689995348277465719762630610 0.963815644761496671561653577211 0.941989910360356155185406837628
0.297619871629861958675630999981 0.265784654470952371434206088260 0.561339005628495439426664311285
0.393790457276875054335386218703 0.062357149120913358477255134910 0.216987393830382974529763995431
0.829664863156067578194296691582 0.738573158581607118472175294344 0.514922785388742602958660731565
0.589088837922418149049304065175 0.949254823576658346395294948040 0.677236799198349814032256137356
0.060986044670279638782737857346 0.232023422962294109944568041380 0.632389112323249430059566631818
0.623077967049276197362095113688 0.909516620343457920544297652013 0.511917658831066389366573028986
0.584622295961843589505640879725 0.056100076924243269983326676479 0.226793984107800721725890144760
0.404623377975811703500086280405 0.485165696960595756670379828431 0.479654957642007806236414043927
0.446213386229994182028603036242 0.290497294530646601609978525090 0.289493020915650291156605203443
0.853133302296384776983066795032 0.486091787206659910755829842725 0.458462508616883429243712300832
0.724240481384942131017096092399 0.217018884421551747049248832043 0.834697352730581905308330319816
0.845907360449761535891480617166 0.023037488509697960751977656242 0.825523516519402160067655473127
0.225851081029463079578510128425 0.163395861598577342434069982668 0.309676226991283255938651744146
0.168958419690315643464274930983 0.935672130015250982187344005717 0.659201526758598461417538941939
0.864743767238882544970355477291 0.291131604555440319854247820979 0.248415566337605476712683708819
0.682091015543371878278653129124 0.892969909473088006654713359357 0.664362026666549506323740994290
0.814735506490449977317758834318 0.458599593098554352768915454246 0.163801356004140909782691131410
0.461296123534387449621063762844 0.579219989510220028025607458449 0.995024888462012571333130970794
0.425813084807167577560108735764 0.774870344482964002474893116075 0.459394728292065446703451084342
0.453230786151743489129874262954 0.599032839434415383478860055076 0.184526459617154926581461016410
0.101235253071132015964756062993 0.871909846050077054521950927937 0.975698465536416818185760002696
0.441823471056168103957048625729 0.422286394051091515279609234894 0.290169651478076068541646775590
0.992140920026278912403614722348 0.026488122594510117531238793623 0.523092687680076346357762081527
0.537719698686748783061315973807 0.741688059499413727794627404032 0.006194828679962849107011462083
0.971221789570263898606950547882 0.175384045933800281140817587590 0.059096488277237086648225524550
0.264571185810063115531277948977 0.015399157664347598680672095167 0.620242344033317035932893240441
0.468548689587271299978071755141 0.127158727180872168953415271728 0.738962184780964073406604627217
0.502640732812585636711278626254 0.645592062942159400865883144289 0.692835146166089125254506414607
0.292868115080977146089436059493 0.268937835510005450140012374599 0.860240642360491700781992272423
0.721720414957167660294510207642 0.306245263102860969396552252778 0.603755975184605118649547696072
0.854208959646932228122071450596 0.641628829389870755275737660050 0.815116973197562275954764096518
0.245969944304870865794302055699 0.808678377484778771014998730088 0.804719220598033140735494722817
0.286393965954336422232495139736 0.475058939655685584918630629035 0.840219529377927720098910819611
0.955352365795924468397199371800 0.456913276457508159451445624901 0.664300014602499819548446564293
0.308912420292136579023442578483 0.861262813959708776202913168832 0.758177913481471226395525576025
0.915143273080859961022909473161 0.836929635990779460646534268008 0.175259784913645390597643067881
0.585638112057958386021963121026 0.280939107678982060148191875634 0.278674375420082194603264508473
0.863743119216903184725932706155 0.303009087610047693329772779109 0.505501273971627990171716275237
0.743523423149366211935702503682 0.742089306197241582989411423162 0.721817288700823557107504186186
0.211283697327336283007573281684 0.529171769401197785167334774904 0.533302069747745206796612593301
0.746329549600746853896111293704 0.999152146343988933547071507943 0.653496371063872860176265834215
0.731142141664717754842671955609 0.242225767649407941471256342956 0.639341286492591130536719050824
0.608070590389876113999447785887 0.015851607961600184046716635646 0.836900197158123084081094754945