0.771754001042450235080607479027 0.206379917418802999326418961969 0.791001205106179931294667907930
0.169822920585287254366254792389 0.148622218053352263144825798364 0.997862767674423467973459657824
0.050530084263093516566914967118 0.066319892002352113614119511694 0.419767504523074086700688332022
0.289648715326263231637168361889 0.398097288150709517564765902365 0.297651189828953062836325724841
0.180209164713760956067437464332 0.711620607605860618334252428241 0.775944499232835652963427666217
0.417536549582982205234180350560 0.002758351383556525185714396951 0.295891777657363117696739159164
0.207360132625152999663253911252 0.259855846317437698463994259965 0.501703519576560357554591812692
0.310169494500443830066122551334 0.360994455740258698715269822844 0.940078431423157607377722920034
0.441340151157445597585823878565 0.927327457520367168359627960058 0.999597936311994911425707819614
0.480356943210423488389890559041 0.134210782306595710903480573708 0.399381928183589566804592762091
0.925993562837837393942849685460 0.324557024958909834828791879728 0.165946700849077001388384187181
0.823331618052705786271113795108 0.695995441125451608535229815736 0.195854977803786787189075804299
0.656020521222130081233719249921 0.760664047433897748627298412915 0.507450130267002384457300465134
0.579637454085036964187665163345 0.503643200824500162193726474978 0.910951018481594940626608581251
0.834284703649745328341812912834 0.389826130239895191981350391452 0.386026114967472292170356960017
0.234318664082789199114226553090 0.133149488309626541629607570339 0.574041950275777824449423794565
0.240452198210998336288510202401 0.169345613290272383402278385412 0.434399842492431182899017152032
0.818207641226418466547586504973 0.399911658438607175943983687998 0.531408786146405725265565725187
0.828629134692320541749466023824 0.639816456333206281786504859212 0.033578140175279418677150844202
0.292877144922255842434564245956 0.652175929099378385068241503548 0.865312727443282513269559088295
0.759041764872887702524713789735 0.869806080326083831172570859581 0.689859673468125098881079202596
0.478866953253736526493919552252 0.902950421749908410772492210100 0.347270753724579062490558620878
0.505849061732685422279994703887 0.831337367224240245627396852683 0.614854904619353876027785529855
0.336678784060871966465695072633 0.882806361766820271864962437941 0.947814102876835447219792279181
0.248199241607479935697847569822 0.307833681148596112865637092842 0.798235545055217101583441600690
0.558748415654088209648116390781 0.908739084370627308359792664936 0.415246741198860424712919185852
0.750899342305661456726675486402 0.819159201982047766429174298296 0.273035511997535543775717312119
0.107954511519156949805354352127 0.408176329598106943812069315340 0.995439184059971113824346643846
0.292419066799114978088273006185 0.140448667491791648878147446523 0.444665999254441330575869703031
0.292506767622896128623950253845 0.148074240060832280686258700677 0.614511905240936449828756981856
0.066926912143356872332280345977 0.613388933930130437239548096779 0.888484417576358220608587190311
0.824579698945129266508129556545 0.677037104868227263635074768849 0.549187903163044719053864781302
0.417172252075135929520228758376 0.100706684233036738189874912889 0.044915388367474295193569146739
0.679901048680416882489582225265 0.765415898129094004722991394007 0.580916773366531897944145127704
0.504187184554305888971297528077 0.554993221977492928612164469401 0.530235869117461791031163640293
0.947177416518642767804209334443 0.160330959456721018988859769048 0.687470070064890940822624724964
0.252814483338079379575260689722 0.925081501714226604042975225560 0.775112030453342332079164702760
0.070836036857793880750000425919 0.220325499188463288309860413097 0.996053113926204030331896126028
0.389999880109792925617096082187 0.764743205925934771775320735437 0.427729819270009804908788234105
0.939499535117662963657965991729 0.503708198301742477127623164920 0.911016059774976460962446251070
0.265048419137974613286147177807 0.970252972886992588908234963376 0.175764663728386388276439602272
0.943180414491733890875271222390 0.880321054381817552596113985908 0.004613875676357437010517425046
0.060545352543084551320963658126 0.624294282531338877757969901239 0.535450693193263159279668849121
0.007607803860493718045367030585 0.128880961370899134248984651912 0.733669165079904797096260741534
0.260807839738500424956158678139 0.515693572181676648329774595376 0.261086681193653381481176103982
0.643074945739797724256513100993 0.467655241656080490174857230974 0.630335061020389866048313879666
0.290695931565366995301801344743 0.122996206075612100790514264937 0.776392119846918190146318667956
0.931601825225108879097951431390 0.947530501764189483977278940712 0.206349082325173566970946657459
0.766242146424522245230100348630 0.461053913904351581385767368704 0.597622691290962259780686049463
0.977181422753945387323092160358 0.309701973807338274523963850966 0.346578706296499401459984844702
0.951062946574986865724501338902 0.436099346683131185949356945766 0.382231377889162501190059140392
0.967608337307524197903596896327 0.025877750760729748827593448151 0.429342585251078506940068519538
0.288049278858347346335870670237 0.223418981374711949668438754768 0.774581287339090416489197794772
0.841974971512917132747933817751 0.687844569556785478156407700433 0.794857175839477045686094554636
0.356368914610587241162270541467 0.457098181840320630400673317344 0.782845717369376334590141395610
0.388551186095926485568690813463 0.181328340919624589227756457843 0.007650581255044809038924880092
0.937762243748288865392625944302 0.348457563934820256441230376872 0.363695213742675523152338865694
0.748572412294316193128974479291 0.076451689413664622391906906153 0.431660084714602404554111359806
0.456805766899774415757625464787 0.372600621241952263411740714227 0.092131769491698499640329971709
0.798900945197937397873732348686 0.963103374508352229865742144849 0.118431387514966856798983846102
0.097597046562751971811658606858 0.937594939963808015629161112515 0.125329797010585170012935373641
0.875836920969436004398372573581 0.422444828758169325625632018425 0.014877942536092105332712162703
0.173986307275276566002312583513 0.861748199403457084244768475241 0.663226080257722605274831666267
0.452582439125217518049981721291 0.009172418892126454371974412683 0.836870686039792623741011700981
0.179193074818004833033253260205 0.340136328427673176357051012766 0.607346187104206288449987323552
0.290519338718408866435594364012 0.181247329840938335930342428677 0.457675720891706462808892741586
0.532218102685361948777957193008 0.828272388262899418202278502536 0.066298517649446991720859669625
0.324249549931421831848467607053 0.104988211369154411214503134866 0.052399772844478871811614872367
0.402518893994012103404653254710 0.544254806376109885514876565801 0.729343800900846157438899580959
0.296960633081327490265703802952 0.213001655960750317478362269321 0.460387567929023561635940337825
0.702680985746460939276338871635 0.269617659879746994353914150551 0.408468826862751153024714662169
0.776202050385869165017408491489 0.320080939267057159326974515066 0.685135718719728672661989210925
0.387770658492122817263974636469 0.216880085320853433344280372237 0.870437085609495007043226260475
0.050774469218379777303358341832 0.836027686899854955657688411237 0.012841767095405254775154885374
0.286421722445249678678653531939 0.098884411685807241619267618985 0.537270224799905433595065890799
0.520131382189661976943408043998 0.095787172130778369093562964339 0.887760671647518021318372137646
0.247964034981431285884865258590 0.664666658785277327258478589861 0.706269650725260619456108133319
0.550606545303529460672812446859 0.407182964298338283648759672431 0.719689273260365633727263375055
0.495293049030885403778840662682 0.928308378444465139789567863393 0.248088438334202912943354781361
0.741213318924421039073807465083 0.971871262736478066473377210750 0.163397400669285674483179802173
0.116552689790298752081255409585 0.025488507934541226261619143942 0.874262160197073008026836710387
0.437115317214808982829613488127 0.443288144182252405262267259798 0.495312235831812918474024625660
0.402970112671336266064030106264 0.972029835635386440042428936769 0.899983519013119857914636905715
0.562582226014914119631770087735 0.274303966821059145151800983484 0.103045952885307897217515077012
0.427887884620579389500229632659 0.073855022542129466259996051136 0.485139143173161587041857520889
0.771249098163492506290375301999 0.124599669119540406368527256476 0.394629257131540759248506296251
0.265042298420741865128417406384 0.843027577734507542767271214078 0.272720739865457013119386030744
0.506050753847479023571046645909 0.595433679568907277328357252367 0.624675289675278550159486502889
0.998648763571000787175032649864 0.485969986025104317814823516639 0.500936568038411632852801930173
0.029504261948205255142367737155 0.455580533404945872580812018205 0.746733216757306727518601191059
0.563117253820829079291496183385 0.475808345310541895017658151808 0.469871487980850260596229240534
0.913717193712373164411330939676 0.000458772780185742581236431415 0.909037314956665884421032111215
0.200910400636838017226014291610 0.528239499567243041704875137720 0.751264260049865984700942407831
0.450662724494367391948140858393 0.614232249550220163916466052659 0.198434689277635273190340969665
0.030612585613794832089413433418 0.098302783793608876548092820564 0.094284425462971874636863462043
0.275392273912703546184223592203 0.620564414465670455794739448569 0.142141433113424895778267602457
0.181924806738911754524013326784 0.385949382747801765650709997412 0.671436789502037265570017340941
0.331481833465889104666655655772 0.177064606500608058511127803492 0.311189384263618468969357257793
0.572705671620481095439616522449 0.876041082872639574850352216808 0.906546985898433713783551288295
0.396366071202381959697388957130 0.167353575159772565639294141625 0.073780329218926491453848188042
0.757856173248063559334338475662 0.669407558614666464758415633989 0.929102058658267964926145128038
0.657236720110892623040530315432 0.091043634077439037811201569194 0.793881521449930787360620077802
0.339118031005776396912963738161 0.798774124491140547403888691339 0.886668045660531064696049166865
0.135760581130023273859452849469 0.739318877381295326997382877039 0.889628457110203429704683468234
0.163797643928840128729354837391 0.826223436225132264889060983960 0.988120959156046092701395489223
0.327439909627082232507331658610 0.735298299413210363018457417765 0.519711741834232247266022243674
0.951717547835520831153159075417 0.159759346202890278378816242704 0.669270288039151588897020014534
0.415792175038419659296985155931 0.320119300482402248433672683830 0.501799923078023017528366047387
0.443632050266466966513545742256 0.766166806117660600074820993603 0.438058617091971735291184191299
0.935739719666326138046940636370 0.821338829960040956361387233706 0.323094363972289459829767427417
0.030966785322238934256236488159 0.721810303701661904434692357772 0.508777426261736051642360368613
0.388690248312862500940535608144 0.784719338435654455496888359033 0.459055933321616662993248076813
0.716099832164758233884113455136 0.199834363122747695794942926067 0.823982348013315050871515473528
0.721233790800897350838827228745 0.669173893518117128753052855653 0.390216811463537808150496592000
0.139954876453212140442110774300 0.026148449479509802534515589812 0.024728610528726552721089680842
0.733059238136716898224026678630 0.265290946080375770637074687712 0.855139864177937566932599647037
0.887935728734079748066682981942 0.658424556846628315524280635912 0.429201326636532990722206871219
0.792046174410196659076857961021 0.033180680451741442786523463863 0.782987187789044077116389282902
0.199235463783733510349722321978 0.586402990755809933612426041728 0.131457285142594012931454230134
0.510128117437206317777940407396 0.532580933550476568714106523287 0.573035459790456779702840340406
0.404599988018830439170867392338 0.214076423925284962335076809262 0.923042770672497048432407427740
0.865853792252430600149794540602 0.049363735065955470669414049601 0.774046977168054454133914320043
0.224253199253146338416969572445 0.987235406729811696821664551284 0.134612794975144280530527496498
0.575279220059221069714703458032 0.904792179452546830837785701179 0.745185536254793414106503163353
0.362970338241363518191515081103 0.955199795653692020364629971071 0.085832694820692547415340214862
0.054145638981100807554488166429 0.337548552237361430885349019969 0.970559313640605065588192634839
0.573024455485442737345191231575 0.179818589419157984989477162392 0.808188351070369153156809718494
0.049306505246000867405052815486 0.299450026209045269333843639795 0.510605104826259191380749657528
0.082031032873943638416317135318 0.429585794883313987617768879070 0.214894689822335842455292189815
0.289353740624675863271037030642 0.020919630224282982679616265820 0.827443217594922562451369418130
0.452336312338926709969273636662 0.918349521013284576684248004940 0.937718893478914373666805135614
0.617326668870110789277104346542 0.374252670004401409406223821072 0.993862271764159822703529882031
0.019208067614707503010925246987 0.619758155047231404293608578074 0.020931553415267622618602533140
0.889973148866080401967940747520 0.921839857478410616853524084856 0.546897376384680523318574242940
0.128627358092298819209064156212 0.489916909003491116599684524161 0.585101240889566740312210149203
0.685708168468753799288886125053 0.077677133168105465457844654443 0.975277868089591671721533478807
0.375848784765944164498489567015 0.210382873746941278989861436343 0.832406499672956718529691415888
0.992751157889775586212968694113 0.739355013123011444225146480344 0.066679511671743718324738646284
0.712765509692045757568199384960 0.947809060549070376033489076660 0.741546171113302201556654450746
0.981848764127642852742928494994 0.909442690181768775024116019827 0.845287890677392907697973922232
0.538356652532948274739932893644 0.303767686857217417902491921537 0.271628962585924439750091937745
0.682115386800667631398470964330 0.510158696623123472487411761565 0.077924769741603324025393783158
0.151324299874707654850376216098 0.529449059156948061899334374783 0.957209070145222508292929809118
0.523335667341205767862429972543 0.734224303194908393956255319231 0.843189183570321569035095205458
0.014537415170160565936628298615 0.501399828721922216098081730397 0.012954730275097064581130536461
0.629429362966844255327509539928 0.842375922551337700412545182416 0.127390446479275033572212648513
0.226318193786055509867908438194 0.660932814472276215110871123828 0.500865137058222144562467106734
0.996836223587481670656640479086 0.513549659580870940827164215757 0.321058447220127826920465765603
0.556097359841598693154063814168 0.236915897731163347475697840781 0.376423036388328529447414499180
0.510610416009111470059204532535 0.122046146686408511382635285284 0.313224498450734182700177076839
0.903356830010344967058381247038 0.792504439029297910906557106355 0.425973666196804152277092553307
0.775705372477195266116254073643 0.594378018665859604827713146235 0.479141790455793558806619024986
0.475105022907319298191149855671 0.892442632280144150173297251923 0.228985880384051106906748729496
0.129760381091451031722602723708 0.738165874775331775330767852623 0.489563384147709515955517896970
0.060191405586102084262933181605 0.381946649527953012144326866707 0.744711151649899810070426746880
0.452114842088618068232121056941 0.458265144976995421087737157134 0.698456853657035480610580348470
0.793488406256118195786043028084 0.426595279679826445403642410405 0.321015347937743373127954997600
0.548975020681748538112689087427 0.974509471404131421048316022809 0.067456238928996703021002514486
0.958347923451551247998410131524 0.111098695325814328863884758145 0.679493835893997317037979094022
0.660628083725178446801463188984 0.571471600289365138749136790744 0.854149379573781015161345610463
0.939636591588749171425173332627 0.587204914435249734949972798294 0.583283385603649409508243122326
0.592023875879686944419394321591 0.258244194497781805652433511667 0.899286726299166883873840613092
0.240341588380134955637667318770 0.760398060326875590372402201535 0.647938968612372807540368637472
0.144436056672896111867301011010 0.238391884113879989393536722495 0.273747979277169693355890776842
0.440190919719191159113760370649 0.407271007607276391732847793428 0.413617943377636645591409568901
0.321092675928959818241979332705 0.941780260797390891425861473181 0.743088195738040024492491850873
0.911075263525787476953925746630 0.048257416261943413329039238738 0.118688502569746770914216802580
0.952044072085567559831622217570 0.803998548377689100689864659825 0.265518378241399350600138524303
0.013905430406039504028980517687 0.798542805389423767508283064316 0.022805846547846274939466375570
0.116885785795845193348472953173 0.849338596640447333011801596895 0.833349039417993902168649628969
0.494290442210183685732748998371 0.988316463061687976328371071565 0.940134932816981583553610154263
0.935773684392333049230943903428 0.451006524275775559447144415357 0.951453999924758570033761168054
0.624423541836934076295724631471 0.067275934172854014924003857608 0.710144502006383103377288090931
0.746393824537257000758577476274 0.195083128706319776146493848513 0.667606108754156193840352688405
0.656722893866833185587706116492 0.994805621056766980141009162901 0.204005771904478609638741890677
0.674847152249109300715630035440 0.849892920594731640413562586157 0.129018682384805077343976011077
0.280435728462445021931340113499 0.848502809023469157271422799711 0.835988300561993121676545171136
0.605086282917757226919515841023 0.691176173162642302263316157310 0.810437328733361071334146257448
0.083321279400417348016614360855 0.584099485803528888326778552532 0.210406740480458733980261852501
0.406117608059618523436571975415 0.086563704351908649559683424132 0.106279887316195373824739433381
0.902984570749520529161556307904 0.698035143741639585923277942680 0.507600099590315030900288240383
0.723384477217612121913335710193 0.995052108522129294470970104206 0.111826101903628900228491581099
0.338919651321720563418195373460 0.245758937853899635679885324792 0.565631727561478291048191247279
0.004802617149102886752811650304 0.606941171042390745474781220144 0.470901391657692114811796918814
0.781102320043378658525048345752 0.953278622728933106473458688817 0.491723906366688364790368902196
0.011152543250501286370290162501 0.623055583837651670637271969179 0.875574769988526700368678926864
0.055202285797937195567350571335 0.170770701948467033914271519743 0.639373162629429261899948700715
0.513345289818840506686913571566 0.911846334137423170108864331775 0.676866411460122334945279366114
0.286973517487908939973349204520 0.974406584995593041404754954254 0.922083082281827004818681779248
0.684146633311603997628950239242 0.596169697001822846166561001313 0.847959126799350457877514059212
0.948198530905901894326500911627 0.882884457195133633349079101268 0.322033402744231758669830668213
0.836120139751447033580223090616 0.737310821612452525020439187545 0.425043905064694636465417767210
0.187336378411638729213858586073 0.803361790115613392867762151546 0.732035619968106380721255500776
0.344175257481722586268037367052 0.805554734681372376045375003934 0.571464716238633058521969094477
0.230790179325498582600787425454 0.321213126470488907619546066645 0.821570222060665090870349681215
0.789372170287937540805156156878 0.466392451960626441829483910671 0.304390522846843615458688283634
0.584181941685445574154947292775 0.222923688117439081428375087110 0.892957018283392310651937199071
0.078346475490571870080171040571 0.053402930473748165910232498761 0.708875391246777477315918651447
0.090095260589632316702831625973 0.851410197262778184478486330859 0.812905564795960663699449192402
0.181243253973443423239033841591 0.675075881378512460584054653068 0.725419077009904087393952630875
0.270128979526796514413896757114 0.729837461695822835410005748492 0.865685806347752146833856679368
0.411661406752967435536315597614 0.550080270244666492997968052335 0.876834917921179193653578140027
0.390919013771819250662174089918 0.534512168869800442930192730654 0.448496388843540285132329284559
0.636567067456055131527788035874 0.643238429385405394329253431131 0.037191973569888888545080987399
0.386111763485459070356355487381 0.610436855256787900717541099805 0.630682381692927108547513325863
0.536777401640564690476870051395 0.025212811166406768615683688233 0.757748163370339890765924585396
0.705536534992359281542526697377 0.529209180500420963788116727059 0.159214753550652215788549055796
0.511252363458226339413090818084 0.673494587148561515408446379725 0.316452602679549534188997930213
0.132040092960827748416539545319 0.374860879770703711193858234194 0.510523048130047771155187912190
0.172087215696825403261504409829 0.163408434739311649580143493831 0.820943103055671189984228554059
0.724244059227192851940814447315 0.319384545380267442300002812438 0.599759360153139960148036694172
0.499013902222042231689773756161 0.434412267953194645148348193962 0.172279926271250557738407404775
0.223705770059837781256441831209 0.804912097252147373619280458004 0.052068625920019079966636665213
0.452483330030654976237837323043 0.017536490890723330691407835707 0.945561712539748746980236112105
0.123926314252266051346210928396 0.606956406919006134187334360507 0.098717984255250445733565872383
0.951346910803343197562872733632 0.512764393342647053657786854489 0.714337509853142630166825085972
0.420272997703233583150525872373 0.316225707256476441613816211009 0.453139650452772178400803261792
0.153724174419878385371001231909 0.353044787156445036547160698829 0.337656828644291921242230499340
0.430074667899953443376901897878 0.935703451152184792246646692496 0.478654963098349842857047812718
0.415282171540199057441398661880 0.864500340606330213900653192069 0.594169391433581127539315115947
0.250895996746806789734927542529 0.860514113518746417640459076559 0.768021641452351230837110116770
0.751806175379065428295012582515 0.113803609808246681513130020712 0.848507780768882319879631289618
0.878993191163142157677605130108 0.765116526050466591475039436725 0.681399696310914754981773971724
0.571399788376219545657315509841 0.855189125119765705446563329963 0.776890788809242789917606348505
0.607015265243921794637604325587 0.338540484427624080452840067976 0.994063393347583270554170116172
0.722555663255292607918821545574 0.377721437722358748557411875886 0.845152528036492138833560999670
0.372280258789435205188792234014 0.328432665531740341388298914564 0.952953733228983514827976836117
0.086615558205204271719624409676 0.089158249374726268766972480774 0.157582123481778222650835780034
0.528697378068457513633811028177 0.233873137288063963881728430415 0.730296964355091578051415751360
0.977106343615408929275577310369 0.110907060069976883532755605887 0.842261895721453808361480690052
0.721391919735418926438125432045 0.407829813728054311058968063070 0.212653328590192011616985428613
0.690049258928082189983248231737 0.201843098577088153085447183517 0.891441375326704083902283750974
0.819132192542072583920277587800 0.515331962695410912883323857959 0.294453954666106215980507771505
0.470398130683672515327362735403 0.483901146970072038672425537260 0.250578990473377903094764859288
0.011014882931972437942973660390 0.336909693006939470436812126867 0.334461710000235868187925001848
0.813406437965350812834645283302 0.232530821736208359106780400019 0.575502649601453641097751131280
0.126908876819083501124548283791 0.263029372753244952380346387743 0.899230090111759712219609143178
0.307925853082862747115390158102 0.862942827133787182717449837829 0.749941930553231165433684821445
0.423370895702572745434193290867 0.159742039468874713303888382703 0.251584896451671392144829676917
0.396483896957739423643504074036 0.791243532909480320471170035881 0.094277404957510804998552401363
0.079933715195784506483393689506 0.970189279646951479661213060699 0.926095384082086227315736434773
0.169760137942440886620525661840 0.303478087077995717702539560928 0.229953996888406578064136734465
0.570238951665439432634472569935 0.336657049139936998400209327964 0.877236034133235431991392788895
0.186685706168553011760612479969 0.830704998020050016884526946305 0.933984440540002063283125762792
0.126287955567229314826091479840 0.515387425817546907807633314253 0.327830002004539561804192771548
0.902169602619190122919693120215 0.234832537249625080947115085830 0.771360567351533017198586261153
0.181042090009927535382436314443 0.109076789351259542947957804724 0.631072193285166437884831860547
0.861699970301229829541712201771 0.755443667833039716996972351560 0.907019139711873559570062448516
0.681659296899288867672977909962 0.977203445450104843951251413669 0.061283703313139487662468998604
0.444629909591150163710518642000 0.229668269755116972682076990481 0.541199659504171021838523495910
0.185353314938381958246349150764 0.898897256787556782052751451807 0.544446180905827214851263699043
0.771638648627772698632267821986 0.099572416490014410953868555662 0.103861253158029082265487900396
0.905450924938517164410915898909 0.630900130653887076408146520143 0.275459278518513737996235608919
0.793097958042105221644253148188 0.087497812014145070007910105978 0.888497465630007646840968518466
0.368971420618769341353766988861 0.853756710900090251848079335789 0.562594939533415970254738999253
0.913064576927402308604467715760 0.748414971686932191089963395661 0.228856012909007191514850569208