0.309320397080713072046620482070 0.647187379864287759545504741254 0.975175846779107069473013780225
0.928259470260327512747267064697 0.483607552125601136694399428961 0.042391576317482110303203057811
0.175986192116353190595390287854 0.200886012489608967168663866687 0.897221577470212028337925858068
0.156117713133098551248068019959 0.153305344582126357177997988401 0.324649438170619752952461567475
0.589514295963524892485452255642 0.219867121956977024099799677970 0.233361111219044847775450080007
0.254547729127110433644531894970 0.670126152608148784040054124489 0.090274292733574706959487343738
0.020574701056203955479295686359 0.871461418163544498938222204742 0.428739999305755348224522549572
0.014845497584717272029908308184 0.027430440026972018746631576391 0.380487465019858694947885169313
0.847908062924533467707988165785 0.693305668333563884786485687073 0.804521660764514368047173320520
0.574799664619049521796512181027 0.447617412200044917369723407319 0.361884322739481234521008445881
0.635054053429198406277578214940 0.225455979627193076053615072851 0.056369494516911956838445263429
0.580018804922839859017358321580 0.664544741958406737225573124306 0.762539432714816833858151312597
0.320971860092248428841799068323 0.887520263082674620847001278889 0.662840659812700350173031438317
0.942440850176631039758490260283 0.838152837517317950144501992327 0.978981973823215056995650229510
0.046178523884776188912493211092 0.897710535257195019198661611881 0.672007358023212986175565220037
0.176265948760309265619383722878 0.504129721395098928660161163862 0.715824643019269735155774014856
0.482437917445864505872066274605 0.545591924518300297464179493545 0.177262444222982984420866614528
0.136904777833093183048163155036 0.019127533484902085880730027156 0.111942517507457400816051062975
0.258664039236992826520378230271 0.259268453968832968126179139290 0.203981014612017313991643163718
0.394840164365951651337383054852 0.288507281462832443352795053215 0.451684670630036921856742537784
0.906678057500583833849816528527 0.704420399893034399063651562756 0.215411293642670309544939755142
0.993293225026956716483539366891 0.378586847606833032386930426583 0.529296648161726057679743462359
0.107395591850007771084207774948 0.785773332082330466796804557816 0.617674426777750862349591898237
0.872340231549862954452123631199 0.282938723157582949774280223210 0.528819540948660682389004250581
0.453111526663696861927377312895 0.350278433350859952355449422612 0.267270928323088574618537904826
0.540561014022085228880598606338 0.774108086029751008005916901311 0.201058301429908020674375279668
0.882670744021669451129241679155 0.273999532063172623885805023747 0.745917984067692829697193701577
0.140058755620365960048445685970 0.167900606851881906145251832640 0.432922892467468012345221950454
0.524395557203514162125657094293 0.526754731701681855327024095459 0.699260170312947626491961727879
0.095580966304974215863587971853 0.766645076737219155482705446047 0.476260832990489435534442463904
0.000737633642783802005032933735 0.619006229609467495400565439923 0.726932473649367305590374144231
0.732472107719456810848157601868 0.258328135348827536699189977298 0.731720827574102172796699505852
0.035721365046007355625867774052 0.211407566854338785367062314435 0.220663302815656103827990364152
0.154261818051805332796533321016 0.850157298050701504266157826351 0.762423791849859311398063255183
0.188048651781907077973343689337 0.989958990334842803271442335245 0.976208615137850399534613643482
0.590874801948280570229599106824 0.300415813937357722984700103552 0.093217909584857303051386168136
0.651324903615593253647375604487 0.449244201449868207909332795680 0.390967976215809032147774360055
0.855254564566743757936251313367 0.738633357668946888274774664751 0.525978573848326802497865628538
0.128855195415878781561858090754 0.140712118878499464758036197054 0.552834857435854587492940481752
0.921127742902476343012097004248 0.256045820136517887632976453460 0.906826898287025673361938515882
0.067757691894566762780272028976 0.402684926745306870365936902090 0.490337763476898391701297441614
0.449041104339540864121005370180 0.489229094339784953415772861263 0.412321041293549794826134302639
0.781550487571456065083452813269 0.274117600408819217516764865650 0.321315341059766945708275898141
0.799514397483161221025227405335 0.272432661308982471126682867180 0.966397468190987707359340674884
0.752089569970834870282772044447 0.209493591520649891091210292871 0.140154833388148575279430474438
0.602749743993379549777955617174 0.741642316050585947984075119166 0.249354949127044200896108350207
0.166782752561442482175380064291 0.600959746554040052934908544557 0.043765854453743049945479981488
0.973990228051116568863676548062 0.020956826272675692368618882711 0.092172603429701807642437927370
0.904050889662810996938446805871 0.367823338353001294542821142386 0.191512524283205198827317872201
0.290423827753540753082717174038 0.129911832671126908911318764694 0.862369590129000163081229857198
0.572515592045632182305325841298 0.275252637413849088332540304691 0.733921275057317301637738182762
0.485281432261400746952517692989 0.149650152043468404050585718323 0.951260965999442986706924330065
0.621821246437653130101352871861 0.032372387976221300709411821117 0.816326041441781558027912524267
0.261317146885524376198617346745 0.968957700252450648825686130294 0.853002588452084875569880750845
0.717064266478206202570788718731 0.005296143981320859325800931572 0.555152842388056622091596636892
0.473579572444839114186976303245 0.346616594899232799420474293584 0.673464874431175530844484455884
0.221342939324554205393624783937 0.861325504965461341555510443868 0.266334275088236094308768997507
0.621578535327383385755695144326 0.212473057029364864600751161561 0.513765523934075041267988126492
0.510599330958285690940101630986 0.385799282157517520186473802823 0.542969071660576063642622557381
0.255065647711173570932885468210 0.577424386531948385936630074866 0.261138110194612194092655954591
0.586980654204013907460080190504 0.471245824112725697485615228288 0.566961498988366230378233012743
0.566805781879390013777708645648 0.907569103504431318185652344255 0.883061139353247148697789725702
0.879342710673338578963864620164 0.871732934464797715179429360433 0.299580880684387262924417427712
0.150013118489501828811683026288 0.752075369568519280782936675678 0.681327855953341443573378910514
0.368785672542183307065499775490 0.412125688987432903243046666830 0.670869310298270349335325590800
0.553142393589467928904923610389 0.298683740283408272198073518666 0.256983613465051996538335288278
0.469966246549834709700377288755 0.827852705016092427214857707440 0.877127166186603579589586843213
0.512991248750186423777108757349 0.728087580076390628036620000785 0.290721063427934467426894116215
0.452681960659385485001848792308 0.203258999213076302359226588123 0.673883584042681227366244911536
0.276245220437181193684494928675 0.497275570127486410410000416960 0.789123239315672520000077838631
0.903387214045803244033550072345 0.575361581441956149163274858438 0.917112759129323329432281752815
0.564730374426814285548914540414 0.257878745337825066030745801982 0.283295414756271568545997752153
0.524215867111429756342033670080 0.629803401928436201728800369892 0.874849987179301402662190412229
0.048432906188678577497075394831 0.132779327895367810219440229957 0.481232424103973766005282186597
0.387243473517211056478259934011 0.743422189506969477434950022143 0.418488992552868033225621502424
0.656011309097785044741613091901 0.651777222956681168142267779331 0.217906593165207135287531059475
0.647489364192220584470760513796 0.288230128568315757675577515329 0.630009109219899832154965224618
0.962311583940114068091986609943 0.274838359771335083436838431226 0.263437284930699178175927954726
0.608151257233503050869671824330 0.299575677504674064977052694303 0.336222961875558501443350678528
0.908030385430661057810652891931 0.490853252575835119486669100297 0.928467625031264676138675895345
0.393173533544946662843244666874 0.510336830446986078335669390071 0.319282652328278182540799434719
0.047109664456985625435869735611 0.859282812680534635596529824397 0.913316162294563915757805716567
0.125111824314058456275589037432 0.557817294173227673503845380765 0.788404522979511690472520513140
0.683418908084454712614785876212 0.114144265224650598433697723522 0.614328742079280232246674131602
0.458593572014471373421429234440 0.077631612773490579759716467834 0.059799273906379082910156341768
0.933970166675215152096711790364 0.064631049426341333208334560823 0.140522995841228987012883067109
0.207332714391326111691427058759 0.555501499501359963240076922375 0.194380294652430035684531617335
0.554921290891662755129232209583 0.637412789360627729529085172544 0.176912645155649972394940050435
0.117852610652066036589502573406 0.156933538142153994332517186194 0.378597109942328924336862883138
0.347350944411852047277733390729 0.361312424895576800309981990722 0.682573191142045621049305736960
0.670293118494307060828418798337 0.086524664892673658345145781823 0.075697598542633470763973946305
0.074837465472331637927894121276 0.391867148185280123051654754818 0.864132937632282494000435235648
0.279365019715422768786794449625 0.901465938669671729144283744972 0.723987486039742167420740770467
0.038312817774828471228953929995 0.556614469542995093931381234142 0.521902453389854414922410796862
0.251080336570435824761204912647 0.504581157122093504341364678112 0.433726424446486347186180410063
0.252368231194196712685595684889 0.839683243855226413288050935080 0.012893975904971469517712456820
0.105602012195017205820057881738 0.104350662829497356498542615100 0.279659806109572528498574683908
0.709213434792310026821837709576 0.240870159668895189586379501634 0.976105025409372828448795189615
0.600681698780474837562337597774 0.249127667216159587315615908665 0.117035011367087840583600666378
0.761580322675479148841759524657 0.714542241449408366271711656736 0.825370126438488282971661647025
0.428569484163704883528112077329 0.384693969782352152009252677090 0.839500820871684649837618508172
0.910204575795370618429558362550 0.949700848731638958000189632003 0.370601209151592003721020773810
0.053761349166102326280203271835 0.480619498523894295161085210566 0.954804981678865183347681977466
0.791684363707607530180609956005 0.655411831238909559083083422593 0.284114401369939262309571859078
0.607538273475118573152542467142 0.313152965612555067576039391497 0.443957332182743802384550235729
0.386510755050757326412025349782 0.630295780091029600455954096105 0.606568542697432322441386531864
0.685488381091583609538986365806 0.427936665000815397164046771650 0.260784291733359152587468088313
0.104649489688422914213106196257 0.501764535147035561912787215988 0.976202003789926719967695589730
0.307717976978310214786205278870 0.101218428667242690832672735723 0.616013940054374375954182596615
0.765233072062619035236252784671 0.443018844563196678709715570221 0.488151724734271319494638419201
0.761545976330359697392680118355 0.076736220965772122815096167869 0.380288881501745168467465418871
0.725277658868678898329562798608 0.488841110188817984383291559425 0.174229718556237422877330800475
0.140515803862455657124996832863 0.472081674769714854100755019317 0.504767668124837309839847421244
0.688787762783833468205330063938 0.238438639191698498187577115459 0.738418091863654812989636866405
0.535590628617506059327979528462 0.661839946546238788727123392164 0.508632023020726409257008526765
0.151065176568188047623308989387 0.100169058627782373016579242631 0.210974248140773285031812633861
0.785095939424971467346381359675 0.687385503874956005354590615752 0.579707129239340757109744117770
0.427669582449327290163409998058 0.342335834809378569687510207586 0.735173949138371085609833244234
0.222856672476932193838194962154 0.852289146147865661617970545194 0.104781798625826066961863602955
0.147890702438563503839930035610 0.928890746037866921192005520425 0.188120696399491055261776750740
0.721284614907994336974184079736 0.264768657471985413565107592149 0.333869948661005055967621046875
0.031712983369557926072168640985 0.351160193954959898299250653508 0.378019862501792647258014312683
0.489021209554188984736100564987 0.034721322517932633189285951403 0.671569655138705479124894281995
0.990441112521942890190018715657 0.514486632545485544909524833201 0.216065935791176222391385408628
0.630405536136005251179881270218 0.586341302754286641807368596346 0.536393431414473820240118584479
0.538556887325770894392462651012 0.129141664511680714921837420661 0.391415401946161645163613229670
0.015898893347605892734097920993 0.316216384755920842941634418821 0.096989988562311127417991940547
0.867600895949722894506805914716 0.883439593163487191240790252778 0.865932280317288971538403075101
0.031545222578497560117494202814 0.770431936938817285565050951845 0.932619879915707494788534859254
0.536007274282781387420016017131 0.921748331136815313158194840071 0.979433553684069591049876635225
0.434231909146291616963253545691 0.176236499558994619274443493850 0.013060094665153280935054880274
0.806222580322682236264597577247 0.460662091470902534950937479152 0.965114366904023190940620224865
0.280264181486927499431516253026 0.640059762936502463226418058184 0.534056490559576380050543775724
0.956416164575493388255722493341 0.587368883165028998760703871085 0.319460812081678091622904958058
0.290408286807177173916016954536 0.519331772039706152099824976176 0.496745388887858629889393569101
0.934727517683052511188179778401 0.478520811346043239975500682704 0.869372240066812351777514322748
0.358911576360584183564839122482 0.358674550875330899746273871642 0.810711939553969473948313861911
0.083668474712049203945163355911 0.216259937560463411099220820688 0.472053055131838039670810758253
0.277603775940176711323204017390 0.436208602369086373418127777768 0.340272776201351934144412325622
0.644286628621774770664387688157 0.734182932584095393480083657778 0.484784983595259622024542522922
0.447494954720173920836856495953 0.379572575825293467843835060194 0.073072675899643377284142786721
0.136087994678305901352644013969 0.940339982035389265746516684885 0.075009695920791458201293266939
0.652045730225707109717347975675 0.373048190434245474644825435462 0.013170754079599366823116746161
0.777799816623710449370321384777 0.591695811592347964413818317553 0.785704759795596729965438953514
0.561652773716119435576388241316 0.164575587424225566746116555805 0.080003276457888350403635513430
0.835394743705097919672653006273 0.525695092316269430021691277943 0.243248238975175473663981051686
0.324688921209316860849725117077 0.571232079406826853684719935700 0.249886841748470117652303201794
0.261265039280948518918279432910 0.261702059299078748644262759626 0.415845035637575077824834579587
0.077746350647026007951723158840 0.452344590631086174159491974933 0.668252765267575155050394641876
0.197914023776180947322700376390 0.985460481878141392186876146297 0.031127345863531032110760321530
0.529077773044317578587936168333 0.822846925689270647374939926522 0.150583224335716137076701670594
0.797223358076762811386117846268 0.003638869617007731670221826192 0.859967287465315921579644964368
0.374456133657996514951804556404 0.623570945714873592358173937100 0.315564860135418789877093104224
0.060097287852993890033825863384 0.697422784808376605703017503401 0.418020562882804258553193221815
0.260301476040313062298992008436 0.498562848596101615417097718819 0.891586756150230974604653511051
0.847121333542375842817762077175 0.319169827475386358450748502946 0.685149324400206261032053589588
0.145167637012073413860235859829 0.702298912335184377653263254615 0.040053355224538296497360789772
0.415389041614033560634311470494 0.678980234255259440523389002919 0.049294467246633236201525107845
0.523156600342953304050297447247 0.583468094602000664217200665007 0.892396899672015631033161753294
0.513691015089460356612960367784 0.554599878422611158867994163302 0.428288779132197872101528446365
0.712494329859568731322383428051 0.212142099869889938501543724669 0.380931287233254978197294349229
0.428283093966266237284656881457 0.327084107208803154254184164529 0.864752035061795432113740389468
0.280675522426375501083839480998 0.071737070978283343225534451904 0.500022086752160976885761556332
0.131682600147965345183109775462 0.608973843212702425908844361402 0.308322816857331150064425173696
0.415985911219046933240406360710 0.040105539252781409464976292156 0.935555410784740693053151971981
0.645783831171023225969918257761 0.206932035006692438550146562193 0.562928296528221738803665630257
0.727668180465489977670756616135 0.201423274794607226612086492423 0.688105498517509905909150802472
0.423737809886840066653235226113 0.996958839155041576240989797952 0.830291650592664964847244846169
0.520030613083534709595312506281 0.284698137191866651463101334230 0.397576575789971631280650399276
0.640189012089439901664889021049 0.972095164539444445139793060662 0.865898311684012433886437065667
0.517098475256792422527496455587 0.640294795202421607172027506749 0.407532401195826732287486038331
0.073677157599988940539503801119 0.304279184009998537874253088376 0.665120050428282150178915799188
0.017811914689202332229278624709 0.268938067567828176240851689727 0.607820857702860983806658623507
0.832428599302251770453153767448 0.230170861482840050094011985493 0.875997843214079807694361079484
0.788297267537371171286508797493 0.670511798441606687859461999324 0.616639985695919268238185395603
0.443708398220031607905866621877 0.958045082180096652102463394840 0.299798608391385723592748036026
0.008738507703570054171993142234 0.275496706147814185428046585002 0.817312157241364523052595814079
0.971694874088219195940041572612 0.707339847572819313548109221301 0.232052985030580471992323055019
0.591892719855263260697597615945 0.856308561786861432985062947409 0.176645176195896536075480298678
0.750484188177401589925352709542 0.626566099544060839399151063844 0.386913078396409482184736816635
0.839678563053769089208344666986 0.453978500752728608702568635636 0.741108519206063021123043199623
0.209324954376476662920580906757 0.760793813999169010742207319709 0.886076575980716540925641311333
0.995229681209911509753851532878 0.428777722082573531370286445963 0.887860894152812551993747547385
0.287457161739486710683166847957 0.368306849356868970524203632522 0.405842205369808639581208353775
0.928950419662633475326174448128 0.270367722029080215229157602153 0.835915161911651605208817272796
0.426465529117729558183924609693 0.904219301315650536565726724803 0.281793993167613721073649912796
0.396692860623617027382437072447 0.398721885365796557820772250125 0.334091575681766783656456709650
0.853663958507255848928707564482 0.495773398076521987221099152521 0.241599856442856253391227028260
0.406554694996803467343937654732 0.354922461214466244960874519165 0.350298214046221079165377432219
0.408727259144164800641618739974 0.837073366038831423452393210027 0.590660997644569141229453634878
0.484057974451748307398446513616 0.917779353702968592187971808016 0.106203592454982218007408789617
0.165291012499346468000993581882 0.007144429020724355275384631625 0.961667420303214726118312682956
0.623875155384674862091287650401 0.691662128527628872198818044126 0.124565988850750430927405432158
0.944087475442912493761582481966 0.121547287597005698733809708756 0.957694605712708368905339284538
0.649731745988589404205981736595 0.944774251404858489422622369602 0.047542567569540887528756201164
0.743525283937628289621102339879 0.421196213726957924272653599473 0.687509186392961324507666631689
0.808648418398978385823738790350 0.468957711270746369081052762340 0.803690470423387037790519116243
0.304779233632421431288150870387 0.490151346092510264984554169132 0.623665617530586025019090357091
0.548240595053777424183749644726 0.793384938275173201560619418160 0.213883156691316078656939225766
0.378342538300994568611912427514 0.496503936725886607650437554184 0.537509788656889253566362185666
0.151211610315961891837233110891 0.450198989791130210758041130248 0.537604746525945587087846888608
0.830706168698640556868895146181 0.828216126228521032359708442527 0.166824439859023898602430335814
0.593183368168430757982889645064 0.996516935999329667161816814769 0.513108227732422039757409493177
0.084446065507095643964952103033 0.401653358849569985800087579264 0.391625731855358094612995500938
0.089139105910972418755910950949 0.276046802801229118617953872672 0.142838541001171520639090317673
0.503534926559449980132399105059 0.713403397227677649183874564187 0.899430528385059657736633198510
0.705284412840271324185437151755 0.552757790586907438168395856337 0.288360471093205505965784141154
0.075533397424996873148472786852 0.110173987352632674063812601162 0.329450311377578797245035957530
0.606538684077824075124851788132 0.852688106224064545912710855191 0.021628431682628873611307085412
0.832716128135331468129720633442 0.748765135380962676414640100120 0.392531122833913115321990972006
0.738643471600740730842460379790 0.319899616547213105910429931100 0.316822873219420764190346062605
0.917973277917591645724826321384 0.125091003635808245553207029843 0.829787357135202019442488108325
0.378205734005812310716265756128 0.732064882821228612996833362558 0.901597779887949091204291107715
0.705062045094224432162377524946 0.984082441324322432230076174164 0.409128952685987590243144040869
0.999099816175986532584829546977 0.789973804648435695696662151022 0.471674605074962283168815702084
0.372274794144055953815097836923 0.877258557558120322106276489649 0.953290908111771195798667122290
0.764398439439384680404998562153 0.266325537506321929903663203731 0.774814068200510797090885262151
0.782609127195176501601281415788 0.510947103677658831522023774596 0.908211986543102867130983213428
0.017943533275476156868544208578 0.491478893651380421836449841066 0.344322597938225449798466115681
0.407339066754598133623943567727 0.047352045199271282360786727850 0.809826114948293485085173415428
0.233886428675035784596758503540 0.411816409302201869024884217652 0.950249698898195549467970977275
0.381968143061204024046872973486 0.679449048187068749271588785632 0.966043633393367628947601133405
0.099944097488742097978864364904 0.623625135384745954425511627051 0.369325486171466987883604815579
0.132418433994531015152062991547 0.982057309709626791160985703755 0.381158497178178290454297894030
0.364803663174739001284763162403 0.723130210383526872419679421000 0.462998530191174373360496474561
0.291281200726836386749596385926 0.512766509761737876438303374016 0.679197525310065608472598341905
0.500855651710377380858574269951 0.082419680735929520820626237310 0.345388440554605824495126853435
0.532671493808334783892632913194 0.793737625747200969961170358147 0.446506852613635207838171936601
0.793991244219598546472127509332 0.859003822803682481890064082108 0.121419204414906348188374352048
0.482499561630910567266994348756 0.328687669952281658058979019188 0.250320787238922481954261911596
0.258064655608535031827699413043 0.326582284634417518986992945429 0.869747633589851187885244598874
0.926282466430036866000818918110 0.671817670010219303300402771129 0.351527228644959555126092709543
0.492466236040776161875243133181 0.126100919417732243443808215488 0.504040399553932205733985938423
0.626330432510292411940611145837 0.797140881321273142567918057466 0.000839904618977862496218000921
0.273416586621118229416538270016 0.147009593639047614344050884938 0.420628516368202254316344124163
0.308565315985013244315382507921 0.068874937566786920140060601625 0.629968569358371310862310110679
0.950630841056630537799776448082 0.222550617107919262993576126064 0.938007250969446815247465565335
0.806063443649218114295251780277 0.002189111253061500235450598240 0.327860435650589088218964661792
0.609359298204353305727920542267 0.511939722240404626596443904418 0.657877073488118746524833113654
0.137439663454323096614118071557 0.873493727833713595742892721319 0.558078684794416579606490813603
0.509307635053209306619237395353 0.325586438443085490757056277289 0.445709456652947200172576458499
0.992212806370660338473044248531 0.596669258314493355932484064397 0.589780552904691779403378859570
0.189610425604342491823217642377 0.488767706328152917727436488349 0.623359209291463822744105982565
0.568987003112382039304861791607 0.504737731710225734360619753716 0.668571338245003254918685797747
0.626846352121274374979975618771 0.240872087623494407493396352038 0.181634884661116879911446631013
0.068637678444158786716933207117 0.905718315420891983968942895444 0.063924615449518454313171389458
0.682515597575804489061113144999 0.335106581461998509485766817306 0.098840725129670931048408988318
0.271096021335215986436395496639 0.627198530237496387762519134412 0.767128452315180897613799970713
0.177420250708580556908700032182 0.079850114261994523112697663692 0.254021139971508214117079660355
0.573747923295018225076091766823 0.124771031603333151793755462222 0.446664785914237583153152399973
0.624258357484653858548995231104 0.204555562844637162100980276591 0.646446836164416671621779642010
0.318789757941721763057074667813 0.103988107464472123719900764627 0.858000999003098896444896581670
0.447172868455439131984974210354 0.897063408714440346791718638997 0.526997676911561963031260802381
0.491012072031658697301992333450 0.243481780210601350677990240001 0.544838098519466185187809514900
0.466458610070333734576308870601 0.919317178705526982795959156647 0.619296891536386340249009663239
0.690052690712372851500333581498 0.872075614166210932864942151355 0.469201361393361104923371840414