  0.449629
  0.624838
  0.140796
  0.143915
  0.512413
  0.183711
  0.728283
  0.271505
  0.926707
  0.012133
  0.352516
 0.0528933
  0.753794
  0.685632
  0.062298
 0.0242405
  0.794149
 0.0410956
  0.747342
  0.902416
0.00546858
  0.690361
  0.771168
   0.40482
  0.115474
  0.382473
  0.646815
  0.639337
  0.184029
  0.848991
0.00498445
  0.193578
  0.811147
 0.0468765
  0.267564
   0.28759
  0.379608
  0.804258
  0.593703
 0.0968045
  0.961409
  0.605712
  0.961829
  0.451328
  0.526417
  0.280176
  0.405992
  0.146398
  0.905973
  0.308565
 0.0192176
  0.606732
  0.930589
  0.165157
  0.336241
 0.0201569
  0.395434
  0.379056
  0.805086
  0.386153
  0.934234
  0.112746
   0.64615
  0.933918
  0.364726
 0.0295619
   0.36751
  0.640779
  0.980062
  0.333627
  0.645968
  0.214404
  0.465854
  0.411043
  0.336877
 0.0173622
0.00326322
  0.309845
  0.226535
  0.784556
  0.832165
   0.48319
  0.731574
     0.825
  0.992486
  0.277748
  0.586845
  0.498065
 0.0492227
   0.18858
  0.563032
 0.0954075
  0.066537
   0.94298
  0.777448
 0.0537466
  0.944043
  0.987822
  0.275996
  0.965385
  0.834987
  0.673172
  0.308224
  0.474788
  0.302707
  0.389174
  0.997374
  0.398966
  0.591718
 0.0458049
  0.834142
 0.0918824
  0.117029
   0.96151
  0.537535
  0.523874
  0.398768
  0.579926
  0.258978
   0.14207
  0.565788
  0.464643
  0.694497
  0.741415
  0.296865
  0.472395
  0.321797
  0.631731
  0.546613
  0.345102
  0.431086
0.00577658
  0.934439
  0.371654
  0.837645
  0.346425
  0.105951
 0.0740659
  0.638688
  0.354745
  0.493798
 0.0988088
  0.350865
  0.305597
 0.0625398
  0.441071
  0.837035
  0.447937
  0.320173
   0.14232
   0.79599
  0.469629
  0.793263
   0.16614
  0.669994
  0.871691
  0.989729
  0.527121
  0.124322
  0.424054
  0.999435
 0.0050395
  0.262461
  0.244821
  0.278713
  0.682562
  0.623186
  0.367843
  0.277115
  0.465099
  0.759125
  0.700028
  0.866195
  0.666601
    0.2755
  0.220581
     0.787
  0.250652
  0.496987
  0.714481
  0.418484
   0.60452
  0.572354
  0.995501
  0.342852
  0.264917
  0.339841
  0.115482
  0.499488
  0.381322
  0.763886
  0.197587
  0.194231
  0.943018
  0.354078
  0.899965
  0.729347
  0.869662
  0.495843
   0.20408
 0.0628109
  0.633331
  0.582206
 0.0471543
  0.344062
  0.702391
  0.781817
   0.93156
  0.238042
  0.402202
 0.0669996
   0.36931
  0.583978
  0.655363
  0.701489
 0.0644531
    0.7381
  0.907548
  0.493644
  0.897834
 0.0972788
  0.302439
  0.834629
  0.344403
 0.0702514
  0.300304
  0.517888
  0.768189
  0.713989
  0.884536
  0.949692
  0.251324
  0.104202
  0.967851
  0.282355
  0.227741
  0.362704
  0.295871
  0.661427
  0.171199
  0.296097
  0.384215
  0.618915
  0.868054
  0.825967
   0.43009
  0.952071
  0.846021
   0.38158
  0.707052
  0.609918
  0.850401
  0.840765
  0.116699
  0.213972
  0.977153