0.591983835374251143868207236665 0.214501120222105740031892651132 0.948891538127119904544315431849
0.122587764452425612704544732878 0.627035388013365113657471283659 0.378149923820439326505038479809
0.312808784315131760411787809062 0.458988290362573603253792953183 0.952861589443615986105839965603
0.727047308749364296076578284556 0.107387788088731797597752404272 0.964461355281830967633993623167
0.115572341256489019567510467823 0.086258668869605745199713453530 0.769217456318474379628469250747
0.364743737113462584975565050627 0.598957954878788556563051770354 0.595531043530185488776851343573
0.719600048586340190759358392825 0.123647054653656926492821810371 0.246360622917902200024187209237
0.504610530355027342430673797935 0.064041984676290700240208764171 0.244423105248400857059110080627
0.288919764710420190478856738991 0.668565227358384972511373689485 0.184673158552721233816029666741
0.884757577538342276923799545330 0.055995928541427340829894632179 0.149890007013473713914919471790
0.114515429031835591633381454812 0.172722238385857318476723776257 0.922298070909552736296177499753
0.644369517365366406558280232275 0.955289149754656174984290828434 0.018108153884116046095087426693
0.111001046665210725827854787440 0.423351039476359103375102677091 0.800546742101730379737034581922
0.089590658075709858620960801545 0.343807729286666308166076078123 0.615738903139669613295836825273
0.667665670064641836312091527361 0.013854314932226659967673398910 0.430777435691844901022307112726
0.365865944624609307211926534364 0.602115359569440289355668483040 0.311134489496397659280546577065
0.066134557776691443864436337208 0.033001113009692578659226569471 0.616773548620125122710078358068
0.592831759814731573676738207723 0.286989682061189410600121618700 0.832245743808567084442984196357
0.173557935465796064899990369668 0.016601636259694546593479458352 0.523559286970791015747295205074
0.266525267635216056572033949124 0.881093169516074192770815898257 0.676132371843333968008948886563
0.541044789367638334631749330583 0.311193649538384076169705849679 0.840372724902873846630768639443
0.217332055409673097212674974799 0.209486027991821838201147443215 0.914377231447197069691412707471
0.412197407850604879975264793757 0.458457918187772039964045234228 0.049808079558780908591142377873
0.547827463159755723154376028106 0.011916373927267860655110354173 0.311189659639764470977496557680
0.005696512297917263704938317659 0.247032312478581678183431336038 0.108821273432206155895585197868
0.399224164648814661138231940640 0.639588833069368534189891306596 0.109925031756782295988550401944
0.224679370689523788540142845704 0.896024320077824953933998131106 0.908953975217975496114775069145
0.145983761504476255987938770886 0.004087711996733721549202034140 0.062705894355646663029801857192
0.328701853842798874527630914599 0.473634193106160006347948865368 0.332475150181294198947767881691
0.866294806644423487362871583173 0.948721228864793819646195061068 0.875225448065677813502816206892
0.748314358584596495127527759905 0.629632068314113890750149948872 0.931283484832370112016519669851
0.250799298399157988281871212166 0.747778751028687294066799040593 0.829771042043643713981282417080
0.579034577847642117909288117517 0.354522913288606966730753811134 0.830543913338018580105881483178
0.809231490729077962420490166551 0.433056709038587395177444250294 0.115445718867682567410071214908
0.686741351470339878027004942851 0.129010101786044883986903641926 0.977569870117377393015090092376
0.516491917680571455129268088058 0.860785749914807052363130424055 0.570827996968049533599298683839
0.040164890616911898268970304571 0.971753730172627561145759500505 0.124572166107311810279156816250
0.656374441240051287316248362913 0.239481573402687469842575751500 0.098590734227140833234592776080
0.353301269902850323401111154453 0.818561723851021549869244608999 0.598900005876671137627909047296
0.749296439762972221743098089064 0.024286590100007804382542531130 0.357017094308188287499206126085
0.335889741653463413939562087762 0.234917889228200921225564457018 0.881843574390891116188129217335
0.762796410862860985169220384705 0.244813737535621162022536623226 0.948993719147527614588000233198
0.889254600025961128295648450148 0.513909722697111104317002627795 0.261099965832302827184463467347
0.913835354054471027396289173339 0.620358572427857968278885891777 0.705590626625647976410959927307
0.949761164382938338768269659340 0.850066608282749713865200646978 0.199323939935230204367755391104
0.478507587143750134917041805238 0.073859170507716134790321405035 0.198234696625689571503059482893
0.603362599127707843749135463440 0.353948589446767103439128732134 0.748784525968426151187884443061
0.297143075583699900477085975581 0.263924930236576316122665275543 0.316519709169957585981336478653
0.213290942167898206482945511198 0.429899741071219754218191155815 0.071468570956820701156608777183
0.861734988146474756298687225353 0.640003067978264783555175654328 0.734887360124711674913555725652
0.930277382935365215743672706594 0.699878541930283204486329395877 0.840142390137707972819214319316
0.810708500991820457670655741822 0.971918017987323801243348952994 0.810143230075567544190562330186
0.943637238650421483754371365649 0.329549900361840453211215162810 0.860216040586502361797727189696
0.074754171080847711672312527753 0.829177165880130795372338070592 0.619736490723126087765137981478
0.955064049731954245459064622992 0.701027526810497736420302317129 0.835977869235295267813512509747
0.858620773197459108416751405457 0.890379249295234820316125023965 0.960350454655764851352728328493
0.633647770471917115564508549141 0.030064373769991874218998617607 0.710424864229820873795517854887
0.636080526839674087469234109449 0.560355401449514345380009672226 0.891359357648619732295003359468
0.157711112531513819590145430993 0.988403519866928759185498165607 0.832528641767068311452248963178
0.899503125642793444072253805643 0.090008306724822156885679191873 0.277262351794166084228976387749
0.774024999722585205219616000250 0.199796748444036581515703687728 0.318969387381512259338478543214
0.638122717726039678787230968737 0.649697871217796429910151800868 0.663217404969650425883287425677
0.501772704415101022945577824430 0.327630047768537491226226165963 0.996271027684006105218372795207
0.259281056964284772892170849445 0.073253535049656426370034978390 0.680327268076992841550065804768
0.485398197564908207013445462508 0.769580248303613823068758392765 0.311171361987519767833276773672
0.234100729234061888384132998908 0.505080923244836776930810628983 0.538641135218526745376266262610
0.388628455209908518774852836941 0.238598592629113315233269076998 0.867808703280558924042509261199
0.325592742511327692955802604047 0.754989772835662265038081386592 0.893518959171419102638367348845
0.298528062525320270204076678056 0.289086689673173857784149731742 0.994771847260876418417296918051
0.641430421252978999469007703738 0.472641242869400401982460380168 0.682933088983027070106857081555
0.429033806277485274538463499994 0.886807605846322233311695981683 0.316832312849817998579027289452
0.717650349202865411868401679385 0.888616244751896378062383519136 0.247883679893093733515030407943
0.933583344417225902134305215441 0.756571749156674577818648685934 0.050683391200012910260408460772
0.272256005226739983271500022965 0.953082879168772101330375789985 0.770608702523116417815174372663
0.825845956608449838221019945195 0.216110929529878648125418294512 0.501690668433061426334518273507
0.262294601315826492182736728864 0.377256317915511119043259213868 0.605725244958064235056838242599
0.511482589820010158376817344106 0.653600040201300136466500134702 0.241931640964674427030089987056
0.827473363651656579342841268954 0.927577520454779036462866770307 0.169469257322886701633279926682
0.881176270263221761425143085944 0.652152255683486670179149768956 0.714802620177831471437457366847
0.948079438629838233687507909053 0.237033093042618853152347924151 0.883754929855438242647380775452
0.038730631857859840194713285655 0.882348236336603641838394196384 0.021598702345485196879559808281
0.170471358358484453843217920621 0.720710000991656052349298988702 0.006485007619058564057312743500
0.853698909048578924441130766354 0.707587141227719484959379769862 0.740941595176724199234286061255
0.010423277068134553444145318224 0.776898433451444492270354658103 0.427571857006230571229821180168
0.588712540251760674259173811151 0.092828007935074341450132351383 0.286151741694237515822862860659
0.835501485633039275846556392935 0.742632349417286730108855863364 0.553535323914726373750738730450
0.731661042239618475413465148449 0.694550429535497393374043895165 0.371938680436559476749636132809
0.864117871806008963631029473618 0.615955134060016895602984732250 0.306458346069420517476800114309
0.579536620250221123917810928106 0.111753372529600339402300335223 0.706554878005099973314884209685
0.502477522507112417393670966703 0.914466534059726776639820400305 0.129509633203459623151942992081
0.422920619809586839643600342242 0.244874917561159921586266818849 0.081140836687490058842797679972
0.263811630684214259989772699555 0.610784758290647489253899493633 0.517904280899400548676680955396
0.751527665553911372597895024228 0.905874565698858935647308499028 0.673672398492960566862564064650
0.980788951550657039923919455759 0.114086218394393160147082255662 0.407165964827253645808013970964
0.429204173693120694110803015064 0.702276189754291291222898507840 0.209809790376292187863427329830
0.551253265429318073387321419432 0.053708245516707470157413695233 0.974998536498099865887922987895
0.620927955317576607541241173749 0.598994769860617615186981765873 0.024404952350835201757561776503
0.262997219409652982502478835158 0.478601356382211629014733489385 0.604672608751306350782783738396
0.182665139266519532812438342262 0.328799241206049863706084579462 0.327636816297617705640021767977
0.474414431493990651489411902730 0.441741957292273779156488444642 0.835988406602795386390880594263
0.280398539411199632098714573658 0.024864938505405033419837224073 0.433543133761638943557414904717
0.951532288670259074336854610010 0.409574446288967941587344512300 0.750889000174101428619621856342
0.979387781261969680990375763940 0.441229398974396780364060077773 0.788773096110861215990439632151
0.957267411476493745858817874250 0.992304926876057202811409752030 0.160944716121356773408379581269
0.840386032370587177098286701948 0.310811114552422329548875268301 0.209580551769015077656632684011
0.210559380725682809831766917341 0.496053077358273308838931825449 0.628982635132130929456195644889
0.059129408664550568708317968003 0.127137973698827178026249384857 0.581273088775065671640618347737
0.691700482753130674318242654408 0.566333112584097797537197038764 0.849517606908853251113100668590
0.219624250290583633571372956794 0.044256493097595030195012810736 0.733596396973663300578039070388
0.752471276548479228729604528780 0.177451191033792837759008875764 0.702957687456515989410377187596
0.025324858699377870291380432377 0.313331343230740966276925973943 0.029536406814395257253158533217
0.147458095303190206415422380815 0.084576436749201289178046181405 0.140637751704111135797603537867
0.721727277114709186989216505026 0.130242084106811151222871103528 0.187116075621576255505473795893
0.017032975381984800239409949540 0.307138925014317498707328013552 0.239762227381661724434636084879
0.841527656040704230555604681285 0.262542106965983956801125032143 0.409959158286444080854238336542
0.147130063299590663206117824302 0.317339528598141462634174558843 0.455523511905605582583689283638
0.902232360560998092324780373019 0.020460761043072636655715257348 0.362245274092298008561385813664
0.772347020472717749051128066640 0.283505108322185839231366344393 0.144314896763883537822437119758
0.087498072836949075670176512176 0.302702372982944500900970297153 0.956811475065980188148273555271
0.811244330519352963015933255519 0.445607872400314131144938301077 0.133980834655541058975103396733
0.863045343772750328525944496505 0.969489512209009141052717950515 0.035438054045764590116451842050
0.684304103706467325984874605638 0.419635280914156250098301370599 0.885627328307489025682741612400
0.003957749839053155936630101763 0.916174498399265790915535490058 0.864317437915542496895682234026
0.821975568357345420800186275301 0.154328699808295083384379609015 0.399482814597160396097308421304
0.561359552843572195968135929434 0.223851254799601412370790853856 0.066108860588940207558827921730
0.234712860915380960857845593637 0.006889319930167067153325977102 0.635573112417348817793083526340
0.795526328547256356138461796945 0.204722562189339957194889052516 0.419444112635881993789155330887
0.925888957821662139657803436421 0.352725315139101602834870163861 0.143034518206732907952272171315
0.359112679390250322253308468134 0.263833212672231254281030032871 0.481957427862531040396731896180
0.343186824220864827861277035481 0.704214599444650257709099605563 0.629942869020990947603877430083
0.940430436295307758953754273534 0.353454918137236895336883435448 0.254869147283511288115676052257
0.220096915887250277332753967130 0.988213704631073386330797347910 0.453566032742272751132617258918
0.131628697411149880869274397810 0.096794637272198974509151980783 0.371381959296833319417174834598
0.535541409997256856456715468084 0.087410596917798677463196099779 0.150731863656136666484997022053
0.775947034308219429910025155550 0.472485561458902525444614184380 0.014483939905710700377095001556
0.924432168341625448704235168407 0.568596142536324178351492264483 0.036097430851288636599605297306
0.776312120441362885081559852551 0.586349825180652928224844799843 0.095573384271979408555175439233
0.320588645798533244946071363302 0.042223981571615096242133802207 0.998010429071840676762406019407
0.683376403455440040168866744352 0.822295773237831317814539033861 0.141021751663190086922838872852
0.971596396439958653878932182124 0.735423360992002339564521662396 0.277337064928165344390720292722
0.422454110143669903099095108701 0.862706768566675608056470991869 0.900786801289009120274897668423
0.526327847147453953269291559991 0.538037204372725841317048889323 0.868623118827660190000017337297
0.608198734235846028006733376969 0.893295173865784830624647838704 0.537221364605367845967975881649
0.548973526675087919457496354880 0.075604040309824580012865169465 0.023896922718495351017908845392
0.790565895542051033650920999207 0.577076465714220776526133249718 0.159875334602784857640500604248
0.947409534679798270850881181104 0.849951302878623415892889170209 0.790711545359522371967386789038
0.893589168736090289080209458916 0.263735733319084952874788996269 0.277726607547277570819943548486
0.930016789680184752242553258839 0.144696072715053386525951850672 0.832129992602951618074769157829
0.878740652037372393934333558718 0.975126767477617284463065061573 0.697584430079414952174943209684
0.505412259737422098204717713088 0.042130843750052583696064090191 0.790365669764023115462237001339
0.921466434398450551235271177575 0.793972863297606412658069530153 0.270727160424424129203657685139
0.332175979336065574365477459651 0.183070920341828979882592420836 0.562177042723479680752518561349
0.341926939934502238660485318178 0.204530500260820091718017010862 0.858322976055890585200813802658
0.070294302306808900682177920771 0.410205715903256551424505005343 0.563154775633043058746807218995
0.620850310571101848822195279354 0.431733174957869392240894512724 0.423800657519630752378958504778
0.179043977037698670562448910459 0.992103804431466618218848907418 0.913287125057942739125849129778
0.832419984976148108479776510649 0.792513628803746428275189828128 0.121734161699370596609881545191
0.933797731005661435510489809531 0.422453320622045436216751568281 0.530489669318383483265222366754
0.371594865620540670825278084521 0.098632360243855174419813636177 0.265227987255156671952960323324
0.598224433606319938583339990146 0.420895560297215420852978695621 0.208347587419900615035572855049
0.916022900917263460662809393398 0.796000301794966613755377693451 0.042978362810651857262023156636
0.756475875554901255881645738555 0.754089392559677773597570649144 0.731024657995970272850172477774
0.057257193657083559068521338986 0.982024999410878174366246184945 0.985828452274675304245477036602
0.034930783309000582037562310234 0.069459377601546093417006488835 0.736506127960023904144293283025
0.263334339733402200689482697271 0.245603620930869126492979148679 0.332198895148458961390502963695
0.463366298298630907570583303823 0.691921688311594951237282202783 0.858275346624446489052218112192
0.453035537178746339215251737187 0.089953181934966069954739964487 0.764004220620033480670940662094
0.855678832986417670092293974449 0.620381882022829622691517670319 0.258117228097152484611598310948
0.886652650802270514418523816857 0.085487794481378304167762394172 0.249453827425819368857062841016
0.644829155171113499456225781614 0.176563006465985578019584067988 0.383843758825323566608034298042
0.226033817222035138261304609841 0.448789949280791411467816942604 0.113728220612959216029302922379
0.535941613021348350898165335821 0.813031749347939314276345612598 0.899384896949342427241447239794
0.799428756614560809268255070492 0.736386828479463351193601283740 0.766050778486064287697843155911
0.886476702960730111868770109140 0.817229604544539856014750967006 0.877148803885830719018201762083
0.892111676685816479270840773097 0.069265797415210494936133045485 0.768421181156686672331090903754
0.033385827042730145675086816937 0.595069790798870679182641652005 0.478932510985669301906142436565
0.865123636970011711255779118801 0.023396013944054248195891787532 0.930399910641651284315400971536
0.202429006606192257722298677436 0.529748750381100919071286625694 0.567401843617197698677045991644
0.751769005202944984311841380986 0.080622697933403084102899072150 0.608851278153462072140200689319
0.017235040673058716481635954665 0.478174262778001180063114361474 0.054415031884379815030339244686
0.334510264967660952972750010304 0.034863445593207954831260764195 0.274974742979936015441211338839
0.195291463755148025915886478288 0.444720761787538221287974238294 0.202034394272500694711425239802
0.589062842837905442650026088813 0.602304439768237886987378715276 0.989790629802546728654988328344
0.196678521257970140290183280740 0.615805582768546466709835840447 0.545954134448975003657267279777
0.879638225206618717955109332252 0.045377604897207289569305288524 0.639852927108164104552656681335
0.675559915186058068670149623358 0.743605324010312984661652535578 0.360623662141519807367018302102
0.081799408411954543929311967077 0.032149464906795016672091946930 0.937308507159063997171699611499
0.912934632137962331910330249229 0.483164856717317348078211125539 0.023943656283822781910552990325
0.903075436144049947806422551366 0.313646042677572012280506896786 0.224734114035898352446096737367
0.504199030651214075149368909479 0.527090276390617118451586975425 0.513146562276423079396181492484
0.281694801577471620745996006008 0.043082084538494568037858556409 0.973914541030015179501333477674
0.183312677406934576573860340432 0.432965234871772408631329653872 0.601119838917043902704051561159
0.206621323484616786769763052689 0.311827132501916515217033065710 0.414893224366500223965203986154
0.227711506842277311424282970620 0.264253594752807852152898249187 0.481573256415722572576498805574
0.217729910303260831838656486070 0.834885925709504927993975798017 0.984524406497932602633227361366
0.469202568476350667658891779865 0.512712004873787319247924187948 0.135072888700669191397452095771
0.814645461308232565755815812736 0.853237036768426881927496197022 0.156617424981582098464372165836
0.780811072944532669204420471942 0.233276666910938068610903428635 0.151615920295316897181692183949
0.516486552419514244327558571968 0.840842545126396001542445901578 0.932713554535296807124211682094
0.959879136643926322847164556151 0.309839255141256042502817535933 0.361965991625712579793372469794
0.139322826447949910111390181555 0.429858789708578326038690420319 0.564845771112092664978376888030
0.839990658339664908460520109656 0.984807415566107291482467189780 0.077542611206264086542994107276
0.298330506147363117008808330866 0.324160083639420004697484500866 0.239119366226357654703349453484
0.985968511259483038067230609158 0.941675187942258795636973900400 0.981071830511585418754805232311
0.084429506480814708879734098446 0.798645535077730284179153841251 0.101826091124478976257528017868
0.829181303365629007728898614005 0.846075828040103394833693073451 0.148107198564000203111490350238
0.535879628588654122189893769246 0.847178823345494325103288701939 0.329871428986649561920785345137
0.744537714443347931059236088913 0.237853828542226863884678778049 0.658004441193705047474793445872
0.676151017902522966096512391232 0.330366802403765036366678486957 0.667318947600786804841277444211
0.798593242310926099136736411310 0.764684506311989475868529098079 0.463679416885147688276447297540
0.855951181232119662212198818452 0.502255123831571004267004809662 0.018124809655070815705979470067
0.834114988952738056759983464872 0.454790325684424123764415526239 0.898696829254111428930684724037
0.388306435444872533047089291358 0.586396210569139708645991504454 0.800157299545825262399034727423
0.999302435758842033663995607640 0.911406603534222314877411008638 0.034660188695818196225051366355
0.342853959305778888122517855663 0.181720447471354573654167552377 0.799307495598260198121920439007
0.754670322129079584883015741070 0.617361478519384609953135623073 0.003154466965298372352344280500
0.092476409796452899159113769656 0.242146261964821529755198525891 0.820036580247263002796387354465
0.706341745307399904163503379095 0.322291167356603347471377674083 0.915214277803984344039633924694
0.511051105880983680407325664419 0.888135262248755830150059864536 0.481372441915583315630300376142
0.302137790892980151458147020094 0.770635072920609176527761974285 0.711549004859717171278532532597
0.148844802285720612111674654443 0.513528303050099110826920423278 0.652408097693386590520958634443
0.119336870311769843722160544530 0.949307458298457640388789968711 0.488626580997642001591430016560
0.821999164845028884585076411895 0.157641556862399556671050504519 0.428968627709568672834450353548
0.070371465225761611894661484712 0.104271527000401723062061876135 0.083165591615664488656101127617
0.188279328600434670004659665210 0.974260898090810512073289828550 0.412076195339961925956373534063
0.726778396852811980899389254773 0.222350036059639322161274321843 0.788649533350816223098433965788
0.849913663325427282124735484103 0.666850406303347020831040481426 0.473509416407179140051653121191
0.600082357300655622189822224755 0.473206633766654838346710221231 0.957565055450570246087238501786
0.465995223322858032055648891401 0.427188220908198024172719442504 0.852080804365152766344237988960
0.840323536524908099032415975671 0.753384498535848767808431603044 0.028568665344436975500608255629
0.242588804050561601677316048153 0.500181803675238456641238826705 0.791318139164380873751269973582
0.537286390658470169867655386042 0.035157250915642104804881284963 0.976396095571486766218072261836
0.738334773814792288959552024608 0.042600538547314381609965039388 0.078004235838811136760639897147
0.068600830859757308544111253923 0.474477282708792080789805822860 0.260259750505957565547276999496
0.531662952340665739825453783851 0.956971621269617322980138851563 0.944685213806362833466323536413
0.758331891451441308937830854120 0.750870917831502837636037384073 0.552626848856159202938442831510
0.382179913442133423195912200754 0.858220472058224936873216392996 0.442878707505065416505374287226
0.628496128291096356477396511764 0.404893798894194079096564564679 0.500563364798280674428099246143
0.663933162232564266780343587016 0.562962583136060845667714147567 0.362897402840325011830202583951
0.864786091202725426541064734920 0.900666640142880337016606517864 0.687368690303521878703918446263
0.521872153765188473428793258790 0.431288071028218145119836890444 0.580877381194038644451893560472
0.381894710292838335252696424504 0.520737219776717608077376553410 0.788441708679739172715983386297
0.846934180519665069653001410188 0.474403632500199790023032164754 0.307657818548860095830832506181
0.846840342980008542461689557967 0.637182397374374098752980444260 0.799123456511239949051628173038
0.253964458670385362371035853357 0.076114789151025472047074060811 0.202556026911838216175709703748
0.181689779330763107045854098942 0.517563342649037028131431270594 0.858661337717520734003073812346
0.685345924177982346314763617556 0.153161885903758981930522509174 0.160572251701559837178123757440
0.514426901216218812606939536636 0.879587813073794855256437585922 0.054577652645164356770557390064
0.575171880215171738015556002210 0.888232195131151702760519128788 0.962227899039910017364718441968
0.274484767161939036128615043708 0.508928399033527822936662232678 0.149343235447348093858366269160
0.291345749376403617691977387949 0.564524067450380973021140107448 0.409645257352961089658549553860
0.915947554929147700342184634792 0.195081712321410916111119604466 0.418244905404290712169768085005
0.753279937413557920677931178943 0.269242217674837025498391085421 0.793465077060236945172277955862
0.796828386145439160337389239430 0.732752811433858397549556684680 0.334884072320752623763695510206
0.668840318908258457675231056783 0.271534537747454673972669070281 0.035570210843682101287122065969
0.378113952367455707914700724359 0.008869058564077339501530161670 0.904168015281582970743556870730