  0.342772
  0.693121
  0.902903
  0.724965
  0.149972
  0.791868
   0.75521
  0.648664
  0.198332
  0.126226
 0.0518742
  0.728564
  0.213813
   0.48863
  0.942556
  0.829876
   0.37409
  0.413135
  0.450934
  0.970527
  0.642147
  0.969393
  0.335944
  0.184491
  0.412065
  0.847228
  0.270713
  0.932627
  0.254888
  0.952765
0.00315174
 0.0308768
  0.321055
  0.747358
  0.824331
 0.0457627
   0.09063
  0.994892
 0.0363683
  0.210945
 0.0344974
  0.935914
 0.0930134
  0.356696
  0.844659
  0.799397
   0.69623
  0.214679
 0.0155021
  0.181694
  0.699384
  0.552607
  0.922713
  0.894744
  0.375837
  0.815311
  0.400158
  0.785754
  0.791248
  0.812047
   0.42739
  0.870327
  0.886793
  0.648376
  0.440235
  0.206898
   0.74994
   0.67333
  0.493937
   0.99069
  0.559652
  0.441072
  0.158656
  0.550079
  0.376711
  0.675979
  0.262225
 0.0323238
   0.79008
  0.844111
  0.048791
    0.6051
  0.246848
 0.0493953
  0.978337
  0.938627
   0.64901
  0.886336
  0.174678
  0.314232
  0.959421
  0.267285
   0.99033
  0.487652
  0.525381
  0.624895
  0.396186
  0.209645
  0.150462
  0.439453
  0.640032
  0.437025
  0.939504
  0.360414
  0.570651
  0.172272
  0.433353
  0.814491
  0.536477
  0.277017
  0.438247
  0.833043
  0.845056
  0.717453
  0.116942
   0.74478
  0.371939
  0.565657
  0.973647
   0.59111
  0.424414
 0.0346017
  0.338312
  0.301741
  0.523584
  0.697264
  0.438429
   0.30774
  0.181921
  0.990439
  0.206495
   0.86362
  0.787619
  0.238794
  0.828455
  0.295412
  0.645211
  0.966722
  0.424752
0.00257406
  0.173745
  0.673177
  0.416653
0.00392796
    0.7803
  0.349012
  0.578903
 0.0407446
  0.516732
  0.236528
0.00894967
  0.605967
  0.240422
  0.592495
  0.818017
 0.0381148
  0.442383
  0.516777
  0.966354
  0.649063
    0.2637
  0.944973
  0.133043
   0.50239
  0.156413
  0.256495
  0.737146
  0.804586
 0.0978624
  0.947919
  0.792672
  0.660542
  0.297277
  0.443246
  0.511973
  0.439806
0.00674082
 0.0964141
  0.428151
 0.0925921
  0.356571
  0.845402
  0.187495
  0.701714
  0.890958
   0.27987
  0.105278
 0.0514385
  0.220109
  0.775866
  0.968744
  0.701743
  0.461791
  0.814222
  0.795427
  0.827111
  0.379436
  0.371925
   0.81913
0.00492122
  0.155539
 0.0450707
  0.776825
  0.224957
  0.244273
  0.980212
  0.852443
  0.204143
  0.103685
  0.994072
 0.0199153
  0.439076
  0.473598
 0.0444833
  0.422962
  0.949234
  0.597065
   0.25244
 0.0602259
   0.76754
  0.485171
  0.673516
  0.771553
  0.259889
  0.351201
  0.185552
  0.534482
  0.788481
 0.0303553
  0.846325
  0.586214
 0.0172051
  0.391713
 0.0104816
   0.81676
  0.396921
   0.34684
  0.891773
  0.248807
  0.358346
  0.708934
  0.830875
  0.564488
  0.537705
  0.798358
  0.506839
   0.31847
  0.471952
  0.823363
  0.672066
  0.439446
  0.195727
  0.690485
  0.439706
  0.692137
  0.994307