   0.368466
   0.957852
   0.567135
   0.599982
   0.486971
   0.221262
   0.799939
   0.849539
   0.510194
  0.0923285
   0.402834
   0.805933
   0.831192
   0.865025
   0.246965
 0.00236464
   0.294343
   0.377939
0.000208622
   0.804882
   0.443154
  0.0719634
   0.977189
   0.845536
   0.975039
   0.108279
   0.112473
    0.20106
   0.887175
   0.640172
   0.540642
   0.122842
   0.503473
   0.275353
  0.0201809
   0.921788
  0.0281895
  0.0793154
   0.939178
   0.545488
   0.227409
   0.429182
   0.644273
   0.184025
   0.839215
   0.986178
   0.596819
   0.297103
   0.936599
   0.548743
   0.832452
   0.600624
   0.287668
   0.233526
   0.288879
    0.70134
   0.964092
   0.515528
   0.494853
   0.560101
   0.827125
   0.680151
   0.609555
   0.316131
    0.21262
   0.209478
   0.750292
   0.657623
   0.613365
   0.734859
   0.247104
   0.584759
   0.399791
    0.61898
   0.613176
   0.875491
  0.0512982
   0.590255
   0.767565
    0.89271
   0.571965
   0.774702
   0.942262
   0.874421
  0.0595896
   0.731906
   0.327673
   0.639102
   0.681827
   0.349352
   0.598997
  0.0347985
   0.160258
   0.570114
   0.637116
   0.619839
   0.767607
   0.354345
   0.926986
   0.439632
   0.337059
   0.246831
   0.735168
   0.536856
   0.850786
   0.134634
  0.0772775
   0.304456
   0.301044
   0.885395
   0.591962
   0.853916
   0.486479
   0.682633
  0.0147193
   0.724327
    0.66029
   0.811199
   0.393181
   0.854272
   0.532699
    0.89268
   0.199989
   0.342146
   0.149998
    0.39459
   0.986055
   0.681047
   0.193548
  0.0338086
   0.301206
   0.544616
   0.977366
   0.852262
   0.648495
   0.205676
   0.445058
   0.491157
   0.103032
   0.903439
  0.0461898
   0.505491
   0.993091
   0.564155
   0.537165
   0.496512
   0.247973
   0.488186
    0.44719
   0.399428
   0.953396
   0.391981
    0.36146
   0.136333
   0.259292
   0.215182
   0.889376
   0.384575
   0.956917
   0.907204
   0.376998
   0.255471
  0.0612462
   0.738306
  0.0165773
   0.646242
    0.40289
   0.358819
   0.833858
   0.390516
   0.416634
   0.389945
   0.218689
   0.997272
   0.848678
   0.822676
  0.0348166
   0.523497
  0.0108405
   0.280148
   0.958481
   0.547241
   0.887452
  0.0585244
   0.319829
   0.240833
   0.523507
   0.625757
   0.429399
    0.75077
   0.495667
   0.627291
   0.218494
   0.945081
   0.799073
   0.605345
   0.503793
   0.654054
   0.183384
   0.020979
   0.840178
  0.0578751
   0.430238
    0.16029
   0.357966
   0.563317
   0.423842
   0.702367
   0.916928
    0.53236
  0.0261328
    0.55245
  0.0622383
   0.727837
  0.0144613
  0.0225589
   0.395919
   0.893178
   0.915767
   0.505726
   0.124031
    0.68062
   0.710825
   0.998872
   0.387906
   0.371569
   0.859585
  0.0847206
   0.126971
   0.416392
   0.232717
   0.342837
   0.589039
   0.259607
   0.204755
   0.929765
   0.186776
   0.125232
   0.864318
   0.222272
   0.779716
   0.843844
   0.970546
   0.186348
    0.99518
    0.29458
   0.650761
   0.682137
    0.53114
   0.736671
  0.0638174
   0.162611
   0.274137
   0.855945
   0.229935
     0.3633