  0.857233
  0.467365
  0.299601
   0.77199
  0.413635
  0.960008
   0.80793
  0.212251
  0.183526
  0.601785
  0.447203
  0.664117
  0.520933
 0.0380522
  0.206223
  0.582091
  0.462322
  0.985527
  0.910051
  0.826401
  0.142796
  0.753978
  0.571468
  0.668156
  0.151236
   0.50166
  0.213709
  0.266593
  0.968115
  0.151215
  0.476154
  0.980204
   0.89478
  0.192266
  0.604548
  0.976016
  0.449217
  0.227213
  0.243985
  0.936952
 0.0908147
 0.0381032
   0.59496
  0.763955
  0.497877
 0.0131547
  0.876021
  0.912072
  0.866503
  0.894371
  0.161413
  0.640382
  0.356525
  0.245826
   0.48715
  0.108852
  0.610266
  0.388502
  0.464839
  0.798487
  0.345395
  0.205565
  0.328793
   0.74147
  0.896115
  0.654346
 0.0823953
 0.0177655
  0.569006
  0.828053
  0.212742
  0.695596
  0.408305
  0.214698
  0.667901
 0.0477464
  0.321243
  0.504017
    0.5615
  0.347342
   0.38388
   0.10206
  0.921134
  0.509837
  0.442997
  0.554227
  0.676144
  0.467475
  0.236889
  0.764539
  0.830767
  0.900361
 0.0694616
  0.591004
  0.720803
   0.79916
  0.693176
  0.331987
 0.0833726
  0.752237
  0.915897
  0.730983
  0.480638
  0.689384
  0.256455
  0.980763
    0.8555
 0.0734082
  0.977963
  0.723761
  0.329758
  0.373962
  0.577964
  0.673881
  0.822252
  0.684753
  0.580951
 0.0594263
  0.817305
  0.849575
  0.368876
  0.369802
  0.807531
  0.320559
  0.851907
  0.551417
  0.247539
  0.746321
  0.298944
  0.650994
  0.759015
  0.537539
  0.264003
  0.746133
   0.12889
  0.160081
0.00468701
  0.784065
  0.123688
  0.682416
  0.483397
  0.716642
  0.146112
  0.182658
  0.244899
  0.977225
  0.765326
  0.976862
  0.136158
  0.609696
  0.370193
  0.507983
  0.020335
  0.742914
    0.5133
  0.869503
  0.696872
  0.278245
  0.241874
  0.566393
 0.0480164
  0.384011
 0.0113842
  0.243526
  0.533981
  0.527381
  0.916879
  0.576317
  0.524517
  0.723639
  0.580887
  0.541463
  0.728666
  0.342618
  0.112419
  0.997577
  0.226903
  0.648514
  0.181074
  0.800909
  0.353618
  0.758484
  0.505856
  0.882783
  0.471287
  0.671401
  0.882323
    0.8343
  0.502777
   0.39492
  0.551839
   0.11317
  0.145486
  0.303125
  0.693257
  0.482076
  0.851329
 0.0113535
  0.428725
  0.585849
  0.381094
  0.633056
  0.103863
  0.148221
   0.81895
   0.13737
  0.734816
  0.833115
  0.640193
  0.602775
  0.227397
  0.105788
  0.169943
  0.374715
  0.767616
  0.951113
  0.158581
  0.315903
 0.0942387
  0.899766
  0.343715
  0.964238
  0.977466
  0.858278
   0.93806
  0.203928
  0.216225
  0.305115
  0.372356
 0.0819693
 0.0367699
  0.171263
   0.26206
  0.835363
  0.777661
  0.999788
  0.567819
   0.86141
  0.185953
  0.251291
  0.964818
  0.105854
  0.460851
  0.189926
  0.414707
  0.755269
  0.494844
  0.309468
  0.156077
 0.0758664
 0.0959423
   0.84555
  0.958782
  0.599921
  0.948277
  0.164239