0.650647
0.872743
0.249753
0.0606249
0.165324
0.455712
0.417087
0.56389
0.961018
0.358674
0.0963997
0.457323
0.694871
0.963646
0.402388
0.903177
0.43821
0.371853
0.915519
0.983188
0.398846
0.331612
0.250452
0.182938
0.989716
0.391375
0.195607
0.335344
0.101517
0.70674
0.277025
0.794268
0.264485
0.831541
0.401863
0.379464
0.361926
0.132278
0.188612
0.605149
0.30575
0.379965
0.237041
0.750426
0.708902
0.0110444
0.775828
0.732086
0.162363
0.400653
0.72235
0.146237
0.980812
0.174267
0.929636
0.0747198
0.260421
0.29268
0.154208
0.90794
0.877964
0.412344
0.253056
0.621739
0.328035
0.669698
0.301649
0.531278
0.277066
0.823658
0.792758
0.0946392
0.872491
0.447111
0.0141921
0.234693
0.116958
0.378239
0.563451
0.0929853
0.182924
0.107365
0.738817
0.559427
0.13409
0.333269
0.611885
0.0185182
0.434293
0.614602
0.403195
0.609778
0.6759
0.831742
0.626466
0.185822
0.750601
0.878855
0.116323
0.559093
0.440915
0.951652
0.776704
2.75355e-05
0.451543
0.898367
0.235971
0.820748
0.225947
0.0811628
0.7242
0.121925
0.697423
0.865827
0.924925
0.62317
0.100558
0.00272019
0.666297
0.907606
0.566766
0.165197
0.673868
0.881469
0.382827
0.842434
0.159514
0.142926
