0.4711
0.602841
0.979845
0.783779
0.0107963
0.832371
0.713365
0.55568
0.726907
0.483414
0.39068
0.287811
0.352736
0.720447
0.79222
0.728543
0.19577
0.196335
0.0818052
0.919795
0.429894
0.906623
0.506517
0.224198
0.361913
0.315072
0.125224
0.845719
0.187372
0.401467
0.923802
0.175539
0.581837
0.454257
0.257911
0.00673284
0.0436898
0.482267
0.753402
0.690548
0.98703
0.145979
0.0048813
0.615662
0.382568
0.362034
0.202994
0.25952
0.110493
0.0286679
0.572597
0.33196
0.209045
0.929544
0.673274
0.277986
0.821839
0.669765
0.180862
0.426059
0.0101791
0.728381
0.686589
0.293074
0.1415
0.443571
0.955775
0.849162
0.86892
0.919257
0.595857
0.949766
0.992486
0.443844
0.0127501
0.245007
0.983056
0.883307
0.242636
0.264808
0.347291
0.520215
0.955222
0.335613
0.725943
0.0450669
0.353042
0.11984
0.605206
0.28039
0.349452
0.62368
0.058079
0.250922
0.374665
0.678897
0.710117
0.942314
0.911154
0.657612
0.425546
0.178159
0.873764
0.845952
0.823877
0.809723
0.674659
0.894745
0.216187
0.313126
0.130789
0.986894
0.979647
0.68608
0.358877
0.179108
0.669405
0.851065
0.673061
0.253801
0.191151
0.372281
0.187105
0.349753
0.261975
0.91797
0.399062
0.275457
