0.970644
0.197107
0.323648
0.765194
0.0494707
0.442843
0.410548
0.740456
0.110495
0.325408
0.551079
0.494671
0.173074
0.652307
0.598322
0.0802994
0.852519
0.537468
0.670639
0.266133
0.235843
0.707383
0.0722335
0.483501
0.777539
0.77092
0.0245993
0.834608
0.805631
0.704713
0.0986202
0.457394
0.922834
0.219907
0.712987
0.171243
0.740602
0.321421
0.488798
0.279107
0.900621
0.507868
0.587494
0.562919
0.351098
0.775298
0.490531
0.444169
0.948067
0.979849
0.409503
0.340149
0.799463
0.780428
0.702107
0.341669
0.398554
0.978619
0.648122
0.783566
0.325338
0.425652
0.53984
0.158029
0.717591
0.443142
0.754476
0.48984
0.5109
0.151966
0.623496
0.0531618
0.423092
0.126784
0.194072
0.790335
0.169562
0.773552
0.678408
0.840423
0.0784755
0.0868796
0.32231
0.0890767
0.0251631
0.58271
0.358289
0.99569
0.778495
0.911408
0.709958
0.647888
0.117979
0.407157
0.461061
0.972126
0.134025
0.662388
0.970661
0.17213
0.970678
0.850089
0.779654
0.446143
0.048199
0.707831
0.317308
0.564179
0.759865
0.532459
0.263818
0.134067
0.991815
0.702698
0.0437289
0.553742
0.657612
0.277955
0.274511
0.953731
0.811551
0.080118
0.324781
0.776081
0.0643175
0.643193
0.20659
0.315517
