0.899306
0.28921
0.488366
0.851043
0.463961
0.327446
0.771154
0.630253
0.00846222
0.662539
0.104441
0.91844
0.0347228
0.378966
0.720304
0.8182
0.0981224
0.86492
0.763454
0.0408139
0.455739
0.701944
0.366605
0.935492
0.148229
0.437929
0.965069
0.840191
0.474057
0.475193
0.560493
0.136315
0.618583
0.471005
0.142573
0.442083
0.550112
0.0530955
0.736274
0.131836
0.409169
0.960547
0.573866
0.485017
0.111125
0.299045
0.539873
0.050806
0.28392
0.712731
0.958849
0.807774
0.128861
0.372529
0.271675
0.331559
0.888108
0.564848
0.619834
0.571999
0.927094
0.642305
0.933842
0.750595
0.289091
0.600289
0.304235
0.844651
0.230898
0.322087
0.699874
0.654861
0.681404
0.5969
0.609035
0.630491
0.437947
0.450743
0.450071
0.379701
0.0610038
0.0759678
0.759185
0.497732
0.641461
0.224236
0.443178
0.350828
0.400694
0.0444655
0.0801148
0.679602
0.114575
0.963007
0.619934
0.996649
0.279108
0.471094
0.776465
0.654681
0.351726
0.529935
0.777456
0.30452
0.175416
0.568343
0.202591
0.329564
0.0356954
0.640976
0.748512
0.185247
0.140027
0.425051
0.0822921
0.335036
0.811092
0.356752
0.811167
0.852107
0.204765
0.429856
0.716349
0.936386
0.434628
0.971823
0.870746
0.182373
