0.989163
0.939273
0.212462
0.0747314
0.100114
0.139079
0.609001
0.749608
0.499434
0.313522
0.185892
0.89952
0.234075
0.615299
0.778837
0.780535
0.282673
0.342618
0.208839
0.857075
0.012541
0.173416
0.242293
0.949664
0.856682
0.0931244
0.975406
0.407119
0.16404
0.623071
0.464569
0.620965
0.991018
0.989743
0.433452
0.662781
0.905949
0.799323
0.249707
0.0992127
0.313678
0.623138
0.831236
0.777213
0.306949
0.827717
0.628338
0.790607
0.509142
0.966792
0.278316
0.336895
0.183504
0.256008
0.497591
0.859906
0.894426
0.70523
0.970438
0.771503
0.953198
0.722859
0.732186
0.415334
0.0664552
0.573605
0.538594
0.0498801
0.630582
0.62977
0.626051
0.351934
0.785442
0.250836
0.515892
0.776476
0.289751
0.81925
0.34362
0.0456607
0.912209
0.324175
0.762167
0.98722
0.710607
0.374658
0.593599
0.780385
0.823276
0.398824
0.165894
0.675753
0.96699
0.868479
0.885982
0.697995
0.419978
0.895512
0.518955
0.703564
0.30777
0.419493
0.484232
0.442664
0.688986
0.542125
0.96004
0.677696
0.476288
0.887846
0.203399
0.885793
0.0884355
0.240497
0.851684
0.33299
0.942482
0.703588
0.295576
0.45708
0.728088
0.591856
0.78298
0.0774842
0.493801
0.534978
0.41645
0.343078
