0.226484
0.368225
0.65604
0.125904
0.785739
0.960778
0.969921
0.990271
0.101355
0.210393
0.632315
0.493517
0.575501
0.510899
0.711402
0.476566
0.996671
0.335562
0.833236
0.16448
0.540044
0.917131
0.0373183
0.79108
0.593467
0.356998
0.832764
0.0100772
0.367172
0.807322
0.927506
0.804777
0.972502
0.446417
0.986705
0.213257
0.0656713
0.916707
0.0977507
0.577176
0.656602
0.317843
0.516738
0.145474
0.457713
0.659652
0.552748
0.164671
0.151725
0.813418
0.28718
0.866545
0.294987
0.650327
0.0991155
0.795188
0.346306
0.996694
0.933004
0.353229
0.770384
0.107767
0.745785
0.823821
0.222509
0.792354
0.104512
0.785829
0.990427
0.941238
0.894215
0.553388
0.185465
0.756903
0.646761
0.939937
0.753074
0.678642
0.949286
0.825053
0.642608
0.476595
0.740513
0.561962
0.776193
0.95014
0.0256854
0.673097
0.641447
0.426176
0.787026
0.328059
0.239896
0.30483
0.175959
0.336853
0.418456
0.161833
0.377485
0.408794
0.79457
0.635991
0.15254
0.777314
0.186797
0.00967859
0.668393
0.524212
0.0573629
0.7577
0.842643
0.561859
0.467998
0.29691
0.365651
0.255134
0.231142
0.387516
0.686089
0.140561
0.650249
0.226728
0.348533
0.0319345
0.540351
0.614712
0.600444
0.705312
