0.599062
0.64361
0.571127
0.167532
0.614224
0.832333
0.625841
0.225583
0.227374
0.675505
0.968213
0.309458
0.170528
0.443927
0.480064
0.563709
0.984242
0.0653825
0.948668
0.718134
0.896931
0.89581
0.911872
0.160316
0.61872
0.825442
0.713882
0.810976
0.324684
0.584611
0.254839
0.445672
0.636392
0.468504
0.418855
0.960094
0.936142
0.178269
0.167422
0.814836
0.629022
0.0555635
0.601893
0.206928
0.910134
0.964242
0.909894
0.645334
0.00864524
0.00348764
0.538109
0.402855
0.0134823
0.667964
0.842058
0.002704
0.696481
0.534423
0.80136
0.498357
0.253135
0.964466
0.444169
0.684547
0.0283697
0.781827
0.817068
0.909983
0.265116
0.250599
0.817309
0.484315
0.574753
0.66847
0.723685
0.992047
0.932624
0.834548
0.653245
0.865538
0.326386
0.801126
0.519883
0.246679
0.564937
0.205793
0.406683
0.0859543
0.0262254
0.660466
0.0766688
0.545534
0.639976
0.870309
0.227245
0.0142754
0.49414
0.770978
0.984531
0.891323
0.142881
0.923363
0.886867
0.214623
0.304798
0.348483
0.30757
0.039517
0.327622
0.224625
0.5507
0.0348889
0.0900679
0.0715143
0.963264
0.305478
0.895184
0.631788
0.380264
0.319758
0.719725
0.284936
0.866511
0.514208
0.350487
0.72314
0.964692
0.442498
