0.0289608
0.0418113
0.349865
0.415124
0.881918
0.856025
0.632759
0.510566
0.0071828
0.0254794
0.924146
0.462879
0.69091
0.0181684
0.678476
0.915745
0.160241
0.981968
0.0638977
0.592068
0.0924735
0.29077
0.697975
0.505417
0.268796
0.930515
0.297615
0.399054
0.871093
0.328224
0.046321
0.761307
0.954558
0.0202812
0.949056
0.665658
0.271014
0.0265704
0.531192
0.653607
0.594116
0.564694
0.346991
0.723072
0.729834
0.230047
0.602819
0.933533
0.292376
0.117047
0.151445
0.265964
0.350357
0.405075
0.592504
0.988187
0.269188
0.301901
0.996412
0.712186
0.172228
0.573544
0.74933
0.253817
0.493728
0.200364
0.0549514
0.351388
0.112377
0.681178
0.70044
0.414138
0.198128
0.229786
0.375923
0.919684
0.913954
0.225949
0.222979
0.651357
0.287276
0.352359
0.473594
0.623011
0.930275
0.407752
0.917351
0.11285
0.922142
0.52378
0.479437
0.502421
0.700955
0.510535
0.596144
0.700518
0.54345
0.831694
0.463884
0.513765
0.0408621
0.863479
0.49155
0.201236
0.910636
0.0268487
0.48007
0.709934
0.537141
0.795897
0.333826
0.261869
0.948845
0.301603
0.351579
0.474573
0.785058
0.807772
0.00680555
0.246565
0.152594
0.600644
0.952029
0.117775
0.737682
0.184077
0.583631
0.414841
