0.374188
0.596128
0.11802
0.237958
0.139394
0.526179
0.458314
0.406111
0.555681
0.914229
0.0465096
0.828478
0.828007
0.294123
0.738568
0.914294
0.91859
0.0925861
0.795466
0.811262
0.689309
0.147021
0.502887
0.378948
0.409375
0.727653
0.357939
0.0589863
0.193235
0.586265
0.881973
0.915257
0.285553
0.905928
0.899716
0.69421
0.440109
0.270533
0.539226
0.895162
0.418679
0.088572
0.512086
0.0893962
0.426851
0.0871009
0.178306
0.615623
0.364708
0.586826
0.943107
0.367155
0.562979
0.928506
0.901168
0.272587
0.849661
0.947857
0.155959
0.463512
0.564688
0.0206696
0.49404
0.793131
0.968151
0.333959
0.783271
0.697411
0.227434
0.720942
0.226905
0.291936
0.251819
0.3789
0.0403589
0.23304
0.0113571
0.526817
0.15053
0.552969
0.0683226
0.281471
0.149031
0.710747
0.433567
0.108179
0.254979
0.361622
0.377836
0.427043
0.256768
0.995635
0.147669
0.725879
0.456354
0.676826
0.556809
0.678301
0.816776
0.551257
0.678358
0.110317
0.0311724
0.669532
0.574714
0.661187
0.252275
0.151333
0.784041
0.931181
0.330848
0.793251
0.060844
0.862218
0.701002
0.776677
0.59348
0.310241
0.620367
0.582337
0.248528
0.163547
0.484758
0.0463665
0.0803089
0.581226
0.883988
0.846689
