0.792162
0.288674
0.352282
0.58844
0.168435
0.053604
0.603189
0.596177
0.13574
0.375372
0.31605
0.979519
0.552259
0.21433
0.257246
0.148787
0.307734
0.93273
0.484291
0.788626
0.78172
0.141201
0.200983
0.615577
0.629871
0.301818
0.41546
0.983149
0.58377
0.351837
0.512596
0.325791
0.930904
0.362232
0.0898123
0.592599
0.194318
0.877616
0.0305363
0.532419
0.982785
0.789746
0.577822
0.0931924
0.608841
0.729122
0.448421
0.992557
0.0659548
0.919874
0.675309
0.626908
0.28687
0.474547
0.166417
0.353348
0.532217
0.962827
0.814218
0.694463
0.576938
0.956855
0.927654
0.199641
0.389659
0.9367
0.290755
0.388872
0.380407
0.692831
0.886599
0.160506
0.317914
0.609477
0.304252
0.202052
0.111437
0.583295
0.986877
0.261331
0.591857
0.553564
0.284339
0.593728
0.0900572
0.639585
0.918694
0.37044
0.407249
0.0997914
0.806448
0.273451
0.0144946
0.44324
0.698891
0.141851
0.941482
0.722744
0.749334
0.330567
0.0374544
0.773322
0.566394
0.523997
0.458085
0.814844
0.568394
0.958395
0.625021
0.0417016
0.903184
0.874211
0.36878
0.564428
0.952799
0.531967
0.785
0.824514
0.22629
0.584165
0.164113
0.495842
0.818891
0.372409
0.714443
0.507348
0.905425
0.554303
