0.543344
0.62532
0.33895
0.272656
0.251822
0.55105
0.454642
0.898735
0.990005
0.796363
0.534385
0.274845
0.5528
0.177071
0.466445
0.475248
0.108333
0.926017
0.59223
0.229843
0.977155
0.479029
0.367642
0.801813
0.645961
0.982557
0.583993
0.419019
0.81003
0.381467
0.705407
0.24598
0.159656
0.765481
0.214917
0.347634
0.19221
0.130555
0.552053
0.872689
0.125945
0.273633
0.663519
0.722033
0.242035
0.671241
0.187851
0.945564
0.197612
0.696876
0.0227455
0.713357
0.17201
0.636633
0.907415
0.515053
0.760747
0.692822
0.157486
0.593425
0.062189
0.401471
0.18885
0.089024
0.835688
0.98874
0.96845
0.17375
0.985415
0.832656
0.845379
0.444883
0.603884
0.151389
0.19307
0.390531
0.939517
0.0323577
0.255474
0.173753
0.740363
0.902174
0.248257
0.852176
0.897812
0.634429
0.373029
0.410264
0.900234
0.657455
0.873002
0.227024
0.148849
0.895337
0.914561
0.236156
0.135487
0.905699
0.863587
0.607724
0.440144
0.504862
0.0957595
0.774038
0.87705
0.0254362
0.0769664
0.898983
0.434057
0.659121
0.335803
0.0765052
0.860276
0.2695
0.518828
0.346288
0.780997
0.799872
0.451058
0.449734
0.850244
0.284555
0.305745
0.922565
0.811868
0.20234
0.173378
0.145077
