0.0905856
0.431881
0.0108216
0.920781
0.262778
0.592387
0.135125
0.412109
0.921577
0.108626
0.325595
0.732936
0.917246
0.267736
0.803886
0.454002
0.75016
0.810316
0.744938
0.601383
0.00662704
0.429347
0.607734
0.645735
0.927067
0.632056
0.533637
0.280453
0.909428
0.234807
0.552026
0.355946
0.34416
0.267095
0.822368
0.362579
0.086499
0.272964
0.197183
0.300432
0.224004
0.0997938
0.498415
0.0432823
0.497213
0.104766
0.424897
0.952759
0.0447847
0.55106
0.174293
0.769955
0.684618
0.944223
0.484533
0.546572
0.40214
0.306787
0.691652
0.847306
0.518973
0.564321
0.306534
0.646546
0.426304
0.410798
0.242931
0.660703
0.954515
0.798521
0.626169
0.321562
0.690778
0.34969
0.17328
0.970088
0.988678
0.125957
0.839277
0.864345
0.113176
0.0301115
0.496625
0.371728
0.439536
0.696374
0.771464
0.432137
0.965192
0.957119
0.930948
0.130861
0.604532
0.636981
0.650941
0.984972
0.890548
0.331672
0.969853
0.394627
0.123719
0.86701
0.437499
0.137809
0.646197
0.136932
0.29868
0.0825834
0.835622
0.21759
0.506498
0.760589
0.199
0.0327409
0.388528
0.956484
0.72194
0.82767
0.00781552
0.934718
0.00831222
0.414939
0.707611
0.97194
0.880181
0.701362
0.153388
0.271478
