0.368854
0.887373
0.9395
0.206382
0.974035
0.548712
0.018705
0.905563
0.00117049
0.386393
0.270949
0.819448
0.152752
0.738266
0.971588
0.621507
0.770788
0.567155
0.799826
0.528862
0.42769
0.109802
0.0115559
0.411258
0.185628
0.685339
0.0638465
0.837563
0.618139
0.961907
0.999007
0.960491
0.214374
0.529225
0.959419
0.710028
0.460073
0.178919
0.30661
0.68839
0.314343
0.920482
0.470861
0.945443
0.576474
0.46919
0.0341777
0.828105
0.282821
0.924105
0.187766
0.927897
0.775967
0.794182
0.260633
0.419726
0.822617
0.692622
0.027829
0.270892
0.00494686
0.260512
0.190955
0.0886343
0.0605196
0.909477
0.996934
0.353539
0.556203
0.646635
0.982425
0.783159
0.382011
0.734571
0.733774
0.889724
0.0043489
0.484839
0.913856
0.230084
0.224802
0.742127
0.0427982
0.0119369
0.915992
0.442764
0.798359
0.245935
0.993434
0.00665535
0.0908032
0.998883
0.283967
0.998137
0.389809
0.24578
0.520228
0.0132077
0.252575
0.111578
0.905951
0.766811
0.767311
0.413307
0.684788
0.9801
0.236293
0.343861
0.550923
0.337944
0.776095
0.477328
0.412272
0.758928
0.910119
0.932971
0.0187842
0.169828
0.118608
0.119603
0.342491
0.825286
0.450181
0.996782
0.725026
0.0479672
0.634525
0.878468
