0.554943
0.624975
0.648629
0.542382
0.802231
0.00551463
0.375393
0.661727
0.833379
0.250424
0.246353
0.362894
0.0300613
0.792737
0.233881
0.580023
0.840747
0.373962
0.417093
0.206104
0.150844
0.23851
0.848596
0.163497
0.681853
0.260832
0.278968
0.433866
0.520782
0.0784515
0.349776
0.431035
0.36443
0.708511
0.9439
0.80949
0.453295
0.205085
0.696431
0.947366
0.316189
0.791141
0.120357
0.473251
0.935177
0.895073
0.254425
0.664576
0.0876515
0.602535
0.152732
0.759975
0.877213
0.101327
0.617048
0.669174
0.36219
0.472324
0.768361
0.578344
0.0378938
0.798886
0.205827
0.846148
0.440158
0.309324
0.458707
0.677314
0.976789
0.348989
0.367771
0.540387
0.630615
0.493946
0.38929
0.585642
0.165839
0.869189
0.401264
0.0333753
0.0411974
0.924515
0.500637
0.556256
0.233195
0.956562
0.722373
0.55534
0.0646508
0.81948
0.904088
0.156659
0.329329
0.942625
0.270214
0.579196
0.393176
0.637378
0.312339
0.964383
0.780471
0.414644
0.271434
0.797094
0.921091
0.0818922
0.600642
0.173723
0.428946
0.443874
0.407398
0.640639
0.759428
0.131115
0.747997
0.317329
0.621126
0.100903
0.149498
0.672437
0.407768
0.349225
0.923954
0.562714
0.303744
0.84114
0.546822
0.344805
