0.759884
0.75365
0.458441
0.277744
0.760039
0.726194
0.759968
0.525622
0.263604
0.298276
0.0958288
0.353529
0.862228
0.744944
0.479488
0.787364
0.438902
0.494886
0.428247
0.726273
0.643665
0.740163
0.16157
0.646507
0.970111
0.572083
0.607037
0.409576
0.358499
0.337268
0.0345318
0.131157
0.594835
0.916832
0.650275
0.379216
0.243341
0.085123
0.960543
0.876261
0.883173
0.974289
0.293537
0.210397
0.126065
0.900356
0.882573
0.855053
0.726347
0.567732
0.623181
0.981302
0.122348
0.0498686
0.357743
0.709838
0.0121767
0.585056
0.708416
0.648353
0.610547
0.887707
0.317911
0.598448
0.809528
0.51061
0.670514
0.439447
0.399447
0.830361
0.170078
0.0507081
0.152337
0.766903
0.235113
0.367471
0.885449
0.77782
0.703067
0.314311
0.164235
0.890415
0.689998
0.392614
0.894074
0.425267
0.372319
0.816257
0.749814
0.894946
0.868772
0.991439
0.773715
0.283852
0.185308
0.409689
0.86072
0.273699
0.309832
0.806384
0.98995
0.594087
0.394904
0.381651
0.504063
0.431752
0.304219
0.448221
0.159993
0.750875
0.0751498
0.200716
0.588402
0.031938
0.0749789
0.582966
0.463787
0.773825
0.232357
0.458294
0.343944
0.127784
0.33543
0.919785
0.707884
0.541276
0.883298
0.753132
