0.673874
0.435706
0.43586
0.696728
0.635801
0.353913
0.863983
0.403018
0.558177
0.541721
0.944454
0.844119
0.0250518
0.86874
0.427248
0.230416
0.991235
0.667438
0.963546
0.570352
0.544526
0.979313
0.541497
0.454819
0.531917
0.302933
0.597692
0.822496
0.414728
0.344878
0.495922
0.791996
0.853783
0.0371638
0.680362
0.785009
0.98495
0.669619
0.126639
0.255587
0.258862
0.454731
0.730663
0.709768
0.494848
0.459574
0.558831
0.905363
0.14355
0.0362984
0.281181
0.0479347
0.605564
0.661875
0.595999
0.400317
0.423116
0.82865
0.480414
0.821054
0.769634
0.722723
0.229038
0.760114
0.145935
0.160848
0.481473
0.224327
0.268225
0.485252
0.0445635
0.527564
0.389915
0.607864
0.884401
0.74053
0.583469
0.516558
0.611067
0.895465
0.502261
0.865779
0.0707985
0.0954111
0.436896
0.348084
0.174724
0.696057
0.973296
0.101807
0.616785
0.0659189
0.747192
0.748321
0.803503
0.704409
0.0432988
0.0549491
0.944504
0.176067
0.876183
0.413483
0.714633
0.0559046
0.442862
0.470185
0.124483
0.61229
0.105626
0.992614
0.399139
0.650756
0.139195
0.299538
0.821001
0.409965
0.400889
0.453725
0.600338
0.436731
0.338029
0.494291
0.550593
0.828623
0.705
0.0151673
0.401543
0.0451339
