0.604386
0.00461818
0.854915
0.189679
0.505506
0.412616
0.145184
0.383819
0.719636
0.636317
0.00306394
0.848995
0.478388
0.25943
0.894329
0.170712
0.163645
0.760036
0.636545
0.207748
0.47186
0.543293
0.162149
0.895311
0.435743
0.243716
0.385146
0.815859
0.182318
0.209623
0.817758
0.791271
0.736864
0.223198
0.445453
0.236364
0.159171
0.34576
0.420403
0.344209
0.246378
0.808602
0.614688
0.558639
0.356083
0.229143
0.952731
0.501641
0.663143
0.66437
0.766625
0.097723
0.188357
0.131845
0.159084
0.87836
0.0235098
0.921658
0.940161
0.833639
0.0385891
0.071409
0.502742
0.549369
0.446416
0.746108
0.164198
0.518165
0.479952
0.642561
0.0260874
0.335465
0.19363
0.482439
0.901218
0.0577991
0.195986
0.0424191
0.0933454
0.346025
0.117278
0.079423
0.713196
0.812745
0.562017
0.31778
0.372656
0.93249
0.603964
0.542171
0.433727
0.911242
0.660964
0.100918
0.710073
0.580952
0.541375
0.845054
0.664942
0.045613
0.435465
0.662249
0.950726
0.242762
0.118031
0.592098
0.490215
0.190006
0.97522
0.703806
0.17134
0.524174
0.881142
0.787268
0.187529
0.631501
0.865265
0.751727
0.92863
0.245791
0.369841
0.505206
0.749479
0.951397
0.852991
0.240955
0.430253
0.771191
