0.510028
0.0236142
0.43152
0.865752
0.882602
0.370211
0.673623
0.122663
0.794706
0.971681
0.286836
0.488027
0.970973
0.0940035
0.493456
0.681188
0.198778
0.582125
0.757478
0.918712
0.32649
0.00512764
0.756879
0.851507
0.857602
0.92249
0.683424
0.964538
0.874375
0.707994
0.899322
0.719465
0.322493
0.617778
0.446042
0.551489
0.542891
0.417794
0.686995
0.284259
0.759874
0.237249
0.877039
0.92305
0.923213
0.0312027
0.598938
0.508221
0.158404
0.300904
0.269418
0.994436
0.466477
0.0171827
0.351249
0.181389
0.451521
0.910967
0.462692
0.884565
0.98052
0.2968
0.928303
0.427949
0.49875
0.956357
0.55399
0.454721
0.343354
0.607504
0.43938
0.0935128
0.984184
0.878333
0.952704
0.613166
0.786512
0.354813
0.452784
0.629151
0.571301
0.787909
0.55375
0.538373
0.596155
0.195123
0.962147
0.561678
0.283892
0.68288
0.650819
0.290431
0.631862
0.911221
0.568131
0.903884
0.476537
0.349277
0.0753885
0.355997
0.261638
0.546481
0.615764
0.0697565
0.768665
0.288627
0.636259
0.584052
0.728976
0.539303
0.840646
0.196918
0.222195
0.756365
0.144826
0.790323
0.622187
0.241382
0.304939
0.428821
0.332074
0.148483
0.568039
0.0142957
0.703759
0.668248
0.0390204
0.909752
