0.611399
0.843655
0.469327
0.902726
0.454068
0.538718
0.18316
0.00319007
0.139804
0.674512
0.351624
0.242895
0.116187
0.245377
0.712651
0.624361
0.763716
0.0938819
0.851958
0.839466
0.228623
0.0743852
0.893434
0.353408
0.418927
0.783238
0.43036
0.368209
0.250117
0.488205
0.614419
0.102205
0.863557
0.235606
0.83997
0.447191
0.624497
0.251043
0.771903
0.0889086
0.205164
0.359645
0.49563
0.187541
0.959115
0.483695
0.618586
0.58422
0.134181
0.918045
0.459201
0.544173
0.807892
0.968935
0.594752
0.861311
0.727456
0.602162
0.726144
0.831133
0.440117
0.679842
0.976326
0.764246
0.100021
0.408085
0.456913
0.914002
0.369399
0.528339
0.914186
0.724687
0.321306
0.129682
0.176779
0.372246
0.823527
0.0956326
0.514212
0.471536
0.697625
0.617479
0.262094
0.717387
0.827489
0.195323
0.994122
0.670506
0.517511
0.217802
0.829705
0.280402
0.0206339
0.760282
0.0409587
0.180997
0.727415
0.174921
0.716961
0.909678
0.692232
0.425456
0.575635
0.474366
0.572238
0.962984
0.67338
0.162219
0.0941589
0.557085
0.644387
0.210846
0.134177
0.880016
0.960342
0.748942
0.0240168
0.988888
0.188648
0.307484
0.865977
0.0837679
0.977149
0.444066
0.119162
0.754919
0.668419
0.0487677
