0.443657
0.512012
0.395507
0.425109
0.600633
0.987004
0.42285
0.0135574
0.571905
0.616353
0.424173
0.281879
0.0143626
0.288986
0.616226
0.29747
0.905922
0.615558
0.179397
0.272923
0.584054
0.179447
0.91625
0.650622
0.968347
0.434631
0.754674
0.867912
0.545025
0.555056
0.0766097
0.824143
0.235352
0.454244
0.763041
0.290139
0.0924359
0.939531
0.229705
0.0701098
0.864548
0.569276
0.765249
0.989769
0.430704
0.161781
0.561703
0.846597
0.355799
0.446126
0.379338
0.689317
0.964391
0.227665
0.219323
0.450297
0.818353
0.432134
0.690722
0.814693
0.240742
0.148268
0.136121
0.0410037
0.8048
0.291853
0.0662806
0.747981
0.0285915
0.188498
0.115396
0.695409
0.712538
0.413475
0.534838
0.0181081
0.263139
0.00603953
0.924768
0.948857
0.00195395
0.918271
0.0819769
0.948776
0.0405757
0.669033
0.478524
0.0160519
0.537102
0.490072
0.59818
0.536028
0.865906
0.219592
0.0731923
0.109984
0.859702
0.384357
0.726319
0.911848
0.108029
0.578421
0.394107
0.942363
0.806932
0.761443
0.155823
0.749261
0.830499
0.0979163
0.0546497
0.611606
0.610443
0.7469
0.359431
0.600846
0.878525
0.801167
0.235691
0.57577
0.889359
0.126014
0.892905
0.553589
0.459677
0.462022
0.0586166
0.868804
